Unnamed: 0,loan_amnt,int_rate,installment,home_ownership,annual_inc,verification_status,loan_status,pymnt_plan,dti,delinq_2yrs,inq_last_6mths,open_acc,pub_rec,revol_bal,total_acc,initial_list_status,out_prncp,out_prncp_inv,total_pymnt,total_pymnt_inv,total_rec_prncp,total_rec_int,total_rec_late_fee,recoveries,collection_recovery_fee,last_pymnt_amnt,collections_12_mths_ex_med,policy_code,application_type,acc_now_delinq,tot_coll_amt,tot_cur_bal,open_acc_6m,open_act_il,open_il_12m,open_il_24m,mths_since_rcnt_il,total_bal_il,il_util,open_rv_12m,open_rv_24m,max_bal_bc,all_util,total_rev_hi_lim,inq_fi,total_cu_tl,inq_last_12m,acc_open_past_24mths,avg_cur_bal,bc_open_to_buy,bc_util,chargeoff_within_12_mths,delinq_amnt,mo_sin_old_il_acct,mo_sin_old_rev_tl_op,mo_sin_rcnt_rev_tl_op,mo_sin_rcnt_tl,mort_acc,mths_since_recent_bc,mths_since_recent_inq,num_accts_ever_120_pd,num_actv_bc_tl,num_actv_rev_tl,num_bc_sats,num_bc_tl,num_il_tl,num_op_rev_tl,num_rev_accts,num_rev_tl_bal_gt_0,num_sats,num_tl_120dpd_2m,num_tl_30dpd,num_tl_90g_dpd_24m,num_tl_op_past_12m,pct_tl_nvr_dlq,percent_bc_gt_75,pub_rec_bankruptcies,tax_liens,tot_hi_cred_lim,total_bal_ex_mort,total_bc_limit,total_il_high_credit_limit,hardship_flag,debt_settlement_flag
67991,40000.0,0.0819,814.7,2,140000.0,0,1,n,19.75,0.0,1.0,18.0,0.0,9471.0,45.0,0,33249.95,33249.95,9740.0,9740.0,6750.05,2989.95,0.0,0.0,0.0,814.7,0.0,1.0,1,0.0,0.0,377773.0,1.0,6.0,1.0,2.0,9.0,61443.0,51.0,1.0,1.0,3218.0,26.0,86500.0,0.0,2.0,1.0,3.0,20987.0,65129.0,12.7,0.0,0.0,192.0,180.0,2.0,2.0,3.0,44.0,2.0,0.0,6.0,6.0,6.0,10.0,20.0,11.0,22.0,6.0,18.0,0.0,0.0,0.0,2.0,97.7,0.0,0.0,0.0,527975.0,70914.0,74600.0,99475.0,0,0
25429,6000.0,0.1524,208.7,1,55000.0,0,1,n,11.52,2.0,0.0,8.0,0.0,1280.0,12.0,0,0.0,0.0,6185.59,6185.59,6000.0,185.59,0.0,0.0,0.0,5773.27,0.0,1.0,1,0.0,0.0,23460.0,1.0,1.0,1.0,1.0,6.0,22180.0,94.0,0.0,1.0,713.0,68.0,11000.0,1.0,1.0,3.0,2.0,2933.0,4680.0,20.7,0.0,0.0,143.0,144.0,22.0,6.0,0.0,59.0,6.0,0.0,2.0,3.0,2.0,2.0,3.0,7.0,9.0,3.0,8.0,0.0,0.0,0.0,1.0,66.7,0.0,0.0,0.0,34628.0,23460.0,5900.0,23628.0,0,0
38496,3600.0,0.16949999999999998,128.27,1,42000.0,0,1,n,6.74,0.0,0.0,6.0,0.0,4757.0,6.0,0,0.0,0.0,3603.73,3603.73,3600.0,3.73,0.0,0.0,0.0,3607.12,0.0,1.0,1,0.0,0.0,19183.0,0.0,3.0,0.0,0.0,40.0,14426.0,96.0,1.0,2.0,4757.0,83.0,8100.0,0.0,0.0,2.0,2.0,3837.0,2543.0,65.2,0.0,0.0,54.0,107.0,9.0,9.0,0.0,9.0,7.0,0.0,1.0,1.0,2.0,2.0,3.0,3.0,3.0,1.0,6.0,0.0,0.0,0.0,1.0,100.0,0.0,0.0,0.0,23100.0,19183.0,7300.0,15000.0,0,0
19667,20000.0,0.1524,478.33,1,100000.0,0,1,n,12.13,0.0,2.0,7.0,0.0,12731.0,21.0,0,17624.06,17624.06,4766.37,4766.37,2375.94,2390.43,0.0,0.0,0.0,478.33,0.0,1.0,1,0.0,0.0,43817.0,1.0,2.0,1.0,3.0,11.0,31086.0,86.0,3.0,3.0,5917.0,78.0,20500.0,0.0,3.0,3.0,6.0,7303.0,6496.0,52.9,0.0,0.0,132.0,290.0,4.0,4.0,0.0,7.0,5.0,0.0,2.0,4.0,3.0,8.0,8.0,5.0,12.0,4.0,7.0,0.0,0.0,0.0,4.0,100.0,50.0,0.0,0.0,56481.0,43817.0,13800.0,35981.0,0,0
37505,3600.0,0.124,120.27,1,50000.0,0,1,n,16.08,0.0,3.0,6.0,0.0,10413.0,6.0,0,0.0,0.0,3602.48,3602.48,3600.0,2.48,0.0,0.0,0.0,3604.96,0.0,1.0,1,0.0,0.0,32448.0,2.0,2.0,1.0,1.0,9.0,22035.0,88.0,2.0,2.0,5985.0,71.0,21000.0,3.0,1.0,14.0,3.0,5408.0,10587.0,49.6,0.0,0.0,40.0,159.0,3.0,3.0,0.0,3.0,3.0,0.0,4.0,4.0,4.0,4.0,2.0,4.0,4.0,4.0,6.0,0.0,0.0,0.0,3.0,100.0,25.0,0.0,0.0,45977.0,32448.0,21000.0,24977.0,0,0
26517,27000.0,0.0819,549.93,1,57000.0,1,1,n,31.41,0.0,0.0,18.0,0.0,39124.0,27.0,0,22837.69,22837.69,6024.66,6024.66,4162.31,1862.35,0.0,0.0,0.0,549.93,0.0,1.0,0,0.0,0.0,52062.0,1.0,1.0,0.0,1.0,23.0,4199.0,36.0,1.0,3.0,13034.0,42.0,104100.0,0.0,0.0,0.0,4.0,2892.0,62009.0,37.0,0.0,0.0,257.0,668.0,2.0,2.0,1.0,2.0,17.0,1.0,10.0,11.0,14.0,16.0,5.0,16.0,20.0,11.0,18.0,0.0,0.0,0.0,1.0,96.2,14.3,0.0,0.0,125240.0,52062.0,98400.0,11629.0,0,0
30063,15000.0,0.08810000000000001,310.0,2,50000.0,0,1,n,24.44,0.0,1.0,9.0,0.0,15705.0,9.0,0,12738.61,12738.61,3402.66,3402.66,2261.39,1141.27,0.0,0.0,0.0,310.0,0.0,1.0,1,0.0,0.0,148560.0,2.0,2.0,0.0,1.0,20.0,34196.0,79.0,3.0,3.0,4376.0,54.0,49600.0,2.0,0.0,1.0,5.0,16507.0,29112.0,33.2,0.0,0.0,32.0,222.0,5.0,5.0,1.0,5.0,5.0,0.0,5.0,6.0,5.0,5.0,2.0,6.0,6.0,6.0,9.0,0.0,0.0,0.0,4.0,100.0,0.0,0.0,0.0,192786.0,49901.0,43600.0,43276.0,0,0
31659,19000.0,0.08810000000000001,602.52,2,70000.0,0,1,n,30.94,0.0,0.0,19.0,0.0,40494.0,35.0,0,13715.54,13715.54,6618.42,6618.42,5284.46,1333.96,0.0,0.0,0.0,602.52,0.0,1.0,0,0.0,0.0,746464.0,0.0,8.0,0.0,1.0,13.0,120746.0,115.0,0.0,1.0,9820.0,93.0,69000.0,0.0,1.0,0.0,2.0,39288.0,19195.0,56.4,0.0,0.0,122.0,179.0,14.0,13.0,1.0,14.0,13.0,0.0,4.0,6.0,6.0,8.0,20.0,10.0,14.0,6.0,19.0,0.0,0.0,0.0,0.0,100.0,33.3,0.0,0.0,782289.0,161240.0,44000.0,105289.0,0,0
15003,27575.0,0.1171,912.07,3,142000.0,1,1,n,17.9,0.0,0.0,20.0,1.0,29778.0,50.0,0,24877.79,24877.79,5436.54,5436.54,2697.21,2739.33,0.0,0.0,0.0,912.07,0.0,1.0,1,0.0,0.0,360273.0,3.0,3.0,1.0,3.0,7.0,59808.0,82.0,5.0,9.0,14500.0,42.0,142500.0,6.0,0.0,7.0,13.0,18014.0,65777.0,26.5,0.0,0.0,198.0,164.0,3.0,3.0,3.0,3.0,7.0,0.0,3.0,8.0,9.0,15.0,16.0,16.0,31.0,8.0,20.0,0.0,0.0,0.0,7.0,100.0,22.2,1.0,0.0,488561.0,89586.0,89500.0,72659.0,0,0
75464,31500.0,0.17739999999999995,795.45,2,100000.0,1,1,n,25.05,2.0,1.0,17.0,0.0,18416.0,57.0,0,0.0,0.0,32349.03,32349.03,31500.0,849.03,0.0,0.0,0.0,32411.12,0.0,1.0,1,0.0,0.0,516146.0,3.0,5.0,4.0,6.0,2.0,90475.0,56.0,0.0,0.0,5856.0,55.0,35000.0,1.0,5.0,1.0,7.0,34410.0,12179.0,56.3,0.0,0.0,196.0,259.0,44.0,2.0,4.0,44.0,6.0,0.0,7.0,9.0,9.0,14.0,35.0,11.0,18.0,9.0,17.0,0.0,0.0,0.0,5.0,96.2,28.6,0.0,0.0,562627.0,108891.0,27900.0,115627.0,0,0
37768,26400.0,0.1033,565.22,2,70000.0,0,1,n,24.48,0.0,0.0,10.0,0.0,20070.0,16.0,0,22518.22,22518.22,6202.27,6202.27,3881.78,2320.49,0.0,0.0,0.0,565.22,0.0,1.0,1,0.0,0.0,211288.0,1.0,1.0,0.0,1.0,16.0,18915.0,63.0,0.0,1.0,6494.0,46.0,54900.0,1.0,3.0,1.0,3.0,23476.0,30615.0,36.4,0.0,0.0,207.0,172.0,19.0,2.0,2.0,31.0,3.0,0.0,5.0,6.0,5.0,5.0,6.0,8.0,8.0,6.0,10.0,0.0,0.0,0.0,1.0,100.0,0.0,0.0,0.0,258000.0,38985.0,48100.0,30000.0,0,0
35473,5000.0,0.1308,168.67,2,45370.0,0,1,n,28.7,0.0,1.0,10.0,0.0,13789.0,21.0,0,3677.2,3677.2,1846.29,1846.29,1322.8,523.49,0.0,0.0,0.0,168.67,0.0,1.0,1,0.0,0.0,140511.0,1.0,2.0,1.0,2.0,8.0,30115.0,87.0,0.0,0.0,7382.0,78.0,21400.0,1.0,1.0,5.0,3.0,15612.0,1240.0,91.3,0.0,0.0,92.0,101.0,34.0,6.0,1.0,43.0,0.0,0.0,4.0,5.0,5.0,6.0,9.0,7.0,11.0,5.0,10.0,0.0,0.0,0.0,2.0,95.2,100.0,0.0,0.0,153155.0,43904.0,14200.0,34755.0,0,0
16700,24000.0,0.0756,747.22,2,320000.0,1,1,n,17.99,0.0,1.0,16.0,0.0,23597.0,25.0,0,17867.96,17867.96,7462.12,7462.12,6132.04,1330.08,0.0,0.0,0.0,747.22,0.0,1.0,1,0.0,0.0,894302.0,0.0,8.0,0.0,6.0,13.0,352415.0,76.0,1.0,2.0,17518.0,59.0,57700.0,2.0,8.0,5.0,9.0,55894.0,15190.0,60.7,0.0,0.0,197.0,158.0,8.0,8.0,7.0,24.0,1.0,0.0,2.0,3.0,3.0,3.0,10.0,6.0,8.0,3.0,16.0,0.0,0.0,0.0,2.0,100.0,33.3,0.0,0.0,1000318.0,376012.0,38700.0,395499.0,0,0
51646,3600.0,0.08810000000000001,114.17,2,138000.0,0,1,n,19.98,0.0,2.0,16.0,0.0,35004.0,43.0,1,2503.55,2503.55,1368.28,1368.28,1096.45,271.83,0.0,0.0,0.0,114.17,0.0,1.0,1,0.0,0.0,571521.0,4.0,5.0,4.0,5.0,3.0,82086.0,35.0,3.0,3.0,22276.0,73.0,44700.0,2.0,0.0,5.0,9.0,35720.0,4896.0,87.7,0.0,0.0,216.0,382.0,4.0,1.0,4.0,4.0,2.0,2.0,6.0,6.0,6.0,9.0,24.0,8.0,14.0,6.0,16.0,0.0,0.0,0.0,8.0,93.0,83.3,0.0,0.0,669620.0,117090.0,39900.0,92920.0,0,0
48811,12000.0,0.1862,308.79,2,45000.0,1,1,n,33.17,0.0,0.0,13.0,0.0,16923.0,30.0,0,10541.68,10541.68,3371.86,3371.86,1458.32,1913.54,0.0,0.0,0.0,0.0,0.0,1.0,0,0.0,0.0,134887.0,1.0,3.0,1.0,1.0,7.0,117964.0,87.0,1.0,2.0,4660.0,87.0,19500.0,2.0,0.0,1.0,3.0,10376.0,8.0,99.9,0.0,0.0,148.0,141.0,4.0,4.0,1.0,4.0,7.0,0.0,6.0,9.0,6.0,6.0,18.0,10.0,11.0,9.0,13.0,0.0,0.0,0.0,2.0,100.0,83.3,0.0,0.0,122843.0,134887.0,11000.0,103343.0,0,0
16394,12000.0,0.1308,273.53,1,85000.0,0,1,n,26.36,0.0,1.0,12.0,0.0,14205.0,24.0,0,10500.62,10500.62,2726.58,2726.58,1499.38,1227.2,0.0,0.0,0.0,273.53,0.0,1.0,1,0.0,0.0,240240.0,2.0,5.0,1.0,5.0,6.0,59997.0,79.0,1.0,3.0,5855.0,75.0,24100.0,4.0,2.0,1.0,11.0,20020.0,1752.0,88.4,0.0,0.0,116.0,114.0,4.0,4.0,3.0,4.0,6.0,0.0,4.0,5.0,4.0,5.0,14.0,5.0,7.0,5.0,12.0,0.0,0.0,0.0,2.0,100.0,75.0,0.0,0.0,269520.0,74202.0,15100.0,75520.0,0,0
33289,28000.0,0.0756,871.75,1,67000.0,0,1,n,37.7,0.0,0.0,10.0,0.0,5108.0,13.0,0,20105.6,20105.6,9577.49,9577.49,7894.4,1683.09,0.0,0.0,0.0,871.75,0.0,1.0,1,0.0,0.0,56398.0,1.0,4.0,2.0,3.0,4.0,51290.0,65.0,0.0,0.0,1952.0,44.0,48400.0,2.0,1.0,1.0,3.0,5640.0,30277.0,12.2,0.0,0.0,89.0,110.0,25.0,4.0,0.0,25.0,1.0,0.0,3.0,4.0,3.0,3.0,6.0,6.0,7.0,4.0,10.0,0.0,0.0,0.0,2.0,100.0,0.0,0.0,0.0,127718.0,56398.0,34500.0,79318.0,0,0
35508,10425.0,0.28800000000000003,435.74,3,250000.0,1,1,n,19.53,0.0,2.0,23.0,0.0,192645.0,35.0,0,0.0,0.0,12559.39,12559.39,10425.0,2134.39,0.0,0.0,0.0,9550.91,0.0,1.0,1,0.0,0.0,535534.0,1.0,8.0,2.0,2.0,5.0,78756.0,87.0,1.0,1.0,60797.0,92.0,193400.0,4.0,2.0,4.0,3.0,23284.0,638.0,97.5,0.0,0.0,139.0,253.0,7.0,5.0,1.0,7.0,4.0,0.0,9.0,13.0,9.0,11.0,17.0,13.0,16.0,13.0,23.0,0.0,0.0,0.0,3.0,97.1,100.0,0.0,0.0,607596.0,288192.0,117000.0,90405.0,0,0
5635,9000.0,0.0819,183.31,2,60000.0,1,1,n,12.58,0.0,0.0,6.0,0.0,2129.0,13.0,0,7743.03,7743.03,1829.0,1829.0,1256.97,572.03,0.0,0.0,0.0,183.31,0.0,1.0,1,0.0,0.0,18294.0,0.0,2.0,1.0,1.0,7.0,16165.0,70.0,0.0,0.0,1573.0,50.0,13700.0,1.0,4.0,1.0,1.0,3049.0,7571.0,21.9,0.0,0.0,76.0,80.0,44.0,7.0,0.0,66.0,11.0,0.0,2.0,2.0,2.0,4.0,4.0,4.0,9.0,2.0,6.0,0.0,0.0,0.0,1.0,100.0,0.0,0.0,0.0,36968.0,18294.0,9700.0,23268.0,0,0
16298,20000.0,0.1033,428.2,2,109000.0,0,1,n,26.69,0.0,0.0,18.0,0.0,68.0,45.0,0,17338.17,17338.17,4270.52,4270.52,2661.83,1608.69,0.0,0.0,0.0,428.2,0.0,1.0,1,0.0,0.0,459565.0,0.0,3.0,1.0,2.0,11.0,408499.0,77.0,3.0,5.0,68.0,38.0,63700.0,3.0,0.0,4.0,7.0,25531.0,47332.0,0.1,0.0,0.0,168.0,225.0,9.0,9.0,2.0,9.0,2.0,0.0,1.0,1.0,9.0,14.0,20.0,14.0,23.0,1.0,18.0,0.0,0.0,0.0,4.0,100.0,0.0,0.0,0.0,496305.0,408567.0,47400.0,358075.0,0,0
60751,12750.0,0.1612,449.01,1,96000.0,1,1,n,24.93,0.0,3.0,28.0,0.0,35308.0,46.0,0,9165.73,9165.73,5359.57,5359.57,3584.27,1775.3,0.0,0.0,0.0,449.01,0.0,1.0,1,0.0,0.0,63874.0,3.0,2.0,2.0,4.0,10.0,28566.0,72.0,5.0,11.0,12660.0,39.0,124900.0,4.0,8.0,7.0,15.0,2281.0,74326.0,28.7,0.0,0.0,68.0,88.0,1.0,1.0,0.0,1.0,0.0,0.0,13.0,17.0,19.0,19.0,20.0,26.0,26.0,18.0,28.0,0.0,0.0,0.0,7.0,100.0,0.0,0.0,0.0,164424.0,63874.0,104200.0,39524.0,0,0
23360,2000.0,0.0756,62.27,1,17300.0,0,1,n,6.94,0.0,2.0,12.0,0.0,986.0,19.0,0,1224.16,1224.16,877.13,877.13,775.84,101.29,0.0,0.0,0.0,62.27,0.0,1.0,1,0.0,0.0,2513.0,1.0,1.0,2.0,2.0,4.0,1527.0,95.0,0.0,1.0,633.0,20.0,11300.0,1.0,0.0,2.0,3.0,209.0,5014.0,16.4,0.0,0.0,10.0,52.0,16.0,4.0,0.0,30.0,3.0,0.0,2.0,2.0,5.0,7.0,2.0,11.0,17.0,2.0,12.0,0.0,0.0,0.0,2.0,100.0,0.0,0.0,0.0,12900.0,2513.0,6000.0,1600.0,0,0
53839,23150.0,0.0756,720.75,2,130500.0,0,1,n,22.61,0.0,0.0,15.0,0.0,28628.0,25.0,0,0.0,0.0,24653.36,24653.36,23150.0,1503.36,0.0,0.0,0.0,16744.56,0.0,1.0,1,0.0,0.0,307787.0,2.0,4.0,0.0,2.0,16.0,20761.0,33.0,2.0,2.0,20874.0,25.0,94200.0,1.0,1.0,2.0,6.0,20519.0,59878.0,4.7,0.0,0.0,125.0,122.0,2.0,2.0,2.0,2.0,4.0,0.0,6.0,8.0,8.0,9.0,9.0,10.0,14.0,8.0,15.0,0.0,0.0,0.0,4.0,100.0,0.0,0.0,0.0,414781.0,49389.0,82700.0,62921.0,0,0
22016,4625.0,0.17739999999999995,166.61,3,32000.0,1,1,n,28.02,0.0,1.0,8.0,0.0,5275.0,9.0,0,3460.87,3460.87,1823.59,1823.59,1164.13,659.46,0.0,0.0,0.0,166.61,0.0,1.0,1,0.0,0.0,32284.0,1.0,1.0,1.0,1.0,11.0,27009.0,87.0,2.0,3.0,1464.0,78.0,10700.0,2.0,0.0,3.0,4.0,4036.0,1584.0,67.7,0.0,0.0,37.0,35.0,4.0,4.0,0.0,4.0,4.0,0.0,3.0,7.0,3.0,3.0,2.0,7.0,7.0,7.0,8.0,0.0,0.0,0.0,3.0,100.0,66.7,0.0,0.0,41635.0,32284.0,4900.0,30935.0,0,0
75140,20400.0,0.0756,635.13,3,45000.0,0,1,n,19.57,0.0,0.0,12.0,0.0,15460.0,30.0,0,14105.54,14105.54,7604.42,7604.42,6294.46,1309.96,0.0,0.0,0.0,635.13,0.0,1.0,1,0.0,0.0,247915.0,1.0,1.0,1.0,2.0,10.0,13492.0,90.0,3.0,4.0,5227.0,23.0,110400.0,2.0,0.0,1.0,6.0,20660.0,76940.0,16.7,0.0,0.0,161.0,224.0,4.0,4.0,2.0,4.0,10.0,0.0,6.0,6.0,7.0,11.0,11.0,10.0,17.0,6.0,12.0,0.0,0.0,0.0,4.0,100.0,0.0,0.0,0.0,355300.0,28952.0,92400.0,15000.0,0,0
66157,15000.0,0.2055,402.02,3,39500.0,0,1,n,15.41,0.0,0.0,9.0,1.0,3978.0,20.0,0,13121.51,13121.51,4807.12,4807.12,1878.48,2928.64,0.0,0.0,0.0,402.02,0.0,1.0,1,0.0,0.0,107551.0,1.0,6.0,1.0,2.0,7.0,103573.0,106.0,1.0,1.0,3763.0,90.0,10400.0,0.0,3.0,0.0,3.0,11950.0,5822.0,40.6,0.0,0.0,160.0,173.0,1.0,1.0,0.0,1.0,24.0,0.0,2.0,2.0,2.0,2.0,16.0,3.0,4.0,2.0,9.0,0.0,0.0,0.0,2.0,100.0,0.0,1.0,0.0,86004.0,107551.0,9800.0,75604.0,0,0
59944,17000.0,0.08810000000000001,351.33,2,58000.0,0,1,n,35.3,0.0,0.0,14.0,0.0,17494.0,33.0,0,14169.25,14169.25,4195.16,4195.16,2830.75,1364.41,0.0,0.0,0.0,351.33,0.0,1.0,1,0.0,0.0,209509.0,1.0,4.0,2.0,2.0,6.0,111205.0,80.0,0.0,0.0,6060.0,64.0,38500.0,0.0,0.0,0.0,3.0,16116.0,21006.0,45.4,0.0,0.0,193.0,257.0,26.0,6.0,2.0,26.0,20.0,0.0,8.0,8.0,9.0,12.0,14.0,9.0,17.0,8.0,14.0,0.0,0.0,0.0,2.0,100.0,37.5,0.0,0.0,225968.0,128699.0,38500.0,104968.0,0,0
57242,16000.0,0.1524,382.66,2,80000.0,1,1,n,31.71,0.0,1.0,7.0,0.0,8628.0,26.0,0,0.0,0.0,16895.39,16895.39,16000.0,895.39,0.0,0.0,0.0,15760.96,0.0,1.0,1,0.0,0.0,171030.0,1.0,4.0,2.0,2.0,2.0,61017.0,57.0,0.0,0.0,4502.0,62.0,9600.0,3.0,1.0,5.0,2.0,24433.0,98.0,97.9,0.0,0.0,141.0,194.0,55.0,2.0,3.0,75.0,2.0,0.0,1.0,2.0,1.0,8.0,9.0,2.0,14.0,2.0,7.0,0.0,0.0,0.0,2.0,100.0,100.0,0.0,0.0,233491.0,69645.0,4600.0,102691.0,0,0
17413,21000.0,0.14300000000000002,491.91,2,86300.0,1,1,n,4.96,1.0,1.0,14.0,0.0,4592.0,32.0,0,0.0,0.0,21505.39,21505.39,21000.0,505.39,0.0,0.0,0.0,21030.16,0.0,1.0,0,0.0,0.0,425348.0,4.0,1.0,0.0,1.0,13.0,5213.0,84.0,3.0,3.0,1432.0,24.0,34700.0,1.0,1.0,4.0,5.0,30382.0,11886.0,22.8,0.0,0.0,149.0,94.0,3.0,3.0,5.0,3.0,0.0,0.0,3.0,4.0,7.0,9.0,10.0,10.0,15.0,4.0,14.0,0.0,0.0,0.0,4.0,87.5,0.0,0.0,0.0,461032.0,10130.0,15400.0,6212.0,0,0
77265,8000.0,0.124,267.25,1,36400.0,1,1,n,26.01,0.0,1.0,10.0,0.0,2170.0,14.0,0,5700.96,5700.96,3195.98,3195.98,2299.04,896.94,0.0,0.0,0.0,267.25,0.0,1.0,1,0.0,150.0,31980.0,1.0,3.0,0.0,2.0,13.0,29810.0,81.0,1.0,4.0,903.0,71.0,8200.0,3.0,0.0,1.0,6.0,3198.0,671.0,72.0,0.0,0.0,115.0,70.0,2.0,2.0,0.0,37.0,2.0,0.0,2.0,4.0,2.0,3.0,5.0,7.0,9.0,4.0,10.0,0.0,0.0,0.0,1.0,100.0,50.0,0.0,0.0,45028.0,31980.0,2400.0,36828.0,0,0
14580,9000.0,0.1033,291.81,2,72000.0,1,1,n,38.93,0.0,0.0,16.0,0.0,34265.0,32.0,0,6771.69,6771.69,2907.77,2907.77,2228.31,679.46,0.0,0.0,0.0,291.81,0.0,1.0,1,0.0,0.0,148984.0,0.0,4.0,2.0,2.0,12.0,33306.0,74.0,0.0,0.0,10070.0,67.0,55500.0,1.0,1.0,1.0,2.0,9312.0,17134.0,62.0,0.0,0.0,132.0,482.0,28.0,12.0,3.0,28.0,12.0,0.0,6.0,11.0,6.0,9.0,13.0,11.0,16.0,11.0,16.0,0.0,0.0,0.0,2.0,93.8,66.7,0.0,0.0,195355.0,67571.0,45100.0,45155.0,0,0
21818,8400.0,0.0646,257.3,1,57100.0,0,1,n,43.4,0.0,0.0,16.0,1.0,6886.0,23.0,0,5984.22,5984.22,2824.27,2824.27,2415.78,408.49,0.0,0.0,0.0,257.3,0.0,1.0,0,0.0,0.0,51552.0,0.0,4.0,0.0,1.0,20.0,44666.0,51.0,0.0,0.0,3229.0,39.0,43900.0,0.0,1.0,2.0,1.0,3222.0,25414.0,21.3,0.0,0.0,78.0,88.0,28.0,20.0,0.0,44.0,2.0,0.0,6.0,6.0,6.0,6.0,9.0,12.0,14.0,6.0,16.0,0.0,0.0,0.0,0.0,100.0,0.0,1.0,0.0,131062.0,51552.0,32300.0,87162.0,0,0
63571,10000.0,0.0819,314.25,1,42000.0,0,1,n,14.8,0.0,1.0,7.0,0.0,10022.0,20.0,0,7633.46,7633.46,3137.95,3137.95,2366.54,771.41,0.0,0.0,0.0,314.25,0.0,1.0,1,0.0,0.0,17502.0,1.0,1.0,0.0,1.0,20.0,7480.0,69.0,1.0,1.0,6623.0,48.0,25400.0,1.0,2.0,2.0,2.0,2500.0,4278.0,70.1,0.0,0.0,161.0,204.0,6.0,6.0,0.0,6.0,6.0,1.0,4.0,4.0,4.0,6.0,8.0,6.0,12.0,4.0,7.0,0.0,0.0,0.0,1.0,90.0,50.0,0.0,0.0,36219.0,17502.0,14300.0,10819.0,0,0
30310,5000.0,0.17739999999999995,180.12,1,35000.0,0,1,n,6.76,0.0,0.0,14.0,0.0,4141.0,16.0,0,4286.66,4286.66,1436.03,1436.03,713.34,722.69,0.0,0.0,0.0,0.0,0.0,1.0,1,0.0,0.0,46714.0,0.0,12.0,0.0,2.0,17.0,42573.0,107.0,1.0,1.0,2083.0,105.0,4600.0,0.0,0.0,0.0,3.0,3337.0,459.0,90.0,0.0,0.0,78.0,44.0,10.0,10.0,0.0,10.0,13.0,0.0,2.0,2.0,2.0,2.0,13.0,2.0,3.0,2.0,14.0,0.0,0.0,0.0,1.0,100.0,100.0,0.0,0.0,44422.0,46714.0,4600.0,39822.0,0,0
19385,8000.0,0.14300000000000002,274.59,3,110000.0,1,1,n,9.76,0.0,1.0,25.0,0.0,17049.0,37.0,0,6108.19,6108.19,2739.54,2739.54,1891.81,847.73,0.0,0.0,0.0,274.59,0.0,1.0,1,0.0,1020.0,139956.0,3.0,4.0,0.0,0.0,27.0,122907.0,90.0,5.0,8.0,4184.0,44.0,77200.0,1.0,0.0,4.0,8.0,6362.0,49691.0,24.5,0.0,0.0,125.0,100.0,3.0,3.0,0.0,3.0,3.0,0.0,8.0,10.0,14.0,14.0,14.0,21.0,23.0,10.0,25.0,0.0,0.0,0.0,5.0,100.0,0.0,0.0,0.0,190343.0,139956.0,65800.0,113143.0,0,0
73076,10000.0,0.1308,337.33,1,75000.0,1,1,n,13.89,0.0,0.0,19.0,0.0,10876.0,27.0,0,7089.66,7089.66,4040.69,4040.69,2910.34,1130.35,0.0,0.0,0.0,337.33,0.0,1.0,1,0.0,565.0,76850.0,1.0,2.0,1.0,1.0,5.0,65974.0,95.0,5.0,10.0,5321.0,51.0,35000.0,0.0,0.0,1.0,11.0,4269.0,7994.0,55.3,0.0,0.0,89.0,79.0,9.0,5.0,0.0,9.0,9.0,3.0,4.0,5.0,6.0,9.0,4.0,16.0,23.0,5.0,19.0,0.0,0.0,0.0,6.0,88.5,50.0,0.0,0.0,94670.0,76850.0,17900.0,59670.0,0,0
60188,15950.0,0.1308,538.04,2,58000.0,0,1,n,29.59,0.0,1.0,10.0,0.0,36428.0,24.0,0,13218.02,13218.02,4574.1,4574.1,2731.98,1842.12,0.0,0.0,0.0,269.02,0.0,1.0,1,0.0,0.0,142472.0,1.0,2.0,0.0,1.0,14.0,7022.0,59.0,1.0,1.0,10438.0,63.0,56900.0,1.0,2.0,1.0,2.0,14247.0,15370.0,66.9,0.0,0.0,129.0,210.0,2.0,2.0,1.0,47.0,2.0,0.0,4.0,6.0,4.0,5.0,11.0,7.0,12.0,6.0,10.0,0.0,0.0,0.0,1.0,100.0,50.0,0.0,0.0,204850.0,43450.0,46500.0,11950.0,1,0
62630,10000.0,0.1102,217.53,1,62500.0,0,1,n,13.94,0.0,0.0,5.0,0.0,14993.0,8.0,0,8413.07,8413.07,2595.05,2595.05,1586.93,1008.12,0.0,0.0,0.0,217.53,0.0,1.0,1,0.0,0.0,31465.0,0.0,1.0,0.0,1.0,14.0,16472.0,82.0,0.0,0.0,11525.0,40.0,59400.0,1.0,0.0,0.0,1.0,6293.0,38407.0,28.1,0.0,0.0,14.0,161.0,74.0,14.0,1.0,107.0,14.0,0.0,2.0,2.0,3.0,5.0,1.0,4.0,6.0,2.0,5.0,0.0,0.0,0.0,0.0,100.0,0.0,0.0,0.0,79400.0,31465.0,53400.0,20000.0,0,0
40653,6375.0,0.2055,238.71,2,59000.0,0,1,n,24.69,0.0,0.0,32.0,0.0,7453.0,48.0,0,0.0,0.0,6922.64,6922.64,6375.0,547.64,0.0,0.0,0.0,4732.36,0.0,1.0,0,0.0,0.0,379859.0,0.0,17.0,1.0,2.0,11.0,76348.0,106.0,0.0,4.0,6250.0,70.0,34800.0,1.0,2.0,5.0,6.0,11871.0,15547.0,32.4,0.0,0.0,198.0,128.0,13.0,11.0,1.0,13.0,1.0,1.0,3.0,3.0,9.0,11.0,22.0,14.0,24.0,3.0,32.0,0.0,0.0,0.0,1.0,93.6,11.1,0.0,0.0,425722.0,83801.0,23000.0,84922.0,0,0
74059,15000.0,0.1612,528.25,1,60000.0,1,1,n,20.58,0.0,1.0,5.0,0.0,8525.0,9.0,1,10775.93,10775.93,6325.57,6325.57,4224.07,2101.5,0.0,0.0,0.0,528.25,0.0,1.0,1,0.0,0.0,31694.0,0.0,2.0,1.0,2.0,7.0,23169.0,48.0,0.0,0.0,4067.0,53.0,12100.0,2.0,1.0,4.0,2.0,6339.0,3575.0,70.5,0.0,0.0,77.0,157.0,53.0,7.0,0.0,53.0,6.0,0.0,3.0,3.0,3.0,3.0,6.0,3.0,3.0,3.0,5.0,0.0,0.0,0.0,1.0,88.9,33.3,0.0,0.0,60418.0,31694.0,12100.0,48318.0,0,0
58499,2000.0,0.2305,77.48,1,50000.0,1,1,n,19.47,0.0,1.0,8.0,0.0,9383.0,10.0,1,1536.63,1536.63,849.72,849.72,463.37,386.35,0.0,0.0,0.0,0.0,0.0,1.0,1,0.0,125.0,22476.0,2.0,3.0,3.0,4.0,4.0,13093.0,82.0,1.0,1.0,6498.0,61.0,20900.0,1.0,2.0,2.0,5.0,2810.0,11517.0,44.9,0.0,0.0,40.0,164.0,2.0,2.0,0.0,2.0,4.0,0.0,4.0,4.0,5.0,5.0,5.0,5.0,5.0,4.0,8.0,0.0,0.0,0.0,4.0,100.0,0.0,0.0,0.0,36900.0,22476.0,20900.0,16000.0,0,0
71968,18000.0,0.08810000000000001,570.81,2,60000.0,0,1,n,24.06,0.0,1.0,13.0,1.0,17374.0,23.0,0,12547.05,12547.05,6840.91,6840.91,5452.95,1387.96,0.0,0.0,0.0,570.81,0.0,1.0,1,0.0,0.0,78103.0,1.0,2.0,1.0,2.0,5.0,60729.0,96.0,0.0,3.0,5235.0,48.0,54700.0,1.0,0.0,3.0,5.0,6008.0,36162.0,32.4,0.0,0.0,65.0,354.0,18.0,5.0,1.0,18.0,5.0,0.0,7.0,8.0,10.0,15.0,3.0,11.0,19.0,8.0,13.0,0.0,0.0,0.0,1.0,100.0,10.0,1.0,0.0,118640.0,78103.0,53500.0,63940.0,0,0
71664,5600.0,0.0702,172.97,2,71000.0,1,1,n,17.68,0.0,0.0,9.0,0.0,9354.0,15.0,0,3862.28,3862.28,2073.46,2073.46,1737.72,335.74,0.0,0.0,0.0,172.97,0.0,1.0,1,0.0,0.0,150233.0,0.0,3.0,1.0,2.0,12.0,12488.0,30.0,0.0,1.0,2646.0,28.0,37000.0,1.0,4.0,0.0,3.0,16693.0,27271.0,24.2,0.0,0.0,279.0,57.0,24.0,12.0,2.0,24.0,15.0,0.0,4.0,5.0,4.0,4.0,8.0,5.0,5.0,5.0,9.0,0.0,0.0,0.0,1.0,100.0,0.0,0.0,0.0,216377.0,21842.0,36000.0,41642.0,0,0
44688,21000.0,0.2055,786.34,2,139000.0,1,1,n,17.11,1.0,0.0,12.0,0.0,15824.0,17.0,0,15882.85,15882.85,8625.76,8625.76,5117.15,3508.61,0.0,0.0,0.0,786.34,0.0,1.0,1,0.0,0.0,244741.0,0.0,4.0,2.0,3.0,11.0,121563.0,82.0,1.0,1.0,4490.0,74.0,21600.0,0.0,7.0,1.0,4.0,20395.0,1312.0,87.4,0.0,0.0,161.0,126.0,7.0,7.0,1.0,28.0,11.0,0.0,3.0,5.0,3.0,3.0,8.0,6.0,7.0,5.0,12.0,0.0,0.0,0.0,3.0,88.2,66.7,0.0,0.0,294389.0,138259.0,10400.0,129952.0,0,0
27876,2500.0,0.08810000000000001,79.28,1,100000.0,1,1,n,4.88,0.0,0.0,7.0,0.0,3044.0,13.0,0,0.0,0.0,2592.67,2592.67,2500.0,92.67,0.0,0.0,0.0,1498.72,0.0,1.0,1,0.0,0.0,17883.0,0.0,2.0,0.0,1.0,14.0,14839.0,89.0,1.0,2.0,1250.0,42.0,25700.0,1.0,0.0,1.0,3.0,2555.0,5742.0,32.4,0.0,0.0,127.0,48.0,8.0,8.0,0.0,34.0,8.0,1.0,3.0,4.0,3.0,4.0,7.0,5.0,6.0,4.0,7.0,0.0,0.0,0.0,1.0,81.8,0.0,0.0,0.0,42472.0,17883.0,8500.0,16772.0,0,0
67454,20000.0,0.1102,435.05,2,98000.0,1,1,n,30.0,0.0,1.0,13.0,0.0,12802.0,49.0,0,0.0,0.0,21550.64,21550.64,20000.0,1550.64,0.0,0.0,0.0,157.02,0.0,1.0,1,0.0,206.0,67176.0,3.0,7.0,2.0,5.0,1.0,54374.0,55.0,2.0,2.0,4759.0,58.0,16500.0,1.0,23.0,5.0,7.0,5167.0,1615.0,85.3,0.0,0.0,116.0,46.0,6.0,1.0,2.0,6.0,1.0,1.0,3.0,5.0,4.0,4.0,41.0,6.0,6.0,5.0,13.0,0.0,0.0,0.0,4.0,91.8,75.0,0.0,0.0,115531.0,67176.0,11000.0,99031.0,0,0
68213,5300.0,0.0819,166.55,1,27000.0,0,1,n,16.98,0.0,1.0,15.0,1.0,1541.0,29.0,0,2635.05,2635.05,2960.68,2960.68,2664.95,295.73,0.0,0.0,0.0,166.55,0.0,1.0,1,0.0,0.0,39443.0,3.0,11.0,2.0,5.0,4.0,37902.0,84.0,2.0,3.0,1541.0,63.0,18200.0,1.0,0.0,2.0,8.0,2630.0,16659.0,8.5,0.0,0.0,150.0,145.0,4.0,4.0,0.0,4.0,4.0,0.0,1.0,1.0,4.0,7.0,19.0,4.0,10.0,1.0,15.0,0.0,0.0,0.0,4.0,100.0,0.0,1.0,0.0,63108.0,39443.0,18200.0,44908.0,0,0
10755,15000.0,0.0646,459.47,1,98000.0,0,1,n,19.9,0.0,0.0,22.0,0.0,26502.0,42.0,0,9594.63,9594.63,6086.45,6086.45,5405.37,681.08,0.0,0.0,0.0,51.66,0.0,1.0,1,0.0,0.0,129065.0,3.0,4.0,1.0,3.0,8.0,102563.0,103.0,3.0,10.0,3141.0,50.0,68600.0,1.0,1.0,2.0,14.0,6146.0,28658.0,44.5,0.0,0.0,111.0,128.0,1.0,1.0,0.0,1.0,9.0,0.0,10.0,11.0,11.0,16.0,9.0,18.0,30.0,11.0,22.0,0.0,0.0,0.0,4.0,100.0,27.3,0.0,0.0,186844.0,129065.0,51600.0,118244.0,1,0
567,19125.0,0.0819,600.99,2,95800.0,0,1,n,21.07,0.0,0.0,9.0,0.0,25290.0,20.0,0,14773.39,14773.39,5400.21,5400.21,4351.61,1048.6,0.0,0.0,0.0,0.0,0.0,1.0,0,0.0,0.0,670645.0,1.0,2.0,0.0,2.0,14.0,26879.0,72.0,1.0,1.0,14718.0,66.0,42300.0,1.0,1.0,1.0,4.0,74516.0,7677.0,72.5,0.0,0.0,142.0,321.0,6.0,6.0,2.0,6.0,10.0,0.0,3.0,5.0,3.0,4.0,8.0,6.0,9.0,5.0,9.0,0.0,0.0,0.0,2.0,100.0,66.7,0.0,0.0,704678.0,52169.0,27900.0,37378.0,0,0
55847,16000.0,0.14300000000000002,549.18,2,105200.0,1,1,n,16.08,0.0,0.0,11.0,0.0,20298.0,21.0,0,11404.36,11404.36,6577.45,6577.45,4595.64,1981.81,0.0,0.0,0.0,549.18,0.0,1.0,1,0.0,0.0,123237.0,2.0,2.0,1.0,1.0,2.0,30850.0,70.0,2.0,6.0,692.0,53.0,52100.0,1.0,0.0,3.0,7.0,11203.0,22409.0,6.6,0.0,0.0,120.0,276.0,5.0,2.0,2.0,7.0,6.0,0.0,3.0,5.0,5.0,6.0,8.0,8.0,11.0,5.0,11.0,0.0,0.0,0.0,3.0,100.0,0.0,0.0,0.0,175202.0,51148.0,24000.0,44102.0,0,0
19894,38000.0,0.0819,773.97,2,180000.0,1,1,n,14.67,0.0,2.0,13.0,0.0,162629.0,30.0,0,32692.84,32692.84,7722.41,7722.41,5307.16,2415.25,0.0,0.0,0.0,773.97,0.0,1.0,1,0.0,0.0,415087.0,1.0,2.0,1.0,1.0,6.0,40982.0,83.0,2.0,3.0,9756.0,77.0,202300.0,1.0,2.0,3.0,4.0,31930.0,1724.0,94.6,0.0,0.0,153.0,218.0,7.0,6.0,3.0,7.0,6.0,0.0,5.0,9.0,5.0,9.0,9.0,10.0,18.0,9.0,13.0,0.0,0.0,0.0,3.0,100.0,100.0,0.0,0.0,499118.0,203611.0,31800.0,49318.0,0,0
51482,8400.0,0.0756,261.53,2,80000.0,0,1,n,31.26,0.0,0.0,10.0,0.0,38274.0,20.0,0,6038.8,6038.8,2873.3,2873.3,2361.2,512.1,0.0,0.0,0.0,0.0,0.0,1.0,1,0.0,0.0,94428.0,0.0,4.0,0.0,0.0,27.0,43416.0,59.0,0.0,0.0,19400.0,67.0,47800.0,1.0,0.0,0.0,0.0,9443.0,160.0,99.4,0.0,0.0,109.0,160.0,47.0,27.0,4.0,98.0,17.0,0.0,2.0,4.0,2.0,2.0,9.0,5.0,7.0,4.0,10.0,0.0,0.0,0.0,0.0,100.0,100.0,0.0,0.0,204974.0,81690.0,27800.0,73575.0,0,0
43404,12000.0,0.1171,396.92,2,81000.0,1,1,n,14.92,0.0,1.0,18.0,0.0,12252.0,21.0,0,8767.32,8767.32,4358.31,4358.31,3232.68,1125.63,0.0,0.0,0.0,396.92,0.0,1.0,1,0.0,0.0,172607.0,0.0,3.0,1.0,3.0,12.0,15417.0,72.0,6.0,10.0,1879.0,67.0,20300.0,1.0,0.0,4.0,13.0,9589.0,2433.0,76.4,0.0,0.0,39.0,32.0,7.0,7.0,1.0,7.0,2.0,0.0,9.0,13.0,9.0,9.0,5.0,14.0,15.0,13.0,18.0,0.0,0.0,0.0,7.0,100.0,77.8,0.0,0.0,210622.0,27669.0,10300.0,21322.0,0,0
34629,18000.0,0.0819,366.62,2,33930.0,0,1,n,58.19,0.0,0.0,12.0,0.0,25674.0,20.0,0,15225.13,15225.13,4012.34,4012.34,2774.87,1237.47,0.0,0.0,0.0,366.62,0.0,1.0,0,0.0,0.0,334210.0,0.0,4.0,0.0,2.0,15.0,31708.0,57.0,0.0,1.0,7602.0,47.0,67500.0,0.0,1.0,0.0,3.0,30383.0,32226.0,43.3,0.0,0.0,164.0,162.0,23.0,15.0,1.0,23.0,15.0,0.0,4.0,6.0,5.0,6.0,10.0,7.0,9.0,6.0,12.0,0.0,0.0,0.0,0.0,100.0,0.0,0.0,0.0,451821.0,57382.0,56800.0,55821.0,0,0
54670,25125.0,0.0646,769.6,2,137000.0,0,1,n,19.35,0.0,2.0,7.0,0.0,209699.0,13.0,0,17283.4,17283.4,9217.17,9217.17,7841.6,1375.57,0.0,0.0,0.0,769.6,0.0,1.0,1,0.0,0.0,455635.0,1.0,1.0,0.0,1.0,22.0,10913.0,46.0,1.0,2.0,6592.0,40.0,279300.0,0.0,1.0,4.0,3.0,65091.0,19152.0,34.6,0.0,0.0,167.0,286.0,5.0,5.0,2.0,5.0,2.0,2.0,2.0,3.0,4.0,5.0,3.0,5.0,8.0,3.0,7.0,0.0,0.0,0.0,1.0,61.5,0.0,0.0,0.0,604871.0,220612.0,29300.0,24000.0,0,0
12010,10450.0,0.0646,320.1,2,49000.0,0,1,n,12.69,0.0,0.0,8.0,0.0,5197.0,16.0,0,7746.72,7746.72,3197.25,3197.25,2703.28,493.97,0.0,0.0,0.0,320.1,0.0,1.0,1,0.0,0.0,6295.0,0.0,1.0,0.0,0.0,32.0,1098.0,16.0,1.0,2.0,2007.0,16.0,32100.0,0.0,0.0,0.0,2.0,787.0,9720.0,21.0,0.0,0.0,142.0,74.0,8.0,8.0,0.0,8.0,15.0,0.0,2.0,5.0,3.0,4.0,8.0,7.0,8.0,5.0,8.0,0.0,0.0,0.0,1.0,100.0,0.0,0.0,0.0,39100.0,6295.0,12300.0,7000.0,0,0
11073,3000.0,0.124,100.22,2,58000.0,1,1,n,26.71,0.0,0.0,6.0,0.0,168.0,12.0,0,2274.71,2274.71,1000.13,1000.13,725.29,274.84,0.0,0.0,0.0,100.22,0.0,1.0,1,0.0,0.0,49628.0,0.0,5.0,2.0,2.0,7.0,49460.0,62.0,0.0,0.0,168.0,57.0,6000.0,1.0,1.0,3.0,2.0,8271.0,5832.0,2.8,0.0,0.0,259.0,98.0,66.0,7.0,0.0,66.0,7.0,0.0,1.0,1.0,1.0,1.0,9.0,1.0,3.0,1.0,6.0,0.0,0.0,0.0,2.0,91.7,0.0,0.0,0.0,86428.0,49628.0,6000.0,80428.0,0,0
7800,10000.0,0.1524,347.83,1,39000.0,0,1,n,26.31,0.0,0.0,14.0,0.0,4353.0,16.0,1,7661.13,7661.13,3469.83,3469.83,2338.87,1130.96,0.0,0.0,0.0,347.83,0.0,1.0,1,0.0,0.0,47268.0,0.0,11.0,2.0,2.0,8.0,42915.0,82.0,0.0,1.0,222.0,81.0,6100.0,1.0,2.0,4.0,3.0,3376.0,1578.0,12.3,0.0,0.0,101.0,72.0,17.0,8.0,0.0,17.0,8.0,0.0,1.0,2.0,2.0,2.0,13.0,3.0,3.0,2.0,14.0,0.0,0.0,0.0,2.0,100.0,0.0,0.0,0.0,58341.0,47268.0,1800.0,52241.0,0,0
32731,1450.0,0.2305,56.17,1,81746.0,0,1,n,18.88,0.0,1.0,16.0,1.0,21537.0,24.0,0,1106.79,1106.79,616.01,616.01,343.21,272.8,0.0,0.0,0.0,56.17,0.0,1.0,1,0.0,0.0,26545.0,2.0,3.0,0.0,1.0,13.0,5008.0,26.0,5.0,5.0,2360.0,58.0,26900.0,2.0,2.0,3.0,6.0,1770.0,802.0,90.1,0.0,0.0,86.0,314.0,4.0,4.0,0.0,10.0,4.0,0.0,4.0,10.0,4.0,8.0,5.0,13.0,19.0,10.0,16.0,0.0,0.0,0.0,5.0,100.0,100.0,1.0,0.0,46072.0,26545.0,8100.0,19172.0,0,0
65054,20500.0,0.1102,445.93,1,58240.0,0,1,n,38.78,0.0,0.0,26.0,0.0,19255.0,55.0,0,0.0,0.0,21615.1,21615.1,20500.0,1115.1,0.0,0.0,0.0,18298.0,0.0,1.0,1,0.0,0.0,102980.0,1.0,4.0,1.0,3.0,4.0,83725.0,49.0,0.0,4.0,8828.0,37.0,61400.0,0.0,3.0,1.0,7.0,7922.0,22562.0,43.6,0.0,0.0,172.0,161.0,16.0,4.0,0.0,16.0,8.0,0.0,3.0,5.0,5.0,6.0,38.0,9.0,17.0,5.0,26.0,0.0,0.0,0.0,1.0,100.0,20.0,0.0,0.0,158966.0,102980.0,40000.0,97566.0,0,0
39419,30000.0,0.2055,1123.34,2,98000.0,1,1,n,21.43,0.0,2.0,10.0,0.0,83561.0,21.0,0,0.0,0.0,30760.24,30760.24,30000.0,760.24,0.0,0.0,0.0,30794.49,0.0,1.0,1,0.0,0.0,336859.0,1.0,2.0,0.0,1.0,13.0,59053.0,100.0,2.0,6.0,30093.0,88.0,104400.0,2.0,0.0,3.0,7.0,33686.0,5005.0,90.4,0.0,0.0,172.0,149.0,5.0,5.0,1.0,10.0,3.0,0.0,4.0,6.0,4.0,5.0,12.0,7.0,8.0,6.0,10.0,0.0,0.0,0.0,2.0,100.0,75.0,0.0,0.0,366350.0,142614.0,52400.0,59000.0,0,0
17012,12000.0,0.2305,464.83,2,80000.0,1,1,n,16.47,0.0,0.0,9.0,1.0,9030.0,28.0,0,9443.42,9443.42,4632.93,4632.93,2556.58,2076.35,0.0,0.0,0.0,464.83,0.0,1.0,1,0.0,0.0,32111.0,1.0,3.0,1.0,2.0,1.0,23081.0,65.0,0.0,1.0,4355.0,64.0,14600.0,1.0,0.0,0.0,3.0,3568.0,4419.0,66.3,0.0,0.0,145.0,75.0,15.0,1.0,1.0,15.0,17.0,0.0,5.0,6.0,5.0,6.0,18.0,6.0,9.0,6.0,9.0,0.0,0.0,0.0,1.0,96.4,40.0,1.0,0.0,50132.0,32111.0,13100.0,35532.0,0,0
44361,2100.0,0.0756,65.39,1,96000.0,0,1,n,9.08,0.0,0.0,15.0,0.0,2622.0,38.0,0,0.0,0.0,2132.36,2132.36,2100.0,32.36,0.0,0.0,0.0,744.46,0.0,1.0,1,0.0,0.0,134460.0,0.0,9.0,1.0,2.0,8.0,131838.0,112.0,0.0,1.0,2151.0,55.0,31000.0,1.0,0.0,1.0,3.0,8964.0,11649.0,15.6,0.0,0.0,161.0,112.0,23.0,8.0,0.0,53.0,8.0,0.0,1.0,3.0,2.0,4.0,30.0,6.0,8.0,3.0,15.0,0.0,0.0,0.0,1.0,100.0,0.0,0.0,0.0,156346.0,134460.0,13800.0,125346.0,0,0
18806,10000.0,0.17739999999999995,360.23,1,110000.0,1,1,n,7.06,0.0,0.0,7.0,0.0,19561.0,12.0,0,7729.02,7729.02,3592.44,3592.44,2270.98,1321.46,0.0,0.0,0.0,360.23,0.0,1.0,1,0.0,0.0,22340.0,0.0,1.0,1.0,2.0,8.0,2779.0,93.0,0.0,3.0,4635.0,65.0,31400.0,1.0,0.0,1.0,5.0,3191.0,11839.0,62.3,0.0,0.0,20.0,142.0,17.0,8.0,0.0,17.0,8.0,0.0,6.0,6.0,6.0,7.0,2.0,6.0,10.0,6.0,7.0,0.0,0.0,0.0,1.0,100.0,16.7,0.0,0.0,34400.0,22340.0,31400.0,3000.0,0,0
47413,25000.0,0.1862,643.3,1,70000.0,1,1,n,12.62,1.0,1.0,8.0,0.0,9946.0,19.0,0,21977.45,21977.45,7024.58,7024.58,3022.55,4002.03,0.0,0.0,0.0,643.3,0.0,1.0,1,0.0,0.0,74776.0,1.0,2.0,1.0,2.0,3.0,64830.0,98.0,1.0,1.0,5058.0,78.0,16600.0,1.0,0.0,2.0,3.0,9347.0,4889.0,52.5,0.0,0.0,149.0,173.0,11.0,3.0,0.0,11.0,3.0,0.0,2.0,5.0,3.0,3.0,12.0,6.0,7.0,5.0,8.0,0.0,0.0,0.0,2.0,94.4,0.0,0.0,0.0,68641.0,74776.0,10300.0,52041.0,0,0
67421,5000.0,0.1171,165.38,1,52600.0,0,1,n,19.51,0.0,3.0,5.0,0.0,3470.0,24.0,0,3523.35,3523.35,1978.05,1978.05,1476.65,501.4,0.0,0.0,0.0,165.38,0.0,1.0,1,0.0,0.0,32688.0,3.0,2.0,1.0,3.0,6.0,29218.0,81.0,3.0,5.0,3398.0,70.0,10500.0,2.0,0.0,9.0,8.0,6538.0,3102.0,52.3,0.0,0.0,93.0,119.0,5.0,5.0,2.0,32.0,4.0,0.0,1.0,2.0,1.0,6.0,6.0,3.0,16.0,2.0,5.0,0.0,0.0,0.0,4.0,100.0,0.0,0.0,0.0,46560.0,32688.0,6500.0,36060.0,0,0
27838,8000.0,0.0819,251.4,1,23136.0,1,1,n,29.98,0.0,0.0,5.0,0.0,8303.0,9.0,0,5730.57,5730.57,2761.76,2761.76,2269.43,492.33,0.0,0.0,0.0,251.4,0.0,1.0,1,0.0,0.0,18321.0,0.0,1.0,0.0,0.0,38.0,10018.0,55.0,1.0,2.0,4573.0,56.0,14600.0,0.0,0.0,1.0,2.0,3664.0,6297.0,56.9,0.0,0.0,153.0,154.0,11.0,11.0,0.0,11.0,11.0,0.0,3.0,3.0,4.0,4.0,4.0,4.0,5.0,3.0,5.0,0.0,0.0,0.0,1.0,88.9,50.0,0.0,0.0,32884.0,18321.0,14600.0,18284.0,0,0
61057,40000.0,0.1102,1309.93,1,74100.0,0,1,n,27.89,0.0,0.0,13.0,0.0,17956.0,17.0,0,28099.67,28099.67,15657.94,15657.94,11900.33,3757.61,0.0,0.0,0.0,1309.93,0.0,1.0,1,0.0,0.0,32776.0,2.0,2.0,0.0,1.0,15.0,14820.0,40.0,2.0,2.0,11803.0,23.0,103000.0,1.0,0.0,0.0,3.0,2521.0,80055.0,18.3,0.0,0.0,55.0,111.0,0.0,0.0,0.0,0.0,15.0,0.0,5.0,6.0,10.0,14.0,2.0,11.0,15.0,6.0,13.0,0.0,0.0,0.0,2.0,100.0,0.0,0.0,0.0,139837.0,32776.0,98000.0,36837.0,0,0
6989,22325.0,0.2055,598.33,2,90000.0,0,1,n,13.31,0.0,0.0,8.0,0.0,7182.0,25.0,0,19990.56,19990.56,5957.81,5957.81,2334.44,3623.37,0.0,0.0,0.0,598.33,0.0,1.0,1,0.0,0.0,156754.0,1.0,2.0,1.0,2.0,6.0,26390.0,80.0,0.0,3.0,7173.0,72.0,13600.0,1.0,1.0,1.0,5.0,22393.0,1818.0,79.8,0.0,0.0,122.0,176.0,13.0,6.0,2.0,21.0,6.0,2.0,2.0,2.0,3.0,7.0,10.0,5.0,13.0,2.0,8.0,0.0,0.0,0.0,1.0,84.0,50.0,0.0,0.0,184173.0,33572.0,9000.0,33208.0,0,0
25657,20000.0,0.0702,617.73,3,87000.0,0,1,n,20.9,0.0,1.0,16.0,0.0,8540.0,30.0,0,14328.0,14328.0,6787.23,6787.23,5672.0,1115.23,0.0,0.0,0.0,617.73,0.0,1.0,1,0.0,0.0,64673.0,2.0,4.0,1.0,2.0,10.0,56133.0,81.0,4.0,5.0,2803.0,32.0,130400.0,2.0,0.0,2.0,7.0,4042.0,114360.0,6.9,0.0,0.0,109.0,330.0,3.0,3.0,0.0,3.0,6.0,0.0,4.0,4.0,10.0,16.0,7.0,12.0,23.0,4.0,16.0,0.0,0.0,0.0,5.0,90.0,0.0,0.0,0.0,241303.0,64673.0,122900.0,110903.0,0,0
67314,20000.0,0.1171,441.97,2,50000.0,1,1,n,17.47,0.0,1.0,10.0,0.0,15006.0,15.0,0,16887.05,16887.05,5290.63,5290.63,3112.95,2177.68,0.0,0.0,0.0,441.97,0.0,1.0,1,0.0,0.0,129196.0,1.0,1.0,0.0,1.0,19.0,19481.0,72.0,3.0,4.0,4825.0,69.0,22600.0,1.0,0.0,4.0,5.0,12920.0,1594.0,90.4,0.0,0.0,19.0,68.0,3.0,3.0,3.0,3.0,3.0,0.0,5.0,5.0,5.0,6.0,1.0,8.0,11.0,5.0,10.0,0.0,0.0,0.0,3.0,100.0,80.0,0.0,0.0,152918.0,34487.0,16600.0,27220.0,0,0
33332,5000.0,0.1102,163.75,2,89400.0,0,1,n,29.29,0.0,0.0,13.0,0.0,5026.0,25.0,1,0.0,0.0,5087.97,5087.97,5000.0,87.97,0.0,0.0,0.0,5095.62,0.0,1.0,1,0.0,790.0,148853.0,0.0,4.0,2.0,4.0,8.0,143827.0,55.0,1.0,1.0,1480.0,45.0,20300.0,1.0,9.0,3.0,5.0,12404.0,11174.0,31.0,0.0,0.0,204.0,140.0,7.0,7.0,0.0,7.0,2.0,1.0,4.0,4.0,6.0,6.0,15.0,9.0,10.0,4.0,13.0,0.0,0.0,0.0,3.0,95.8,16.7,0.0,0.0,189366.0,148853.0,16200.0,169066.0,0,0
60514,4000.0,0.1524,139.14,3,18999.0,1,1,n,12.23,0.0,1.0,7.0,0.0,94.0,9.0,0,2880.16,2880.16,1661.21,1661.21,1119.84,541.37,0.0,0.0,0.0,139.14,0.0,1.0,1,0.0,240.0,3306.0,1.0,1.0,1.0,1.0,11.0,3212.0,80.0,2.0,3.0,72.0,26.0,8600.0,1.0,0.0,6.0,4.0,472.0,6506.0,1.4,0.0,0.0,11.0,59.0,3.0,3.0,0.0,3.0,1.0,0.0,1.0,1.0,5.0,6.0,1.0,6.0,8.0,2.0,7.0,0.0,0.0,0.0,3.0,88.9,0.0,0.0,0.0,12600.0,3306.0,6600.0,4000.0,0,0
43646,8500.0,0.124,283.95,2,56000.0,1,1,n,5.32,0.0,1.0,13.0,0.0,4596.0,27.0,0,6347.6,6347.6,2999.69,2999.69,2152.4,847.29,0.0,0.0,0.0,283.95,0.0,1.0,1,0.0,0.0,196330.0,2.0,1.0,1.0,2.0,3.0,4177.0,95.0,5.0,9.0,2946.0,29.0,25900.0,1.0,6.0,3.0,11.0,15102.0,15404.0,23.0,0.0,0.0,64.0,88.0,3.0,3.0,2.0,3.0,3.0,0.0,4.0,4.0,6.0,10.0,8.0,11.0,17.0,4.0,13.0,0.0,0.0,0.0,6.0,88.9,16.7,0.0,0.0,230300.0,8773.0,20000.0,4400.0,0,0
47117,25000.0,0.14300000000000002,585.61,2,56000.0,0,1,n,17.79,0.0,0.0,12.0,0.0,20105.0,17.0,0,21638.39,21638.39,6401.99,6401.99,3361.61,3040.38,0.0,0.0,0.0,0.0,0.0,1.0,1,0.0,0.0,128552.0,0.0,1.0,0.0,0.0,56.0,3817.0,28.0,0.0,3.0,8024.0,62.0,25100.0,0.0,0.0,1.0,4.0,10713.0,708.0,96.1,0.0,0.0,185.0,149.0,14.0,14.0,3.0,14.0,10.0,0.0,4.0,8.0,4.0,4.0,2.0,10.0,12.0,8.0,12.0,0.0,0.0,0.0,0.0,100.0,100.0,0.0,0.0,145521.0,23922.0,18200.0,13721.0,0,0
20240,1500.0,0.14300000000000002,51.49,1,50000.0,1,1,n,12.91,0.0,1.0,11.0,0.0,4513.0,12.0,1,1107.4,1107.4,564.01,564.01,392.6,171.41,0.0,0.0,0.0,51.49,0.0,1.0,1,0.0,0.0,13148.0,2.0,3.0,1.0,1.0,4.0,8635.0,57.0,2.0,3.0,3447.0,43.0,15000.0,1.0,0.0,3.0,4.0,1195.0,6537.0,40.6,0.0,0.0,65.0,57.0,3.0,3.0,0.0,3.0,4.0,0.0,3.0,4.0,5.0,6.0,3.0,8.0,9.0,4.0,11.0,0.0,0.0,0.0,3.0,100.0,20.0,0.0,0.0,30281.0,13148.0,11000.0,15281.0,0,0
30449,16000.0,0.1862,583.43,2,65000.0,1,1,n,2.18,0.0,2.0,8.0,0.0,1511.0,26.0,0,0.0,0.0,18195.68,18195.68,16000.0,2195.68,0.0,0.0,0.0,13544.79,2.0,1.0,0,0.0,1959.0,2027.0,1.0,2.0,1.0,2.0,4.0,516.0,8.0,3.0,7.0,761.0,15.0,7000.0,1.0,0.0,8.0,9.0,253.0,3045.0,32.3,0.0,0.0,232.0,228.0,7.0,4.0,0.0,7.0,1.0,0.0,3.0,4.0,4.0,9.0,14.0,6.0,12.0,4.0,8.0,0.0,0.0,0.0,4.0,92.3,0.0,0.0,0.0,13163.0,2027.0,4500.0,6163.0,0,0
70012,12000.0,0.1524,417.4,1,77000.0,1,1,n,11.8,0.0,1.0,17.0,0.0,11265.0,25.0,0,8588.19,8588.19,4998.64,4998.64,3411.81,1586.83,0.0,0.0,0.0,417.4,0.0,1.0,1,0.0,0.0,24884.0,4.0,1.0,1.0,2.0,4.0,13619.0,95.0,4.0,4.0,4230.0,29.0,71000.0,2.0,0.0,3.0,6.0,1464.0,51235.0,14.9,0.0,0.0,18.0,94.0,5.0,4.0,0.0,6.0,4.0,0.0,4.0,7.0,11.0,15.0,2.0,16.0,22.0,7.0,17.0,0.0,0.0,0.0,5.0,95.7,0.0,0.0,0.0,85300.0,24884.0,60200.0,14300.0,0,0
5578,18000.0,0.1308,410.3,2,100000.0,1,1,n,6.77,0.0,0.0,9.0,0.0,6182.0,12.0,0,15808.55,15808.55,4089.92,4089.92,2191.45,1898.47,0.0,0.0,0.0,410.3,0.0,1.0,1,0.0,446.0,292868.0,1.0,1.0,0.0,1.0,17.0,4945.0,69.0,0.0,0.0,2927.0,66.0,9700.0,1.0,0.0,1.0,2.0,32541.0,3518.0,63.7,0.0,0.0,268.0,149.0,39.0,5.0,2.0,39.0,6.0,3.0,5.0,5.0,6.0,6.0,4.0,6.0,6.0,5.0,9.0,0.0,0.0,0.0,1.0,58.3,33.3,0.0,0.0,317905.0,11127.0,9700.0,7200.0,0,0
18137,1200.0,0.08810000000000001,38.06,1,32000.0,1,1,n,49.62,0.0,0.0,7.0,0.0,4611.0,10.0,0,897.64,897.64,380.01,380.01,302.36,77.65,0.0,0.0,0.0,38.06,0.0,1.0,0,0.0,0.0,59095.0,2.0,3.0,2.0,4.0,4.0,54484.0,85.0,2.0,2.0,2611.0,78.0,11200.0,3.0,3.0,5.0,6.0,8442.0,3504.0,51.3,0.0,0.0,63.0,119.0,8.0,4.0,0.0,8.0,5.0,0.0,2.0,4.0,2.0,2.0,6.0,4.0,4.0,4.0,7.0,0.0,0.0,0.0,4.0,100.0,0.0,0.0,0.0,75414.0,59095.0,7200.0,64214.0,0,0
24150,2500.0,0.1102,81.88,2,40000.0,0,1,n,29.1,0.0,0.0,6.0,0.0,10840.0,9.0,0,1894.52,1894.52,817.27,817.27,605.48,211.79,0.0,0.0,0.0,81.88,0.0,1.0,1,0.0,0.0,24062.0,0.0,2.0,0.0,1.0,23.0,13222.0,56.0,0.0,0.0,5754.0,61.0,15500.0,1.0,2.0,0.0,1.0,4010.0,392.0,96.2,0.0,0.0,86.0,134.0,61.0,23.0,0.0,61.0,23.0,0.0,2.0,4.0,2.0,2.0,3.0,4.0,6.0,4.0,6.0,0.0,0.0,0.0,0.0,88.9,100.0,0.0,0.0,39306.0,24062.0,10300.0,23806.0,0,0
76538,5300.0,0.08810000000000001,168.08,2,72000.0,0,1,n,28.7,0.0,1.0,14.0,0.0,13548.0,36.0,0,0.0,0.0,5583.420833334,5583.42,5300.0,283.42,0.0,0.0,0.0,75.89,0.0,1.0,1,0.0,0.0,124639.0,2.0,4.0,1.0,2.0,6.0,66457.0,62.0,1.0,1.0,6279.0,58.0,26800.0,1.0,13.0,1.0,3.0,9588.0,921.0,87.2,0.0,0.0,155.0,292.0,1.0,1.0,3.0,90.0,2.0,0.0,1.0,4.0,1.0,2.0,21.0,8.0,12.0,4.0,14.0,0.0,0.0,0.0,2.0,97.2,100.0,0.0,0.0,201383.0,80005.0,7200.0,92211.0,0,0
28413,5000.0,0.0646,153.16,2,72000.0,1,1,n,10.18,1.0,0.0,9.0,0.0,6022.0,23.0,0,3573.33,3573.33,1682.97,1682.97,1426.67,256.3,0.0,0.0,0.0,153.16,0.0,1.0,1,0.0,120.0,173733.0,0.0,2.0,1.0,1.0,7.0,7498.0,33.0,0.0,1.0,2067.0,20.0,45900.0,0.0,1.0,5.0,2.0,19304.0,33343.0,11.1,0.0,0.0,158.0,152.0,13.0,7.0,3.0,13.0,1.0,0.0,4.0,5.0,5.0,7.0,6.0,6.0,14.0,5.0,9.0,0.0,0.0,0.0,1.0,91.3,0.0,0.0,0.0,263496.0,13520.0,37500.0,22751.0,0,0
54948,12675.0,0.08810000000000001,261.95,1,56000.0,1,1,n,12.43,0.0,0.0,13.0,0.0,11943.0,23.0,0,0.0,0.0,13305.05,13305.05,12675.0,630.05,0.0,0.0,0.0,11739.55,0.0,1.0,1,0.0,0.0,36063.0,0.0,10.0,0.0,0.0,30.0,24120.0,89.0,0.0,1.0,7548.0,76.0,20600.0,0.0,0.0,0.0,1.0,2774.0,8057.0,59.7,0.0,0.0,141.0,204.0,14.0,14.0,3.0,14.0,17.0,4.0,2.0,2.0,2.0,4.0,13.0,3.0,7.0,2.0,13.0,0.0,0.0,0.0,0.0,78.3,50.0,0.0,0.0,47600.0,36063.0,20000.0,27000.0,0,0
72089,40000.0,0.1862,1458.57,2,60000.0,0,1,n,29.26,0.0,0.0,6.0,0.0,31182.0,15.0,0,34152.53,34152.53,11627.18,11627.18,5847.47,5779.71,0.0,0.0,0.0,0.0,0.0,1.0,0,0.0,0.0,34769.0,0.0,3.0,0.0,0.0,29.0,3587.0,15.0,0.0,1.0,12113.0,62.0,31500.0,1.0,0.0,3.0,1.0,5795.0,318.0,99.0,0.0,0.0,146.0,158.0,24.0,24.0,0.0,24.0,10.0,0.0,3.0,3.0,3.0,4.0,10.0,3.0,5.0,3.0,6.0,0.0,0.0,0.0,0.0,100.0,100.0,0.0,0.0,55840.0,34769.0,31500.0,24340.0,1,0
44739,2000.0,0.16949999999999998,71.26,2,57000.0,0,1,n,55.72,2.0,0.0,14.0,0.0,10966.0,36.0,0,1492.02,1492.02,781.98,781.98,507.98,274.0,0.0,0.0,0.0,71.26,0.0,1.0,0,0.0,0.0,170545.0,0.0,4.0,1.0,2.0,7.0,120230.0,78.0,0.0,0.0,1255.0,63.0,27400.0,1.0,0.0,3.0,2.0,12182.0,146.0,93.7,0.0,0.0,197.0,139.0,43.0,7.0,2.0,91.0,7.0,1.0,2.0,8.0,2.0,2.0,24.0,9.0,10.0,8.0,14.0,0.0,0.0,1.0,1.0,88.2,100.0,0.0,0.0,230186.0,131196.0,2300.0,135286.0,0,0
46154,4000.0,0.1102,131.0,2,83000.0,1,1,n,14.05,0.0,4.0,31.0,0.0,4899.0,50.0,0,2914.11,2914.11,1438.55,1438.55,1085.89,352.66,0.0,0.0,0.0,131.0,0.0,1.0,1,0.0,366.0,142322.0,3.0,2.0,2.0,5.0,3.0,25653.0,95.0,4.0,11.0,3537.0,29.0,77300.0,3.0,0.0,6.0,16.0,4591.0,59326.0,7.6,0.0,0.0,80.0,130.0,6.0,3.0,2.0,6.0,3.0,1.0,4.0,5.0,21.0,26.0,11.0,28.0,37.0,5.0,31.0,0.0,0.0,0.0,6.0,98.0,0.0,0.0,0.0,284107.0,30552.0,64200.0,27122.0,0,0
40708,3000.0,0.1308,101.2,2,58000.0,1,1,n,10.68,0.0,0.0,13.0,0.0,8845.0,18.0,0,2200.91,2200.91,1108.84,1108.84,799.09,309.75,0.0,0.0,0.0,0.0,0.0,1.0,1,0.0,0.0,372306.0,2.0,5.0,1.0,2.0,7.0,83173.0,112.0,2.0,2.0,695.0,95.0,22300.0,3.0,2.0,5.0,5.0,28639.0,3805.0,15.4,0.0,0.0,43.0,127.0,1.0,1.0,1.0,7.0,3.0,0.0,1.0,4.0,2.0,4.0,6.0,7.0,11.0,4.0,13.0,0.0,0.0,0.0,4.0,100.0,0.0,0.0,0.0,376891.0,92018.0,4500.0,74303.0,0,0
44360,23750.0,0.1308,541.36,3,64200.0,1,1,n,37.76,0.0,0.0,6.0,0.0,5018.0,21.0,0,20467.66,20467.66,5937.7,5937.7,3282.34,2655.36,0.0,0.0,0.0,541.36,0.0,1.0,1,0.0,0.0,79243.0,1.0,3.0,3.0,5.0,3.0,64481.0,92.0,0.0,0.0,3465.0,61.0,49700.0,4.0,0.0,3.0,5.0,13207.0,44682.0,10.1,0.0,0.0,132.0,328.0,62.0,3.0,3.0,169.0,3.0,0.0,2.0,2.0,2.0,4.0,12.0,2.0,5.0,2.0,6.0,0.0,0.0,0.0,3.0,100.0,0.0,0.0,0.0,130254.0,79243.0,49700.0,70170.0,0,0
39010,28175.0,0.2565,1129.95,3,96000.0,0,1,n,29.81,0.0,0.0,14.0,0.0,18061.0,30.0,1,22521.27,22521.27,11824.33,11824.33,5653.73,6170.6,0.0,0.0,0.0,564.98,0.0,1.0,1,0.0,0.0,43286.0,1.0,3.0,0.0,1.0,15.0,25225.0,44.0,2.0,4.0,6992.0,40.0,51200.0,1.0,0.0,0.0,5.0,3092.0,17503.0,44.3,0.0,0.0,125.0,144.0,5.0,5.0,0.0,5.0,14.0,0.0,5.0,10.0,5.0,8.0,13.0,11.0,17.0,10.0,14.0,0.0,0.0,0.0,2.0,100.0,0.0,0.0,0.0,109076.0,43286.0,31400.0,57876.0,1,0
27896,35000.0,0.1612,853.37,2,225000.0,0,1,n,21.57,0.0,1.0,27.0,0.0,60485.0,34.0,0,31102.91,31102.91,8471.01,8471.01,3897.09,4573.92,0.0,0.0,0.0,0.0,0.0,1.0,1,0.0,0.0,635598.0,4.0,5.0,2.0,3.0,6.0,132261.0,91.0,3.0,3.0,12392.0,71.0,104400.0,1.0,0.0,5.0,7.0,26483.0,31899.0,62.4,0.0,0.0,281.0,269.0,3.0,3.0,3.0,3.0,1.0,0.0,10.0,13.0,14.0,15.0,6.0,20.0,24.0,13.0,27.0,0.0,0.0,0.0,6.0,100.0,54.5,0.0,0.0,709828.0,192746.0,84900.0,140517.0,0,0
4198,12000.0,0.08810000000000001,380.54,2,47000.0,0,1,n,17.31,0.0,0.0,8.0,1.0,8924.0,15.0,0,8982.86,8982.86,3793.65,3793.65,3017.14,776.51,0.0,0.0,0.0,380.54,0.0,1.0,0,0.0,0.0,105557.0,1.0,1.0,1.0,1.0,10.0,9404.0,78.0,2.0,2.0,3180.0,58.0,19600.0,1.0,0.0,1.0,5.0,13195.0,6715.0,50.3,0.0,0.0,96.0,88.0,0.0,0.0,2.0,0.0,10.0,0.0,3.0,5.0,4.0,4.0,7.0,6.0,6.0,5.0,8.0,0.0,0.0,0.0,3.0,100.0,50.0,1.0,0.0,122509.0,18328.0,13500.0,12000.0,0,0
12674,14000.0,0.14300000000000002,327.94,2,38000.0,0,1,n,38.12,0.0,3.0,17.0,0.0,8225.0,23.0,0,12262.27,12262.27,3268.28,3268.28,1737.73,1530.55,0.0,0.0,0.0,327.94,0.0,1.0,1,0.0,0.0,103186.0,1.0,4.0,2.0,3.0,5.0,59151.0,72.0,1.0,4.0,2363.0,37.0,52800.0,1.0,4.0,4.0,7.0,6070.0,32252.0,11.6,0.0,0.0,56.0,58.0,7.0,5.0,1.0,7.0,1.0,0.0,3.0,6.0,6.0,7.0,8.0,12.0,14.0,6.0,17.0,0.0,0.0,0.0,3.0,100.0,16.7,0.0,0.0,189125.0,67376.0,36500.0,68325.0,0,0
31737,15950.0,0.08810000000000001,505.8,1,72519.0,1,1,n,19.0,0.0,0.0,13.0,1.0,5989.0,42.0,0,12587.68,12587.68,4544.39,4544.39,3362.32,1182.07,0.0,0.0,0.0,505.8,0.0,1.0,1,0.0,0.0,38927.0,0.0,2.0,1.0,1.0,9.0,32938.0,82.0,1.0,2.0,1999.0,60.0,24900.0,0.0,0.0,1.0,3.0,3244.0,13827.0,28.7,0.0,0.0,180.0,426.0,7.0,7.0,3.0,18.0,7.0,0.0,7.0,10.0,7.0,22.0,9.0,11.0,29.0,10.0,12.0,0.0,0.0,0.0,2.0,100.0,14.3,1.0,0.0,64917.0,38927.0,19400.0,40017.0,0,0
11953,18600.0,0.17739999999999995,670.02,1,190000.0,0,1,n,17.75,0.0,0.0,16.0,0.0,67215.0,19.0,0,14376.06,14376.06,6681.87,6681.87,4223.94,2457.93,0.0,0.0,0.0,670.02,0.0,1.0,1,0.0,0.0,90993.0,0.0,2.0,0.0,2.0,14.0,23067.0,68.0,2.0,2.0,14554.0,60.0,107800.0,1.0,0.0,1.0,4.0,5687.0,40485.0,62.4,0.0,0.0,38.0,65.0,11.0,11.0,0.0,11.0,12.0,0.0,11.0,11.0,12.0,12.0,3.0,13.0,13.0,11.0,16.0,0.0,0.0,0.0,2.0,100.0,41.7,0.0,0.0,151397.0,90993.0,107700.0,34000.0,0,0
37967,7425.0,0.0819,233.33,3,174850.0,0,1,n,5.74,0.0,1.0,17.0,1.0,3843.0,29.0,0,0.0,0.0,7697.94,7697.94,7425.0,272.94,0.0,0.0,0.0,6768.0,0.0,1.0,1,0.0,0.0,139248.0,3.0,2.0,3.0,3.0,2.0,15335.0,45.0,2.0,6.0,1202.0,20.0,62400.0,0.0,0.0,2.0,9.0,8191.0,38803.0,8.7,0.0,0.0,90.0,145.0,3.0,2.0,1.0,5.0,5.0,0.0,5.0,7.0,7.0,10.0,8.0,14.0,20.0,7.0,17.0,0.0,0.0,0.0,5.0,100.0,0.0,1.0,0.0,225348.0,19178.0,42500.0,34321.0,0,0
51673,7500.0,0.0819,235.69,1,37000.0,1,1,n,22.67,0.0,0.0,15.0,0.0,20484.0,20.0,0,5200.94,5200.94,2824.87,2824.87,2299.06,525.81,0.0,0.0,0.0,235.69,0.0,1.0,1,0.0,0.0,38940.0,0.0,3.0,1.0,1.0,10.0,18456.0,55.0,0.0,3.0,8024.0,43.0,56600.0,1.0,1.0,1.0,4.0,2596.0,33616.0,37.9,0.0,0.0,196.0,351.0,15.0,10.0,0.0,15.0,10.0,0.0,7.0,7.0,11.0,14.0,5.0,12.0,15.0,7.0,15.0,0.0,0.0,0.0,1.0,100.0,27.3,0.0,0.0,90388.0,38940.0,54100.0,33788.0,0,0
21079,8000.0,0.0756,249.08,2,65000.0,0,1,n,14.01,0.0,0.0,9.0,1.0,1196.0,15.0,0,5721.82,5721.82,2733.16,2733.16,2278.18,454.98,0.0,0.0,0.0,249.08,0.0,1.0,1,0.0,0.0,18176.0,1.0,2.0,1.0,2.0,4.0,16980.0,73.0,1.0,1.0,1100.0,30.0,37900.0,1.0,0.0,0.0,3.0,2020.0,21604.0,5.2,0.0,0.0,126.0,120.0,11.0,4.0,0.0,11.0,19.0,0.0,2.0,2.0,5.0,6.0,6.0,7.0,9.0,2.0,9.0,0.0,0.0,0.0,2.0,100.0,0.0,1.0,0.0,61155.0,18176.0,22800.0,23255.0,0,0
25525,6000.0,0.0819,188.55,2,54000.0,0,1,n,17.93,0.0,2.0,14.0,0.0,3192.0,16.0,0,4319.84,4319.84,2071.32,2071.32,1680.16,391.16,0.0,0.0,0.0,188.55,0.0,1.0,0,0.0,0.0,33954.0,2.0,3.0,2.0,3.0,4.0,30762.0,87.0,3.0,7.0,1648.0,42.0,46400.0,2.0,1.0,10.0,10.0,2425.0,39208.0,7.5,0.0,0.0,84.0,39.0,5.0,4.0,0.0,5.0,2.0,0.0,3.0,3.0,9.0,9.0,5.0,11.0,11.0,3.0,14.0,0.0,0.0,0.0,5.0,100.0,11.1,0.0,0.0,81777.0,33954.0,42400.0,35377.0,0,0
34528,21275.0,0.124,477.57,2,46000.0,0,1,n,22.98,0.0,0.0,12.0,0.0,6497.0,27.0,0,18288.88,18288.88,5216.63,5216.63,2986.12,2230.51,0.0,0.0,0.0,477.57,0.0,1.0,1,0.0,0.0,77020.0,0.0,2.0,1.0,1.0,11.0,20174.0,64.0,1.0,5.0,3517.0,39.0,37000.0,1.0,1.0,2.0,6.0,6418.0,19625.0,19.2,0.0,0.0,131.0,166.0,10.0,10.0,3.0,10.0,8.0,0.0,2.0,3.0,6.0,6.0,11.0,9.0,13.0,3.0,12.0,0.0,0.0,0.0,2.0,96.3,0.0,0.0,0.0,140415.0,26671.0,24300.0,31415.0,0,0
22312,6000.0,0.124,200.44,1,53000.0,0,1,n,27.81,0.0,1.0,15.0,1.0,4136.0,31.0,0,4395.99,4395.99,2196.57,2196.57,1604.01,592.56,0.0,0.0,0.0,200.44,0.0,1.0,1,0.0,423.0,35892.0,2.0,4.0,2.0,3.0,3.0,31756.0,72.0,2.0,5.0,1522.0,53.0,23900.0,1.0,0.0,2.0,8.0,2393.0,9612.0,21.9,0.0,0.0,144.0,108.0,0.0,0.0,0.0,35.0,0.0,0.0,4.0,8.0,4.0,5.0,16.0,11.0,15.0,8.0,15.0,0.0,0.0,0.0,4.0,100.0,0.0,1.0,0.0,68158.0,35892.0,12300.0,44258.0,0,0
68898,10000.0,0.08810000000000001,317.12,2,59000.0,0,1,n,10.94,0.0,0.0,12.0,0.0,14132.0,21.0,0,6941.27,6941.27,3795.65,3795.65,3058.73,736.92,0.0,0.0,0.0,317.12,0.0,1.0,1,0.0,3134.0,67360.0,1.0,2.0,1.0,1.0,7.0,4580.0,48.0,2.0,3.0,4169.0,52.0,26200.0,1.0,2.0,1.0,4.0,5613.0,5776.0,59.6,0.0,0.0,163.0,203.0,5.0,5.0,1.0,11.0,7.0,0.0,3.0,7.0,4.0,6.0,6.0,9.0,14.0,7.0,12.0,0.0,0.0,0.0,3.0,100.0,50.0,0.0,0.0,93691.0,18712.0,14300.0,9500.0,0,0
39705,14875.0,0.1612,362.69,1,45000.0,0,1,n,26.43,0.0,1.0,18.0,0.0,9810.0,32.0,0,12958.13,12958.13,3962.95,3962.95,1916.87,2046.08,0.0,0.0,0.0,362.69,0.0,1.0,1,0.0,0.0,38495.0,1.0,4.0,2.0,5.0,7.0,28685.0,78.0,2.0,5.0,4157.0,49.0,41600.0,4.0,1.0,3.0,10.0,2139.0,25744.0,22.9,0.0,0.0,122.0,176.0,3.0,3.0,0.0,7.0,3.0,0.0,5.0,7.0,7.0,13.0,9.0,14.0,23.0,7.0,18.0,0.0,0.0,0.0,4.0,96.9,28.6,0.0,0.0,78240.0,38495.0,33400.0,36640.0,0,0
5244,10000.0,0.16949999999999998,248.26,2,75000.0,1,1,n,24.1,0.0,2.0,17.0,0.0,11921.0,37.0,0,0.0,0.0,10823.77,10823.77,10000.0,823.77,0.0,0.0,0.0,9591.89,0.0,1.0,1,0.0,0.0,171730.0,3.0,4.0,2.0,4.0,4.0,44353.0,88.0,2.0,2.0,9066.0,73.0,26800.0,2.0,1.0,2.0,6.0,10733.0,7343.0,56.6,0.0,0.0,151.0,230.0,3.0,3.0,4.0,3.0,3.0,0.0,3.0,8.0,4.0,7.0,13.0,12.0,20.0,8.0,17.0,0.0,0.0,0.0,4.0,83.8,25.0,0.0,0.0,211747.0,56274.0,16900.0,50371.0,0,0
49320,21275.0,0.1612,518.73,2,80000.0,0,1,n,13.71,0.0,0.0,11.0,0.0,30228.0,25.0,1,18263.72,18263.72,6205.71,6205.71,3011.28,3194.43,0.0,0.0,0.0,518.73,0.0,1.0,1,0.0,0.0,149364.0,1.0,1.0,1.0,1.0,12.0,8458.0,85.0,2.0,3.0,11791.0,51.0,66100.0,2.0,2.0,1.0,5.0,13579.0,29213.0,43.6,0.0,0.0,124.0,228.0,5.0,5.0,4.0,5.0,12.0,0.0,3.0,5.0,7.0,8.0,6.0,9.0,15.0,5.0,11.0,0.0,0.0,0.0,3.0,100.0,28.6,0.0,0.0,191100.0,38686.0,51800.0,10000.0,0,0
73005,12000.0,0.0646,367.57,3,52000.0,0,1,n,24.84,0.0,1.0,4.0,0.0,2768.0,20.0,0,0.0,0.0,12509.59,12509.59,12000.0,509.59,0.0,0.0,0.0,3700.35,0.0,1.0,1,0.0,0.0,16470.0,0.0,2.0,1.0,2.0,9.0,13702.0,37.0,2.0,4.0,2018.0,32.0,14000.0,0.0,3.0,2.0,6.0,4118.0,7982.0,20.2,0.0,0.0,117.0,331.0,9.0,9.0,0.0,68.0,0.0,0.0,1.0,2.0,1.0,7.0,6.0,2.0,14.0,2.0,4.0,0.0,0.0,0.0,3.0,100.0,0.0,0.0,0.0,51175.0,16470.0,10000.0,37175.0,0,0
59768,10625.0,0.1102,347.95,3,41416.92,0,1,n,13.39,1.0,0.0,6.0,0.0,7370.0,12.0,0,7463.98,7463.98,4168.9,4168.9,3161.02,1007.88,0.0,0.0,0.0,347.95,0.0,1.0,0,0.0,0.0,25550.0,2.0,1.0,1.0,1.0,6.0,18180.0,96.0,1.0,1.0,1446.0,76.0,29800.0,0.0,0.0,2.0,2.0,4258.0,5116.0,23.6,0.0,0.0,61.0,345.0,2.0,2.0,2.0,2.0,6.0,0.0,2.0,4.0,2.0,2.0,2.0,5.0,8.0,4.0,5.0,0.0,0.0,0.0,2.0,75.0,0.0,0.0,0.0,48785.0,25550.0,6700.0,18985.0,0,0
6979,4800.0,0.2305,185.94,1,52000.0,0,1,n,13.5,0.0,0.0,4.0,0.0,1481.0,7.0,0,3795.52,3795.52,1853.25,1853.25,1004.48,848.77,0.0,0.0,0.0,185.94,0.0,1.0,0,0.0,4281.0,27808.0,1.0,0.0,1.0,1.0,10.0,26327.0,93.0,2.0,3.0,731.0,90.0,2700.0,1.0,0.0,2.0,4.0,6952.0,1219.0,54.9,0.0,0.0,154.0,22.0,1.0,1.0,0.0,1.0,10.0,0.0,3.0,3.0,3.0,3.0,4.0,3.0,3.0,3.0,4.0,0.0,0.0,0.0,3.0,85.7,33.3,0.0,0.0,30902.0,27808.0,2700.0,28202.0,0,0
51574,21000.0,0.0819,427.72,2,51000.0,1,1,n,16.94,0.0,1.0,14.0,0.0,28971.0,26.0,0,17456.19,17456.19,5123.08,5123.08,3543.81,1579.27,0.0,0.0,0.0,427.72,0.0,1.0,1,0.0,82.0,52756.0,0.0,5.0,0.0,0.0,77.0,17061.0,35.0,0.0,1.0,3810.0,53.0,39000.0,1.0,1.0,1.0,1.0,3768.0,1190.0,76.2,0.0,0.0,181.0,460.0,22.0,22.0,2.0,32.0,6.0,5.0,1.0,5.0,1.0,6.0,8.0,8.0,16.0,5.0,14.0,0.0,0.0,0.0,0.0,76.9,100.0,0.0,0.0,233321.0,46032.0,5000.0,48321.0,0,0
9912,17000.0,0.14300000000000002,398.21,2,75000.0,1,1,n,32.18,0.0,1.0,12.0,1.0,9115.0,30.0,1,14935.42,14935.42,3968.59,3968.59,2064.58,1904.01,0.0,0.0,0.0,398.21,0.0,1.0,1,0.0,0.0,267564.0,1.0,3.0,2.0,3.0,1.0,80818.0,98.0,0.0,0.0,3469.0,70.0,33100.0,2.0,3.0,3.0,4.0,22297.0,16279.0,23.9,0.0,0.0,133.0,308.0,32.0,1.0,1.0,63.0,1.0,0.0,2.0,3.0,5.0,5.0,20.0,8.0,9.0,3.0,12.0,0.0,0.0,0.0,2.0,100.0,0.0,1.0,0.0,306547.0,89933.0,21400.0,93042.0,0,0
58079,7500.0,0.0756,233.51,1,106085.0,1,1,n,31.06,0.0,1.0,27.0,0.0,4002.0,61.0,0,0.0,0.0,7819.51,7819.51,7500.0,319.51,0.0,0.0,0.0,5188.09,0.0,1.0,1,0.0,0.0,110442.0,2.0,18.0,4.0,9.0,3.0,106440.0,79.0,0.0,0.0,3197.0,57.0,60700.0,6.0,14.0,2.0,9.0,4090.0,11303.0,22.0,0.0,0.0,137.0,138.0,53.0,3.0,0.0,53.0,4.0,0.0,1.0,3.0,2.0,5.0,48.0,9.0,13.0,3.0,27.0,0.0,0.0,0.0,4.0,100.0,0.0,0.0,0.0,195183.0,110442.0,14500.0,134483.0,0,0
67402,40000.0,0.1033,856.4,1,60000.0,0,1,n,15.78,0.0,0.0,9.0,0.0,21649.0,14.0,0,33555.75,33555.75,10230.89,10230.89,6444.25,3786.64,0.0,0.0,0.0,856.4,0.0,1.0,0,0.0,0.0,33459.0,0.0,1.0,0.0,0.0,25.0,11810.0,65.0,1.0,1.0,14410.0,38.0,69100.0,1.0,0.0,0.0,1.0,3718.0,40851.0,34.6,0.0,0.0,119.0,240.0,12.0,12.0,0.0,12.0,23.0,0.0,5.0,5.0,5.0,5.0,4.0,8.0,10.0,5.0,9.0,0.0,0.0,0.0,1.0,100.0,0.0,0.0,0.0,87262.0,33459.0,62500.0,18162.0,0,0
18769,3500.0,0.0702,108.11,1,30000.0,0,1,n,9.52,0.0,0.0,10.0,0.0,954.0,19.0,0,2600.22,2600.22,1079.74,1079.74,899.78,179.96,0.0,0.0,0.0,108.11,0.0,1.0,1,0.0,0.0,8428.0,2.0,2.0,2.0,2.0,5.0,7474.0,89.0,1.0,2.0,954.0,26.0,24300.0,1.0,1.0,2.0,4.0,843.0,22746.0,4.0,0.0,0.0,117.0,175.0,3.0,3.0,0.0,17.0,5.0,1.0,1.0,1.0,7.0,11.0,4.0,8.0,15.0,1.0,10.0,0.0,0.0,0.0,3.0,94.7,0.0,0.0,0.0,32742.0,8428.0,23700.0,8442.0,0,0
31274,13000.0,0.1171,429.99,1,45000.0,1,1,n,28.05,0.0,1.0,6.0,0.0,11065.0,30.0,0,9498.0,9498.0,4721.43,4721.43,3502.0,1219.43,0.0,0.0,0.0,429.99,0.0,1.0,1,0.0,0.0,23645.0,3.0,2.0,1.0,2.0,6.0,12580.0,63.0,4.0,4.0,7704.0,57.0,21700.0,2.0,0.0,2.0,6.0,3941.0,7439.0,54.1,0.0,0.0,137.0,139.0,1.0,1.0,0.0,2.0,6.0,0.0,2.0,4.0,2.0,17.0,4.0,4.0,26.0,4.0,6.0,0.0,0.0,0.0,5.0,100.0,0.0,0.0,0.0,41700.0,23645.0,16200.0,20000.0,0,0
9289,38275.0,0.14300000000000002,896.56,1,50000.0,0,1,n,27.12,0.0,0.0,6.0,0.0,4710.0,13.0,0,35499.25,35499.25,7111.67,7111.67,2775.75,4335.92,0.0,0.0,0.0,1793.12,0.0,1.0,0,0.0,0.0,29530.0,2.0,1.0,1.0,2.0,5.0,24820.0,81.0,2.0,4.0,4153.0,51.0,26900.0,2.0,0.0,4.0,6.0,4922.0,22190.0,17.5,0.0,0.0,127.0,160.0,5.0,5.0,0.0,5.0,6.0,0.0,4.0,4.0,4.0,4.0,8.0,4.0,5.0,4.0,6.0,0.0,0.0,0.0,3.0,100.0,0.0,0.0,0.0,57516.0,29530.0,26900.0,30616.0,0,0
76336,21275.0,0.1862,775.78,1,180000.0,0,1,n,13.74,0.0,1.0,8.0,0.0,8952.0,8.0,1,19404.33,19404.33,5386.44,5386.44,1870.67,3515.77,0.0,0.0,0.0,387.89,0.0,1.0,1,0.0,0.0,54898.0,1.0,3.0,1.0,2.0,5.0,45946.0,80.0,0.0,1.0,8022.0,78.0,12100.0,2.0,0.0,1.0,3.0,9150.0,2848.0,75.9,0.0,0.0,40.0,103.0,14.0,5.0,0.0,14.0,5.0,0.0,2.0,2.0,3.0,3.0,3.0,5.0,5.0,2.0,8.0,0.0,0.0,0.0,1.0,100.0,50.0,0.0,0.0,83555.0,54898.0,11800.0,71455.0,1,0
46631,22550.0,0.1102,490.52,2,120000.0,1,1,n,22.27,0.0,1.0,14.0,0.0,21691.0,24.0,0,20338.13,20338.13,4400.87,4400.87,2211.87,2189.0,0.0,0.0,0.0,490.52,0.0,1.0,1,0.0,0.0,415427.0,1.0,3.0,2.0,2.0,5.0,41582.0,83.0,0.0,1.0,6901.0,40.0,95600.0,1.0,1.0,5.0,3.0,29673.0,60084.0,22.5,0.0,0.0,202.0,77.0,20.0,5.0,1.0,20.0,0.0,0.0,6.0,8.0,8.0,9.0,9.0,10.0,13.0,8.0,14.0,0.0,0.0,0.0,2.0,100.0,12.5,0.0,0.0,538741.0,63273.0,77500.0,77859.0,0,0
60291,5000.0,0.124,167.03,1,54000.0,0,1,n,21.71,0.0,0.0,5.0,0.0,9326.0,14.0,0,3765.52,3765.52,1761.69,1761.69,1234.48,527.21,0.0,0.0,0.0,167.03,0.0,1.0,1,0.0,0.0,25940.0,0.0,1.0,1.0,2.0,12.0,16614.0,76.0,0.0,1.0,8169.0,54.0,25000.0,1.0,0.0,1.0,5.0,5188.0,15674.0,37.3,0.0,0.0,202.0,161.0,22.0,9.0,0.0,22.0,12.0,0.0,3.0,3.0,3.0,5.0,4.0,3.0,8.0,3.0,5.0,0.0,0.0,0.0,2.0,76.9,0.0,0.0,0.0,48529.0,25940.0,25000.0,22000.0,0,0
51423,10000.0,0.16949999999999998,356.28,1,50000.0,1,1,n,18.99,0.0,1.0,8.0,0.0,17294.0,13.0,0,6706.66,6706.66,4676.29,4676.29,3293.34,1382.95,0.0,0.0,0.0,356.28,0.0,1.0,1,0.0,0.0,50499.0,2.0,1.0,1.0,4.0,3.0,33205.0,98.0,2.0,4.0,9451.0,58.0,52400.0,3.0,0.0,1.0,8.0,6312.0,24949.0,30.5,0.0,0.0,31.0,76.0,6.0,3.0,0.0,8.0,6.0,0.0,3.0,5.0,3.0,4.0,5.0,7.0,8.0,5.0,8.0,0.0,0.0,0.0,3.0,100.0,33.3,0.0,0.0,86428.0,50499.0,35900.0,34028.0,0,0
29677,11700.0,0.0819,367.67,1,60000.0,1,1,n,8.7,0.0,1.0,16.0,0.0,992.0,21.0,0,0.0,0.0,12080.59,12080.59,11700.0,380.59,0.0,0.0,0.0,7315.23,0.0,1.0,1,0.0,0.0,9583.0,0.0,1.0,1.0,1.0,10.0,8591.0,81.0,1.0,2.0,617.0,25.0,27200.0,1.0,0.0,6.0,3.0,639.0,20108.0,4.7,0.0,0.0,39.0,49.0,8.0,8.0,0.0,8.0,1.0,0.0,3.0,3.0,11.0,14.0,2.0,15.0,19.0,3.0,16.0,0.0,0.0,0.0,2.0,100.0,0.0,0.0,0.0,37825.0,9583.0,21100.0,10625.0,0,0
15184,15700.0,0.0646,480.91,2,95000.0,1,1,n,9.18,0.0,1.0,4.0,0.0,11106.0,17.0,0,11638.67,11638.67,4797.83,4797.83,4061.33,736.5,0.0,0.0,0.0,480.91,0.0,1.0,1,0.0,0.0,20332.0,1.0,1.0,0.0,1.0,15.0,9226.0,66.0,1.0,1.0,4566.0,37.0,41000.0,1.0,0.0,1.0,2.0,5083.0,28805.0,21.5,0.0,0.0,143.0,175.0,4.0,4.0,1.0,65.0,4.0,0.0,2.0,3.0,2.0,3.0,9.0,3.0,7.0,3.0,4.0,0.0,0.0,0.0,1.0,100.0,0.0,0.0,0.0,55000.0,20332.0,36700.0,14000.0,0,0
24738,7875.0,0.2565,315.83,2,62000.0,1,1,n,37.67,0.0,2.0,26.0,0.0,27349.0,56.0,0,0.0,0.0,9042.52,9042.52,7875.0,1167.52,0.0,0.0,0.0,5706.93,0.0,1.0,1,0.0,0.0,143867.0,2.0,3.0,4.0,6.0,1.0,43660.0,94.0,1.0,2.0,4886.0,49.0,97600.0,5.0,7.0,7.0,9.0,5533.0,22863.0,44.1,0.0,0.0,150.0,158.0,8.0,1.0,2.0,29.0,2.0,0.0,9.0,19.0,9.0,12.0,17.0,22.0,37.0,19.0,26.0,0.0,0.0,0.0,6.0,100.0,22.2,0.0,0.0,217639.0,71009.0,40900.0,46525.0,0,0
68205,6000.0,0.2305,232.42,1,73133.0,1,1,n,14.16,0.0,0.0,11.0,0.0,11099.0,24.0,0,4435.48,4435.48,2773.67,2773.67,1564.52,1209.15,0.0,0.0,0.0,232.42,0.0,1.0,1,0.0,0.0,18684.0,0.0,1.0,0.0,1.0,14.0,7585.0,76.0,0.0,2.0,3366.0,75.0,14900.0,1.0,0.0,0.0,3.0,1699.0,1777.0,85.3,0.0,0.0,106.0,251.0,21.0,14.0,1.0,22.0,14.0,0.0,6.0,8.0,6.0,13.0,3.0,10.0,20.0,8.0,11.0,0.0,0.0,0.0,0.0,87.5,66.7,0.0,0.0,24900.0,18684.0,12100.0,10000.0,0,0
35375,19125.0,0.0819,389.53,2,120000.0,0,1,n,17.56,0.0,0.0,11.0,0.0,15627.0,19.0,0,16176.74,16176.74,4263.08,4263.08,2948.26,1314.82,0.0,0.0,0.0,389.53,0.0,1.0,1,0.0,0.0,244120.0,0.0,4.0,1.0,2.0,12.0,96042.0,70.0,0.0,0.0,6926.0,52.0,54100.0,1.0,1.0,0.0,2.0,22193.0,36747.0,29.2,0.0,0.0,150.0,225.0,25.0,12.0,2.0,25.0,23.0,0.0,4.0,5.0,5.0,6.0,9.0,6.0,8.0,5.0,11.0,0.0,0.0,0.0,1.0,100.0,0.0,0.0,0.0,338062.0,111669.0,51900.0,121951.0,0,0
29250,3500.0,0.17739999999999995,126.08,3,26000.0,1,1,n,94.23,0.0,0.0,9.0,0.0,15264.0,16.0,0,2728.78,2728.78,1253.9,1253.9,771.22,482.68,0.0,0.0,0.0,126.08,0.0,1.0,0,0.0,0.0,76525.0,0.0,3.0,0.0,2.0,16.0,61261.0,71.0,0.0,1.0,5661.0,62.0,38500.0,4.0,3.0,0.0,3.0,8503.0,7936.0,65.8,0.0,0.0,58.0,87.0,21.0,16.0,0.0,21.0,16.0,0.0,3.0,3.0,3.0,3.0,5.0,6.0,11.0,3.0,9.0,0.0,0.0,0.0,0.0,100.0,33.3,0.0,0.0,124408.0,76525.0,23200.0,85908.0,0,0
56243,40000.0,0.1171,883.93,1,144634.0,1,1,n,24.67,0.0,0.0,10.0,0.0,56612.0,20.0,0,34426.66,34426.66,9697.21,9697.21,5573.34,4123.87,0.0,0.0,0.0,883.93,0.0,1.0,1,0.0,0.0,99196.0,0.0,5.0,0.0,1.0,15.0,42584.0,59.0,1.0,1.0,23957.0,73.0,64800.0,1.0,4.0,0.0,2.0,9920.0,285.0,99.1,0.0,0.0,154.0,352.0,8.0,8.0,0.0,8.0,15.0,0.0,2.0,4.0,2.0,2.0,15.0,5.0,5.0,4.0,10.0,0.0,0.0,0.0,1.0,85.0,100.0,0.0,0.0,136661.0,99196.0,30500.0,71861.0,0,0
72005,6000.0,0.2055,224.67,3,65000.0,1,1,n,30.1,0.0,2.0,20.0,0.0,4248.0,43.0,0,4390.98,4390.98,2689.19,2689.19,1609.02,1080.17,0.0,0.0,0.0,224.67,0.0,1.0,0,0.0,0.0,183295.0,5.0,7.0,3.0,8.0,4.0,130071.0,94.0,4.0,8.0,1104.0,82.0,22300.0,8.0,1.0,7.0,17.0,9165.0,12526.0,8.6,0.0,0.0,142.0,199.0,4.0,4.0,1.0,4.0,4.0,2.0,2.0,4.0,5.0,6.0,25.0,12.0,17.0,4.0,20.0,0.0,0.0,0.0,8.0,97.6,0.0,0.0,0.0,225574.0,134319.0,13700.0,153274.0,0,0
19348,33000.0,0.1612,804.61,2,85000.0,1,1,n,26.03,0.0,1.0,10.0,0.0,33642.0,35.0,0,29160.48,29160.48,8016.55,8016.55,3839.52,4177.03,0.0,0.0,0.0,804.61,0.0,1.0,1,0.0,0.0,242840.0,2.0,3.0,2.0,2.0,4.0,36060.0,94.0,1.0,1.0,3760.0,86.0,40800.0,0.0,13.0,2.0,5.0,24284.0,4060.0,61.0,0.0,0.0,129.0,161.0,3.0,3.0,6.0,47.0,3.0,0.0,2.0,5.0,2.0,7.0,13.0,6.0,16.0,5.0,10.0,0.0,0.0,0.0,5.0,97.1,50.0,0.0,0.0,276325.0,69702.0,10400.0,59873.0,0,0
36401,7200.0,0.1308,242.88,1,40000.0,1,1,n,15.63,1.0,1.0,3.0,0.0,5085.0,4.0,0,5289.75,5289.75,2666.45,2666.45,1910.25,756.2,0.0,0.0,0.0,242.88,0.0,1.0,1,0.0,0.0,18754.0,1.0,1.0,0.0,0.0,33.0,13669.0,61.0,1.0,1.0,4786.0,66.0,5800.0,0.0,0.0,1.0,1.0,6251.0,715.0,87.7,0.0,0.0,44.0,64.0,6.0,6.0,0.0,6.0,6.0,0.0,2.0,2.0,2.0,2.0,2.0,2.0,2.0,2.0,3.0,0.0,0.0,0.0,1.0,75.0,50.0,0.0,0.0,28277.0,18754.0,5800.0,22477.0,0,0
43822,10000.0,0.2305,282.2,1,68000.0,1,1,n,26.63,0.0,1.0,15.0,0.0,13843.0,23.0,0,9084.04,9084.04,3091.39,3091.39,915.96,2175.43,0.0,0.0,0.0,282.2,0.0,1.0,1,0.0,4369.0,30214.0,2.0,2.0,0.0,0.0,47.0,16371.0,8.0,6.0,8.0,2923.0,29.0,28300.0,0.0,1.0,3.0,8.0,2014.0,11542.0,37.6,0.0,0.0,124.0,117.0,2.0,2.0,0.0,2.0,5.0,1.0,5.0,12.0,6.0,6.0,7.0,13.0,16.0,12.0,15.0,0.0,0.0,0.0,6.0,95.7,16.7,0.0,0.0,91229.0,30214.0,18500.0,62929.0,0,0
75835,8000.0,0.1612,281.74,1,72000.0,1,1,n,30.03,0.0,0.0,15.0,0.0,13862.0,35.0,0,5747.08,5747.08,3366.55,3366.55,2252.92,1113.63,0.0,0.0,0.0,281.74,0.0,1.0,1,0.0,1408.0,67522.0,0.0,2.0,1.0,4.0,9.0,53660.0,58.0,4.0,5.0,3973.0,57.0,24300.0,2.0,0.0,1.0,9.0,4501.0,1118.0,87.6,0.0,0.0,216.0,195.0,9.0,9.0,0.0,12.0,9.0,1.0,3.0,10.0,3.0,12.0,6.0,13.0,29.0,10.0,15.0,0.0,0.0,0.0,5.0,79.4,66.7,0.0,0.0,86523.0,67522.0,9000.0,62223.0,0,0
42842,30000.0,0.0646,918.93,2,118000.0,0,1,n,20.13,0.0,2.0,17.0,0.0,30485.0,34.0,0,21519.87,21519.87,10097.46,10097.46,8480.13,1617.33,0.0,0.0,0.0,918.93,0.0,1.0,0,0.0,0.0,67605.0,3.0,5.0,3.0,3.0,6.0,37120.0,51.0,3.0,4.0,18240.0,32.0,135600.0,1.0,1.0,6.0,7.0,3977.0,83760.0,19.5,0.0,0.0,173.0,239.0,1.0,1.0,5.0,1.0,1.0,0.0,4.0,6.0,5.0,5.0,13.0,12.0,16.0,6.0,17.0,0.0,0.0,0.0,6.0,100.0,20.0,0.0,0.0,208796.0,67605.0,104000.0,73196.0,0,0
27087,8000.0,0.0819,251.4,1,49000.0,1,1,n,13.64,3.0,0.0,13.0,0.0,8137.0,17.0,0,5991.73,5991.73,2510.36,2510.36,2008.27,502.09,0.0,0.0,0.0,251.4,0.0,1.0,1,0.0,0.0,57888.0,0.0,3.0,1.0,1.0,7.0,49751.0,97.0,2.0,2.0,4021.0,76.0,25200.0,1.0,0.0,1.0,3.0,4453.0,13063.0,38.4,0.0,0.0,114.0,62.0,11.0,7.0,0.0,11.0,7.0,0.0,5.0,5.0,9.0,11.0,4.0,10.0,13.0,5.0,13.0,0.0,0.0,0.0,3.0,82.4,0.0,0.0,0.0,76372.0,57888.0,21200.0,51172.0,0,0
47462,15000.0,0.1033,486.34,1,94500.0,0,1,n,16.66,1.0,0.0,16.0,0.0,30190.0,21.0,1,10929.89,10929.89,5341.13,5341.13,4070.11,1271.02,0.0,0.0,0.0,486.34,0.0,1.0,1,0.0,0.0,36684.0,2.0,2.0,1.0,1.0,4.0,6494.0,57.0,1.0,1.0,4007.0,63.0,47100.0,0.0,0.0,1.0,2.0,2293.0,7673.0,66.2,0.0,0.0,28.0,150.0,2.0,2.0,0.0,2.0,10.0,0.0,7.0,11.0,7.0,10.0,2.0,14.0,19.0,11.0,16.0,0.0,0.0,0.0,2.0,100.0,28.6,0.0,0.0,58600.0,36684.0,22700.0,11500.0,0,0
17329,4525.0,0.2565,181.48,2,138000.0,0,1,n,37.27,0.0,1.0,28.0,0.0,86640.0,48.0,0,3591.07,3591.07,1808.35,1808.35,933.93,874.42,0.0,0.0,0.0,181.48,0.0,1.0,1,0.0,0.0,590669.0,0.0,3.0,0.0,3.0,14.0,52407.0,79.0,0.0,4.0,7850.0,82.0,103200.0,0.0,4.0,2.0,7.0,21095.0,4935.0,90.4,0.0,0.0,118.0,151.0,13.0,13.0,2.0,23.0,3.0,0.0,13.0,23.0,13.0,17.0,7.0,24.0,39.0,23.0,28.0,0.0,0.0,0.0,0.0,100.0,92.3,0.0,0.0,669430.0,139047.0,51600.0,74518.0,0,0
52510,5000.0,0.17739999999999995,180.12,3,13382.0,0,1,n,36.41,0.0,1.0,9.0,0.0,4594.0,10.0,1,3189.64,3189.64,2532.83,2532.83,1810.36,722.47,0.0,0.0,0.0,540.36,0.0,1.0,1,0.0,441.0,4728.0,3.0,1.0,0.0,1.0,15.0,134.0,5.0,3.0,3.0,1525.0,35.0,10900.0,0.0,1.0,1.0,4.0,525.0,4317.0,40.9,0.0,0.0,15.0,343.0,0.0,0.0,0.0,0.0,3.0,0.0,3.0,6.0,5.0,5.0,1.0,8.0,9.0,6.0,9.0,0.0,0.0,0.0,3.0,100.0,40.0,0.0,0.0,13403.0,4728.0,7300.0,2503.0,0,0
65395,13000.0,0.0756,404.74,1,86800.0,1,1,n,39.02,0.0,0.0,14.0,0.0,16439.0,24.0,0,7985.67,7985.67,5851.42,5851.42,5014.33,837.09,0.0,0.0,0.0,404.74,0.0,1.0,1,0.0,0.0,62702.0,1.0,4.0,1.0,1.0,9.0,46263.0,50.0,1.0,1.0,5941.0,40.0,61500.0,1.0,3.0,1.0,2.0,4823.0,35061.0,16.5,0.0,0.0,181.0,225.0,5.0,5.0,0.0,45.0,9.0,0.0,3.0,5.0,6.0,6.0,13.0,10.0,11.0,5.0,14.0,0.0,0.0,0.0,2.0,100.0,0.0,0.0,0.0,185033.0,62702.0,42000.0,123533.0,0,0
23434,8500.0,0.14300000000000002,291.75,3,72000.0,0,1,n,30.22,4.0,0.0,18.0,0.0,6908.0,40.0,0,6275.56,6275.56,3202.5,3202.5,2224.44,978.06,0.0,0.0,0.0,291.75,0.0,1.0,1,0.0,0.0,79093.0,0.0,11.0,1.0,3.0,11.0,72185.0,92.0,0.0,0.0,1470.0,91.0,8100.0,4.0,0.0,7.0,3.0,4394.0,251.0,95.9,0.0,0.0,121.0,129.0,29.0,11.0,0.0,30.0,11.0,1.0,6.0,7.0,6.0,6.0,31.0,7.0,9.0,7.0,18.0,0.0,0.0,1.0,1.0,89.5,100.0,0.0,0.0,86523.0,79093.0,6100.0,78423.0,0,0
61674,7200.0,0.1308,242.88,2,65000.0,0,1,n,20.11,0.0,0.0,8.0,0.0,12712.0,15.0,1,5104.52,5104.52,2901.48,2901.48,2095.48,806.0,0.0,0.0,0.0,242.88,0.0,1.0,1,0.0,163.0,118781.0,1.0,2.0,1.0,2.0,10.0,23847.0,79.0,0.0,1.0,7287.0,70.0,22200.0,2.0,0.0,4.0,4.0,16969.0,6904.0,61.9,0.0,0.0,103.0,84.0,24.0,3.0,1.0,24.0,6.0,0.0,2.0,4.0,2.0,2.0,6.0,4.0,7.0,4.0,8.0,0.0,0.0,0.0,2.0,100.0,0.0,0.0,0.0,134963.0,36559.0,18100.0,30313.0,0,0
42761,5250.0,0.14300000000000002,180.2,2,300000.0,1,1,n,24.36,0.0,0.0,16.0,0.0,122364.0,31.0,0,3495.14,3495.14,2338.03,2338.03,1754.86,583.17,0.0,0.0,0.0,180.2,0.0,1.0,1,0.0,0.0,601405.0,1.0,5.0,2.0,3.0,2.0,222585.0,69.0,1.0,3.0,34472.0,81.0,137000.0,3.0,0.0,5.0,6.0,40094.0,14715.0,88.9,0.0,0.0,101.0,433.0,12.0,2.0,1.0,12.0,2.0,0.0,8.0,9.0,9.0,12.0,12.0,10.0,18.0,9.0,16.0,0.0,0.0,0.0,3.0,100.0,50.0,0.0,0.0,684799.0,344949.0,132400.0,267549.0,0,0
20754,23650.0,0.1524,565.62,3,50000.0,1,1,n,19.16,0.0,2.0,8.0,0.0,329.0,21.0,0,20867.35,20867.35,5616.15,5616.15,2782.65,2833.5,0.0,0.0,0.0,565.62,0.0,1.0,1,0.0,699.0,172315.0,0.0,2.0,1.0,2.0,9.0,14991.0,81.0,1.0,3.0,13.0,46.0,14900.0,5.0,0.0,8.0,6.0,21539.0,6487.0,0.2,0.0,0.0,142.0,169.0,9.0,7.0,4.0,15.0,3.0,2.0,1.0,3.0,3.0,7.0,8.0,5.0,9.0,3.0,8.0,0.0,0.0,0.0,3.0,81.0,0.0,0.0,0.0,191594.0,15320.0,6500.0,18500.0,0,0
71422,15950.0,0.1862,581.61,2,127000.0,1,1,n,10.53,0.0,0.0,8.0,1.0,9936.0,14.0,0,14137.17,14137.17,4636.38,4636.38,1812.83,2823.55,0.0,0.0,0.0,581.61,0.0,1.0,1,0.0,0.0,625264.0,1.0,4.0,2.0,6.0,9.0,26828.0,83.0,0.0,1.0,5467.0,78.0,14700.0,2.0,0.0,5.0,8.0,78158.0,4764.0,67.6,0.0,0.0,26.0,101.0,21.0,2.0,2.0,21.0,4.0,0.0,3.0,3.0,3.0,5.0,7.0,3.0,5.0,3.0,8.0,0.0,0.0,0.0,3.0,100.0,33.3,1.0,0.0,635672.0,36764.0,14700.0,32472.0,0,0
76677,40000.0,0.0819,1256.97,1,162000.0,0,1,n,22.05,0.0,2.0,16.0,0.0,37234.0,36.0,0,27817.34,27817.34,15047.24,15047.24,12182.66,2864.58,0.0,0.0,0.0,1256.97,0.0,1.0,1,0.0,0.0,88418.0,3.0,4.0,1.0,2.0,4.0,38533.0,59.0,2.0,3.0,22055.0,53.0,78600.0,1.0,0.0,2.0,5.0,5895.0,33771.0,51.5,0.0,0.0,208.0,171.0,2.0,2.0,0.0,2.0,2.0,0.0,4.0,5.0,7.0,11.0,14.0,10.0,20.0,5.0,16.0,0.0,0.0,0.0,3.0,100.0,42.9,0.0,0.0,160607.0,88418.0,69600.0,63713.0,0,0
5785,24000.0,0.0702,741.27,2,125000.0,1,1,n,17.12,0.0,0.0,20.0,0.0,54878.0,28.0,0,18532.53,18532.53,6662.07,6662.07,5467.47,1194.6,0.0,0.0,0.0,741.27,0.0,1.0,1,0.0,0.0,168255.0,1.0,1.0,0.0,1.0,18.0,23409.0,78.0,2.0,2.0,17914.0,41.0,161100.0,1.0,0.0,0.0,3.0,8413.0,74079.0,42.2,0.0,0.0,18.0,433.0,5.0,5.0,4.0,5.0,18.0,0.0,8.0,12.0,12.0,13.0,1.0,18.0,22.0,12.0,20.0,0.0,0.0,0.0,2.0,100.0,25.0,0.0,0.0,343100.0,78287.0,128100.0,30000.0,0,0
41411,21275.0,0.1612,518.73,2,110000.0,1,1,n,9.96,0.0,0.0,16.0,0.0,14451.0,27.0,0,0.0,0.0,21286.235111111102,21286.24,21275.0,11.24,0.0,0.0,0.0,21324.35,0.0,1.0,1,0.0,200.0,109471.0,1.0,1.0,0.0,1.0,14.0,10322.0,69.0,1.0,3.0,10989.0,34.0,57200.0,1.0,0.0,0.0,4.0,6842.0,12744.0,51.9,0.0,0.0,14.0,176.0,3.0,3.0,3.0,3.0,14.0,0.0,5.0,8.0,7.0,9.0,1.0,14.0,23.0,8.0,16.0,0.0,0.0,0.0,1.0,100.0,28.6,0.0,0.0,171338.0,24773.0,26500.0,15000.0,0,0
17748,6500.0,0.1033,210.75,2,165000.0,1,1,n,37.41,0.0,0.0,23.0,0.0,123975.0,39.0,0,4890.68,4890.68,2103.77,2103.77,1609.32,494.45,0.0,0.0,0.0,210.75,0.0,1.0,1,0.0,0.0,394767.0,0.0,6.0,0.0,3.0,19.0,59275.0,62.0,0.0,0.0,24013.0,69.0,197700.0,3.0,0.0,0.0,3.0,17944.0,14844.0,79.9,0.0,0.0,161.0,555.0,58.0,19.0,2.0,91.0,13.0,0.0,7.0,13.0,7.0,9.0,17.0,14.0,19.0,13.0,23.0,0.0,0.0,0.0,0.0,100.0,71.4,0.0,0.0,555859.0,183250.0,73800.0,107536.0,0,0
59198,4800.0,0.2305,185.94,2,65000.0,0,1,n,24.28,0.0,0.0,16.0,1.0,8638.0,28.0,0,4117.36,4117.36,1667.31,1667.31,682.64,984.67,0.0,0.0,0.0,0.0,0.0,1.0,1,0.0,0.0,39027.0,3.0,3.0,2.0,2.0,2.0,30389.0,79.0,4.0,9.0,1268.0,69.0,18300.0,4.0,1.0,5.0,11.0,2439.0,984.0,78.6,0.0,0.0,77.0,153.0,1.0,1.0,1.0,8.0,2.0,0.0,4.0,11.0,5.0,9.0,7.0,13.0,20.0,11.0,16.0,0.0,0.0,0.0,6.0,100.0,80.0,1.0,0.0,56831.0,39027.0,4600.0,38531.0,0,0
5453,30000.0,0.0702,926.59,2,140000.0,0,1,n,19.13,0.0,0.0,13.0,0.0,11949.0,27.0,0,22288.26,22288.26,9254.2,9254.2,7711.74,1542.46,0.0,0.0,0.0,926.59,0.0,1.0,0,0.0,0.0,212877.0,0.0,2.0,0.0,0.0,29.0,20427.0,56.0,0.0,1.0,1968.0,26.0,81600.0,1.0,1.0,1.0,3.0,16375.0,51639.0,4.0,0.0,0.0,138.0,337.0,15.0,15.0,4.0,15.0,5.0,0.0,2.0,4.0,6.0,8.0,6.0,10.0,17.0,4.0,13.0,0.0,0.0,0.0,0.0,100.0,0.0,0.0,0.0,336346.0,32376.0,53800.0,69496.0,0,0
37722,15000.0,0.124,336.71,1,100000.0,1,1,n,10.91,0.0,1.0,6.0,0.0,4868.0,22.0,0,12894.65,12894.65,3693.48,3693.48,2105.35,1588.13,0.0,0.0,0.0,336.71,0.0,1.0,1,0.0,0.0,140774.0,2.0,2.0,3.0,3.0,6.0,41531.0,94.0,0.0,2.0,4231.0,35.0,22800.0,3.0,4.0,7.0,6.0,23462.0,7932.0,38.0,0.0,0.0,145.0,86.0,15.0,6.0,1.0,15.0,6.0,0.0,2.0,2.0,2.0,2.0,15.0,3.0,6.0,2.0,6.0,0.0,0.0,0.0,3.0,100.0,0.0,0.0,0.0,164372.0,46399.0,12800.0,43322.0,0,0
27284,7000.0,0.0646,214.42,1,65000.0,1,1,n,10.64,0.0,0.0,7.0,0.0,7268.0,11.0,0,5003.69,5003.69,2353.6,2353.6,1996.31,357.29,0.0,0.0,0.0,214.42,0.0,1.0,1,0.0,0.0,32610.0,0.0,1.0,0.0,0.0,30.0,25342.0,79.0,1.0,2.0,4723.0,61.0,21800.0,0.0,0.0,0.0,2.0,4659.0,7869.0,46.8,0.0,0.0,99.0,110.0,9.0,9.0,0.0,26.0,22.0,0.0,2.0,3.0,2.0,3.0,2.0,6.0,9.0,3.0,7.0,0.0,0.0,0.0,1.0,81.8,0.0,0.0,0.0,53769.0,32610.0,14800.0,31969.0,0,0
5741,16000.0,0.124,534.5,2,42000.0,1,1,n,37.46,0.0,1.0,12.0,0.0,13391.0,16.0,0,12162.08,12162.08,5322.96,5322.96,3837.92,1485.04,0.0,0.0,0.0,534.5,0.0,1.0,1,0.0,0.0,94781.0,2.0,2.0,1.0,3.0,10.0,30038.0,78.0,2.0,3.0,2939.0,72.0,22200.0,3.0,1.0,2.0,6.0,7898.0,6728.0,50.2,0.0,0.0,91.0,70.0,5.0,5.0,3.0,6.0,6.0,0.0,4.0,8.0,4.0,4.0,5.0,8.0,8.0,8.0,12.0,0.0,0.0,0.0,3.0,100.0,25.0,0.0,0.0,125050.0,43429.0,13500.0,38394.0,0,0
39197,3450.0,0.124,115.25,1,25000.0,1,1,n,19.06,0.0,0.0,11.0,0.0,3943.0,19.0,0,2527.73,2527.73,1265.37,1265.37,922.27,343.1,0.0,0.0,0.0,115.25,0.0,1.0,1,0.0,0.0,54266.0,1.0,7.0,1.0,2.0,4.0,50323.0,114.0,0.0,0.0,3471.0,80.0,23500.0,0.0,0.0,1.0,2.0,4933.0,11557.0,25.4,0.0,0.0,102.0,491.0,36.0,4.0,0.0,36.0,8.0,0.0,2.0,2.0,3.0,4.0,8.0,4.0,11.0,2.0,11.0,0.0,0.0,0.0,1.0,94.7,33.3,0.0,0.0,67762.0,54266.0,15500.0,44262.0,0,0
15658,23000.0,0.2305,890.93,1,55000.0,0,1,n,31.7,0.0,0.0,10.0,0.0,14814.0,16.0,0,17997.71,17997.71,8950.39,8950.39,5002.29,3948.1,0.0,0.0,0.0,890.93,0.0,1.0,1,0.0,0.0,30627.0,0.0,1.0,0.0,1.0,16.0,15813.0,38.0,0.0,1.0,4367.0,52.0,17200.0,1.0,0.0,0.0,2.0,3063.0,297.0,97.9,0.0,0.0,72.0,86.0,21.0,16.0,0.0,21.0,16.0,0.0,6.0,7.0,6.0,8.0,5.0,8.0,11.0,7.0,10.0,0.0,0.0,0.0,0.0,100.0,100.0,0.0,0.0,58942.0,30627.0,14100.0,41742.0,0,0
67995,10000.0,0.1308,337.33,3,36000.0,1,1,n,20.4,0.0,0.0,7.0,0.0,4586.0,7.0,0,7089.66,7089.66,4033.43,4033.43,2910.34,1123.09,0.0,0.0,0.0,337.33,0.0,1.0,1,0.0,242.0,10603.0,0.0,2.0,0.0,1.0,14.0,6017.0,52.0,1.0,1.0,4139.0,36.0,18100.0,1.0,0.0,0.0,2.0,1515.0,13514.0,25.3,0.0,0.0,35.0,120.0,8.0,8.0,0.0,8.0,14.0,0.0,4.0,4.0,5.0,5.0,2.0,5.0,5.0,4.0,7.0,0.0,0.0,0.0,1.0,100.0,0.0,0.0,0.0,29611.0,10603.0,18100.0,11511.0,0,0
64594,10000.0,0.1524,347.83,2,60000.0,0,1,n,8.86,0.0,0.0,11.0,0.0,7351.0,14.0,0,7156.88,7156.88,4165.49,4165.49,2843.12,1322.37,0.0,0.0,0.0,347.83,0.0,1.0,1,0.0,95.0,102875.0,2.0,4.0,1.0,3.0,4.0,95524.0,103.0,1.0,2.0,2940.0,91.0,15800.0,0.0,0.0,1.0,6.0,9352.0,1721.0,71.3,0.0,0.0,28.0,46.0,4.0,4.0,1.0,4.0,5.0,0.0,3.0,6.0,3.0,4.0,4.0,7.0,9.0,6.0,11.0,0.0,0.0,0.0,3.0,100.0,66.7,0.0,0.0,106469.0,102875.0,6000.0,90669.0,0,0
72611,5050.0,0.0646,154.69,2,80000.0,0,1,n,11.58,0.0,0.0,6.0,0.0,95.0,15.0,0,3473.83,3473.83,1854.47,1854.47,1576.17,278.3,0.0,0.0,0.0,154.69,0.0,1.0,1,0.0,0.0,76121.0,0.0,2.0,0.0,1.0,14.0,15463.0,52.0,0.0,0.0,0.0,45.0,4500.0,1.0,1.0,0.0,1.0,12687.0,1100.0,0.0,0.0,0.0,151.0,505.0,30.0,14.0,1.0,499.0,14.0,0.0,0.0,1.0,1.0,3.0,9.0,3.0,5.0,1.0,6.0,0.0,0.0,0.0,0.0,100.0,0.0,0.0,0.0,127820.0,15558.0,1100.0,30041.0,0,0
2536,3500.0,0.0756,108.97,1,75000.0,0,1,n,19.36,0.0,2.0,13.0,0.0,8506.0,17.0,0,0.0,0.0,3664.67,3664.67,3500.0,164.67,0.0,0.0,0.0,2903.35,0.0,1.0,1,0.0,0.0,37675.0,2.0,2.0,1.0,2.0,3.0,29169.0,58.0,2.0,3.0,4945.0,42.0,40200.0,2.0,0.0,2.0,5.0,2898.0,28694.0,22.9,0.0,0.0,175.0,421.0,3.0,3.0,0.0,3.0,3.0,0.0,7.0,7.0,7.0,8.0,5.0,10.0,12.0,7.0,13.0,0.0,0.0,0.0,3.0,100.0,0.0,0.0,0.0,90544.0,37675.0,37200.0,50344.0,0,0
5006,9550.0,0.08810000000000001,302.85,2,40000.0,1,1,n,18.51,0.0,0.0,13.0,0.0,16401.0,14.0,0,7144.21,7144.21,3023.83,3023.83,2405.79,618.04,0.0,0.0,0.0,302.85,0.0,1.0,1,0.0,0.0,20744.0,1.0,1.0,0.0,1.0,20.0,4343.0,54.0,2.0,3.0,5351.0,32.0,57900.0,1.0,0.0,0.0,4.0,1596.0,41499.0,28.3,0.0,0.0,27.0,213.0,4.0,4.0,0.0,4.0,20.0,0.0,8.0,8.0,12.0,12.0,2.0,12.0,12.0,8.0,13.0,0.0,0.0,0.0,2.0,100.0,25.0,0.0,0.0,65900.0,20744.0,57900.0,8000.0,0,0
69169,25000.0,0.08810000000000001,516.66,2,75000.0,0,1,n,35.54,1.0,0.0,13.0,0.0,20313.0,22.0,0,20837.15,20837.15,6175.45,6175.45,4162.85,2012.6,0.0,0.0,0.0,516.66,0.0,1.0,0,0.0,0.0,189311.0,0.0,4.0,0.0,1.0,13.0,70028.0,52.0,0.0,2.0,11575.0,53.0,38000.0,0.0,0.0,1.0,3.0,14562.0,9348.0,66.3,0.0,0.0,172.0,214.0,16.0,13.0,1.0,16.0,4.0,0.0,5.0,7.0,5.0,7.0,8.0,8.0,13.0,7.0,13.0,0.0,0.0,0.0,0.0,95.5,40.0,0.0,0.0,272023.0,90341.0,27700.0,113251.0,0,0
44067,23000.0,0.1171,508.26,2,120000.0,1,1,n,32.81,0.0,0.0,14.0,0.0,20903.0,36.0,0,0.0,0.0,25135.12,25135.12,23000.0,2135.12,0.0,0.0,0.0,19559.22,0.0,1.0,1,0.0,0.0,456936.0,1.0,4.0,1.0,4.0,3.0,267192.0,77.0,0.0,2.0,8886.0,56.0,50100.0,0.0,0.0,0.0,6.0,32638.0,26097.0,44.5,0.0,0.0,198.0,48.0,19.0,3.0,2.0,19.0,22.0,6.0,5.0,5.0,7.0,7.0,25.0,9.0,9.0,5.0,14.0,0.0,0.0,0.0,1.0,83.3,14.3,0.0,0.0,522399.0,288095.0,47000.0,292299.0,0,0
62605,8175.0,0.124,273.1,2,76642.0,1,1,n,28.48,0.0,0.0,14.0,0.0,25247.0,33.0,1,6031.74,6031.74,2998.47,2998.47,2143.26,855.21,0.0,0.0,0.0,0.0,0.0,1.0,1,0.0,0.0,486374.0,0.0,2.0,0.0,0.0,27.0,34401.0,36.0,2.0,3.0,11814.0,36.0,69600.0,0.0,1.0,0.0,4.0,34741.0,30284.0,44.9,0.0,0.0,193.0,123.0,9.0,9.0,1.0,9.0,20.0,0.0,5.0,7.0,7.0,11.0,14.0,11.0,17.0,7.0,14.0,0.0,0.0,0.0,2.0,100.0,42.9,0.0,0.0,568239.0,59648.0,55000.0,60639.0,0,0
62813,14000.0,0.08810000000000001,443.96,2,90000.0,0,1,n,7.03,1.0,1.0,6.0,0.0,14521.0,15.0,1,0.0,0.0,14176.1633342397,14176.16,14000.0,176.16,0.0,0.0,0.0,14183.01,0.0,1.0,1,0.0,0.0,213663.0,1.0,2.0,1.0,1.0,5.0,3519.0,30.0,0.0,0.0,0.0,54.0,21500.0,1.0,5.0,1.0,1.0,35611.0,5000.0,0.0,0.0,0.0,164.0,187.0,39.0,5.0,3.0,187.0,5.0,0.0,0.0,1.0,1.0,5.0,5.0,2.0,7.0,1.0,6.0,0.0,0.0,0.0,1.0,93.3,0.0,0.0,0.0,274010.0,18040.0,5000.0,11760.0,0,0
17029,10000.0,0.1102,217.53,3,36200.0,0,1,n,23.87,0.0,1.0,13.0,0.0,11378.0,28.0,0,8689.8,8689.8,2169.18,2169.18,1310.2,858.98,0.0,0.0,0.0,217.53,0.0,1.0,1,0.0,0.0,23246.0,2.0,1.0,0.0,2.0,13.0,11868.0,75.0,3.0,4.0,795.0,30.0,61300.0,0.0,1.0,2.0,8.0,1788.0,37478.0,7.2,0.0,0.0,127.0,298.0,5.0,5.0,2.0,5.0,6.0,0.0,7.0,10.0,9.0,11.0,9.0,12.0,17.0,10.0,13.0,0.0,0.0,0.0,3.0,100.0,0.0,0.0,0.0,77049.0,23246.0,40400.0,15749.0,0,0
54444,16000.0,0.2055,428.82,2,83000.0,0,1,n,38.68,0.0,0.0,23.0,0.0,63981.0,41.0,0,13956.79,13956.79,5109.31,5109.31,2043.21,3066.1,0.0,0.0,0.0,428.82,0.0,1.0,1,0.0,0.0,240501.0,1.0,3.0,1.0,2.0,6.0,47785.0,40.0,1.0,5.0,16107.0,51.0,117900.0,3.0,2.0,5.0,7.0,10457.0,51919.0,55.2,0.0,0.0,174.0,106.0,7.0,6.0,3.0,7.0,6.0,0.0,11.0,11.0,18.0,21.0,12.0,19.0,26.0,11.0,23.0,0.0,0.0,0.0,2.0,97.4,27.8,0.0,0.0,311372.0,111766.0,115900.0,68072.0,0,0
44929,40000.0,0.08810000000000001,826.66,2,186000.0,0,1,n,27.13,0.0,0.0,14.0,0.0,62491.0,39.0,0,33948.64,33948.64,9073.68,9073.68,6051.36,3022.32,0.0,0.0,0.0,826.66,0.0,1.0,1,0.0,0.0,404621.0,1.0,4.0,1.0,5.0,4.0,132747.0,94.0,2.0,3.0,35035.0,46.0,123200.0,1.0,2.0,1.0,8.0,28902.0,35709.0,44.1,0.0,0.0,157.0,150.0,10.0,4.0,6.0,10.0,10.0,0.0,5.0,5.0,7.0,10.0,18.0,9.0,15.0,5.0,14.0,0.0,0.0,0.0,3.0,100.0,42.9,0.0,0.0,504863.0,195238.0,98200.0,158463.0,0,0
20304,19200.0,0.0702,593.02,2,68000.0,0,1,n,13.34,0.0,0.0,11.0,0.0,5887.0,20.0,0,13754.89,13754.89,6508.24,6508.24,5445.11,1063.13,0.0,0.0,0.0,593.02,0.0,1.0,1,0.0,0.0,153153.0,1.0,1.0,1.0,1.0,6.0,24117.0,93.0,0.0,0.0,2303.0,50.0,34400.0,2.0,0.0,4.0,1.0,13923.0,21114.0,20.6,0.0,0.0,110.0,127.0,34.0,6.0,1.0,37.0,6.0,0.0,4.0,6.0,4.0,7.0,7.0,9.0,12.0,6.0,11.0,0.0,0.0,0.0,1.0,100.0,0.0,0.0,0.0,206479.0,30004.0,26600.0,25882.0,0,0
66224,5300.0,0.1171,175.31,1,35000.0,0,1,n,47.6,0.0,1.0,15.0,0.0,9759.0,21.0,0,0.0,0.0,5385.87,5385.87,5300.0,85.87,0.0,0.0,0.0,5389.32,0.0,1.0,0,0.0,0.0,38500.0,0.0,2.0,0.0,1.0,23.0,28741.0,46.0,4.0,4.0,2364.0,39.0,35700.0,1.0,0.0,3.0,5.0,2567.0,13589.0,36.2,0.0,0.0,76.0,82.0,9.0,9.0,0.0,12.0,4.0,0.0,6.0,8.0,7.0,7.0,8.0,13.0,13.0,8.0,15.0,0.0,0.0,0.0,4.0,100.0,14.3,0.0,0.0,97702.0,38500.0,21300.0,62002.0,0,0
63147,23400.0,0.124,525.27,1,60000.0,0,1,n,19.76,0.0,0.0,12.0,1.0,10273.0,30.0,0,19798.22,19798.22,6287.12,6287.12,3601.78,2685.34,0.0,0.0,0.0,525.27,0.0,1.0,0,0.0,0.0,80022.0,0.0,5.0,0.0,1.0,21.0,69749.0,124.0,2.0,2.0,4317.0,105.0,20300.0,1.0,0.0,1.0,3.0,6669.0,6386.0,52.7,0.0,0.0,163.0,200.0,10.0,10.0,2.0,10.0,10.0,1.0,3.0,6.0,4.0,12.0,6.0,7.0,22.0,6.0,12.0,0.0,0.0,0.0,2.0,95.8,25.0,1.0,0.0,76600.0,80022.0,13500.0,56300.0,0,0
40753,3000.0,0.2055,112.34,1,39455.0,0,1,n,23.06,0.0,0.0,6.0,0.0,15306.0,11.0,0,2268.91,2268.91,1228.89,1228.89,731.09,497.8,0.0,0.0,0.0,112.34,0.0,1.0,1,0.0,0.0,24578.0,1.0,2.0,1.0,2.0,9.0,9272.0,81.0,1.0,2.0,10164.0,86.0,17300.0,1.0,0.0,1.0,4.0,4096.0,1994.0,88.5,0.0,0.0,32.0,421.0,6.0,6.0,0.0,6.0,9.0,0.0,4.0,4.0,4.0,6.0,3.0,4.0,8.0,4.0,6.0,0.0,0.0,0.0,2.0,100.0,100.0,0.0,0.0,28700.0,24578.0,17300.0,11400.0,0,0
36318,8000.0,0.124,267.25,2,50000.0,0,1,n,33.65,0.0,1.0,8.0,1.0,7107.0,20.0,0,5861.36,5861.36,2934.24,2934.24,2138.64,795.6,0.0,0.0,0.0,267.25,0.0,1.0,1,0.0,0.0,105276.0,1.0,4.0,1.0,3.0,7.0,98169.0,71.0,1.0,2.0,3048.0,51.0,27800.0,0.0,2.0,2.0,5.0,13160.0,20693.0,25.6,0.0,0.0,152.0,137.0,2.0,2.0,0.0,2.0,2.0,0.0,4.0,4.0,4.0,7.0,11.0,4.0,9.0,4.0,8.0,0.0,0.0,0.0,2.0,100.0,0.0,1.0,0.0,139324.0,105276.0,27800.0,111524.0,0,0
48012,10000.0,0.1862,257.32,3,55000.0,0,1,n,15.51,0.0,3.0,21.0,0.0,11145.0,31.0,0,8784.8,8784.8,2809.83,2809.83,1215.2,1594.63,0.0,0.0,0.0,0.0,0.0,1.0,1,0.0,0.0,237695.0,4.0,13.0,6.0,10.0,0.0,105677.0,105.0,0.0,1.0,4405.0,86.0,35400.0,2.0,9.0,9.0,11.0,11319.0,11795.0,27.2,0.0,0.0,111.0,176.0,22.0,0.0,3.0,70.0,1.0,0.0,1.0,4.0,3.0,3.0,21.0,7.0,7.0,4.0,21.0,0.0,0.0,0.0,6.0,100.0,33.3,0.0,0.0,261051.0,116822.0,16200.0,100652.0,0,0
66026,1400.0,0.1308,47.23,2,84000.0,0,1,n,23.74,0.0,0.0,19.0,0.0,9392.0,24.0,0,0.0,0.0,1403.04,1403.04,1400.0,3.04,0.0,0.0,0.0,1404.06,0.0,1.0,1,0.0,0.0,54779.0,2.0,4.0,2.0,3.0,6.0,45387.0,74.0,2.0,10.0,5082.0,60.0,31100.0,1.0,0.0,1.0,13.0,2883.0,13163.0,37.3,0.0,0.0,135.0,159.0,5.0,5.0,0.0,5.0,9.0,0.0,6.0,8.0,9.0,10.0,6.0,15.0,18.0,8.0,19.0,0.0,0.0,0.0,4.0,100.0,11.1,0.0,0.0,92077.0,54779.0,21000.0,60977.0,0,0
58644,16000.0,0.14300000000000002,374.79,2,85000.0,1,1,n,40.15,0.0,1.0,15.0,1.0,5768.0,26.0,0,15693.06,15693.06,1863.29,1863.29,306.94,1556.35,0.0,0.0,0.0,188.0,0.0,1.0,0,0.0,109.0,263819.0,1.0,9.0,1.0,6.0,12.0,76481.0,65.0,1.0,3.0,2883.0,57.0,23500.0,4.0,10.0,4.0,11.0,17588.0,1464.0,79.1,0.0,0.0,101.0,121.0,3.0,3.0,4.0,3.0,3.0,0.0,2.0,3.0,2.0,3.0,16.0,5.0,6.0,3.0,15.0,0.0,0.0,0.0,4.0,100.0,50.0,1.0,0.0,337473.0,82249.0,7000.0,131342.0,1,0
7373,30000.0,0.1171,662.95,1,115000.0,1,1,n,15.31,0.0,0.0,12.0,0.0,11897.0,15.0,0,27936.46,27936.46,4621.13,4621.13,2063.54,2557.59,0.0,0.0,0.0,662.95,0.0,1.0,1,0.0,0.0,68949.0,0.0,2.0,2.0,2.0,7.0,57052.0,96.0,0.0,1.0,3960.0,46.0,47500.0,1.0,2.0,3.0,3.0,5746.0,34803.0,25.5,0.0,0.0,36.0,108.0,16.0,7.0,0.0,16.0,2.0,0.0,5.0,5.0,9.0,10.0,4.0,10.0,11.0,5.0,12.0,0.0,0.0,0.0,2.0,100.0,0.0,0.0,0.0,108852.0,68949.0,46700.0,61352.0,0,0
42466,25925.0,0.124,866.05,2,60000.0,1,1,n,39.58,0.0,1.0,15.0,0.0,32629.0,33.0,0,18994.55,18994.55,9508.69,9508.69,6930.45,2578.24,0.0,0.0,0.0,866.05,0.0,1.0,1,0.0,76.0,112099.0,0.0,3.0,1.0,1.0,8.0,23869.0,50.0,0.0,0.0,8311.0,42.0,87700.0,1.0,6.0,3.0,1.0,7473.0,45426.0,38.8,0.0,0.0,94.0,320.0,36.0,8.0,5.0,39.0,5.0,0.0,6.0,8.0,8.0,13.0,7.0,11.0,21.0,8.0,15.0,0.0,0.0,0.0,1.0,97.0,0.0,0.0,0.0,230599.0,56498.0,74200.0,47649.0,0,0
62561,12000.0,0.2055,321.62,2,70000.0,1,1,n,12.31,0.0,1.0,8.0,0.0,11029.0,12.0,0,10467.53,10467.53,3825.19,3825.19,1532.47,2292.72,0.0,0.0,0.0,321.62,0.0,1.0,1,0.0,0.0,127457.0,2.0,1.0,1.0,2.0,6.0,15668.0,77.0,1.0,3.0,6633.0,77.0,14500.0,1.0,1.0,2.0,6.0,15932.0,2471.0,81.7,0.0,0.0,40.0,61.0,4.0,4.0,1.0,4.0,6.0,0.0,4.0,4.0,5.0,5.0,3.0,6.0,8.0,4.0,8.0,0.0,0.0,0.0,2.0,100.0,40.0,0.0,0.0,137849.0,26697.0,13500.0,20251.0,0,0
61346,7000.0,0.0646,214.42,1,45000.0,0,1,n,8.08,0.0,0.0,7.0,0.0,12109.0,15.0,0,4612.89,4612.89,2766.76,2766.76,2387.11,379.65,0.0,0.0,0.0,214.42,0.0,1.0,1,0.0,150.0,13750.0,1.0,3.0,0.0,0.0,100.0,1641.0,37.0,1.0,1.0,5139.0,41.0,28800.0,0.0,0.0,1.0,1.0,1964.0,16691.0,42.0,0.0,0.0,116.0,91.0,4.0,4.0,0.0,4.0,11.0,0.0,3.0,3.0,4.0,7.0,7.0,4.0,8.0,3.0,7.0,0.0,0.0,0.0,1.0,100.0,50.0,0.0,0.0,33300.0,13750.0,28800.0,4500.0,0,0
39969,20000.0,0.0756,622.68,3,103000.0,1,1,n,34.82,2.0,2.0,43.0,0.0,41471.0,62.0,0,14396.9,14396.9,6841.08,6841.08,5603.1,1237.98,0.0,0.0,0.0,622.68,0.0,1.0,1,0.0,0.0,103329.0,5.0,2.0,2.0,2.0,5.0,61325.0,22.0,4.0,10.0,4815.0,31.0,129900.0,4.0,0.0,9.0,12.0,2403.0,48555.0,35.4,0.0,0.0,146.0,100.0,3.0,3.0,0.0,3.0,4.0,0.0,18.0,26.0,25.0,28.0,10.0,40.0,51.0,26.0,43.0,0.0,0.0,0.0,6.0,96.8,0.0,0.0,0.0,210149.0,103329.0,75200.0,78048.0,0,0
36458,10625.0,0.1524,254.11,1,52000.0,1,1,n,27.3,0.0,1.0,6.0,0.0,3808.0,30.0,0,9227.6,9227.6,2786.21,2786.21,1397.4,1388.81,0.0,0.0,0.0,254.11,0.0,1.0,1,0.0,0.0,33947.0,0.0,2.0,2.0,3.0,7.0,30139.0,86.0,0.0,0.0,3536.0,57.0,24900.0,1.0,0.0,2.0,3.0,5658.0,17964.0,16.4,0.0,0.0,144.0,148.0,48.0,7.0,0.0,48.0,6.0,0.0,1.0,2.0,2.0,10.0,13.0,4.0,17.0,2.0,6.0,0.0,0.0,0.0,2.0,96.7,0.0,0.0,0.0,59900.0,33947.0,21500.0,35000.0,0,0
10723,40000.0,0.0646,1225.24,2,180000.0,0,1,n,16.02,0.0,2.0,20.0,0.0,56217.0,26.0,1,29653.4,29653.4,12238.04,12238.04,10346.6,1891.44,0.0,0.0,0.0,1225.24,0.0,1.0,1,0.0,0.0,498070.0,1.0,2.0,1.0,1.0,5.0,29487.0,68.0,1.0,2.0,15785.0,69.0,122200.0,2.0,0.0,5.0,4.0,24904.0,60564.0,70.2,0.0,0.0,104.0,105.0,11.0,5.0,3.0,11.0,5.0,0.0,10.0,15.0,11.0,12.0,3.0,16.0,20.0,15.0,20.0,0.0,0.0,0.0,2.0,100.0,45.5,0.0,0.0,625742.0,85704.0,105500.0,43242.0,0,0
4267,9000.0,0.08810000000000001,285.41,1,31000.0,0,1,n,23.07,0.0,0.0,4.0,0.0,3167.0,10.0,0,6732.75,6732.75,2845.29,2845.29,2267.25,578.04,0.0,0.0,0.0,285.41,0.0,1.0,1,0.0,0.0,8012.0,0.0,2.0,0.0,1.0,13.0,4845.0,22.0,0.0,0.0,2428.0,31.0,3700.0,1.0,0.0,0.0,1.0,2003.0,72.0,97.1,0.0,0.0,57.0,264.0,27.0,13.0,3.0,29.0,13.0,0.0,1.0,2.0,1.0,2.0,2.0,2.0,5.0,2.0,4.0,0.0,0.0,0.0,0.0,100.0,100.0,0.0,0.0,25709.0,8012.0,2500.0,22009.0,0,0
28782,28000.0,0.08810000000000001,887.92,3,200000.0,0,1,n,16.71,1.0,2.0,49.0,1.0,16931.0,129.0,0,20212.43,20212.43,9739.71,9739.71,7787.57,1952.14,0.0,0.0,0.0,887.92,0.0,1.0,1,0.0,0.0,683633.0,5.0,4.0,2.0,11.0,3.0,130451.0,93.0,10.0,17.0,11819.0,43.0,95100.0,4.0,0.0,15.0,32.0,14242.0,29304.0,35.0,0.0,0.0,221.0,94.0,5.0,2.0,8.0,5.0,3.0,0.0,12.0,14.0,28.0,43.0,44.0,42.0,76.0,14.0,49.0,0.0,0.0,0.0,14.0,99.2,7.1,1.0,0.0,769204.0,147382.0,45100.0,135584.0,0,0
65922,1500.0,0.1524,52.18,2,33000.0,0,1,n,19.05,0.0,0.0,6.0,0.0,7223.0,16.0,0,0.0,0.0,1530.82,1530.82,1500.0,30.82,0.0,0.0,0.0,1532.09,0.0,1.0,1,0.0,0.0,147753.0,1.0,1.0,1.0,1.0,6.0,17476.0,96.0,0.0,2.0,5149.0,70.0,17100.0,1.0,1.0,1.0,4.0,24626.0,9077.0,44.3,0.0,0.0,156.0,152.0,16.0,6.0,1.0,16.0,6.0,0.0,2.0,2.0,3.0,6.0,5.0,4.0,10.0,2.0,6.0,0.0,0.0,0.0,1.0,87.5,0.0,0.0,0.0,160006.0,24699.0,16300.0,18207.0,0,0
50700,12000.0,0.0646,367.57,2,70000.0,1,1,n,21.96,0.0,1.0,22.0,0.0,2339.0,36.0,0,8254.76,8254.76,4406.53,4406.53,3745.24,661.29,0.0,0.0,0.0,367.57,0.0,1.0,1,0.0,0.0,226961.0,3.0,7.0,3.0,4.0,4.0,54327.0,54.0,3.0,5.0,342.0,26.0,47800.0,2.0,4.0,5.0,10.0,10316.0,31758.0,1.1,0.0,0.0,113.0,100.0,1.0,1.0,1.0,11.0,4.0,0.0,1.0,2.0,8.0,10.0,14.0,14.0,21.0,2.0,22.0,0.0,0.0,0.0,7.0,100.0,0.0,0.0,0.0,290697.0,56666.0,32100.0,71067.0,0,0
29656,25525.0,0.1308,581.82,1,80000.0,1,1,n,16.97,0.0,1.0,14.0,0.0,17849.0,32.0,0,21997.34,21997.34,6381.47,6381.47,3527.66,2853.81,0.0,0.0,0.0,581.82,0.0,1.0,1,0.0,0.0,53984.0,1.0,2.0,1.0,3.0,6.0,36135.0,96.0,0.0,6.0,4673.0,55.0,59800.0,3.0,6.0,2.0,9.0,3856.0,31877.0,33.0,0.0,0.0,121.0,144.0,15.0,6.0,0.0,19.0,6.0,0.0,4.0,6.0,6.0,8.0,16.0,12.0,16.0,6.0,14.0,0.0,0.0,0.0,1.0,100.0,16.7,0.0,0.0,97600.0,53984.0,47600.0,37800.0,0,0
75316,26000.0,0.0756,809.48,2,51750.0,1,1,n,26.72,0.0,0.0,11.0,0.0,20405.0,17.0,0,0.0,0.0,26441.76,26441.76,26000.0,441.76,0.0,0.0,0.0,25654.12,0.0,1.0,1,0.0,0.0,36181.0,0.0,3.0,1.0,2.0,12.0,15776.0,47.0,1.0,1.0,13530.0,29.0,89500.0,2.0,0.0,1.0,3.0,3289.0,66295.0,23.5,0.0,0.0,171.0,112.0,10.0,10.0,0.0,10.0,12.0,0.0,5.0,5.0,6.0,9.0,5.0,8.0,12.0,5.0,11.0,0.0,0.0,0.0,2.0,100.0,0.0,0.0,0.0,123228.0,36181.0,86700.0,33728.0,0,0
44442,25750.0,0.1308,586.95,1,105000.0,1,1,n,23.14,0.0,0.0,9.0,0.0,30081.0,16.0,0,22264.22,22264.22,6437.74,6437.74,3485.78,2951.96,0.0,0.0,0.0,586.95,0.0,1.0,1,0.0,0.0,48765.0,0.0,4.0,0.0,1.0,20.0,18684.0,39.0,0.0,0.0,14634.0,62.0,31600.0,1.0,0.0,0.0,1.0,5418.0,736.0,97.5,0.0,0.0,164.0,200.0,88.0,20.0,0.0,88.0,20.0,0.0,4.0,5.0,4.0,5.0,8.0,5.0,8.0,5.0,9.0,0.0,0.0,0.0,0.0,100.0,100.0,0.0,0.0,79200.0,48765.0,30000.0,47600.0,0,0
36959,25000.0,0.0819,509.19,2,64260.0,1,1,n,19.72,0.0,1.0,12.0,0.0,23604.0,29.0,0,21231.29,21231.29,5589.71,5589.71,3768.71,1821.0,0.0,0.0,0.0,509.19,0.0,1.0,1,0.0,0.0,171525.0,0.0,3.0,0.0,1.0,21.0,30840.0,57.0,1.0,3.0,13265.0,51.0,52500.0,1.0,0.0,2.0,4.0,14294.0,26033.0,47.5,0.0,0.0,137.0,62.0,9.0,9.0,2.0,9.0,0.0,0.0,4.0,5.0,5.0,5.0,19.0,8.0,8.0,5.0,12.0,0.0,0.0,0.0,1.0,100.0,40.0,0.0,0.0,230555.0,54444.0,49600.0,54555.0,0,0
44875,3600.0,0.1171,119.08,2,105000.0,0,1,n,18.24,0.0,3.0,23.0,1.0,10434.0,31.0,0,2630.15,2630.15,1307.54,1307.54,969.85,337.69,0.0,0.0,0.0,119.08,0.0,1.0,1,0.0,0.0,407273.0,5.0,7.0,3.0,5.0,6.0,99555.0,88.0,3.0,7.0,3078.0,66.0,54000.0,2.0,7.0,6.0,14.0,17708.0,23172.0,18.1,0.0,0.0,91.0,90.0,1.0,1.0,2.0,1.0,1.0,0.0,6.0,9.0,7.0,8.0,12.0,15.0,17.0,9.0,23.0,0.0,0.0,0.0,7.0,100.0,0.0,1.0,0.0,468047.0,109989.0,28300.0,113140.0,0,0
24012,35000.0,0.124,785.65,2,61000.0,0,1,n,14.4,0.0,0.0,5.0,0.0,105.0,22.0,0,31753.3,31753.3,7046.74,7046.74,3246.7,3800.04,0.0,0.0,0.0,785.65,0.0,1.0,0,0.0,0.0,14493.0,1.0,1.0,0.0,0.0,37.0,14388.0,50.0,3.0,4.0,0.0,33.0,14800.0,1.0,0.0,2.0,4.0,2899.0,2000.0,0.0,0.0,0.0,98.0,120.0,5.0,5.0,0.0,5.0,11.0,0.0,0.0,0.0,1.0,10.0,5.0,4.0,17.0,1.0,5.0,0.0,0.0,0.0,3.0,100.0,0.0,0.0,0.0,43775.0,14493.0,2000.0,28975.0,0,0
61950,21600.0,0.1308,492.36,1,41000.0,1,1,n,30.09,1.0,0.0,5.0,0.0,18188.0,11.0,0,18325.25,18325.25,5869.08,5869.08,3274.75,2594.33,0.0,0.0,0.0,492.36,0.0,1.0,1,0.0,0.0,28825.0,0.0,1.0,0.0,0.0,27.0,10637.0,71.0,0.0,0.0,5208.0,56.0,36200.0,0.0,0.0,1.0,0.0,5765.0,9694.0,54.3,0.0,0.0,139.0,229.0,50.0,27.0,1.0,50.0,12.0,0.0,3.0,4.0,3.0,4.0,5.0,4.0,5.0,4.0,5.0,0.0,0.0,0.0,0.0,72.7,0.0,0.0,0.0,51200.0,28825.0,21200.0,15000.0,0,0
65268,12000.0,0.1102,392.98,3,450000.0,1,1,n,7.28,0.0,1.0,17.0,0.0,169656.0,40.0,0,8429.89,8429.89,4708.41,4708.41,3570.11,1138.3,0.0,0.0,0.0,392.98,0.0,1.0,1,0.0,0.0,680787.0,1.0,1.0,1.0,2.0,5.0,10826.0,90.0,2.0,2.0,21150.0,54.0,228700.0,2.0,0.0,1.0,4.0,40046.0,50218.0,58.3,0.0,0.0,92.0,381.0,8.0,5.0,2.0,57.0,1.0,0.0,9.0,10.0,10.0,18.0,10.0,14.0,27.0,10.0,17.0,0.0,0.0,0.0,3.0,94.9,60.0,0.0,0.0,912072.0,192637.0,120400.0,12000.0,0,0
62957,36800.0,0.0756,1145.73,2,64000.0,0,1,n,34.16,0.0,0.0,12.0,0.0,33337.0,16.0,0,25445.23,25445.23,13733.3,13733.3,11354.77,2378.53,0.0,0.0,0.0,1145.73,0.0,1.0,1,0.0,0.0,46623.0,0.0,1.0,0.0,0.0,25.0,13286.0,38.0,0.0,2.0,14724.0,38.0,89100.0,0.0,0.0,0.0,2.0,3885.0,55763.0,37.4,0.0,0.0,45.0,182.0,15.0,15.0,2.0,15.0,15.0,0.0,7.0,7.0,11.0,12.0,2.0,11.0,12.0,7.0,12.0,0.0,0.0,0.0,0.0,100.0,9.1,0.0,0.0,124100.0,46623.0,89100.0,35000.0,0,0
17231,15000.0,0.0819,305.52,1,86000.0,1,1,n,16.84,1.0,0.0,18.0,0.0,21474.0,28.0,1,12941.29,12941.29,3041.55,3041.55,2058.71,982.84,0.0,0.0,0.0,305.52,0.0,1.0,1,0.0,0.0,24062.0,0.0,1.0,0.0,1.0,22.0,2588.0,10.0,1.0,2.0,3498.0,20.0,95500.0,0.0,5.0,2.0,3.0,1337.0,23735.0,19.5,0.0,0.0,85.0,139.0,7.0,7.0,3.0,7.0,7.0,0.0,6.0,14.0,7.0,10.0,4.0,17.0,21.0,14.0,18.0,0.0,0.0,0.0,1.0,96.4,0.0,0.0,0.0,121500.0,24062.0,29500.0,26000.0,0,0
65630,17000.0,0.0819,346.25,2,130000.0,0,1,n,7.18,0.0,0.0,7.0,0.0,20465.0,23.0,0,14131.19,14131.19,4147.26,4147.26,2868.8,1278.45,0.0,0.0,0.0,346.25,0.0,1.0,1,0.0,0.0,384472.0,1.0,2.0,0.0,0.0,81.0,20514.0,58.0,0.0,0.0,11030.0,66.0,26700.0,0.0,5.0,1.0,2.0,54925.0,70.0,99.4,0.0,0.0,180.0,200.0,27.0,3.0,3.0,115.0,4.0,0.0,1.0,3.0,1.0,5.0,11.0,4.0,9.0,3.0,7.0,0.0,0.0,0.0,1.0,100.0,100.0,0.0,0.0,406406.0,40979.0,11100.0,35706.0,0,0
41395,25525.0,0.2055,955.77,2,83000.0,1,1,n,22.83,1.0,0.0,10.0,0.0,16020.0,15.0,0,19305.31,19305.31,10455.19,10455.19,6219.69,4235.5,0.0,0.0,0.0,955.77,0.0,1.0,1,0.0,0.0,212719.0,1.0,2.0,1.0,1.0,7.0,30277.0,67.0,1.0,1.0,5103.0,69.0,22100.0,1.0,0.0,1.0,2.0,21272.0,6080.0,72.5,0.0,0.0,143.0,96.0,3.0,3.0,2.0,3.0,7.0,0.0,6.0,6.0,7.0,8.0,4.0,7.0,9.0,6.0,10.0,0.0,0.0,0.0,2.0,80.0,57.1,0.0,0.0,250793.0,46297.0,22100.0,45530.0,0,0
13921,40000.0,0.0646,1225.24,1,120000.0,0,1,n,21.63,0.0,1.0,10.0,0.0,34084.0,21.0,0,29652.74,29652.74,12238.04,12238.04,10347.26,1890.78,0.0,0.0,0.0,1225.24,0.0,1.0,1,0.0,0.0,54415.0,1.0,3.0,0.0,1.0,16.0,19081.0,35.0,1.0,1.0,17471.0,55.0,41900.0,1.0,0.0,1.0,2.0,6046.0,7816.0,81.3,0.0,0.0,150.0,375.0,4.0,4.0,0.0,4.0,4.0,0.0,4.0,4.0,6.0,8.0,9.0,6.0,11.0,4.0,10.0,0.0,0.0,0.0,1.0,100.0,40.0,0.0,0.0,99655.0,54415.0,41900.0,54884.0,0,0
29405,35000.0,0.1308,797.8,2,130000.0,1,1,n,13.67,0.0,0.0,12.0,0.0,37919.0,22.0,0,30162.79,30162.79,8724.93,8724.93,4837.21,3887.72,0.0,0.0,0.0,797.8,0.0,1.0,1,0.0,0.0,53952.0,0.0,3.0,0.0,1.0,19.0,16033.0,53.0,0.0,0.0,7120.0,56.0,65900.0,1.0,1.0,0.0,1.0,4496.0,25756.0,57.7,0.0,0.0,161.0,102.0,35.0,19.0,5.0,35.0,19.0,0.0,7.0,8.0,8.0,9.0,4.0,9.0,13.0,8.0,12.0,0.0,0.0,0.0,0.0,100.0,50.0,0.0,0.0,96399.0,53952.0,60900.0,30499.0,0,0
54630,5100.0,0.1862,185.97,3,64000.0,0,1,n,13.43,0.0,1.0,7.0,0.0,1979.0,12.0,0,3702.71,3702.71,2221.09,2221.09,1397.29,823.8,0.0,0.0,0.0,185.97,0.0,1.0,1,0.0,0.0,18727.0,1.0,2.0,1.0,3.0,5.0,16748.0,82.0,0.0,2.0,1097.0,68.0,7100.0,3.0,0.0,1.0,5.0,2675.0,1308.0,56.4,0.0,0.0,70.0,261.0,13.0,5.0,0.0,13.0,5.0,0.0,2.0,3.0,2.0,2.0,6.0,5.0,6.0,3.0,7.0,0.0,0.0,0.0,1.0,100.0,0.0,0.0,0.0,27610.0,18727.0,3000.0,20510.0,0,0
39269,24000.0,0.2565,962.51,2,120000.0,1,1,n,15.96,0.0,1.0,14.0,0.0,32405.0,16.0,0,0.0,0.0,27610.4,27610.4,24000.0,3610.4,0.0,0.0,0.0,21869.54,0.0,1.0,1,0.0,0.0,182027.0,1.0,3.0,1.0,1.0,5.0,18223.0,83.0,5.0,5.0,8399.0,73.0,47100.0,1.0,0.0,5.0,7.0,13002.0,7102.0,74.9,0.0,0.0,78.0,122.0,7.0,5.0,1.0,11.0,5.0,0.0,4.0,8.0,5.0,5.0,5.0,10.0,10.0,8.0,14.0,0.0,0.0,0.0,7.0,100.0,60.0,0.0,0.0,202100.0,50628.0,28300.0,22000.0,0,0
23480,10000.0,0.0756,311.34,2,86000.0,1,1,n,18.83,0.0,0.0,15.0,0.0,9174.0,22.0,0,7180.56,7180.56,3420.54,3420.54,2819.44,601.1,0.0,0.0,0.0,311.34,0.0,1.0,1,0.0,0.0,256382.0,3.0,6.0,2.0,6.0,4.0,65417.0,82.0,3.0,3.0,4820.0,32.0,61200.0,1.0,5.0,1.0,9.0,17092.0,28178.0,23.8,0.0,0.0,146.0,210.0,4.0,4.0,2.0,4.0,7.0,0.0,5.0,6.0,6.0,7.0,11.0,8.0,9.0,6.0,15.0,0.0,0.0,0.0,5.0,95.2,0.0,0.0,0.0,324765.0,74591.0,37000.0,73565.0,0,0
48907,25000.0,0.124,561.18,2,30000.0,0,1,n,29.28,0.0,0.0,6.0,0.0,23779.0,10.0,0,21490.91,21490.91,6138.54,6138.54,3509.09,2629.45,0.0,0.0,0.0,0.0,0.0,1.0,0,0.0,0.0,77055.0,0.0,1.0,0.0,1.0,16.0,9052.0,82.0,0.0,0.0,12987.0,84.0,28000.0,1.0,0.0,0.0,1.0,12843.0,50.0,99.8,0.0,0.0,162.0,190.0,49.0,16.0,2.0,182.0,16.0,0.0,2.0,3.0,2.0,2.0,3.0,4.0,5.0,3.0,6.0,0.0,0.0,0.0,0.0,100.0,100.0,0.0,0.0,128600.0,32831.0,23000.0,11000.0,0,0
17094,15950.0,0.14300000000000002,547.47,1,75000.0,1,1,n,22.59,0.0,0.0,10.0,1.0,13103.0,18.0,1,12262.97,12262.97,5462.03,5462.03,3687.03,1775.0,0.0,0.0,0.0,547.47,0.0,1.0,1,0.0,0.0,35358.0,1.0,3.0,1.0,1.0,11.0,22255.0,63.0,2.0,3.0,5050.0,63.0,20700.0,1.0,2.0,1.0,4.0,3536.0,2093.0,83.5,0.0,0.0,193.0,162.0,1.0,1.0,0.0,8.0,11.0,0.0,4.0,6.0,4.0,4.0,6.0,7.0,12.0,6.0,10.0,0.0,0.0,0.0,3.0,94.4,75.0,1.0,0.0,56096.0,35358.0,12700.0,35396.0,0,0
31,10500.0,0.0646,321.63,1,48600.0,1,1,n,20.27,0.0,0.0,8.0,0.0,6662.0,21.0,0,7434.32,7434.32,3534.16,3534.16,3065.68,468.48,0.0,0.0,0.0,321.63,0.0,1.0,1,0.0,0.0,12108.0,0.0,2.0,0.0,1.0,22.0,5446.0,29.0,0.0,1.0,3031.0,41.0,10600.0,0.0,0.0,0.0,2.0,1730.0,1175.0,82.5,0.0,0.0,65.0,348.0,16.0,16.0,0.0,16.0,22.0,0.0,2.0,3.0,3.0,3.0,4.0,6.0,17.0,3.0,8.0,0.0,0.0,0.0,0.0,84.2,66.7,0.0,0.0,29501.0,12108.0,6700.0,18901.0,0,0
5994,30000.0,0.2055,1123.34,1,165000.0,0,1,n,24.63,0.0,1.0,23.0,0.0,58606.0,31.0,0,0.0,0.0,34473.68,34473.68,30000.0,4473.68,0.0,0.0,0.0,25521.21,0.0,1.0,1,0.0,150.0,98937.0,1.0,3.0,1.0,2.0,11.0,40331.0,55.0,2.0,6.0,29865.0,48.0,132600.0,1.0,0.0,4.0,8.0,4302.0,52080.0,52.9,0.0,0.0,72.0,160.0,6.0,6.0,0.0,6.0,5.0,0.0,10.0,11.0,16.0,21.0,5.0,20.0,26.0,11.0,23.0,0.0,0.0,0.0,3.0,100.0,18.8,0.0,0.0,205976.0,98937.0,110600.0,73376.0,0,0
66124,7425.0,0.1171,245.59,2,162800.0,0,1,n,29.68,0.0,0.0,21.0,0.0,66009.0,40.0,0,5199.92,5199.92,2942.25,2942.25,2225.08,717.17,0.0,0.0,0.0,245.59,0.0,1.0,1,0.0,0.0,213770.0,0.0,3.0,1.0,1.0,9.0,70625.0,68.0,1.0,1.0,10545.0,78.0,82300.0,0.0,4.0,1.0,2.0,10180.0,1013.0,98.0,0.0,0.0,161.0,449.0,12.0,9.0,2.0,54.0,12.0,0.0,10.0,14.0,10.0,11.0,14.0,17.0,24.0,14.0,21.0,0.0,0.0,0.0,2.0,100.0,100.0,0.0,0.0,293509.0,136634.0,50100.0,107064.0,0,0
73799,35000.0,0.1524,837.07,1,97000.0,1,1,n,33.9,1.0,1.0,11.0,0.0,39637.0,28.0,0,30396.8,30396.8,9178.14,9178.14,4603.2,4574.94,0.0,0.0,0.0,0.0,0.0,1.0,1,0.0,0.0,155725.0,0.0,4.0,0.0,1.0,18.0,116088.0,149.0,2.0,3.0,17037.0,72.0,65300.0,1.0,7.0,2.0,4.0,14157.0,9661.0,76.9,0.0,0.0,133.0,152.0,9.0,9.0,1.0,9.0,2.0,0.0,3.0,6.0,3.0,4.0,15.0,7.0,12.0,6.0,11.0,0.0,0.0,0.0,2.0,96.4,33.3,0.0,0.0,211051.0,155725.0,41900.0,145751.0,1,0
8099,15000.0,0.17739999999999995,378.79,2,51000.0,0,1,n,22.0,1.0,1.0,4.0,0.0,0.0,30.0,0,13337.77,13337.77,3758.33,3758.33,1662.23,2096.1,0.0,0.0,0.0,378.79,0.0,1.0,0,0.0,125.0,238451.0,1.0,2.0,0.0,3.0,19.0,34472.0,82.0,0.0,0.0,0.0,69.0,8000.0,3.0,0.0,2.0,5.0,59613.0,8000.0,0.0,0.0,0.0,144.0,122.0,27.0,5.0,6.0,38.0,1.0,0.0,0.0,0.0,1.0,7.0,16.0,1.0,8.0,0.0,4.0,0.0,0.0,0.0,1.0,93.3,0.0,0.0,0.0,254482.0,34472.0,8000.0,41938.0,0,0
72210,19125.0,0.124,429.31,2,45000.0,0,1,n,60.97,0.0,0.0,16.0,0.0,20181.0,29.0,0,16232.83,16232.83,5138.54,5138.54,2892.17,2246.37,0.0,0.0,0.0,429.31,0.0,1.0,0,0.0,0.0,345106.0,1.0,4.0,0.0,2.0,19.0,47786.0,68.0,0.0,2.0,6385.0,60.0,46000.0,1.0,9.0,5.0,6.0,21569.0,20768.0,43.3,0.0,0.0,155.0,302.0,13.0,6.0,3.0,13.0,1.0,0.0,7.0,9.0,7.0,8.0,14.0,9.0,11.0,9.0,16.0,0.0,0.0,0.0,1.0,93.1,28.6,0.0,0.0,403083.0,71363.0,36600.0,70253.0,0,0
40679,24000.0,0.28800000000000003,1003.13,3,108000.0,1,1,n,28.67,1.0,0.0,9.0,0.0,4511.0,45.0,0,20051.87,20051.87,10002.07,10002.07,3948.13,6053.94,0.0,0.0,0.0,1003.13,0.0,1.0,1,0.0,447.0,147034.0,0.0,5.0,0.0,6.0,14.0,142523.0,74.0,0.0,1.0,2045.0,71.0,8600.0,1.0,0.0,4.0,7.0,16337.0,3895.0,50.1,0.0,0.0,145.0,108.0,19.0,14.0,0.0,19.0,4.0,0.0,2.0,3.0,3.0,4.0,38.0,4.0,7.0,3.0,9.0,0.0,0.0,0.0,0.0,95.5,66.7,0.0,0.0,162003.0,147034.0,7800.0,153403.0,0,0
60470,14000.0,0.2305,542.31,1,45000.0,1,1,n,18.83,0.0,0.0,7.0,0.0,8469.0,8.0,0,11602.45,11602.45,5378.28,5378.28,2397.55,2980.73,0.0,0.0,0.0,542.31,0.0,1.0,1,0.0,0.0,25705.0,2.0,1.0,1.0,1.0,4.0,17236.0,98.0,1.0,3.0,4050.0,84.0,12900.0,1.0,0.0,1.0,4.0,3672.0,1950.0,67.5,0.0,0.0,4.0,103.0,6.0,4.0,0.0,103.0,5.0,1.0,1.0,6.0,1.0,1.0,1.0,6.0,7.0,6.0,7.0,0.0,0.0,0.0,2.0,87.5,0.0,0.0,0.0,30544.0,25705.0,6000.0,17644.0,0,0
15626,35000.0,0.1033,1134.79,2,80000.0,0,1,n,30.5,0.0,1.0,32.0,0.0,37683.0,63.0,0,26334.62,26334.62,11307.73,11307.73,8665.38,2642.35,0.0,0.0,0.0,1134.79,0.0,1.0,1,0.0,0.0,349429.0,2.0,2.0,0.0,1.0,24.0,56743.0,31.0,2.0,4.0,10811.0,18.0,253800.0,2.0,0.0,3.0,6.0,11272.0,163337.0,18.8,0.0,0.0,189.0,220.0,3.0,3.0,4.0,3.0,3.0,0.0,8.0,10.0,15.0,24.0,10.0,29.0,49.0,10.0,32.0,0.0,0.0,0.0,3.0,100.0,13.3,0.0,0.0,655321.0,94426.0,192500.0,102521.0,0,0
4157,8000.0,0.0819,162.94,1,190000.0,1,1,n,1.6,0.0,1.0,12.0,0.0,7299.0,16.0,0,4873.16,4873.16,3536.95,3536.95,3126.84,410.11,0.0,0.0,0.0,162.94,0.0,1.0,1,0.0,0.0,75227.0,1.0,9.0,0.0,0.0,185.0,67928.0,100.0,1.0,1.0,7245.0,95.0,11600.0,0.0,0.0,1.0,1.0,6269.0,4301.0,62.9,0.0,0.0,234.0,112.0,3.0,3.0,0.0,3.0,3.0,2.0,2.0,2.0,3.0,5.0,11.0,3.0,5.0,2.0,12.0,0.0,0.0,0.0,1.0,80.0,0.0,0.0,0.0,79365.0,75227.0,11600.0,67765.0,0,0
10141,10000.0,0.1171,330.76,2,65000.0,0,1,n,18.11,0.0,0.0,7.0,0.0,10074.0,29.0,0,0.0,0.0,10787.9,10787.9,10000.0,787.9,0.0,0.0,0.0,8479.09,0.0,1.0,1,0.0,0.0,205931.0,0.0,2.0,1.0,2.0,11.0,31942.0,80.0,1.0,1.0,5318.0,79.0,13100.0,1.0,0.0,1.0,3.0,29419.0,1591.0,86.0,0.0,0.0,136.0,228.0,10.0,10.0,3.0,10.0,11.0,0.0,2.0,3.0,2.0,8.0,6.0,4.0,20.0,3.0,7.0,0.0,0.0,0.0,2.0,96.6,100.0,0.0,0.0,248401.0,42016.0,11400.0,39801.0,0,0
60375,8500.0,0.1171,281.15,1,35000.0,0,1,n,21.71,0.0,0.0,6.0,0.0,7993.0,8.0,0,5989.66,5989.66,3359.98,3359.98,2510.34,849.64,0.0,0.0,0.0,281.15,0.0,1.0,1,0.0,0.0,10094.0,0.0,2.0,1.0,1.0,11.0,2101.0,18.0,0.0,2.0,3781.0,36.0,16200.0,1.0,2.0,3.0,3.0,1682.0,6474.0,52.4,0.0,0.0,25.0,40.0,21.0,11.0,0.0,21.0,7.0,0.0,2.0,3.0,3.0,3.0,3.0,4.0,5.0,3.0,6.0,0.0,0.0,0.0,1.0,100.0,0.0,0.0,0.0,27700.0,10094.0,13600.0,11500.0,0,0
26949,7500.0,0.2055,201.01,2,43000.0,1,1,n,13.45,0.0,0.0,12.0,0.0,6522.0,18.0,0,6629.71,6629.71,2193.99,2193.99,870.29,1323.7,0.0,0.0,0.0,201.01,0.0,1.0,1,0.0,291.0,84713.0,4.0,2.0,1.0,2.0,4.0,4024.0,64.0,6.0,7.0,1461.0,30.0,29300.0,0.0,3.0,8.0,10.0,7059.0,15523.0,13.8,0.0,0.0,139.0,46.0,3.0,3.0,1.0,3.0,4.0,0.0,2.0,5.0,3.0,4.0,6.0,9.0,11.0,5.0,12.0,0.0,0.0,0.0,8.0,94.4,0.0,0.0,0.0,110180.0,10546.0,18000.0,6330.0,0,0
6495,31900.0,0.1102,1044.67,1,130000.0,0,1,n,16.82,0.0,0.0,23.0,0.0,31310.0,33.0,0,24064.4,24064.4,10427.17,10427.17,7835.6,2591.57,0.0,0.0,0.0,1044.67,0.0,1.0,1,0.0,0.0,102558.0,0.0,13.0,1.0,4.0,9.0,71248.0,88.0,0.0,0.0,14745.0,74.0,55100.0,2.0,1.0,4.0,4.0,4459.0,15785.0,65.2,0.0,0.0,179.0,173.0,29.0,9.0,0.0,30.0,1.0,0.0,4.0,6.0,6.0,9.0,16.0,10.0,17.0,6.0,23.0,0.0,0.0,0.0,1.0,100.0,50.0,0.0,0.0,163380.0,102558.0,45300.0,108280.0,0,0
40233,2200.0,0.2305,85.22,2,65000.0,1,1,n,31.28,0.0,5.0,11.0,0.0,16257.0,18.0,0,0.0,0.0,2439.5,2439.5,2200.0,239.5,0.0,0.0,0.0,2274.69,0.0,1.0,1,0.0,0.0,265017.0,3.0,4.0,3.0,4.0,4.0,66411.0,95.0,2.0,2.0,4330.0,91.0,20700.0,7.0,1.0,9.0,6.0,24092.0,2298.0,83.7,0.0,0.0,152.0,56.0,4.0,4.0,1.0,4.0,2.0,2.0,4.0,6.0,4.0,4.0,9.0,6.0,7.0,6.0,11.0,0.0,0.0,0.0,5.0,87.5,75.0,0.0,0.0,283395.0,82668.0,14100.0,69845.0,0,0
28217,5300.0,0.0819,166.55,1,50000.0,0,1,n,18.77,0.0,2.0,12.0,0.0,6206.0,26.0,0,3796.53,3796.53,1827.23,1827.23,1503.47,323.76,0.0,0.0,0.0,166.55,0.0,1.0,1,0.0,0.0,101987.0,3.0,2.0,3.0,6.0,6.0,92409.0,87.0,2.0,6.0,4328.0,26.0,43400.0,1.0,0.0,2.0,13.0,8499.0,30665.0,15.8,0.0,0.0,124.0,39.0,2.0,2.0,0.0,4.0,4.0,0.0,3.0,4.0,7.0,7.0,16.0,9.0,9.0,4.0,12.0,0.0,0.0,0.0,5.0,100.0,0.0,0.0,0.0,166494.0,101987.0,36400.0,93528.0,0,0
41915,3000.0,0.1033,97.27,1,33000.0,0,1,n,19.42,0.0,1.0,4.0,0.0,3035.0,7.0,0,2183.28,2183.28,1066.53,1066.53,816.72,249.81,0.0,0.0,0.0,97.27,0.0,1.0,0,0.0,0.0,22476.0,0.0,1.0,0.0,1.0,13.0,19441.0,90.0,0.0,1.0,1787.0,66.0,12500.0,0.0,0.0,1.0,2.0,5619.0,513.0,77.7,0.0,0.0,26.0,47.0,17.0,13.0,0.0,36.0,1.0,0.0,1.0,3.0,1.0,2.0,2.0,3.0,5.0,3.0,4.0,0.0,0.0,0.0,0.0,100.0,100.0,0.0,0.0,34139.0,22476.0,2300.0,21639.0,0,0
77258,38275.0,0.1033,1240.97,2,102000.0,1,1,n,24.84,0.0,0.0,28.0,0.0,23141.0,69.0,0,26985.19,26985.19,14847.71,14847.71,11289.81,3557.9,0.0,0.0,0.0,1240.97,0.0,1.0,1,0.0,0.0,243946.0,0.0,21.0,0.0,1.0,23.0,131365.0,82.0,0.0,1.0,9732.0,79.0,36200.0,0.0,1.0,2.0,2.0,8712.0,9859.0,70.1,0.0,0.0,171.0,170.0,22.0,22.0,3.0,28.0,5.0,0.0,4.0,4.0,4.0,7.0,50.0,6.0,15.0,4.0,28.0,0.0,0.0,0.0,0.0,100.0,50.0,0.0,0.0,299939.0,154506.0,33000.0,159675.0,0,0
31594,20000.0,0.14300000000000002,468.49,2,72000.0,1,1,n,36.7,0.0,0.0,9.0,0.0,13424.0,27.0,0,17311.9,17311.9,5137.5,5137.5,2688.1,2449.4,0.0,0.0,0.0,468.49,0.0,1.0,1,0.0,0.0,123046.0,0.0,4.0,1.0,2.0,9.0,109622.0,98.0,0.0,0.0,9154.0,74.0,32300.0,2.0,3.0,3.0,2.0,13672.0,12899.0,49.0,0.0,0.0,161.0,214.0,33.0,9.0,0.0,46.0,9.0,1.0,3.0,4.0,4.0,6.0,15.0,5.0,12.0,4.0,9.0,0.0,0.0,0.0,1.0,96.3,25.0,0.0,0.0,168047.0,123046.0,25300.0,135747.0,0,0
63533,8400.0,0.0756,261.53,2,58000.0,0,1,n,17.77,0.0,0.0,10.0,0.0,5628.0,29.0,0,0.0,0.0,8617.69,8617.69,8400.0,217.69,0.0,0.0,0.0,7836.63,0.0,1.0,1,0.0,0.0,171050.0,1.0,2.0,1.0,3.0,3.0,26983.0,88.0,0.0,0.0,2615.0,47.0,38700.0,3.0,0.0,2.0,4.0,17105.0,16364.0,13.9,0.0,0.0,162.0,435.0,27.0,3.0,4.0,27.0,3.0,0.0,2.0,5.0,2.0,4.0,10.0,7.0,15.0,5.0,10.0,0.0,0.0,0.0,1.0,100.0,0.0,0.0,0.0,213529.0,32611.0,19000.0,30829.0,0,0
36248,11000.0,0.0819,345.67,1,81000.0,1,1,n,15.61,0.0,2.0,6.0,0.0,19199.0,6.0,0,7919.77,7919.77,3797.37,3797.37,3080.23,717.14,0.0,0.0,0.0,345.67,0.0,1.0,1,0.0,0.0,31163.0,0.0,1.0,1.0,1.0,12.0,11964.0,75.0,0.0,2.0,8525.0,50.0,46800.0,0.0,0.0,3.0,3.0,5194.0,25601.0,42.9,0.0,0.0,12.0,49.0,13.0,12.0,0.0,13.0,1.0,0.0,4.0,4.0,4.0,4.0,1.0,5.0,5.0,4.0,6.0,0.0,0.0,0.0,1.0,100.0,50.0,0.0,0.0,62800.0,31163.0,44800.0,16000.0,0,0
43228,7000.0,0.08810000000000001,221.98,3,145000.0,0,1,n,11.5,0.0,1.0,9.0,0.0,32274.0,14.0,0,5053.1,5053.1,2438.35,2438.35,1946.9,491.45,0.0,0.0,0.0,221.98,0.0,1.0,1,0.0,0.0,33249.0,0.0,1.0,0.0,0.0,35.0,975.0,7.0,2.0,2.0,17202.0,65.0,36100.0,0.0,2.0,3.0,2.0,3694.0,3093.0,88.5,0.0,0.0,46.0,290.0,11.0,11.0,1.0,11.0,0.0,0.0,5.0,8.0,5.0,6.0,2.0,8.0,11.0,8.0,9.0,0.0,0.0,0.0,2.0,100.0,80.0,0.0,0.0,51100.0,33249.0,26900.0,15000.0,0,0
50648,40000.0,0.0646,1225.24,3,100000.0,0,1,n,19.4,0.0,1.0,26.0,0.0,41961.0,49.0,0,0.0,0.0,41868.73,41868.73,40000.0,1868.73,0.0,0.0,0.0,32081.17,0.0,1.0,1,0.0,0.0,56668.0,3.0,2.0,2.0,2.0,2.0,14707.0,98.0,3.0,6.0,7951.0,26.0,201900.0,0.0,1.0,3.0,8.0,2180.0,140135.0,21.3,0.0,0.0,161.0,384.0,5.0,2.0,1.0,5.0,5.0,0.0,15.0,20.0,17.0,27.0,4.0,24.0,44.0,20.0,26.0,0.0,0.0,0.0,5.0,100.0,0.0,0.0,0.0,216881.0,56668.0,178000.0,14981.0,0,0
46575,40000.0,0.0646,1225.24,2,275000.0,0,1,n,6.96,1.0,1.0,12.0,0.0,48033.0,44.0,0,28585.76,28585.76,13448.93,13448.93,11414.24,2034.69,0.0,0.0,0.0,0.0,0.0,1.0,1,0.0,0.0,702097.0,3.0,2.0,0.0,0.0,25.0,9631.0,39.0,4.0,7.0,37466.0,19.0,128000.0,2.0,1.0,4.0,8.0,63827.0,79967.0,13.2,0.0,0.0,158.0,298.0,1.0,1.0,6.0,1.0,1.0,0.0,3.0,3.0,8.0,15.0,11.0,8.0,25.0,3.0,12.0,0.0,0.0,0.0,5.0,97.7,12.5,0.0,0.0,805538.0,57664.0,128000.0,24538.0,0,0
74223,10000.0,0.1612,243.82,2,80000.0,1,1,n,10.16,1.0,0.0,6.0,0.0,8157.0,13.0,0,8584.6,8584.6,2916.88,2916.88,1415.4,1501.48,0.0,0.0,0.0,243.82,0.0,1.0,1,0.0,0.0,574081.0,3.0,2.0,0.0,0.0,26.0,116657.0,34.0,2.0,2.0,3148.0,76.0,9300.0,0.0,0.0,3.0,3.0,95680.0,502.0,91.8,0.0,0.0,157.0,31.0,5.0,5.0,2.0,5.0,7.0,2.0,2.0,3.0,2.0,2.0,8.0,3.0,3.0,3.0,6.0,0.0,0.0,0.0,3.0,83.3,100.0,0.0,0.0,530784.0,124814.0,6100.0,69684.0,0,0
35274,17000.0,0.1612,414.5,1,80000.0,0,1,n,21.83,0.0,4.0,28.0,0.0,11212.0,38.0,0,15711.22,15711.22,3692.44,3692.44,1288.78,2403.66,0.0,0.0,0.0,414.5,1.0,1.0,1,0.0,178.0,80611.0,6.0,11.0,1.0,3.0,5.0,69399.0,95.0,6.0,9.0,5297.0,52.0,81200.0,2.0,0.0,4.0,12.0,2879.0,57482.0,13.4,0.0,0.0,136.0,419.0,2.0,2.0,0.0,3.0,3.0,0.0,6.0,9.0,13.0,17.0,14.0,17.0,24.0,9.0,28.0,0.0,0.0,0.0,7.0,100.0,7.7,0.0,0.0,154182.0,80611.0,66400.0,72982.0,0,0
48930,8000.0,0.0646,245.05,3,28000.0,1,1,n,16.93,0.0,0.0,5.0,0.0,1637.0,15.0,0,0.0,0.0,8267.52,8267.52,8000.0,267.52,0.0,0.0,0.0,7048.01,0.0,1.0,1,0.0,0.0,9924.0,0.0,2.0,1.0,2.0,12.0,8287.0,67.0,1.0,1.0,1065.0,37.0,14800.0,1.0,0.0,1.0,3.0,1985.0,13163.0,11.1,0.0,0.0,143.0,150.0,11.0,11.0,0.0,11.0,12.0,0.0,2.0,2.0,3.0,8.0,6.0,3.0,9.0,2.0,5.0,0.0,0.0,0.0,2.0,100.0,0.0,0.0,0.0,27216.0,9924.0,14800.0,12416.0,0,0
21903,22250.0,0.0756,692.73,2,325000.0,0,1,n,10.68,0.0,0.0,10.0,0.0,147371.0,18.0,0,15976.77,15976.77,7601.34,7601.34,6273.23,1328.11,0.0,0.0,0.0,692.73,0.0,1.0,1,0.0,0.0,878579.0,1.0,2.0,0.0,1.0,21.0,10271.0,14.0,3.0,3.0,25273.0,51.0,184400.0,1.0,0.0,2.0,5.0,97620.0,8583.0,80.4,0.0,0.0,141.0,230.0,6.0,6.0,1.0,30.0,9.0,0.0,2.0,4.0,4.0,6.0,8.0,7.0,9.0,4.0,10.0,0.0,0.0,0.0,4.0,100.0,33.3,0.0,0.0,981384.0,157642.0,43900.0,70634.0,0,0
33175,18000.0,0.17739999999999995,648.4,1,53000.0,0,1,n,22.55,0.0,2.0,11.0,0.0,7367.0,12.0,0,13469.66,13469.66,7114.66,7114.66,4530.34,2584.32,0.0,0.0,0.0,648.4,0.0,1.0,1,0.0,0.0,222956.0,0.0,3.0,0.0,2.0,15.0,22587.0,76.0,0.0,4.0,973.0,78.0,8900.0,1.0,0.0,5.0,7.0,20269.0,877.0,74.9,0.0,0.0,84.0,38.0,14.0,7.0,1.0,14.0,1.0,1.0,4.0,7.0,4.0,4.0,4.0,7.0,7.0,7.0,11.0,0.0,0.0,0.0,1.0,91.7,50.0,0.0,0.0,233060.0,29954.0,3500.0,29564.0,0,0
72602,10000.0,0.14300000000000002,234.25,2,588000.0,1,1,n,2.63,0.0,0.0,9.0,0.0,25934.0,21.0,0,9252.67,9252.67,2125.31,2125.31,747.33,1377.98,0.0,0.0,0.0,234.25,0.0,1.0,1,0.0,0.0,98582.0,0.0,3.0,0.0,1.0,18.0,12270.0,44.0,0.0,0.0,9866.0,70.0,26700.0,1.0,6.0,0.0,1.0,10954.0,615.0,97.2,0.0,0.0,63.0,101.0,31.0,18.0,1.0,31.0,17.0,0.0,4.0,5.0,4.0,6.0,8.0,5.0,12.0,5.0,9.0,0.0,0.0,0.0,0.0,100.0,100.0,0.0,0.0,120983.0,38204.0,21700.0,27683.0,0,0
50247,25000.0,0.124,561.18,2,65000.0,1,1,n,32.99,0.0,0.0,12.0,0.0,19417.0,27.0,0,21152.02,21152.02,6716.94,6716.94,3847.98,2868.96,0.0,0.0,0.0,561.18,0.0,1.0,1,0.0,0.0,83437.0,0.0,2.0,0.0,1.0,19.0,64020.0,53.0,0.0,0.0,8328.0,41.0,51200.0,1.0,2.0,0.0,1.0,6953.0,14338.0,41.2,0.0,0.0,134.0,204.0,30.0,19.0,1.0,30.0,16.0,0.0,3.0,7.0,4.0,8.0,7.0,10.0,19.0,7.0,12.0,0.0,0.0,0.0,0.0,92.6,0.0,0.0,0.0,134337.0,83437.0,24400.0,83137.0,0,0
44782,5300.0,0.1102,173.57,1,98000.0,1,1,n,18.69,0.0,2.0,13.0,0.0,7485.0,15.0,0,3861.27,3861.27,1906.03,1906.03,1438.73,467.3,0.0,0.0,0.0,173.57,0.0,1.0,1,0.0,0.0,73989.0,2.0,7.0,2.0,3.0,4.0,66504.0,58.0,2.0,3.0,5913.0,49.0,23800.0,2.0,1.0,3.0,6.0,5691.0,12815.0,36.9,0.0,0.0,124.0,101.0,6.0,4.0,0.0,6.0,2.0,1.0,4.0,4.0,4.0,4.0,8.0,6.0,7.0,4.0,13.0,0.0,0.0,0.0,4.0,93.3,25.0,0.0,0.0,113659.0,73989.0,20300.0,89859.0,0,0
20488,11000.0,0.28800000000000003,347.83,1,80000.0,1,1,n,25.88,0.0,0.0,5.0,0.0,3835.0,18.0,0,9973.37,9973.37,3799.61,3799.61,1026.63,2772.98,0.0,0.0,0.0,350.0,0.0,1.0,1,0.0,0.0,55023.0,0.0,4.0,1.0,2.0,7.0,51188.0,80.0,0.0,0.0,3835.0,81.0,4100.0,1.0,1.0,4.0,2.0,11005.0,265.0,93.5,0.0,0.0,69.0,138.0,51.0,7.0,0.0,51.0,4.0,0.0,1.0,1.0,1.0,4.0,8.0,1.0,10.0,1.0,5.0,0.0,0.0,0.0,1.0,88.9,100.0,0.0,0.0,67962.0,55023.0,4100.0,63862.0,0,0
8089,10625.0,0.08810000000000001,336.94,1,250000.0,0,1,n,10.95,0.0,0.0,5.0,0.0,16546.0,9.0,0,7948.41,7948.41,3364.2,3364.2,2676.59,687.61,0.0,0.0,0.0,336.94,0.0,1.0,1,0.0,171.0,38664.0,0.0,2.0,0.0,1.0,21.0,22118.0,51.0,0.0,0.0,13902.0,59.0,24000.0,1.0,1.0,0.0,1.0,7733.0,7454.0,68.9,0.0,0.0,214.0,63.0,35.0,21.0,1.0,35.0,21.0,0.0,3.0,3.0,3.0,3.0,4.0,3.0,4.0,3.0,5.0,0.0,0.0,0.0,0.0,100.0,33.3,0.0,0.0,101607.0,38664.0,24000.0,77607.0,0,0
70545,3600.0,0.0756,112.09,1,57500.0,0,1,n,9.6,0.0,1.0,6.0,0.0,1861.0,13.0,0,0.0,0.0,3784.94,3784.94,3600.0,184.94,0.0,0.0,0.0,2889.73,0.0,1.0,1,0.0,0.0,25192.0,1.0,2.0,2.0,2.0,3.0,23331.0,94.0,0.0,0.0,1252.0,40.0,38500.0,2.0,0.0,4.0,2.0,4199.0,36639.0,4.8,0.0,0.0,141.0,215.0,34.0,3.0,1.0,34.0,3.0,0.0,2.0,2.0,4.0,4.0,5.0,4.0,5.0,2.0,6.0,0.0,0.0,0.0,2.0,100.0,0.0,0.0,0.0,63432.0,25192.0,38500.0,24932.0,0,0
67146,10500.0,0.1612,256.01,2,70000.0,1,1,n,6.86,2.0,1.0,7.0,0.0,7338.0,13.0,0,9013.85,9013.85,3062.72,3062.72,1486.15,1576.57,0.0,0.0,0.0,256.01,0.0,1.0,1,0.0,0.0,83478.0,0.0,1.0,0.0,2.0,14.0,5132.0,77.0,0.0,0.0,2110.0,70.0,11300.0,1.0,2.0,3.0,2.0,11925.0,0.0,120.0,0.0,0.0,22.0,270.0,27.0,14.0,7.0,74.0,1.0,0.0,3.0,4.0,3.0,3.0,2.0,4.0,4.0,4.0,7.0,0.0,0.0,0.0,0.0,75.0,100.0,0.0,0.0,158839.0,12470.0,4600.0,6639.0,0,0
6251,25000.0,0.2565,1002.62,1,96000.0,0,1,n,31.71,0.0,1.0,12.0,0.0,15053.0,14.0,0,19840.5,19840.5,9990.58,9990.58,5159.5,4831.08,0.0,0.0,0.0,1002.62,0.0,1.0,1,0.0,391.0,51662.0,1.0,3.0,0.0,1.0,13.0,35528.0,59.0,1.0,2.0,6588.0,59.0,25900.0,1.0,0.0,1.0,3.0,4305.0,3785.0,74.6,0.0,0.0,32.0,54.0,3.0,3.0,0.0,3.0,3.0,0.0,5.0,6.0,6.0,7.0,3.0,8.0,10.0,6.0,12.0,0.0,0.0,0.0,1.0,100.0,50.0,0.0,0.0,88059.0,51662.0,14900.0,60764.0,0,0
38662,40000.0,0.2055,1072.04,2,170000.0,0,1,n,6.77,0.0,0.0,11.0,0.0,14827.0,16.0,0,35362.34,35362.34,11746.77,11746.77,4637.66,7109.11,0.0,0.0,0.0,1072.04,0.0,1.0,0,0.0,0.0,374079.0,0.0,1.0,1.0,1.0,11.0,11196.0,71.0,0.0,0.0,10107.0,67.0,23000.0,1.0,0.0,2.0,2.0,34007.0,1773.0,89.8,0.0,0.0,118.0,74.0,26.0,11.0,1.0,26.0,11.0,0.0,5.0,5.0,6.0,6.0,5.0,9.0,10.0,5.0,11.0,0.0,0.0,0.0,1.0,93.3,66.7,0.0,0.0,391286.0,26023.0,16600.0,15786.0,0,0
54393,10000.0,0.2305,282.2,2,78000.0,1,1,n,20.43,0.0,1.0,8.0,0.0,7318.0,43.0,0,8796.71,8796.71,3360.79,3360.79,1203.29,2157.5,0.0,0.0,0.0,282.2,0.0,1.0,1,0.0,0.0,109466.0,3.0,3.0,3.0,7.0,3.0,24400.0,84.0,1.0,1.0,3445.0,86.0,7800.0,1.0,0.0,2.0,8.0,13683.0,186.0,97.5,0.0,0.0,119.0,59.0,6.0,3.0,1.0,29.0,6.0,0.0,3.0,4.0,3.0,3.0,38.0,4.0,4.0,4.0,8.0,0.0,0.0,0.0,4.0,100.0,100.0,0.0,0.0,131567.0,31718.0,7500.0,29032.0,0,0
62201,1200.0,0.0702,37.07,2,92730.0,0,1,n,2.45,0.0,0.0,14.0,0.0,0.0,21.0,0,0.0,0.0,1201.61,1201.61,1200.0,1.61,0.0,0.0,0.0,0.03,0.0,1.0,1,0.0,0.0,48674.0,0.0,2.0,1.0,2.0,11.0,2852.0,62.0,1.0,3.0,0.0,7.0,38400.0,1.0,0.0,1.0,5.0,4056.0,35000.0,0.0,0.0,0.0,40.0,138.0,9.0,9.0,1.0,9.0,11.0,0.0,0.0,0.0,7.0,9.0,6.0,11.0,14.0,0.0,14.0,0.0,0.0,0.0,2.0,100.0,0.0,0.0,0.0,116905.0,2852.0,35000.0,4594.0,0,0
12536,35000.0,0.2055,938.03,1,63596.0,1,1,n,29.53,0.0,0.0,9.0,0.0,22226.0,17.0,0,31340.19,31340.19,9340.34,9340.34,3659.81,5680.53,0.0,0.0,0.0,938.03,0.0,1.0,1,0.0,0.0,36301.0,0.0,1.0,0.0,0.0,29.0,10575.0,39.0,0.0,0.0,9774.0,66.0,23900.0,0.0,2.0,0.0,0.0,4033.0,714.0,96.7,0.0,0.0,123.0,96.0,39.0,29.0,0.0,39.0,17.0,0.0,4.0,5.0,4.0,6.0,7.0,6.0,8.0,5.0,9.0,0.0,0.0,0.0,0.0,100.0,75.0,0.0,0.0,54800.0,36301.0,21400.0,27400.0,0,0
3586,10000.0,0.28800000000000003,417.97,3,50000.0,1,1,n,21.77,0.0,2.0,16.0,0.0,2110.0,22.0,0,8015.26,8015.26,4147.7,4147.7,1984.74,2162.96,0.0,0.0,0.0,417.97,0.0,1.0,1,0.0,0.0,246693.0,3.0,13.0,5.0,10.0,2.0,78229.0,102.0,1.0,1.0,1214.0,85.0,17700.0,3.0,0.0,4.0,12.0,15418.0,15590.0,11.9,0.0,0.0,86.0,91.0,10.0,2.0,2.0,10.0,2.0,0.0,2.0,2.0,2.0,3.0,17.0,2.0,3.0,2.0,16.0,0.0,0.0,0.0,7.0,100.0,0.0,0.0,0.0,261028.0,80339.0,17700.0,76458.0,0,0
67663,20000.0,0.14300000000000002,686.48,2,113000.0,1,1,n,24.33,0.0,1.0,31.0,0.0,27086.0,53.0,0,0.0,0.0,22078.383333332004,22078.38,20000.0,2078.38,0.0,0.0,0.0,16618.32,0.0,1.0,1,0.0,0.0,201701.0,2.0,4.0,2.0,4.0,6.0,42546.0,78.0,1.0,2.0,4441.0,48.0,94800.0,2.0,5.0,2.0,7.0,6506.0,29757.0,43.9,0.0,0.0,159.0,286.0,12.0,6.0,4.0,12.0,6.0,0.0,7.0,12.0,12.0,17.0,10.0,26.0,39.0,12.0,31.0,0.0,0.0,0.0,4.0,98.1,16.7,0.0,0.0,284060.0,69632.0,53000.0,54260.0,0,0
22889,14000.0,0.14300000000000002,327.94,2,78000.0,1,1,n,12.35,0.0,2.0,19.0,0.0,4890.0,37.0,0,12082.53,12082.53,3596.22,3596.22,1917.47,1678.75,0.0,0.0,0.0,327.94,1.0,1.0,1,0.0,891.0,222485.0,2.0,2.0,1.0,1.0,3.0,28146.0,74.0,2.0,4.0,2114.0,30.0,73300.0,2.0,1.0,2.0,7.0,11710.0,57389.0,7.4,0.0,0.0,152.0,73.0,2.0,2.0,3.0,2.0,2.0,0.0,3.0,4.0,11.0,16.0,6.0,16.0,28.0,4.0,19.0,0.0,0.0,0.0,3.0,100.0,0.0,0.0,0.0,306042.0,33036.0,62000.0,38146.0,0,0
23922,20000.0,0.1308,455.89,1,62000.0,1,1,n,37.38,0.0,1.0,14.0,0.0,15423.0,21.0,0,17235.83,17235.83,5000.26,5000.26,2764.17,2236.09,0.0,0.0,0.0,455.89,0.0,1.0,1,0.0,0.0,41757.0,2.0,4.0,0.0,1.0,19.0,26334.0,37.0,2.0,3.0,5917.0,37.0,41300.0,1.0,0.0,3.0,4.0,2983.0,17211.0,45.5,0.0,0.0,153.0,83.0,3.0,3.0,0.0,3.0,4.0,0.0,5.0,7.0,7.0,8.0,10.0,10.0,11.0,7.0,14.0,0.0,0.0,0.0,2.0,100.0,28.6,0.0,0.0,112093.0,41757.0,31600.0,70793.0,0,0
491,28000.0,0.1308,638.24,1,65000.0,0,1,n,17.13,0.0,1.0,5.0,0.0,16074.0,10.0,0,24946.24,24946.24,5723.81,5723.81,3053.76,2670.05,0.0,0.0,0.0,638.24,1.0,1.0,1,0.0,0.0,22336.0,0.0,1.0,0.0,1.0,22.0,6262.0,48.0,0.0,0.0,8229.0,71.0,18400.0,1.0,0.0,1.0,1.0,4467.0,2326.0,87.4,0.0,0.0,151.0,239.0,76.0,22.0,0.0,76.0,0.0,1.0,4.0,4.0,4.0,4.0,3.0,4.0,5.0,4.0,5.0,0.0,0.0,0.0,0.0,90.0,75.0,0.0,0.0,31400.0,22336.0,18400.0,13000.0,0,0
32310,40000.0,0.0756,1245.36,2,102666.0,0,1,n,21.12,0.0,0.0,5.0,0.0,33304.0,19.0,0,28722.25,28722.25,13682.16,13682.16,11277.75,2404.41,0.0,0.0,0.0,1245.36,0.0,1.0,1,0.0,0.0,35295.0,0.0,1.0,0.0,0.0,35.0,1991.0,6.0,0.0,0.0,17818.0,46.0,45600.0,0.0,4.0,0.0,0.0,7059.0,10670.0,75.4,0.0,0.0,166.0,289.0,31.0,31.0,2.0,74.0,13.0,0.0,3.0,4.0,3.0,5.0,8.0,4.0,9.0,4.0,5.0,0.0,0.0,0.0,0.0,100.0,66.7,0.0,0.0,77600.0,35295.0,43400.0,32000.0,0,0
50450,7500.0,0.1102,245.62,2,101000.0,1,1,n,33.47,0.0,0.0,10.0,0.0,9284.0,44.0,0,0.0,0.0,8077.07,8077.07,7500.0,577.07,0.0,0.0,0.0,6116.7,0.0,1.0,1,0.0,0.0,153257.0,1.0,8.0,4.0,6.0,6.0,105990.0,61.0,0.0,0.0,9284.0,66.0,11400.0,1.0,0.0,1.0,6.0,15326.0,2116.0,81.4,0.0,0.0,170.0,235.0,160.0,6.0,5.0,235.0,7.0,0.0,1.0,1.0,1.0,1.0,36.0,1.0,3.0,1.0,10.0,0.0,0.0,0.0,4.0,100.0,100.0,0.0,0.0,209423.0,115274.0,11400.0,123023.0,0,0
26526,25000.0,0.124,561.18,2,60000.0,0,1,n,20.98,1.0,1.0,11.0,0.0,22100.0,25.0,0,21891.41,21891.41,5594.58,5594.58,3108.59,2485.99,0.0,0.0,0.0,561.18,0.0,1.0,1,0.0,0.0,226620.0,6.0,1.0,0.0,0.0,25.0,16502.0,71.0,5.0,5.0,17961.0,65.0,36300.0,0.0,2.0,2.0,6.0,25180.0,8048.0,72.5,0.0,0.0,132.0,180.0,2.0,2.0,2.0,4.0,6.0,0.0,2.0,4.0,5.0,7.0,6.0,9.0,17.0,4.0,11.0,0.0,0.0,1.0,6.0,91.7,25.0,0.0,0.0,248461.0,38602.0,29300.0,23286.0,0,0
16140,12000.0,0.16949999999999998,297.91,2,96000.0,0,1,n,18.16,1.0,0.0,31.0,0.0,20755.0,57.0,1,10631.13,10631.13,2967.8,2967.8,1368.87,1598.93,0.0,0.0,0.0,297.91,0.0,1.0,1,0.0,0.0,214276.0,0.0,19.0,1.0,2.0,12.0,98187.0,108.0,0.0,2.0,3834.0,74.0,69500.0,4.0,0.0,3.0,5.0,6912.0,37185.0,22.9,0.0,0.0,196.0,118.0,14.0,12.0,2.0,14.0,4.0,0.0,5.0,6.0,5.0,7.0,42.0,10.0,12.0,6.0,31.0,0.0,0.0,0.0,1.0,100.0,0.0,0.0,0.0,263173.0,119274.0,48200.0,90975.0,0,0
7937,29775.0,0.14300000000000002,1021.99,1,60000.0,1,1,n,27.08,0.0,0.0,12.0,0.0,27226.0,14.0,0,22733.91,22733.91,10172.59,10172.59,7041.09,3131.5,0.0,0.0,0.0,1021.99,0.0,1.0,0,0.0,0.0,40096.0,0.0,1.0,0.0,1.0,15.0,12870.0,70.0,0.0,1.0,6914.0,71.0,38100.0,0.0,0.0,0.0,2.0,3341.0,6204.0,80.3,0.0,0.0,15.0,75.0,16.0,15.0,0.0,46.0,20.0,0.0,7.0,9.0,7.0,7.0,1.0,11.0,13.0,9.0,12.0,0.0,0.0,0.0,0.0,100.0,71.4,0.0,0.0,56539.0,40096.0,31500.0,18439.0,0,0
13371,16000.0,0.1308,364.71,2,120000.0,1,1,n,25.44,0.0,0.0,16.0,0.0,27679.0,33.0,0,14007.2,14007.2,3635.47,3635.47,1992.8,1642.67,0.0,0.0,0.0,364.71,0.0,1.0,1,0.0,0.0,173191.0,0.0,4.0,1.0,3.0,10.0,41907.0,60.0,0.0,1.0,8130.0,67.0,33400.0,2.0,0.0,5.0,4.0,10824.0,1415.0,94.2,0.0,0.0,143.0,177.0,16.0,10.0,3.0,36.0,10.0,0.0,6.0,9.0,7.0,10.0,16.0,11.0,14.0,9.0,16.0,0.0,0.0,0.0,1.0,100.0,85.7,0.0,0.0,213740.0,69586.0,24200.0,70092.0,0,0
32891,8500.0,0.0702,262.54,2,70000.0,0,1,n,37.67,0.0,0.0,17.0,0.0,19495.0,37.0,0,6089.35,6089.35,2884.62,2884.62,2410.65,473.97,0.0,0.0,0.0,262.54,0.0,1.0,1,0.0,0.0,143965.0,0.0,4.0,2.0,4.0,7.0,49910.0,72.0,0.0,0.0,10419.0,40.0,102700.0,2.0,4.0,3.0,4.0,8469.0,71007.0,17.3,0.0,0.0,137.0,150.0,36.0,7.0,4.0,36.0,7.0,0.0,5.0,7.0,10.0,12.0,11.0,12.0,21.0,7.0,17.0,0.0,0.0,0.0,2.0,100.0,10.0,0.0,0.0,253911.0,69405.0,88000.0,69339.0,0,0
73219,8400.0,0.2055,314.54,1,72500.0,1,1,n,14.93,0.0,1.0,16.0,0.0,14247.0,20.0,0,6147.35,6147.35,3764.89,3764.89,2252.65,1512.24,0.0,0.0,0.0,314.54,0.0,1.0,1,0.0,0.0,29776.0,1.0,1.0,0.0,1.0,24.0,15529.0,74.0,2.0,3.0,2168.0,63.0,26100.0,1.0,0.0,1.0,4.0,1861.0,1935.0,76.1,0.0,0.0,24.0,51.0,4.0,4.0,0.0,28.0,6.0,0.0,4.0,11.0,4.0,5.0,1.0,15.0,19.0,11.0,16.0,0.0,0.0,0.0,2.0,100.0,75.0,0.0,0.0,47002.0,29776.0,8100.0,20902.0,0,0
66833,28000.0,0.16949999999999998,695.12,1,160000.0,1,1,n,14.96,0.0,0.0,11.0,0.0,26725.0,22.0,0,23698.35,23698.35,8635.07,8635.07,4301.65,4333.42,0.0,0.0,0.0,200.0,0.0,1.0,1,0.0,0.0,81289.0,3.0,3.0,3.0,3.0,2.0,54564.0,62.0,2.0,5.0,10477.0,69.0,36500.0,3.0,4.0,7.0,8.0,7390.0,6752.0,77.7,0.0,0.0,77.0,68.0,6.0,2.0,0.0,6.0,2.0,0.0,4.0,5.0,6.0,8.0,11.0,8.0,11.0,5.0,11.0,0.0,0.0,0.0,5.0,100.0,50.0,0.0,0.0,100863.0,81289.0,30300.0,64363.0,0,0
4831,6375.0,0.1612,224.51,1,48000.0,1,1,n,36.98,0.0,0.0,8.0,0.0,1808.0,9.0,0,4899.25,4899.25,2239.39,2239.39,1475.75,763.64,0.0,0.0,0.0,224.51,0.0,1.0,1,0.0,0.0,60103.0,1.0,5.0,2.0,3.0,5.0,58295.0,85.0,1.0,2.0,696.0,82.0,4700.0,2.0,2.0,2.0,5.0,7513.0,1004.0,40.9,0.0,0.0,35.0,45.0,10.0,5.0,0.0,45.0,5.0,0.0,1.0,2.0,1.0,1.0,5.0,3.0,3.0,2.0,8.0,0.0,0.0,0.0,3.0,100.0,0.0,0.0,0.0,73095.0,60103.0,1700.0,68395.0,0,0
11954,12000.0,0.0702,370.64,2,58000.0,0,1,n,10.51,0.0,1.0,5.0,0.0,1122.0,12.0,0,8915.26,8915.26,3701.72,3701.72,3084.74,616.98,0.0,0.0,0.0,370.64,0.0,1.0,1,0.0,0.0,91470.0,1.0,1.0,1.0,1.0,3.0,15261.0,97.0,0.0,0.0,1122.0,37.0,28300.0,1.0,0.0,2.0,1.0,18294.0,27178.0,4.0,0.0,0.0,105.0,207.0,81.0,3.0,3.0,92.0,3.0,0.0,1.0,1.0,3.0,3.0,5.0,3.0,4.0,1.0,5.0,0.0,0.0,0.0,1.0,100.0,0.0,0.0,0.0,146909.0,16383.0,28300.0,15700.0,0,0
36252,4000.0,0.14300000000000002,137.3,1,90000.0,1,1,n,16.4,1.0,0.0,17.0,0.0,7185.0,28.0,0,2969.24,2969.24,1507.12,1507.12,1030.76,476.36,0.0,0.0,0.0,137.3,0.0,1.0,1,0.0,0.0,32510.0,0.0,2.0,1.0,1.0,7.0,25325.0,71.0,2.0,6.0,2662.0,33.0,63400.0,1.0,0.0,3.0,7.0,1912.0,38804.0,13.0,0.0,0.0,168.0,108.0,7.0,7.0,0.0,7.0,7.0,0.0,3.0,8.0,9.0,13.0,5.0,15.0,23.0,8.0,17.0,0.0,0.0,0.0,3.0,96.3,11.1,0.0,0.0,99094.0,32510.0,44600.0,35694.0,0,0
6708,24000.0,0.1308,547.06,1,42000.0,1,1,n,27.31,0.0,3.0,11.0,1.0,249.0,38.0,0,21002.7,21002.7,5453.16,5453.16,2997.3,2455.86,0.0,0.0,0.0,547.06,0.0,1.0,1,0.0,0.0,60202.0,2.0,3.0,2.0,4.0,5.0,59953.0,96.0,1.0,2.0,0.0,68.0,26300.0,5.0,7.0,4.0,6.0,6020.0,7500.0,0.0,0.0,0.0,162.0,191.0,1.0,1.0,0.0,30.0,1.0,0.0,0.0,1.0,1.0,11.0,14.0,8.0,24.0,1.0,11.0,0.0,0.0,0.0,3.0,100.0,0.0,1.0,0.0,88860.0,60202.0,7500.0,62560.0,0,0
16512,35000.0,0.17739999999999995,883.83,2,110000.0,0,1,n,21.1,2.0,1.0,18.0,0.0,34195.0,31.0,0,33015.94,33015.94,7036.15,7036.15,1984.06,5052.09,0.0,0.0,0.0,883.83,0.0,1.0,1,0.0,0.0,188255.0,2.0,2.0,0.0,0.0,33.0,9761.0,29.0,3.0,5.0,5866.0,50.0,53600.0,0.0,0.0,2.0,5.0,10459.0,3585.0,87.8,0.0,0.0,210.0,100.0,1.0,1.0,3.0,16.0,1.0,0.0,8.0,13.0,8.0,10.0,7.0,15.0,21.0,13.0,18.0,0.0,0.0,0.0,3.0,86.7,75.0,0.0,0.0,242777.0,43956.0,29500.0,33579.0,0,0
7443,40000.0,0.08810000000000001,1268.46,2,180000.0,0,1,n,19.63,2.0,0.0,14.0,0.0,40414.0,39.0,0,29923.63,29923.63,12665.02,12665.02,10076.37,2588.65,0.0,0.0,0.0,1268.46,0.0,1.0,1,0.0,0.0,316483.0,0.0,2.0,1.0,1.0,12.0,23702.0,40.0,0.0,0.0,14781.0,61.0,45500.0,2.0,0.0,11.0,1.0,22606.0,2767.0,90.4,0.0,0.0,222.0,297.0,44.0,12.0,6.0,117.0,4.0,1.0,6.0,8.0,6.0,9.0,17.0,11.0,16.0,8.0,14.0,0.0,0.0,1.0,1.0,94.7,66.7,0.0,0.0,395411.0,64116.0,28700.0,59911.0,0,0
43091,14400.0,0.1308,328.24,2,178000.0,0,1,n,6.3,0.0,2.0,12.0,0.0,13391.0,17.0,0,12410.36,12410.36,3600.18,3600.18,1989.64,1610.54,0.0,0.0,0.0,328.24,0.0,1.0,1,0.0,0.0,39535.0,1.0,3.0,1.0,1.0,8.0,26144.0,68.0,2.0,3.0,7341.0,58.0,29900.0,2.0,0.0,5.0,4.0,3295.0,9371.0,52.4,0.0,0.0,210.0,239.0,1.0,1.0,1.0,12.0,1.0,0.0,6.0,9.0,6.0,8.0,3.0,9.0,13.0,9.0,12.0,0.0,0.0,0.0,3.0,100.0,16.7,0.0,0.0,68564.0,39535.0,19700.0,38664.0,0,0
4306,31250.0,0.17739999999999995,789.14,3,59000.0,0,1,n,50.83,0.0,0.0,28.0,0.0,22771.0,35.0,0,28523.14,28523.14,7156.0,7156.0,2726.86,4429.14,0.0,0.0,0.0,789.14,0.0,1.0,0,0.0,0.0,90925.0,4.0,5.0,4.0,6.0,3.0,68154.0,88.0,4.0,4.0,6013.0,71.0,51000.0,5.0,0.0,10.0,10.0,3247.0,19650.0,42.5,0.0,0.0,145.0,155.0,4.0,3.0,0.0,4.0,0.0,0.0,8.0,12.0,14.0,14.0,10.0,23.0,25.0,12.0,28.0,0.0,0.0,0.0,8.0,100.0,14.3,0.0,0.0,128454.0,90925.0,34200.0,77454.0,0,0
25542,3800.0,0.1102,124.45,1,30000.0,1,1,n,22.3,0.0,1.0,12.0,1.0,5400.0,27.0,0,2768.41,2768.41,1366.62,1366.62,1031.59,335.03,0.0,0.0,0.0,124.45,0.0,1.0,1,0.0,0.0,24129.0,1.0,2.0,1.0,1.0,10.0,18729.0,85.0,1.0,5.0,3731.0,63.0,16300.0,0.0,0.0,2.0,6.0,2194.0,3752.0,57.4,0.0,0.0,89.0,274.0,0.0,0.0,0.0,0.0,0.0,0.0,2.0,4.0,4.0,14.0,4.0,10.0,23.0,4.0,12.0,0.0,0.0,0.0,2.0,100.0,0.0,1.0,0.0,38460.0,24129.0,8800.0,22160.0,0,0
71640,18000.0,0.08810000000000001,570.81,1,85000.0,1,1,n,18.3,0.0,1.0,10.0,0.0,20119.0,13.0,0,12552.84,12552.84,6840.91,6840.91,5447.16,1393.75,0.0,0.0,0.0,570.81,0.0,1.0,1,0.0,0.0,49637.0,1.0,2.0,1.0,3.0,6.0,29518.0,71.0,0.0,1.0,10967.0,42.0,75800.0,1.0,3.0,1.0,4.0,4964.0,45681.0,30.6,0.0,0.0,25.0,73.0,15.0,6.0,0.0,28.0,6.0,0.0,3.0,3.0,6.0,8.0,4.0,7.0,9.0,3.0,10.0,0.0,0.0,0.0,1.0,100.0,0.0,0.0,0.0,117201.0,49637.0,65800.0,41401.0,0,0
56127,20000.0,0.1308,674.65,2,312000.0,1,1,n,12.14,0.0,1.0,8.0,0.0,22653.0,16.0,0,14179.45,14179.45,8081.27,8081.27,5820.55,2260.72,0.0,0.0,0.0,674.65,0.0,1.0,1,0.0,0.0,545414.0,0.0,4.0,2.0,2.0,10.0,53371.0,29.0,0.0,0.0,11889.0,44.0,22500.0,2.0,0.0,6.0,2.0,68177.0,0.0,100.7,0.0,0.0,185.0,158.0,33.0,10.0,2.0,33.0,3.0,0.0,2.0,2.0,2.0,3.0,9.0,2.0,4.0,2.0,8.0,0.0,0.0,0.0,2.0,93.8,100.0,0.0,0.0,627645.0,77088.0,22500.0,92865.0,0,0
2659,7000.0,0.2055,262.12,1,70000.0,0,1,n,21.74,0.0,0.0,9.0,0.0,11199.0,11.0,0,5416.22,5416.22,2613.21,2613.21,1583.78,1029.43,0.0,0.0,0.0,262.12,0.0,1.0,1,0.0,0.0,43314.0,0.0,3.0,1.0,3.0,7.0,32115.0,76.0,0.0,2.0,6789.0,68.0,21200.0,1.0,0.0,1.0,5.0,5414.0,10001.0,52.8,0.0,0.0,42.0,53.0,19.0,7.0,0.0,19.0,7.0,0.0,4.0,4.0,6.0,7.0,4.0,6.0,7.0,4.0,9.0,0.0,0.0,0.0,1.0,100.0,60.0,0.0,0.0,63574.0,43314.0,21200.0,42374.0,0,0
528,8000.0,0.17739999999999995,288.18,2,35000.0,0,1,n,16.56,0.0,0.0,8.0,0.0,8051.0,17.0,0,6377.16,6377.16,2585.74,2585.74,1622.84,962.9,0.0,0.0,0.0,0.0,0.0,1.0,0,0.0,0.0,243355.0,1.0,1.0,0.0,1.0,19.0,8382.0,77.0,1.0,4.0,3168.0,66.0,14200.0,2.0,2.0,1.0,5.0,30419.0,4557.0,63.3,0.0,0.0,136.0,132.0,5.0,5.0,2.0,5.0,6.0,1.0,3.0,5.0,4.0,6.0,6.0,6.0,9.0,5.0,8.0,0.0,0.0,0.0,1.0,81.3,50.0,0.0,0.0,263184.0,16433.0,12400.0,10877.0,0,0
35079,9200.0,0.1171,304.3,2,80000.0,1,1,n,23.38,1.0,0.0,10.0,0.0,17966.0,23.0,0,6199.4,6199.4,3817.34,3817.34,3000.6,816.74,0.0,0.0,0.0,304.3,0.0,1.0,1,0.0,0.0,263211.0,0.0,2.0,0.0,3.0,17.0,18537.0,55.0,1.0,1.0,7747.0,69.0,19300.0,3.0,3.0,1.0,4.0,26321.0,601.0,96.9,0.0,0.0,110.0,420.0,7.0,7.0,2.0,88.0,8.0,0.0,4.0,7.0,4.0,7.0,10.0,7.0,11.0,7.0,10.0,0.0,0.0,0.0,1.0,77.3,75.0,0.0,0.0,328777.0,36503.0,15800.0,33684.0,0,0
13478,18000.0,0.17739999999999995,648.4,1,42000.0,0,1,n,39.91,0.0,0.0,14.0,0.0,17591.0,15.0,0,14591.77,14591.77,5854.92,5854.92,3408.23,2446.69,0.0,0.0,0.0,648.4,0.0,1.0,1,0.0,0.0,49313.0,3.0,2.0,0.0,2.0,13.0,31722.0,73.0,4.0,8.0,14970.0,64.0,33900.0,3.0,0.0,1.0,10.0,3522.0,12703.0,57.1,0.0,0.0,22.0,44.0,2.0,2.0,0.0,3.0,10.0,0.0,5.0,7.0,9.0,10.0,2.0,12.0,13.0,7.0,14.0,0.0,0.0,0.0,4.0,100.0,11.1,0.0,0.0,77563.0,49313.0,29600.0,43663.0,0,0
192,10000.0,0.0819,314.25,2,54000.0,0,1,n,38.71,0.0,1.0,9.0,1.0,10495.0,12.0,0,4724.59,4724.59,5823.7,5823.7,5275.41,548.29,0.0,0.0,0.0,0.0,0.0,1.0,0,0.0,0.0,332352.0,1.0,2.0,1.0,2.0,8.0,51306.0,58.0,1.0,1.0,5358.0,47.0,27000.0,2.0,0.0,2.0,3.0,36928.0,11665.0,41.4,0.0,0.0,29.0,56.0,4.0,4.0,3.0,4.0,4.0,0.0,3.0,5.0,4.0,4.0,3.0,6.0,6.0,5.0,9.0,0.0,0.0,0.0,2.0,100.0,50.0,1.0,0.0,395743.0,61801.0,19900.0,85097.0,0,0
48249,13000.0,0.0756,404.74,2,65000.0,1,1,n,17.01,1.0,1.0,11.0,0.0,12693.0,18.0,0,0.0,0.0,13743.36,13743.36,13000.0,743.36,0.0,0.0,0.0,10111.62,0.0,1.0,1,0.0,0.0,299875.0,1.0,2.0,1.0,2.0,4.0,23773.0,90.0,1.0,1.0,8802.0,60.0,34300.0,2.0,1.0,5.0,3.0,27261.0,19993.0,37.1,0.0,0.0,155.0,179.0,12.0,4.0,2.0,12.0,4.0,0.0,4.0,5.0,6.0,7.0,6.0,8.0,10.0,5.0,11.0,0.0,0.0,0.0,2.0,83.3,0.0,0.0,0.0,487812.0,36466.0,31800.0,26312.0,0,0
36579,12000.0,0.08810000000000001,380.54,1,100000.0,1,1,n,16.1,0.0,0.0,7.0,0.0,13969.0,41.0,0,8662.44,8662.44,4180.07,4180.07,3337.56,842.51,0.0,0.0,0.0,380.54,0.0,1.0,1,0.0,0.0,57146.0,0.0,2.0,0.0,1.0,13.0,43177.0,53.0,0.0,0.0,11471.0,43.0,37200.0,2.0,0.0,0.0,1.0,9524.0,17231.0,44.8,0.0,0.0,132.0,160.0,31.0,13.0,3.0,31.0,20.0,0.0,2.0,2.0,3.0,7.0,7.0,5.0,31.0,2.0,7.0,0.0,0.0,0.0,0.0,100.0,33.3,0.0,0.0,95517.0,57146.0,31200.0,58317.0,0,0
35540,18000.0,0.0646,551.36,1,110000.0,0,1,n,9.07,0.0,0.0,10.0,0.0,3461.0,15.0,1,12864.19,12864.19,6058.5,6058.5,5135.81,922.69,0.0,0.0,0.0,551.36,0.0,1.0,1,0.0,0.0,16761.0,0.0,2.0,0.0,1.0,18.0,13300.0,53.0,0.0,0.0,1952.0,32.0,27900.0,0.0,3.0,1.0,1.0,2095.0,22439.0,13.4,0.0,0.0,151.0,157.0,64.0,18.0,0.0,64.0,7.0,0.0,2.0,2.0,7.0,8.0,6.0,8.0,9.0,2.0,10.0,0.0,0.0,0.0,0.0,93.3,0.0,0.0,0.0,52900.0,16761.0,25900.0,25000.0,0,0
75631,12500.0,0.1524,298.96,2,40000.0,1,1,n,32.37,0.0,0.0,18.0,1.0,6147.0,34.0,0,10694.84,10694.84,3566.35,3566.35,1805.16,1761.19,0.0,0.0,0.0,298.96,0.0,1.0,1,0.0,360.0,118785.0,1.0,4.0,0.0,2.0,14.0,35645.0,78.0,3.0,8.0,3567.0,59.0,25400.0,1.0,1.0,0.0,11.0,6599.0,10053.0,37.9,0.0,0.0,160.0,126.0,2.0,2.0,1.0,2.0,14.0,0.0,4.0,4.0,6.0,11.0,12.0,13.0,21.0,4.0,18.0,0.0,0.0,0.0,3.0,100.0,16.7,1.0,0.0,149916.0,41792.0,16200.0,45965.0,0,0
55943,24000.0,0.28800000000000003,758.89,2,120000.0,1,1,n,13.35,0.0,0.0,12.0,1.0,20765.0,36.0,0,21491.15,21491.15,9068.28,9068.28,2508.85,6559.43,0.0,0.0,0.0,758.89,0.0,1.0,1,0.0,0.0,445710.0,2.0,3.0,3.0,3.0,9.0,94702.0,70.0,2.0,2.0,9128.0,71.0,28400.0,0.0,2.0,4.0,6.0,37143.0,5527.0,75.8,0.0,0.0,124.0,102.0,0.0,0.0,1.0,0.0,9.0,0.0,3.0,6.0,5.0,5.0,24.0,8.0,10.0,6.0,12.0,0.0,0.0,0.0,6.0,100.0,60.0,1.0,0.0,461038.0,115467.0,22800.0,99843.0,0,0
76137,7000.0,0.1171,231.54,1,28000.0,0,1,n,19.72,0.0,0.0,24.0,0.0,7170.0,39.0,0,4932.6,4932.6,2769.37,2769.37,2067.4,701.97,0.0,0.0,0.0,231.54,0.0,1.0,1,0.0,0.0,14162.0,4.0,1.0,1.0,1.0,12.0,6992.0,86.0,5.0,12.0,1869.0,12.0,107100.0,0.0,0.0,1.0,13.0,590.0,97930.0,6.8,0.0,0.0,12.0,105.0,2.0,2.0,0.0,2.0,12.0,0.0,11.0,11.0,21.0,28.0,1.0,23.0,37.0,11.0,24.0,0.0,0.0,0.0,6.0,100.0,4.8,0.0,0.0,115200.0,14162.0,105100.0,8100.0,0,0
69704,4000.0,0.1033,129.69,1,45000.0,1,1,n,17.63,0.0,0.0,3.0,0.0,3611.0,6.0,0,2820.14,2820.14,1553.98,1553.98,1179.86,374.12,0.0,0.0,0.0,129.69,0.0,1.0,1,0.0,0.0,29521.0,0.0,2.0,1.0,1.0,10.0,25910.0,83.0,0.0,1.0,3611.0,83.0,4200.0,0.0,2.0,4.0,2.0,9840.0,589.0,86.0,0.0,0.0,34.0,56.0,24.0,10.0,0.0,39.0,1.0,0.0,1.0,1.0,1.0,2.0,3.0,1.0,3.0,1.0,3.0,0.0,0.0,0.0,1.0,100.0,100.0,0.0,0.0,35498.0,29521.0,4200.0,31298.0,0,0
3984,5300.0,0.1171,175.31,2,105000.0,0,1,n,18.88,0.0,2.0,19.0,1.0,13234.0,25.0,0,4008.38,4008.38,1746.2,1746.2,1291.62,454.58,0.0,0.0,0.0,175.31,0.0,1.0,1,0.0,0.0,370306.0,5.0,4.0,2.0,4.0,6.0,32498.0,77.0,4.0,7.0,2601.0,45.0,59800.0,7.0,1.0,3.0,11.0,19490.0,12477.0,42.0,0.0,0.0,97.0,99.0,1.0,1.0,1.0,2.0,4.0,1.0,9.0,12.0,10.0,11.0,9.0,14.0,15.0,12.0,19.0,0.0,0.0,0.0,6.0,95.5,20.0,1.0,0.0,470508.0,45732.0,21500.0,42477.0,0,0
66554,15000.0,0.17739999999999995,378.79,1,56000.0,1,1,n,13.78,0.0,0.0,12.0,0.0,11288.0,20.0,0,12954.49,12954.49,4530.7,4530.7,2045.51,2485.19,0.0,0.0,0.0,378.79,0.0,1.0,1,0.0,0.0,51395.0,3.0,2.0,0.0,0.0,41.0,40107.0,72.0,9.0,10.0,1196.0,71.0,16600.0,0.0,4.0,3.0,10.0,4672.0,1893.0,59.7,0.0,0.0,77.0,86.0,5.0,5.0,0.0,5.0,7.0,3.0,3.0,5.0,5.0,8.0,4.0,10.0,16.0,5.0,12.0,0.0,0.0,0.0,9.0,85.0,40.0,0.0,0.0,72077.0,51395.0,4700.0,55477.0,0,0
12524,10000.0,0.0702,308.87,1,75000.0,0,1,n,25.17,0.0,0.0,11.0,0.0,4056.0,21.0,0,7429.35,7429.35,3084.8,3084.8,2570.65,514.15,0.0,0.0,0.0,308.87,0.0,1.0,1,0.0,0.0,118930.0,0.0,3.0,0.0,0.0,25.0,37070.0,52.0,0.0,0.0,3928.0,35.0,48400.0,0.0,0.0,0.0,0.0,10812.0,44344.0,8.4,0.0,0.0,90.0,164.0,26.0,25.0,3.0,26.0,20.0,0.0,2.0,2.0,7.0,10.0,3.0,7.0,15.0,2.0,11.0,0.0,0.0,0.0,0.0,100.0,0.0,0.0,0.0,209946.0,41126.0,48400.0,70746.0,0,0
26436,7200.0,0.2305,278.9,2,85000.0,0,1,n,27.95,0.0,0.0,16.0,0.0,9813.0,26.0,0,5495.96,5495.96,3058.68,3058.68,1704.04,1354.64,0.0,0.0,0.0,278.9,0.0,1.0,1,0.0,0.0,172583.0,0.0,7.0,1.0,3.0,10.0,74314.0,82.0,0.0,2.0,2254.0,84.0,10500.0,1.0,1.0,1.0,5.0,10786.0,573.0,94.3,0.0,0.0,159.0,49.0,13.0,10.0,3.0,13.0,10.0,0.0,7.0,8.0,7.0,8.0,14.0,8.0,9.0,8.0,16.0,0.0,0.0,0.0,1.0,96.0,100.0,0.0,0.0,192267.0,84127.0,10000.0,86717.0,0,0
3921,40000.0,0.1308,911.77,1,165000.0,1,1,n,24.33,0.0,0.0,26.0,0.0,49850.0,62.0,0,34955.04,34955.04,9059.57,9059.57,5044.96,4014.61,0.0,0.0,0.0,911.77,0.0,1.0,1,0.0,0.0,159203.0,1.0,8.0,0.0,1.0,22.0,107288.0,59.0,2.0,5.0,13225.0,71.0,61400.0,0.0,0.0,1.0,6.0,6123.0,9888.0,82.6,0.0,0.0,200.0,166.0,5.0,5.0,0.0,9.0,9.0,0.0,14.0,16.0,14.0,16.0,42.0,17.0,19.0,16.0,26.0,0.0,0.0,0.0,2.0,100.0,64.3,0.0,0.0,200550.0,159203.0,56700.0,135661.0,0,0
25205,12000.0,0.1171,396.92,1,72000.0,1,1,n,19.0,0.0,0.0,10.0,0.0,11563.0,34.0,0,9095.54,9095.54,3961.39,3961.39,2904.46,1056.93,0.0,0.0,0.0,0.0,0.0,1.0,1,0.0,0.0,98746.0,0.0,3.0,2.0,4.0,10.0,87183.0,81.0,2.0,6.0,9677.0,77.0,16700.0,5.0,0.0,1.0,10.0,9875.0,2539.0,82.0,0.0,0.0,85.0,66.0,10.0,10.0,0.0,17.0,11.0,2.0,2.0,3.0,3.0,3.0,19.0,7.0,14.0,3.0,10.0,0.0,0.0,0.0,4.0,90.9,66.7,0.0,0.0,109620.0,98746.0,14100.0,92920.0,0,0
24140,9000.0,0.1171,198.89,2,38480.0,1,1,n,32.44,0.0,0.0,8.0,0.0,8930.0,10.0,0,0.0,0.0,9639.18,9639.18,9000.0,639.18,0.0,0.0,0.0,8252.81,0.0,1.0,1,0.0,0.0,89146.0,1.0,4.0,0.0,2.0,23.0,30260.0,68.0,1.0,1.0,8754.0,58.0,23700.0,3.0,0.0,2.0,4.0,11143.0,2746.0,76.1,0.0,0.0,101.0,45.0,10.0,4.0,1.0,10.0,6.0,0.0,1.0,2.0,1.0,1.0,5.0,3.0,4.0,2.0,8.0,0.0,0.0,0.0,2.0,100.0,100.0,0.0,0.0,118101.0,39190.0,11500.0,44321.0,0,0
69673,22400.0,0.1524,535.73,2,130000.0,1,1,n,8.37,2.0,1.0,13.0,1.0,21981.0,25.0,0,19165.23,19165.23,6390.83,6390.83,3234.77,3156.06,0.0,0.0,0.0,535.73,0.0,1.0,1,0.0,0.0,684289.0,1.0,1.0,1.0,2.0,5.0,7499.0,94.0,2.0,2.0,6791.0,51.0,49500.0,2.0,1.0,2.0,6.0,57024.0,23419.0,48.4,0.0,0.0,80.0,178.0,7.0,5.0,3.0,7.0,5.0,0.0,6.0,6.0,8.0,12.0,7.0,11.0,15.0,6.0,13.0,0.0,0.0,0.0,3.0,91.7,12.5,1.0,0.0,721250.0,29480.0,45400.0,8000.0,0,0
33361,3025.0,0.0646,92.66,2,86000.0,0,1,n,18.7,0.0,1.0,22.0,0.0,12298.0,54.0,1,2155.01,2155.01,1016.55,1016.55,869.99,146.56,0.0,0.0,0.0,92.66,0.0,1.0,1,0.0,0.0,264897.0,0.0,5.0,0.0,1.0,16.0,35169.0,55.0,1.0,2.0,3596.0,37.0,65800.0,2.0,0.0,6.0,5.0,12041.0,41502.0,22.9,0.0,0.0,126.0,140.0,7.0,7.0,5.0,7.0,6.0,0.0,7.0,7.0,11.0,20.0,14.0,16.0,35.0,7.0,22.0,0.0,0.0,0.0,2.0,100.0,9.1,0.0,0.0,349641.0,47467.0,53800.0,63841.0,0,0
5130,10625.0,0.08810000000000001,336.94,3,60000.0,1,1,n,21.72,0.0,0.0,18.0,0.0,5129.0,23.0,0,7948.41,7948.41,3364.2,3364.2,2676.59,687.61,0.0,0.0,0.0,336.94,0.0,1.0,1,0.0,846.0,49713.0,0.0,6.0,0.0,3.0,19.0,44584.0,81.0,3.0,5.0,1661.0,68.0,18300.0,3.0,3.0,1.0,8.0,2762.0,8623.0,16.3,0.0,0.0,87.0,69.0,7.0,7.0,0.0,7.0,7.0,0.0,3.0,4.0,8.0,8.0,9.0,12.0,14.0,4.0,18.0,0.0,0.0,0.0,3.0,95.7,12.5,0.0,0.0,73361.0,49713.0,10300.0,55061.0,0,0
37261,7000.0,0.1033,226.96,2,80000.0,0,1,n,12.0,1.0,1.0,5.0,0.0,817.0,13.0,0,5085.28,5085.28,2492.54,2492.54,1914.72,577.82,0.0,0.0,0.0,226.96,0.0,1.0,1,0.0,0.0,143191.0,1.0,2.0,0.0,2.0,22.0,16401.0,55.0,1.0,1.0,817.0,51.0,3500.0,2.0,0.0,1.0,3.0,28638.0,2183.0,27.2,0.0,0.0,91.0,202.0,6.0,6.0,2.0,6.0,6.0,2.0,1.0,1.0,1.0,4.0,4.0,2.0,6.0,1.0,5.0,0.0,0.0,0.0,1.0,61.5,0.0,0.0,0.0,209628.0,17218.0,3000.0,29998.0,0,0
5760,17000.0,0.1171,562.3,1,47082.28,0,1,n,25.03,0.0,0.0,9.0,0.0,16664.0,12.0,0,12857.24,12857.24,5611.94,5611.94,4142.76,1469.18,0.0,0.0,0.0,562.3,0.0,1.0,1,0.0,0.0,26275.0,0.0,2.0,0.0,0.0,25.0,9611.0,49.0,0.0,1.0,5787.0,61.0,23600.0,0.0,3.0,4.0,1.0,2919.0,3535.0,76.4,0.0,0.0,56.0,78.0,22.0,22.0,0.0,36.0,9.0,0.0,3.0,6.0,3.0,3.0,4.0,7.0,8.0,6.0,9.0,0.0,0.0,0.0,0.0,100.0,66.7,0.0,0.0,43400.0,26275.0,15000.0,19800.0,0,0
56730,15000.0,0.124,336.71,2,87000.0,0,1,n,12.94,0.0,2.0,19.0,0.0,21825.0,37.0,0,13419.77,13419.77,3356.77,3356.77,1580.23,1776.54,0.0,0.0,0.0,336.71,0.0,1.0,1,0.0,0.0,318887.0,1.0,1.0,0.0,2.0,15.0,1252.0,10.0,1.0,1.0,11026.0,25.0,80800.0,0.0,0.0,2.0,5.0,16784.0,47978.0,29.9,0.0,0.0,128.0,219.0,5.0,5.0,5.0,5.0,0.0,0.0,6.0,8.0,10.0,13.0,10.0,15.0,22.0,8.0,19.0,0.0,0.0,0.0,1.0,97.3,0.0,0.0,0.0,421857.0,23077.0,68400.0,12207.0,0,0
2328,3900.0,0.14300000000000002,133.87,1,64203.0,1,1,n,12.58,0.0,1.0,6.0,0.0,6552.0,17.0,0,2977.66,2977.66,1335.6,1335.6,922.34,413.26,0.0,0.0,0.0,133.87,0.0,1.0,1,0.0,0.0,13486.0,2.0,2.0,1.0,3.0,3.0,6934.0,63.0,2.0,2.0,612.0,45.0,18900.0,0.0,9.0,1.0,5.0,2248.0,10088.0,5.7,0.0,0.0,572.0,248.0,2.0,2.0,0.0,8.0,3.0,0.0,1.0,3.0,2.0,3.0,11.0,4.0,6.0,3.0,6.0,0.0,0.0,0.0,3.0,100.0,0.0,0.0,0.0,29900.0,13486.0,10700.0,11000.0,0,0
52534,22400.0,0.0702,691.86,2,100000.0,0,1,n,23.51,0.0,1.0,13.0,0.0,14709.0,23.0,0,15449.35,15449.35,8293.58,8293.58,6950.65,1342.93,0.0,0.0,0.0,691.86,0.0,1.0,0,0.0,0.0,326128.0,1.0,3.0,2.0,2.0,5.0,49788.0,75.0,0.0,2.0,8508.0,53.0,56200.0,1.0,3.0,1.0,4.0,25087.0,22096.0,36.3,0.0,0.0,119.0,214.0,14.0,5.0,4.0,19.0,5.0,0.0,3.0,7.0,5.0,6.0,8.0,9.0,11.0,7.0,13.0,0.0,0.0,0.0,2.0,100.0,40.0,0.0,0.0,435508.0,64497.0,34700.0,66689.0,0,0
75962,3600.0,0.16949999999999998,128.27,1,100000.0,0,1,n,14.52,0.0,0.0,17.0,0.0,11936.0,24.0,0,2543.68,2543.68,1582.46,1582.46,1056.32,526.14,0.0,0.0,0.0,128.27,0.0,1.0,1,0.0,80.0,46102.0,1.0,7.0,3.0,3.0,5.0,34166.0,85.0,3.0,5.0,1657.0,75.0,21500.0,1.0,0.0,2.0,8.0,2712.0,1254.0,70.8,0.0,0.0,106.0,79.0,7.0,5.0,0.0,7.0,7.0,0.0,2.0,10.0,2.0,3.0,12.0,10.0,12.0,10.0,17.0,0.0,0.0,0.0,6.0,100.0,50.0,0.0,0.0,61785.0,46102.0,4300.0,40285.0,0,0
35836,7000.0,0.0819,142.58,1,110000.0,1,1,n,12.56,1.0,1.0,8.0,0.0,6761.0,9.0,0,5925.94,5925.94,1565.2,1565.2,1074.06,491.14,0.0,0.0,0.0,142.58,0.0,1.0,1,0.0,0.0,59569.0,1.0,1.0,1.0,2.0,9.0,52808.0,78.0,1.0,2.0,4748.0,51.0,26100.0,2.0,1.0,7.0,4.0,8510.0,19339.0,25.9,0.0,0.0,19.0,47.0,2.0,2.0,0.0,2.0,2.0,0.0,4.0,4.0,6.0,7.0,2.0,6.0,7.0,4.0,8.0,0.0,0.0,0.0,2.0,88.9,0.0,0.0,0.0,86342.0,59569.0,26100.0,60242.0,0,0
37532,12000.0,0.2565,481.26,2,35000.0,0,1,n,39.71,0.0,1.0,15.0,0.0,11382.0,28.0,0,9245.72,9245.72,5276.76,5276.76,2754.28,2522.48,0.0,0.0,0.0,481.26,0.0,1.0,1,0.0,0.0,109699.0,2.0,2.0,1.0,2.0,6.0,31211.0,84.0,2.0,4.0,3743.0,69.0,25200.0,3.0,1.0,7.0,6.0,7313.0,8114.0,54.7,0.0,0.0,134.0,152.0,6.0,6.0,1.0,6.0,6.0,0.0,4.0,6.0,5.0,8.0,7.0,12.0,20.0,6.0,15.0,0.0,0.0,0.0,3.0,96.4,40.0,0.0,0.0,132390.0,42593.0,17900.0,36969.0,0,0
45879,5000.0,0.0756,155.67,1,58000.0,0,1,n,19.59,0.0,1.0,11.0,1.0,6009.0,32.0,0,3603.7,3603.7,1710.27,1710.27,1396.3,313.97,0.0,0.0,0.0,155.67,0.0,1.0,1,0.0,0.0,31894.0,1.0,3.0,2.0,3.0,1.0,25885.0,82.0,0.0,1.0,2879.0,52.0,29900.0,2.0,0.0,2.0,4.0,2899.0,4121.0,41.1,0.0,0.0,129.0,420.0,20.0,1.0,0.0,72.0,1.0,0.0,1.0,4.0,1.0,4.0,13.0,8.0,19.0,4.0,11.0,0.0,0.0,0.0,2.0,100.0,0.0,1.0,0.0,61551.0,31894.0,7000.0,31651.0,0,0
51057,8000.0,0.1308,269.86,3,31200.0,0,1,n,31.69,0.0,1.0,6.0,0.0,8577.0,13.0,0,5671.78,5671.78,3232.51,3232.51,2328.22,904.29,0.0,0.0,0.0,269.86,0.0,1.0,1,0.0,0.0,15792.0,1.0,1.0,0.0,0.0,67.0,7215.0,21.0,2.0,5.0,2578.0,31.0,16300.0,1.0,0.0,2.0,5.0,2632.0,5335.0,56.6,0.0,0.0,148.0,151.0,3.0,3.0,3.0,3.0,0.0,0.0,4.0,5.0,4.0,7.0,2.0,5.0,8.0,5.0,6.0,0.0,0.0,0.0,2.0,92.3,0.0,0.0,0.0,50884.0,15792.0,12300.0,34584.0,0,0
39034,5875.0,0.2565,235.62,1,110000.0,1,1,n,27.2,0.0,0.0,5.0,0.0,10305.0,15.0,0,0.0,0.0,6127.2,6127.2,5875.0,252.2,0.0,0.0,0.0,190.95,0.0,1.0,1,0.0,0.0,73093.0,1.0,3.0,2.0,5.0,4.0,45105.0,86.0,0.0,0.0,10305.0,87.0,10200.0,2.0,0.0,0.0,5.0,14619.0,0.0,101.0,0.0,0.0,137.0,348.0,29.0,4.0,1.0,29.0,15.0,0.0,1.0,1.0,1.0,2.0,11.0,1.0,2.0,1.0,5.0,0.0,0.0,0.0,2.0,73.3,100.0,0.0,0.0,84312.0,73093.0,10200.0,52640.0,0,0
39170,12750.0,0.08810000000000001,404.33,2,130000.0,0,1,n,16.48,1.0,0.0,14.0,0.0,21966.0,21.0,0,0.0,0.0,13604.95,13604.95,12750.0,854.95,0.0,0.0,0.0,9972.22,0.0,1.0,1,0.0,0.0,285327.0,0.0,3.0,0.0,2.0,21.0,32211.0,79.0,1.0,3.0,9279.0,74.0,28400.0,1.0,0.0,0.0,5.0,20381.0,2925.0,86.1,0.0,0.0,130.0,147.0,11.0,11.0,4.0,14.0,15.0,1.0,6.0,8.0,6.0,6.0,7.0,8.0,8.0,8.0,14.0,0.0,0.0,1.0,1.0,95.2,50.0,0.0,0.0,321502.0,60205.0,21000.0,40999.0,0,0
73613,22400.0,0.08810000000000001,710.34,1,150000.0,1,1,n,31.55,0.0,2.0,19.0,0.0,15502.0,37.0,0,15578.27,15578.27,8513.12,8513.12,6821.73,1691.39,0.0,0.0,0.0,710.34,0.0,1.0,1,0.0,375.0,116807.0,4.0,4.0,2.0,3.0,4.0,101305.0,80.0,3.0,4.0,5355.0,50.0,80100.0,3.0,1.0,5.0,7.0,6148.0,60132.0,18.2,0.0,0.0,176.0,248.0,4.0,4.0,0.0,4.0,4.0,0.0,5.0,7.0,10.0,17.0,11.0,14.0,25.0,7.0,19.0,0.0,0.0,0.0,5.0,94.6,10.0,0.0,0.0,216457.0,116807.0,73500.0,132566.0,0,0
73902,24000.0,0.17739999999999995,864.54,2,40000.0,0,1,n,29.01,0.0,0.0,12.0,0.0,26569.0,14.0,0,19273.65,19273.65,8621.75,8621.75,4726.35,3895.4,0.0,0.0,0.0,864.54,0.0,1.0,1,0.0,0.0,29687.0,1.0,1.0,0.0,0.0,27.0,3118.0,31.0,2.0,5.0,6481.0,36.0,72900.0,0.0,0.0,1.0,5.0,2474.0,37531.0,41.4,0.0,0.0,27.0,97.0,3.0,3.0,0.0,19.0,7.0,0.0,8.0,8.0,8.0,9.0,1.0,11.0,13.0,8.0,12.0,0.0,0.0,0.0,2.0,100.0,12.5,0.0,0.0,82900.0,29687.0,64100.0,10000.0,0,0
18309,6500.0,0.14300000000000002,223.11,1,32520.0,0,1,n,26.05,0.0,0.0,9.0,0.0,4597.0,16.0,0,87.74,87.74,7125.94,7125.94,6412.26,713.68,0.0,0.0,0.0,5123.11,0.0,1.0,0,0.0,799.0,15920.0,0.0,4.0,2.0,3.0,8.0,11323.0,47.0,0.0,0.0,0.0,50.0,7700.0,2.0,4.0,2.0,3.0,1769.0,2300.0,0.0,0.0,0.0,197.0,445.0,26.0,8.0,0.0,45.0,8.0,0.0,0.0,3.0,2.0,5.0,6.0,5.0,10.0,3.0,9.0,0.0,0.0,0.0,2.0,100.0,0.0,0.0,0.0,31601.0,15920.0,2300.0,23901.0,0,0
15690,12500.0,0.1033,405.28,3,71500.0,1,1,n,24.2,0.0,0.0,14.0,0.0,13806.0,19.0,1,9447.86,9447.86,4045.63,4045.63,3052.14,993.49,0.0,0.0,0.0,405.28,0.0,1.0,1,0.0,0.0,207337.0,1.0,3.0,1.0,1.0,12.0,56376.0,65.0,1.0,4.0,3325.0,61.0,24600.0,1.0,6.0,2.0,6.0,14810.0,7445.0,61.4,0.0,0.0,67.0,186.0,3.0,3.0,1.0,15.0,12.0,0.0,6.0,9.0,6.0,6.0,8.0,10.0,10.0,9.0,14.0,0.0,0.0,0.0,3.0,100.0,66.7,0.0,0.0,235924.0,70182.0,19300.0,71324.0,0,0
24848,15000.0,0.17739999999999995,540.34,1,50000.0,1,1,n,29.57,0.0,0.0,13.0,0.0,14050.0,26.0,0,10532.16,10532.16,6528.96,6528.96,4467.84,2061.12,0.0,0.0,0.0,540.34,0.0,1.0,1,0.0,0.0,51703.0,2.0,2.0,1.0,1.0,3.0,37653.0,92.0,1.0,1.0,2716.0,75.0,28300.0,0.0,0.0,4.0,2.0,3977.0,6414.0,58.6,0.0,0.0,86.0,77.0,0.0,0.0,0.0,0.0,3.0,0.0,6.0,9.0,7.0,13.0,2.0,11.0,24.0,9.0,13.0,0.0,0.0,0.0,2.0,100.0,57.1,0.0,0.0,69043.0,51703.0,15500.0,40743.0,0,0
42751,5000.0,0.1102,163.75,1,69360.0,0,1,n,2.72,0.0,0.0,6.0,0.0,3370.0,6.0,0,3667.81,3667.81,1798.19,1798.19,1332.19,466.0,0.0,0.0,0.0,163.75,0.0,1.0,1,0.0,0.0,9814.0,0.0,2.0,0.0,0.0,133.0,6444.0,117.0,0.0,2.0,1409.0,102.0,4100.0,0.0,0.0,0.0,2.0,1636.0,430.0,88.7,0.0,0.0,133.0,47.0,14.0,14.0,0.0,14.0,14.0,0.0,3.0,3.0,3.0,3.0,2.0,4.0,4.0,3.0,6.0,0.0,0.0,0.0,0.0,100.0,66.7,0.0,0.0,9600.0,9814.0,3800.0,5500.0,0,0
74113,20000.0,0.14300000000000002,468.49,2,85000.0,0,1,n,29.22,0.0,0.0,25.0,0.0,44765.0,51.0,0,17049.71,17049.71,5605.99,5605.99,2950.29,2655.7,0.0,0.0,0.0,468.49,0.0,1.0,1,0.0,514.0,309189.0,2.0,2.0,1.0,2.0,6.0,6655.0,28.0,2.0,4.0,4921.0,52.0,75400.0,1.0,10.0,1.0,6.0,12368.0,18111.0,50.2,0.0,0.0,210.0,586.0,2.0,2.0,4.0,2.0,8.0,0.0,9.0,17.0,10.0,12.0,15.0,21.0,32.0,17.0,25.0,0.0,0.0,0.0,3.0,100.0,40.0,0.0,0.0,380407.0,51420.0,36400.0,23760.0,0,0
26424,23000.0,0.1033,492.43,2,124000.0,0,1,n,14.24,1.0,0.0,13.0,0.0,22891.0,33.0,0,19631.88,19631.88,5403.53,5403.53,3368.12,2035.41,0.0,0.0,0.0,492.43,0.0,1.0,1,0.0,0.0,319818.0,1.0,2.0,0.0,1.0,23.0,42237.0,39.0,4.0,4.0,17390.0,48.0,44600.0,0.0,1.0,2.0,6.0,24601.0,11729.0,65.5,0.0,0.0,234.0,206.0,5.0,5.0,4.0,5.0,9.0,0.0,4.0,6.0,4.0,5.0,12.0,10.0,17.0,6.0,13.0,0.0,0.0,0.0,5.0,74.2,25.0,0.0,0.0,368345.0,65128.0,34000.0,65545.0,0,0
31523,3025.0,0.0819,95.06,3,47000.0,0,1,n,31.77,0.0,1.0,23.0,1.0,2842.0,26.0,0,2379.05,2379.05,854.16,854.16,645.95,208.21,0.0,0.0,0.0,95.06,0.0,1.0,1,0.0,0.0,54744.0,3.0,7.0,2.0,3.0,5.0,51902.0,87.0,2.0,5.0,0.0,56.0,38600.0,2.0,0.0,1.0,8.0,2737.0,17600.0,0.0,0.0,0.0,125.0,172.0,2.0,2.0,0.0,2.0,6.0,0.0,0.0,6.0,4.0,4.0,8.0,14.0,16.0,6.0,23.0,0.0,0.0,0.0,4.0,100.0,0.0,1.0,0.0,98137.0,54744.0,17600.0,59537.0,0,0
36967,15000.0,0.08810000000000001,475.68,3,85000.0,1,1,n,14.56,0.0,2.0,19.0,0.0,15164.0,42.0,0,10827.98,10827.98,5225.14,5225.14,4172.02,1053.12,0.0,0.0,0.0,475.68,0.0,1.0,1,0.0,0.0,524158.0,3.0,1.0,1.0,1.0,4.0,18995.0,95.0,1.0,1.0,6407.0,45.0,55400.0,2.0,1.0,7.0,3.0,27587.0,20548.0,41.0,0.0,0.0,129.0,107.0,3.0,3.0,4.0,34.0,2.0,0.0,5.0,6.0,12.0,17.0,6.0,17.0,32.0,6.0,19.0,0.0,0.0,0.0,3.0,100.0,41.7,0.0,0.0,567730.0,34159.0,34800.0,20000.0,0,0
45077,21275.0,0.08810000000000001,674.66,3,185000.0,0,1,n,25.79,0.0,1.0,12.0,1.0,39582.0,28.0,1,15357.84,15357.84,7400.43,7400.43,5917.16,1483.27,0.0,0.0,0.0,674.66,0.0,1.0,1,0.0,0.0,82904.0,2.0,3.0,1.0,2.0,9.0,43322.0,13.0,2.0,2.0,12582.0,36.0,76900.0,0.0,1.0,2.0,4.0,6909.0,37318.0,51.5,0.0,0.0,120.0,150.0,2.0,2.0,2.0,2.0,5.0,0.0,7.0,7.0,9.0,9.0,16.0,9.0,10.0,7.0,12.0,0.0,0.0,0.0,3.0,100.0,33.3,1.0,0.0,175900.0,82904.0,76900.0,99000.0,0,0
50417,3500.0,0.17739999999999995,126.08,1,30500.0,0,1,n,36.4,0.0,1.0,9.0,1.0,3945.0,15.0,0,0.0,0.0,3803.65,3803.65,3500.0,303.65,0.0,0.0,0.0,3176.7,0.0,1.0,0,0.0,0.0,24768.0,3.0,2.0,2.0,4.0,3.0,20823.0,92.0,1.0,2.0,3900.0,51.0,25700.0,3.0,0.0,1.0,6.0,2752.0,17600.0,18.1,0.0,0.0,73.0,106.0,3.0,3.0,0.0,3.0,3.0,0.0,1.0,2.0,4.0,5.0,7.0,7.0,8.0,2.0,9.0,0.0,0.0,0.0,3.0,100.0,0.0,1.0,0.0,48263.0,24768.0,21500.0,22563.0,0,0
58596,14000.0,0.1033,453.92,2,50000.0,1,1,n,25.2,1.0,0.0,11.0,0.0,13430.0,27.0,0,9806.46,9806.46,5439.01,5439.01,4193.54,1245.47,0.0,0.0,0.0,453.92,0.0,1.0,1,0.0,117.0,52370.0,1.0,3.0,0.0,2.0,21.0,12500.0,50.0,1.0,1.0,7315.0,53.0,23600.0,0.0,4.0,1.0,3.0,4761.0,6310.0,67.3,0.0,0.0,124.0,91.0,1.0,1.0,1.0,1.0,12.0,0.0,4.0,7.0,4.0,7.0,12.0,7.0,14.0,7.0,11.0,0.0,0.0,0.0,1.0,77.8,25.0,0.0,0.0,131271.0,25930.0,19300.0,25271.0,0,0
63332,22000.0,0.0819,691.33,2,125000.0,0,1,n,14.44,2.0,0.0,9.0,0.0,14440.0,18.0,0,15256.44,15256.44,8285.95,8285.95,6743.56,1542.39,0.0,0.0,0.0,691.33,0.0,1.0,1,0.0,0.0,353282.0,1.0,1.0,0.0,1.0,13.0,7334.0,73.0,1.0,1.0,4701.0,75.0,19600.0,1.0,0.0,0.0,2.0,39254.0,2275.0,82.5,0.0,0.0,156.0,241.0,6.0,6.0,2.0,6.0,13.0,1.0,4.0,6.0,4.0,4.0,7.0,6.0,8.0,6.0,9.0,0.0,0.0,1.0,1.0,83.3,50.0,0.0,0.0,395643.0,29761.0,13000.0,10000.0,0,0
34911,18000.0,0.1612,633.9,2,30000.0,0,1,n,7.08,0.0,0.0,7.0,0.0,3554.0,19.0,0,14757.53,14757.53,5664.8,5664.8,3242.47,2422.33,0.0,0.0,0.0,633.9,0.0,1.0,0,0.0,0.0,8556.0,1.0,2.0,0.0,0.0,36.0,5002.0,79.0,1.0,2.0,2333.0,28.0,23800.0,0.0,0.0,1.0,2.0,1222.0,18746.0,15.9,0.0,0.0,81.0,124.0,4.0,4.0,0.0,4.0,7.0,0.0,3.0,3.0,4.0,11.0,5.0,5.0,14.0,3.0,7.0,0.0,0.0,0.0,1.0,94.7,0.0,0.0,0.0,30133.0,8556.0,22300.0,6333.0,0,0
40093,22000.0,0.1102,720.47,2,60000.0,1,1,n,31.08,0.0,2.0,15.0,0.0,18963.0,40.0,0,16028.0,16028.0,7898.23,7898.23,5972.0,1926.23,0.0,0.0,0.0,720.47,0.0,1.0,1,0.0,0.0,239728.0,3.0,5.0,1.0,1.0,6.0,80075.0,67.0,6.0,13.0,13180.0,66.0,29600.0,0.0,0.0,4.0,14.0,15982.0,4383.0,76.7,0.0,0.0,145.0,117.0,2.0,2.0,2.0,12.0,2.0,0.0,2.0,4.0,2.0,8.0,14.0,8.0,24.0,4.0,15.0,0.0,0.0,0.0,7.0,100.0,50.0,0.0,0.0,282081.0,99038.0,18800.0,99948.0,0,0
46218,40000.0,0.1171,883.93,2,120000.0,1,1,n,11.48,0.0,1.0,18.0,0.0,16134.0,33.0,0,34297.61,34297.61,9697.21,9697.21,5702.39,3994.82,0.0,0.0,0.0,883.93,0.0,1.0,0,0.0,0.0,422627.0,2.0,2.0,1.0,1.0,10.0,70979.0,83.0,3.0,5.0,7203.0,24.0,85400.0,0.0,4.0,2.0,7.0,23479.0,41572.0,22.0,0.0,0.0,250.0,63.0,5.0,5.0,2.0,5.0,5.0,1.0,4.0,5.0,8.0,8.0,9.0,15.0,21.0,5.0,18.0,0.0,0.0,0.0,4.0,93.9,0.0,0.0,0.0,498767.0,87113.0,53300.0,73367.0,0,0
58005,11000.0,0.1308,250.74,1,55000.0,0,1,n,22.45,0.0,0.0,5.0,0.0,10181.0,7.0,0,9305.27,9305.27,3000.89,3000.89,1694.73,1306.16,0.0,0.0,0.0,250.74,0.0,1.0,1,0.0,0.0,17540.0,0.0,2.0,0.0,1.0,14.0,7359.0,21.0,0.0,0.0,10181.0,30.0,23000.0,1.0,0.0,0.0,1.0,3508.0,12819.0,44.3,0.0,0.0,66.0,117.0,54.0,14.0,0.0,54.0,14.0,0.0,1.0,1.0,3.0,3.0,3.0,3.0,4.0,1.0,5.0,0.0,0.0,0.0,0.0,100.0,33.3,0.0,0.0,57638.0,17540.0,23000.0,34638.0,0,0
48137,5000.0,0.0646,153.16,1,96000.0,1,1,n,9.85,0.0,1.0,19.0,0.0,1262.0,26.0,0,3573.31,3573.31,1681.17,1681.17,1426.69,254.48,0.0,0.0,0.0,0.0,0.0,1.0,1,0.0,0.0,50867.0,1.0,10.0,1.0,2.0,5.0,49605.0,77.0,0.0,0.0,1036.0,49.0,38900.0,2.0,0.0,3.0,2.0,2677.0,24740.0,4.8,0.0,0.0,135.0,118.0,72.0,5.0,0.0,76.0,2.0,0.0,4.0,5.0,6.0,7.0,15.0,9.0,11.0,5.0,19.0,0.0,0.0,0.0,1.0,100.0,0.0,0.0,0.0,103517.0,50867.0,26000.0,64617.0,0,0
22459,40000.0,0.08810000000000001,1268.46,3,195000.0,1,1,n,23.57,0.0,0.0,18.0,0.0,62819.0,33.0,0,28874.86,28874.86,13913.9,13913.9,11125.14,2788.76,0.0,0.0,0.0,1268.46,0.0,1.0,1,0.0,0.0,236025.0,0.0,7.0,0.0,1.0,18.0,42399.0,48.0,1.0,1.0,14385.0,64.0,77000.0,0.0,0.0,2.0,2.0,13113.0,9572.0,85.0,0.0,0.0,115.0,105.0,8.0,8.0,4.0,8.0,4.0,0.0,7.0,10.0,7.0,10.0,11.0,10.0,18.0,10.0,18.0,0.0,0.0,0.0,1.0,100.0,85.7,0.0,0.0,307921.0,105218.0,64000.0,87946.0,0,0
43061,10000.0,0.2305,387.36,1,72000.0,0,1,n,37.77,0.0,0.0,12.0,0.0,10204.0,26.0,1,7745.05,7745.05,4248.15,4248.15,2254.95,1993.2,0.0,0.0,0.0,387.36,1.0,1.0,1,0.0,117.0,68812.0,1.0,5.0,0.0,2.0,13.0,58608.0,55.0,1.0,2.0,4426.0,57.0,13300.0,1.0,5.0,1.0,5.0,5734.0,2906.0,76.0,0.0,0.0,107.0,88.0,10.0,5.0,0.0,10.0,5.0,0.0,5.0,6.0,5.0,5.0,17.0,6.0,8.0,6.0,12.0,0.0,0.0,0.0,2.0,96.0,40.0,0.0,0.0,121527.0,68812.0,12100.0,106272.0,0,0
64240,12000.0,0.0646,367.57,3,155000.0,0,1,n,7.59,0.0,2.0,14.0,0.0,10569.0,44.0,0,8260.38,8260.38,4424.91,4424.91,3739.62,666.91,18.38,0.0,0.0,367.57,0.0,1.0,1,0.0,0.0,440960.0,4.0,4.0,4.0,6.0,6.0,41430.0,89.0,2.0,4.0,7105.0,69.0,28200.0,2.0,0.0,5.0,12.0,31497.0,7934.0,49.1,0.0,0.0,126.0,280.0,4.0,4.0,7.0,4.0,4.0,0.0,3.0,6.0,6.0,19.0,8.0,9.0,29.0,6.0,14.0,0.0,0.0,0.0,7.0,97.7,16.7,0.0,0.0,466222.0,51999.0,15600.0,46794.0,0,0
59979,21275.0,0.1612,749.23,3,50000.0,0,1,n,32.21,0.0,0.0,12.0,0.0,28449.0,27.0,0,15405.28,15405.28,8943.13,8943.13,5869.72,3073.41,0.0,0.0,0.0,749.23,0.0,1.0,1,0.0,0.0,39174.0,0.0,1.0,0.0,1.0,20.0,10725.0,54.0,0.0,0.0,6191.0,52.0,54700.0,1.0,3.0,0.0,1.0,3265.0,22574.0,51.7,0.0,0.0,61.0,161.0,28.0,20.0,0.0,28.0,20.0,0.0,6.0,7.0,9.0,14.0,5.0,11.0,22.0,7.0,12.0,0.0,0.0,0.0,0.0,100.0,33.3,0.0,0.0,74700.0,39174.0,46700.0,20000.0,0,0
5715,4000.0,0.1308,134.93,2,51000.0,1,1,n,36.26,0.0,1.0,11.0,0.0,4116.0,25.0,0,3040.58,3040.58,1346.39,1346.39,959.42,386.97,0.0,0.0,0.0,134.93,0.0,1.0,1,0.0,0.0,108693.0,4.0,3.0,1.0,3.0,9.0,62522.0,85.0,5.0,7.0,1560.0,72.0,12800.0,2.0,0.0,3.0,10.0,9881.0,4156.0,44.6,0.0,0.0,72.0,241.0,4.0,4.0,2.0,4.0,5.0,0.0,3.0,5.0,4.0,5.0,14.0,7.0,9.0,5.0,11.0,0.0,0.0,0.0,6.0,96.0,25.0,0.0,0.0,146894.0,66638.0,7500.0,81794.0,0,0
71471,12000.0,0.2055,321.62,1,97000.0,0,1,n,25.03,0.0,1.0,11.0,0.0,32664.0,16.0,0,10467.53,10467.53,3845.74,3845.74,1532.47,2313.27,0.0,0.0,0.0,321.62,0.0,1.0,1,0.0,0.0,81634.0,2.0,3.0,3.0,5.0,3.0,48970.0,96.0,1.0,2.0,14875.0,75.0,57800.0,3.0,0.0,3.0,7.0,8163.0,19136.0,63.1,0.0,0.0,37.0,358.0,8.0,3.0,0.0,18.0,3.0,0.0,4.0,4.0,5.0,6.0,7.0,8.0,9.0,4.0,11.0,0.0,0.0,0.0,4.0,100.0,25.0,0.0,0.0,109031.0,81634.0,51800.0,51231.0,0,0
33314,6375.0,0.28800000000000003,266.46,2,104000.0,1,1,n,27.95,0.0,0.0,8.0,0.0,33864.0,20.0,0,0.0,0.0,6902.38,6902.38,6375.0,527.38,0.0,0.0,0.0,6394.96,0.0,1.0,1,0.0,0.0,235733.0,0.0,4.0,2.0,4.0,7.0,66652.0,68.0,0.0,0.0,6073.0,81.0,33800.0,2.0,10.0,0.0,4.0,29467.0,0.0,100.3,0.0,0.0,173.0,207.0,42.0,7.0,1.0,42.0,16.0,0.0,2.0,3.0,2.0,5.0,12.0,3.0,7.0,3.0,8.0,0.0,0.0,0.0,2.0,100.0,100.0,0.0,0.0,278003.0,100516.0,9800.0,83828.0,0,0
72482,16000.0,0.08810000000000001,330.67,2,150000.0,1,1,n,16.45,0.0,1.0,6.0,0.0,12132.0,11.0,0,13335.69,13335.69,3960.21,3960.21,2664.31,1295.9,0.0,0.0,0.0,330.67,0.0,1.0,1,0.0,0.0,321613.0,0.0,3.0,1.0,2.0,7.0,82288.0,93.0,0.0,1.0,10571.0,85.0,15000.0,1.0,6.0,3.0,3.0,53602.0,929.0,91.9,0.0,0.0,93.0,92.0,16.0,7.0,1.0,48.0,1.0,0.0,1.0,2.0,1.0,2.0,7.0,2.0,3.0,2.0,6.0,0.0,0.0,0.0,1.0,100.0,100.0,0.0,0.0,356575.0,94420.0,11500.0,103959.0,0,0
63654,28000.0,0.14300000000000002,655.88,1,48000.0,0,1,n,31.33,0.0,1.0,17.0,0.0,19759.0,27.0,0,23937.11,23937.11,7848.32,7848.32,4062.89,3785.43,0.0,0.0,0.0,655.88,0.0,1.0,1,0.0,0.0,59580.0,1.0,2.0,2.0,3.0,6.0,39821.0,91.0,1.0,5.0,14572.0,40.0,104700.0,4.0,0.0,8.0,8.0,3505.0,78503.0,20.0,0.0,0.0,212.0,268.0,10.0,6.0,0.0,15.0,6.0,0.0,7.0,9.0,11.0,12.0,9.0,15.0,18.0,9.0,17.0,0.0,0.0,0.0,3.0,100.0,0.0,0.0,0.0,148377.0,59580.0,98100.0,43677.0,0,0
10053,22000.0,0.1102,478.56,2,79999.0,0,1,n,36.36,0.0,2.0,16.0,0.0,18881.0,36.0,0,19117.61,19117.61,4758.66,4758.66,2882.39,1876.27,0.0,0.0,0.0,478.56,0.0,1.0,1,0.0,0.0,185574.0,2.0,5.0,2.0,5.0,2.0,55666.0,76.0,0.0,0.0,5524.0,56.0,60100.0,4.0,6.0,3.0,5.0,11598.0,38419.0,33.0,0.0,0.0,136.0,262.0,31.0,2.0,2.0,31.0,2.0,0.0,9.0,9.0,9.0,15.0,17.0,10.0,17.0,9.0,16.0,0.0,0.0,0.0,2.0,100.0,11.1,0.0,0.0,283433.0,74547.0,57300.0,73333.0,0,0
47981,12000.0,0.0756,373.61,1,85000.0,1,1,n,23.11,0.0,1.0,19.0,1.0,16165.0,34.0,0,8616.57,8616.57,4099.63,4099.63,3383.43,716.2,0.0,0.0,0.0,0.0,0.0,1.0,1,0.0,0.0,55518.0,3.0,3.0,0.0,1.0,22.0,39353.0,53.0,5.0,9.0,9289.0,45.0,49800.0,1.0,3.0,3.0,10.0,2922.0,24772.0,39.1,0.0,0.0,129.0,156.0,1.0,1.0,2.0,1.0,0.0,0.0,3.0,4.0,10.0,14.0,9.0,16.0,23.0,4.0,19.0,0.0,0.0,0.0,5.0,100.0,10.0,1.0,0.0,124505.0,55518.0,40700.0,74705.0,0,0
8527,17000.0,0.1308,387.5,1,113394.0,0,1,n,25.45,0.0,0.0,12.0,0.0,57191.0,33.0,0,14889.5,14889.5,3850.29,3850.29,2110.5,1739.79,0.0,0.0,0.0,387.5,0.0,1.0,1,0.0,0.0,129415.0,0.0,5.0,2.0,6.0,10.0,72224.0,76.0,0.0,1.0,7268.0,74.0,66400.0,2.0,0.0,1.0,7.0,10785.0,6107.0,70.8,0.0,0.0,158.0,303.0,13.0,10.0,0.0,13.0,10.0,0.0,4.0,6.0,4.0,11.0,18.0,6.0,14.0,6.0,12.0,0.0,0.0,0.0,2.0,93.9,50.0,0.0,0.0,161167.0,129415.0,20900.0,94767.0,0,0
66368,25250.0,0.0819,514.28,2,126000.0,0,1,n,16.51,1.0,1.0,18.0,0.0,15354.0,27.0,0,20989.02,20989.02,6159.87,6159.87,4260.98,1898.89,0.0,0.0,0.0,514.28,0.0,1.0,1,0.0,277.0,297478.0,0.0,3.0,2.0,2.0,9.0,57231.0,48.0,0.0,0.0,3520.0,23.0,97600.0,1.0,3.0,4.0,3.0,16527.0,80346.0,16.0,0.0,0.0,99.0,168.0,31.0,9.0,1.0,31.0,5.0,0.0,6.0,6.0,12.0,13.0,9.0,14.0,17.0,6.0,18.0,0.0,0.0,0.0,2.0,96.3,0.0,0.0,0.0,400589.0,72585.0,95700.0,74989.0,0,0
21931,40000.0,0.08810000000000001,1268.46,2,215000.0,1,1,n,21.1,0.0,0.0,25.0,0.0,70338.0,38.0,0,28874.86,28874.86,13913.9,13913.9,11125.14,2788.76,0.0,0.0,0.0,1268.46,0.0,1.0,1,0.0,0.0,273654.0,2.0,3.0,0.0,0.0,44.0,30366.0,37.0,2.0,3.0,7268.0,56.0,109100.0,0.0,0.0,0.0,3.0,11402.0,26367.0,69.9,0.0,0.0,96.0,213.0,1.0,1.0,1.0,1.0,14.0,0.0,15.0,20.0,15.0,21.0,5.0,21.0,32.0,20.0,25.0,0.0,0.0,0.0,2.0,100.0,60.0,0.0,0.0,407390.0,100704.0,87500.0,85290.0,0,0
60920,25000.0,0.0819,785.61,2,93000.0,0,1,n,28.1,1.0,1.0,19.0,0.0,10108.0,40.0,0,0.0,0.0,26540.63,26540.63,25000.0,1540.63,0.0,0.0,0.0,19498.58,0.0,1.0,1,0.0,797.0,58128.0,1.0,4.0,1.0,3.0,3.0,42367.0,49.0,1.0,2.0,10078.0,29.0,94700.0,1.0,0.0,1.0,5.0,3059.0,69192.0,12.7,0.0,0.0,163.0,337.0,9.0,3.0,1.0,14.0,3.0,0.0,2.0,2.0,6.0,10.0,15.0,14.0,24.0,2.0,19.0,0.0,0.0,0.0,2.0,95.0,0.0,0.0,0.0,252501.0,52475.0,79300.0,85801.0,0,0
10014,10400.0,0.14300000000000002,356.97,2,187000.0,1,1,n,25.8,0.0,2.0,22.0,0.0,38735.0,44.0,0,0.0,0.0,11087.39,11087.39,10400.0,687.39,0.0,0.0,0.0,9667.77,0.0,1.0,1,0.0,2045.0,650465.0,1.0,5.0,1.0,3.0,4.0,171248.0,84.0,2.0,6.0,12000.0,70.0,64900.0,2.0,0.0,2.0,11.0,29567.0,15501.0,66.8,0.0,0.0,172.0,138.0,11.0,4.0,1.0,11.0,4.0,2.0,6.0,10.0,8.0,11.0,25.0,14.0,17.0,10.0,22.0,0.0,0.0,0.0,3.0,93.0,37.5,0.0,0.0,713618.0,226209.0,46700.0,196973.0,0,0
68611,12625.0,0.1171,278.99,1,53000.0,0,1,n,1.29,0.0,1.0,9.0,0.0,1665.0,12.0,0,10651.84,10651.84,3331.45,3331.45,1973.16,1358.29,0.0,0.0,0.0,278.99,0.0,1.0,0,0.0,0.0,350983.0,1.0,1.0,0.0,0.0,77.0,11000.0,50.0,1.0,4.0,1040.0,22.0,35000.0,0.0,0.0,2.0,5.0,38998.0,28960.0,3.5,0.0,0.0,77.0,56.0,2.0,2.0,1.0,23.0,2.0,0.0,1.0,2.0,5.0,6.0,1.0,7.0,10.0,2.0,9.0,0.0,0.0,0.0,2.0,100.0,0.0,0.0,0.0,398195.0,12665.0,30000.0,22095.0,0,0
48729,33500.0,0.1524,1165.23,2,106000.0,1,1,n,26.72,0.0,2.0,20.0,0.0,23862.0,36.0,1,13919.94,13919.94,22898.71,22898.71,19580.06,3318.65,0.0,0.0,0.0,2155.23,0.0,1.0,1,0.0,3470.0,155105.0,3.0,5.0,0.0,1.0,19.0,81057.0,78.0,4.0,5.0,1575.0,68.0,41800.0,1.0,0.0,2.0,6.0,7755.0,9772.0,29.2,0.0,0.0,173.0,110.0,1.0,1.0,1.0,1.0,1.0,4.0,6.0,10.0,6.0,6.0,18.0,14.0,17.0,10.0,20.0,0.0,0.0,0.0,4.0,79.4,16.7,0.0,0.0,189502.0,104919.0,13800.0,83863.0,0,0
6487,14400.0,0.2055,539.2,1,123600.0,1,1,n,38.41,0.0,1.0,22.0,0.0,18410.0,39.0,0,11237.9,11237.9,5375.56,5375.56,3162.1,2213.46,0.0,0.0,0.0,539.2,0.0,1.0,1,0.0,0.0,155540.0,4.0,13.0,2.0,5.0,3.0,135696.0,78.0,2.0,5.0,8342.0,74.0,36000.0,1.0,0.0,2.0,10.0,7070.0,7872.0,62.9,0.0,0.0,157.0,372.0,6.0,3.0,0.0,6.0,6.0,0.0,3.0,7.0,3.0,5.0,19.0,8.0,19.0,7.0,22.0,0.0,0.0,0.0,4.0,94.9,66.7,0.0,0.0,258558.0,155540.0,21200.0,173182.0,0,0
52648,6400.0,0.16949999999999998,228.02,1,68500.0,1,1,n,38.24,1.0,0.0,13.0,0.0,35767.0,21.0,0,4614.02,4614.02,2730.21,2730.21,1785.98,944.23,0.0,0.0,0.0,228.02,0.0,1.0,1,0.0,0.0,57800.0,0.0,3.0,1.0,1.0,8.0,22033.0,43.0,0.0,2.0,11311.0,58.0,49100.0,1.0,3.0,1.0,3.0,4446.0,10027.0,75.5,0.0,0.0,192.0,106.0,18.0,8.0,0.0,18.0,8.0,0.0,6.0,9.0,7.0,7.0,9.0,10.0,11.0,9.0,13.0,0.0,0.0,0.0,1.0,95.2,57.1,0.0,0.0,100394.0,57800.0,41000.0,51294.0,0,0
7300,1200.0,0.2565,48.13,1,25000.0,1,1,n,15.07,0.0,1.0,10.0,0.0,2748.0,12.0,0,0.0,0.0,1227.3,1227.3,1200.0,27.3,0.0,0.0,0.0,1229.01,0.0,1.0,1,0.0,867.0,4802.0,2.0,1.0,1.0,1.0,8.0,2054.0,82.0,4.0,6.0,532.0,26.0,15900.0,0.0,0.0,4.0,7.0,480.0,6046.0,17.2,0.0,0.0,8.0,63.0,0.0,0.0,0.0,0.0,5.0,0.0,5.0,8.0,5.0,5.0,1.0,9.0,11.0,8.0,10.0,0.0,0.0,0.0,5.0,100.0,0.0,0.0,0.0,18400.0,4802.0,7300.0,2500.0,0,0
17055,30000.0,0.1612,731.46,2,110000.0,1,1,n,5.42,2.0,0.0,9.0,0.0,11062.0,24.0,0,26509.56,26509.56,7287.73,7287.73,3490.44,3797.29,0.0,0.0,0.0,731.46,0.0,1.0,1,0.0,0.0,361062.0,2.0,1.0,0.0,0.0,41.0,3843.0,34.0,1.0,1.0,7643.0,55.0,15500.0,0.0,1.0,3.0,2.0,40118.0,610.0,93.2,0.0,0.0,151.0,378.0,3.0,3.0,2.0,38.0,6.0,1.0,2.0,5.0,2.0,3.0,9.0,7.0,13.0,5.0,9.0,0.0,0.0,0.0,2.0,75.0,50.0,0.0,0.0,375919.0,14905.0,9000.0,11419.0,0,0
57633,31900.0,0.1102,1044.67,3,90000.0,1,1,n,17.21,0.0,0.0,13.0,0.0,11214.0,38.0,0,22409.48,22409.48,12516.51,12516.51,9490.52,3025.99,0.0,0.0,0.0,1044.67,0.0,1.0,1,0.0,0.0,326167.0,0.0,2.0,0.0,1.0,13.0,88855.0,69.0,1.0,2.0,6531.0,36.0,37000.0,1.0,0.0,1.0,3.0,25090.0,18689.0,31.0,0.0,0.0,173.0,173.0,10.0,10.0,2.0,32.0,10.0,0.0,2.0,5.0,4.0,9.0,15.0,9.0,21.0,5.0,13.0,0.0,0.0,0.0,1.0,91.9,25.0,0.0,0.0,413585.0,100069.0,27100.0,96585.0,0,0
36479,4000.0,0.1102,131.0,1,36036.0,1,1,n,30.8,0.0,0.0,8.0,0.0,3881.0,9.0,1,2914.11,2914.11,1438.55,1438.55,1085.89,352.66,0.0,0.0,0.0,131.0,0.0,1.0,1,0.0,50.0,26240.0,1.0,3.0,2.0,2.0,2.0,22359.0,69.0,0.0,2.0,2188.0,57.0,13500.0,1.0,0.0,1.0,4.0,3280.0,8281.0,31.0,0.0,0.0,84.0,60.0,18.0,2.0,0.0,18.0,11.0,0.0,3.0,4.0,4.0,4.0,4.0,5.0,5.0,4.0,8.0,0.0,0.0,0.0,2.0,100.0,0.0,0.0,0.0,46163.0,26240.0,12000.0,32663.0,0,0
15055,10625.0,0.08810000000000001,336.94,1,80000.0,0,1,n,8.28,0.0,0.0,3.0,0.0,13483.0,3.0,0,7948.41,7948.41,3359.0,3359.0,2676.59,682.41,0.0,0.0,0.0,336.94,0.0,1.0,1,0.0,0.0,16951.0,0.0,1.0,0.0,1.0,18.0,3468.0,58.0,0.0,0.0,13483.0,51.0,27500.0,1.0,0.0,0.0,1.0,5650.0,14017.0,49.0,0.0,0.0,18.0,74.0,26.0,18.0,0.0,26.0,18.0,0.0,1.0,1.0,2.0,2.0,1.0,2.0,2.0,1.0,3.0,0.0,0.0,0.0,0.0,100.0,0.0,0.0,0.0,33500.0,16951.0,27500.0,6000.0,0,0
61016,5300.0,0.08810000000000001,168.08,2,70000.0,0,1,n,61.43,0.0,0.0,14.0,0.0,473.0,52.0,0,3685.83,3685.83,2010.47,2010.47,1614.17,396.3,0.0,0.0,0.0,168.08,0.0,1.0,0,0.0,0.0,440899.0,3.0,6.0,4.0,6.0,1.0,285673.0,94.0,1.0,2.0,180.0,60.0,41800.0,2.0,1.0,2.0,8.0,31493.0,34774.0,0.6,0.0,0.0,236.0,147.0,12.0,1.0,3.0,12.0,10.0,0.0,2.0,3.0,3.0,10.0,29.0,7.0,20.0,3.0,14.0,0.0,0.0,0.0,5.0,100.0,0.0,0.0,0.0,505797.0,286146.0,35000.0,297747.0,0,0
67783,3250.0,0.2305,125.9,1,48000.0,1,1,n,12.58,0.0,0.0,16.0,0.0,3941.0,33.0,0,0.0,0.0,3678.92,3678.92,3250.0,428.92,0.0,0.0,0.0,2931.84,0.0,1.0,1,0.0,473.0,148281.0,0.0,15.0,0.0,1.0,20.0,144340.0,126.0,1.0,1.0,3941.0,125.0,4000.0,0.0,0.0,0.0,2.0,9268.0,59.0,98.5,0.0,0.0,125.0,109.0,7.0,7.0,0.0,7.0,20.0,1.0,1.0,1.0,1.0,2.0,27.0,1.0,5.0,1.0,16.0,0.0,0.0,0.0,1.0,93.8,100.0,0.0,0.0,119005.0,148281.0,4000.0,115005.0,0,0
33685,16000.0,0.1862,411.72,2,120000.0,0,1,n,24.37,0.0,1.0,14.0,0.0,9762.0,33.0,0,14171.66,14171.66,4487.54,4487.54,1828.34,2659.2,0.0,0.0,0.0,411.72,0.0,1.0,1,0.0,0.0,83392.0,2.0,4.0,3.0,3.0,3.0,73630.0,57.0,0.0,3.0,3586.0,38.0,47200.0,2.0,0.0,3.0,6.0,6415.0,34801.0,18.7,0.0,0.0,84.0,269.0,13.0,3.0,5.0,13.0,5.0,7.0,3.0,4.0,8.0,13.0,7.0,10.0,21.0,4.0,14.0,0.0,0.0,0.0,3.0,67.7,12.5,0.0,0.0,143638.0,83392.0,42800.0,96438.0,0,0
24128,40000.0,0.0646,1225.24,1,180000.0,0,1,n,13.26,0.0,0.0,9.0,0.0,18620.0,18.0,0,28587.13,28587.13,13463.28,13463.28,11412.87,2050.41,0.0,0.0,0.0,1225.24,0.0,1.0,1,0.0,0.0,61858.0,0.0,3.0,0.0,1.0,14.0,43238.0,26.0,0.0,1.0,9863.0,31.0,54100.0,1.0,2.0,1.0,2.0,6873.0,35480.0,34.4,0.0,0.0,177.0,138.0,13.0,13.0,0.0,13.0,12.0,0.0,3.0,3.0,6.0,8.0,9.0,6.0,9.0,3.0,9.0,0.0,0.0,0.0,0.0,100.0,0.0,0.0,0.0,135249.0,61858.0,54100.0,81149.0,0,0
19417,1500.0,0.0702,46.33,2,74500.0,1,1,n,21.99,0.0,0.0,14.0,0.0,159.0,32.0,0,1114.41,1114.41,462.72,462.72,385.59,77.13,0.0,0.0,0.0,46.33,0.0,1.0,1,0.0,0.0,237415.0,0.0,11.0,1.0,2.0,7.0,71536.0,81.0,0.0,1.0,159.0,73.0,6500.0,0.0,1.0,1.0,3.0,16958.0,4841.0,3.2,0.0,0.0,161.0,165.0,15.0,7.0,1.0,15.0,7.0,0.0,1.0,1.0,1.0,4.0,19.0,2.0,12.0,1.0,14.0,0.0,0.0,0.0,1.0,100.0,0.0,0.0,0.0,274038.0,71695.0,5000.0,95848.0,0,0
10896,16000.0,0.08810000000000001,507.39,2,50000.0,1,1,n,16.8,0.0,0.0,12.0,0.0,14691.0,14.0,0,12008.53,12008.53,5066.07,5066.07,3991.47,1074.6,0.0,0.0,0.0,507.39,0.0,1.0,1,0.0,0.0,166271.0,0.0,1.0,0.0,1.0,24.0,1843.0,41.0,0.0,3.0,3894.0,70.0,19200.0,0.0,0.0,0.0,4.0,13856.0,2216.0,86.7,0.0,0.0,24.0,147.0,15.0,15.0,2.0,15.0,16.0,0.0,9.0,10.0,9.0,10.0,1.0,10.0,11.0,10.0,12.0,0.0,0.0,0.0,0.0,100.0,77.8,0.0,0.0,178619.0,16534.0,16700.0,4500.0,0,0
32762,15950.0,0.2055,597.24,1,70000.0,1,1,n,13.46,3.0,0.0,11.0,0.0,7697.0,28.0,0,12063.45,12063.45,6551.43,6551.43,3886.55,2664.88,0.0,0.0,0.0,597.24,0.0,1.0,1,0.0,0.0,14651.0,0.0,2.0,1.0,1.0,8.0,6954.0,54.0,0.0,0.0,855.0,56.0,13400.0,1.0,2.0,1.0,1.0,1332.0,1810.0,48.3,0.0,0.0,129.0,287.0,25.0,8.0,1.0,27.0,8.0,0.0,2.0,4.0,3.0,10.0,5.0,9.0,22.0,4.0,10.0,0.0,0.0,0.0,1.0,85.7,33.3,0.0,0.0,26246.0,14651.0,3500.0,12846.0,0,0
37864,25000.0,0.124,561.18,2,140000.0,0,1,n,7.95,0.0,0.0,9.0,0.0,11528.0,13.0,0,19346.46,19346.46,8155.76,8155.76,5653.54,2502.22,0.0,0.0,0.0,561.18,0.0,1.0,1,0.0,0.0,373026.0,2.0,2.0,0.0,0.0,29.0,17560.0,56.0,1.0,4.0,6100.0,55.0,21500.0,1.0,0.0,2.0,5.0,41447.0,900.0,87.1,0.0,0.0,47.0,204.0,5.0,5.0,3.0,23.0,6.0,0.0,1.0,3.0,1.0,2.0,2.0,5.0,7.0,3.0,9.0,0.0,0.0,0.0,2.0,100.0,100.0,0.0,0.0,438311.0,29088.0,7000.0,31611.0,0,0
74942,24000.0,0.0819,488.82,1,49995.0,1,1,n,31.25,0.0,1.0,14.0,1.0,8340.0,39.0,0,21994.15,21994.15,3888.72,3888.72,2005.85,1882.87,0.0,0.0,0.0,488.82,0.0,1.0,1,0.0,0.0,27846.0,1.0,2.0,1.0,3.0,9.0,19506.0,56.0,3.0,10.0,2198.0,30.0,57300.0,8.0,4.0,7.0,13.0,1989.0,8158.0,27.2,0.0,0.0,118.0,166.0,2.0,2.0,1.0,15.0,1.0,0.0,5.0,8.0,7.0,11.0,20.0,12.0,18.0,8.0,14.0,0.0,0.0,0.0,4.0,96.3,0.0,1.0,0.0,92432.0,27846.0,11200.0,35132.0,0,0
7348,40000.0,0.1171,1323.04,2,350000.0,1,1,n,26.6,0.0,0.0,13.0,0.0,80758.0,21.0,0,30252.52,30252.52,13204.38,13204.38,9747.48,3456.9,0.0,0.0,0.0,1323.04,2.0,1.0,1,0.0,330.0,2590750.0,0.0,1.0,1.0,1.0,12.0,216298.0,48.0,3.0,3.0,24196.0,63.0,123700.0,1.0,0.0,4.0,4.0,199288.0,42942.0,65.3,0.0,0.0,142.0,408.0,9.0,9.0,2.0,9.0,4.0,0.0,8.0,8.0,9.0,10.0,7.0,9.0,11.0,8.0,13.0,0.0,0.0,0.0,4.0,100.0,22.2,0.0,0.0,2859851.0,313966.0,123700.0,263164.0,0,0
61418,26575.0,0.1308,605.76,2,82000.0,0,1,n,27.13,0.0,0.0,16.0,1.0,22250.0,42.0,0,23052.81,23052.81,6615.08,6615.08,3522.19,3092.89,0.0,0.0,0.0,605.76,0.0,1.0,1,0.0,0.0,251343.0,2.0,3.0,2.0,3.0,5.0,48123.0,68.0,2.0,3.0,7088.0,71.0,30400.0,1.0,17.0,2.0,6.0,15709.0,2825.0,86.1,0.0,0.0,147.0,99.0,3.0,3.0,5.0,10.0,6.0,0.0,6.0,8.0,6.0,7.0,22.0,11.0,15.0,8.0,16.0,0.0,0.0,0.0,4.0,100.0,66.7,1.0,0.0,302492.0,70373.0,20300.0,69555.0,0,0
76069,10625.0,0.16949999999999998,263.78,2,86350.0,0,1,n,19.11,0.0,0.0,14.0,0.0,19807.0,16.0,0,9149.43,9149.43,3145.35,3145.35,1475.57,1669.78,0.0,0.0,0.0,263.78,0.0,1.0,1,0.0,0.0,57488.0,0.0,6.0,1.0,1.0,7.0,37681.0,75.0,0.0,1.0,9060.0,72.0,29900.0,1.0,0.0,1.0,2.0,4106.0,5377.0,77.4,0.0,0.0,87.0,91.0,22.0,7.0,0.0,25.0,7.0,0.0,4.0,7.0,4.0,4.0,8.0,8.0,8.0,7.0,14.0,0.0,0.0,0.0,1.0,93.8,75.0,0.0,0.0,80282.0,57488.0,23800.0,50382.0,0,0
19121,36150.0,0.14300000000000002,846.79,2,137000.0,1,1,n,20.3,0.0,0.0,17.0,0.0,31946.0,24.0,0,31926.05,31926.05,8439.18,8439.18,4223.95,4215.23,0.0,0.0,0.0,846.79,0.0,1.0,1,0.0,0.0,292438.0,1.0,3.0,0.0,2.0,18.0,48325.0,41.0,1.0,3.0,4950.0,59.0,43900.0,0.0,3.0,3.0,5.0,17202.0,5980.0,76.9,0.0,0.0,132.0,159.0,6.0,6.0,2.0,6.0,6.0,0.0,7.0,12.0,8.0,8.0,8.0,13.0,14.0,12.0,17.0,0.0,0.0,0.0,1.0,100.0,50.0,0.0,0.0,338446.0,80271.0,25900.0,74546.0,0,0
42796,1550.0,0.1171,51.27,2,60000.0,0,1,n,29.26,0.0,0.0,12.0,0.0,29859.0,23.0,0,1132.43,1132.43,562.96,562.96,417.57,145.39,0.0,0.0,0.0,51.27,0.0,1.0,1,0.0,100.0,88146.0,0.0,7.0,1.0,1.0,12.0,46349.0,81.0,0.0,0.0,14871.0,83.0,34800.0,2.0,0.0,1.0,1.0,7346.0,836.0,96.6,0.0,0.0,196.0,293.0,136.0,12.0,2.0,136.0,12.0,0.0,3.0,4.0,3.0,4.0,16.0,4.0,5.0,4.0,12.0,0.0,0.0,0.0,1.0,89.5,100.0,0.0,0.0,219149.0,76208.0,24800.0,57193.0,0,0
57820,29000.0,0.1308,978.25,3,115000.0,1,1,n,25.91,0.0,0.0,19.0,0.0,30757.0,39.0,0,0.0,0.0,31623.49,31623.49,29000.0,2623.49,0.0,0.0,0.0,23818.56,0.0,1.0,1,0.0,0.0,154890.0,0.0,5.0,4.0,4.0,7.0,38900.0,62.0,1.0,2.0,7159.0,55.0,64700.0,3.0,7.0,5.0,6.0,8605.0,15310.0,60.5,0.0,0.0,161.0,197.0,9.0,7.0,1.0,17.0,1.0,0.0,6.0,7.0,6.0,6.0,16.0,13.0,22.0,7.0,19.0,0.0,0.0,0.0,5.0,100.0,50.0,0.0,0.0,231711.0,69657.0,38800.0,62290.0,0,0
10352,6500.0,0.28800000000000003,205.54,1,40000.0,1,1,n,27.66,0.0,0.0,6.0,0.0,4486.0,8.0,0,6024.4,6024.4,2045.0,2045.0,475.6,1569.4,0.0,0.0,0.0,205.54,0.0,1.0,1,0.0,0.0,32143.0,1.0,3.0,1.0,3.0,12.0,27657.0,75.0,1.0,2.0,4486.0,74.0,7000.0,6.0,2.0,6.0,5.0,5357.0,514.0,89.7,0.0,0.0,37.0,26.0,4.0,4.0,0.0,25.0,7.0,0.0,1.0,1.0,2.0,2.0,4.0,3.0,4.0,1.0,6.0,0.0,0.0,0.0,2.0,100.0,50.0,0.0,0.0,43723.0,32143.0,5000.0,36723.0,0,0
34616,29000.0,0.1308,661.03,2,200000.0,0,1,n,8.89,0.0,0.0,7.0,0.0,417.0,28.0,0,0.0,0.0,30148.38,30148.38,29000.0,1148.38,0.0,0.0,0.0,29540.03,0.0,1.0,0,0.0,0.0,321214.0,1.0,4.0,1.0,3.0,11.0,49470.0,71.0,0.0,0.0,417.0,51.0,20000.0,3.0,2.0,3.0,5.0,45888.0,19583.0,2.1,0.0,0.0,125.0,85.0,45.0,3.0,1.0,50.0,5.0,0.0,1.0,1.0,1.0,1.0,21.0,1.0,5.0,1.0,7.0,0.0,0.0,0.0,2.0,100.0,0.0,0.0,0.0,371978.0,51647.0,20000.0,69573.0,0,0
60767,12100.0,0.0646,370.64,2,255000.0,1,1,n,10.86,0.0,0.0,11.0,0.0,188377.0,37.0,0,8323.47,8323.47,4436.82,4436.82,3776.53,660.29,0.0,0.0,0.0,370.64,0.0,1.0,1,0.0,0.0,763575.0,3.0,4.0,1.0,1.0,3.0,93394.0,87.0,1.0,1.0,13042.0,57.0,237100.0,0.0,1.0,2.0,3.0,69416.0,30497.0,35.1,0.0,0.0,125.0,176.0,4.0,3.0,1.0,79.0,5.0,0.0,2.0,4.0,2.0,6.0,22.0,6.0,14.0,4.0,11.0,0.0,0.0,0.0,3.0,100.0,0.0,0.0,0.0,830678.0,281771.0,47000.0,109228.0,0,0
4127,15000.0,0.0702,463.3,1,97000.0,1,1,n,36.99,0.0,0.0,13.0,0.0,722.0,18.0,0,11144.08,11144.08,4621.3,4621.3,3855.92,765.38,0.0,0.0,0.0,463.3,0.0,1.0,1,0.0,0.0,82987.0,0.0,10.0,1.0,4.0,7.0,82265.0,66.0,0.0,0.0,722.0,59.0,52500.0,2.0,0.0,1.0,4.0,6916.0,51778.0,0.0,0.0,0.0,102.0,42.0,30.0,7.0,0.0,30.0,7.0,0.0,1.0,1.0,2.0,3.0,15.0,2.0,3.0,1.0,12.0,0.0,0.0,0.0,1.0,100.0,0.0,0.0,0.0,176770.0,82987.0,52500.0,124270.0,0,0
34364,27000.0,0.08810000000000001,856.21,2,99000.0,0,1,n,17.49,0.0,0.0,12.0,0.0,18825.0,18.0,0,19490.54,19490.54,9385.27,9385.27,7509.46,1875.81,0.0,0.0,0.0,856.21,0.0,1.0,1,0.0,0.0,132195.0,0.0,4.0,0.0,4.0,20.0,42608.0,74.0,1.0,5.0,8048.0,56.0,51800.0,0.0,5.0,2.0,9.0,11016.0,28550.0,39.0,0.0,0.0,62.0,80.0,12.0,12.0,2.0,12.0,7.0,0.0,6.0,7.0,6.0,6.0,8.0,7.0,8.0,7.0,12.0,0.0,0.0,0.0,1.0,100.0,33.3,0.0,0.0,185189.0,61433.0,46800.0,57389.0,0,0
12475,9025.0,0.2055,241.88,2,42000.0,1,1,n,29.51,0.0,1.0,16.0,0.0,181.0,26.0,0,8620.8,8620.8,1924.74,1924.74,404.2,1520.54,0.0,0.0,0.0,483.76,0.0,1.0,1,0.0,8142.0,106035.0,3.0,1.0,1.0,1.0,4.0,29175.0,61.0,2.0,2.0,69.0,39.0,27200.0,0.0,2.0,2.0,3.0,6627.0,17919.0,0.5,0.0,0.0,142.0,202.0,1.0,1.0,2.0,1.0,4.0,1.0,3.0,5.0,9.0,10.0,7.0,13.0,17.0,5.0,16.0,0.0,0.0,0.0,3.0,96.2,0.0,0.0,0.0,165667.0,29356.0,18000.0,47643.0,0,0
37377,25525.0,0.1612,622.35,2,72700.0,0,1,n,20.6,0.0,0.0,6.0,0.0,18392.0,27.0,0,0.0,0.0,28684.26,28684.26,25525.0,3159.26,0.0,0.0,0.0,23728.32,0.0,1.0,0,0.0,0.0,277374.0,2.0,2.0,2.0,5.0,5.0,43685.0,98.0,0.0,0.0,18392.0,85.0,28000.0,0.0,2.0,1.0,6.0,46229.0,5608.0,76.6,0.0,0.0,163.0,149.0,26.0,5.0,5.0,83.0,12.0,0.0,1.0,1.0,1.0,4.0,13.0,3.0,9.0,1.0,6.0,0.0,0.0,0.0,3.0,100.0,100.0,0.0,0.0,291174.0,62077.0,24000.0,44674.0,0,0
67560,16000.0,0.1102,523.98,1,55000.0,0,1,n,7.99,0.0,3.0,10.0,0.0,19115.0,21.0,0,11213.05,11213.05,6268.17,6268.17,4786.95,1481.22,0.0,0.0,0.0,523.98,0.0,1.0,1,0.0,0.0,26139.0,4.0,4.0,0.0,4.0,16.0,7024.0,98.0,4.0,4.0,9397.0,66.0,32700.0,1.0,5.0,3.0,9.0,2614.0,12585.0,60.3,0.0,0.0,99.0,132.0,6.0,6.0,0.0,6.0,6.0,7.0,4.0,4.0,5.0,7.0,10.0,6.0,10.0,4.0,10.0,0.0,0.0,0.0,4.0,66.7,60.0,0.0,0.0,39891.0,26139.0,31700.0,7191.0,0,0
66270,17000.0,0.0702,525.07,2,54000.0,1,1,n,19.24,0.0,0.0,9.0,0.0,29487.0,26.0,0,11724.98,11724.98,6294.21,6294.21,5275.02,1019.19,0.0,0.0,0.0,525.07,0.0,1.0,1,0.0,0.0,282460.0,0.0,2.0,0.0,0.0,84.0,14704.0,47.0,2.0,2.0,10085.0,44.0,68300.0,4.0,1.0,2.0,3.0,31384.0,30599.0,45.2,0.0,0.0,209.0,141.0,10.0,10.0,2.0,38.0,2.0,0.0,4.0,6.0,4.0,4.0,15.0,6.0,9.0,6.0,9.0,0.0,0.0,0.0,3.0,100.0,50.0,0.0,0.0,341161.0,44191.0,55800.0,31430.0,0,0
2590,18550.0,0.16949999999999998,460.52,1,77000.0,0,1,n,38.7,2.0,0.0,7.0,0.0,7467.0,11.0,1,16433.94,16433.94,4587.73,4587.73,2116.06,2471.67,0.0,0.0,0.0,460.52,0.0,1.0,1,0.0,0.0,49011.0,0.0,5.0,0.0,1.0,18.0,41544.0,43.0,0.0,0.0,7168.0,39.0,28000.0,1.0,0.0,1.0,1.0,7002.0,20533.0,26.7,0.0,0.0,185.0,92.0,36.0,18.0,0.0,36.0,0.0,0.0,2.0,2.0,2.0,2.0,9.0,2.0,2.0,2.0,7.0,0.0,0.0,0.0,0.0,72.7,0.0,0.0,0.0,125781.0,49011.0,28000.0,97781.0,0,0
66779,16000.0,0.2055,599.12,1,120000.0,1,1,n,21.52,1.0,0.0,15.0,0.0,11509.0,26.0,0,0.0,0.0,17404.3,17404.3,16000.0,1404.3,0.0,0.0,0.0,0.0,0.0,1.0,1,0.0,0.0,72953.0,1.0,2.0,0.0,1.0,23.0,61444.0,54.0,3.0,4.0,2597.0,49.0,26800.0,1.0,1.0,0.0,5.0,4864.0,1336.0,79.1,0.0,0.0,77.0,54.0,4.0,4.0,0.0,33.0,23.0,1.0,3.0,10.0,3.0,4.0,10.0,12.0,15.0,10.0,15.0,0.0,0.0,1.0,3.0,96.2,33.3,0.0,0.0,115463.0,72953.0,6400.0,88663.0,0,0
59426,17000.0,0.0646,520.73,1,100000.0,0,1,n,18.4,0.0,0.0,15.0,0.0,18019.0,19.0,0,11694.17,11694.17,6242.66,6242.66,5305.83,936.83,0.0,0.0,0.0,520.73,0.0,1.0,1,0.0,0.0,71283.0,1.0,3.0,0.0,3.0,17.0,53264.0,85.0,1.0,3.0,5858.0,59.0,57500.0,2.0,2.0,0.0,6.0,4752.0,34375.0,32.5,0.0,0.0,75.0,70.0,2.0,2.0,0.0,2.0,20.0,0.0,8.0,10.0,9.0,9.0,6.0,12.0,13.0,10.0,15.0,0.0,0.0,0.0,1.0,100.0,11.1,0.0,0.0,120326.0,71283.0,50900.0,62826.0,0,0
8834,10000.0,0.1862,257.32,2,89000.0,0,1,n,31.67,0.0,1.0,11.0,0.0,13236.0,48.0,0,6689.1,6689.1,4545.51,4545.51,3310.9,1234.61,0.0,0.0,0.0,257.32,0.0,1.0,1,0.0,0.0,368946.0,1.0,6.0,1.0,4.0,3.0,163215.0,77.0,0.0,1.0,1176.0,65.0,40500.0,2.0,12.0,2.0,6.0,33541.0,24324.0,4.6,0.0,0.0,159.0,202.0,13.0,3.0,3.0,30.0,3.0,0.0,1.0,2.0,3.0,7.0,35.0,4.0,10.0,2.0,11.0,0.0,0.0,0.0,2.0,97.9,0.0,0.0,0.0,409140.0,176451.0,25500.0,174908.0,0,0
65781,20000.0,0.0702,617.73,1,72000.0,1,1,n,19.68,0.0,0.0,13.0,0.0,18413.0,22.0,0,13794.08,13794.08,7404.96,7404.96,6205.92,1199.04,0.0,0.0,0.0,617.73,0.0,1.0,1,0.0,0.0,37938.0,1.0,2.0,0.0,1.0,19.0,19525.0,49.0,1.0,2.0,7993.0,38.0,60500.0,1.0,0.0,0.0,3.0,2918.0,29864.0,37.8,0.0,0.0,57.0,82.0,4.0,4.0,1.0,4.0,19.0,0.0,4.0,5.0,7.0,12.0,3.0,11.0,18.0,5.0,13.0,0.0,0.0,0.0,1.0,95.5,14.3,0.0,0.0,100441.0,37938.0,48000.0,39941.0,0,0
55560,18000.0,0.2055,674.0,1,66000.0,0,1,n,26.58,0.0,1.0,7.0,0.0,6875.0,15.0,0,14709.2,14709.2,6719.45,6719.45,3290.8,3428.65,0.0,0.0,0.0,674.0,0.0,1.0,1,0.0,0.0,111877.0,1.0,4.0,1.0,2.0,8.0,105002.0,68.0,1.0,1.0,2056.0,75.0,7100.0,1.0,7.0,2.0,3.0,18646.0,44.0,97.9,0.0,0.0,98.0,81.0,5.0,5.0,0.0,5.0,2.0,0.0,1.0,2.0,1.0,1.0,9.0,3.0,6.0,2.0,7.0,0.0,0.0,0.0,2.0,100.0,100.0,0.0,0.0,120325.0,111877.0,2100.0,113225.0,0,0
53508,5250.0,0.1033,170.22,1,32000.0,0,1,n,20.18,0.0,1.0,5.0,0.0,2582.0,10.0,0,2379.73,2379.73,3339.03,3339.03,2870.27,468.76,0.0,0.0,0.0,340.44,0.0,1.0,1,0.0,0.0,21847.0,1.0,1.0,1.0,2.0,4.0,19265.0,96.0,0.0,3.0,1451.0,45.0,28700.0,2.0,0.0,1.0,5.0,4369.0,26118.0,9.0,0.0,0.0,22.0,79.0,15.0,4.0,0.0,15.0,4.0,0.0,3.0,3.0,4.0,7.0,2.0,4.0,8.0,3.0,5.0,0.0,0.0,0.0,1.0,100.0,0.0,0.0,0.0,48700.0,21847.0,28700.0,20000.0,0,0
60371,8000.0,0.2305,309.89,2,73000.0,0,1,n,29.41,0.0,2.0,17.0,0.0,18822.0,35.0,0,5914.02,5914.02,3693.07,3693.07,2085.98,1607.09,0.0,0.0,0.0,309.89,0.0,1.0,1,0.0,0.0,176578.0,4.0,5.0,2.0,5.0,4.0,38991.0,79.0,3.0,6.0,3151.0,82.0,21300.0,6.0,9.0,2.0,11.0,10387.0,482.0,93.6,0.0,0.0,163.0,156.0,4.0,4.0,2.0,4.0,4.0,0.0,4.0,8.0,5.0,8.0,17.0,10.0,16.0,8.0,17.0,0.0,0.0,0.0,5.0,100.0,80.0,0.0,0.0,215398.0,57813.0,7500.0,49098.0,0,0
25444,3600.0,0.1171,119.08,1,55000.0,0,1,n,16.5,0.0,0.0,9.0,0.0,7363.0,16.0,0,0.0,0.0,3884.68,3884.68,3600.0,284.68,0.0,0.0,0.0,2934.38,0.0,1.0,1,0.0,0.0,25594.0,2.0,2.0,2.0,2.0,2.0,18231.0,89.0,1.0,2.0,2525.0,68.0,17500.0,2.0,4.0,3.0,4.0,2844.0,6705.0,52.1,0.0,0.0,60.0,78.0,6.0,2.0,0.0,6.0,2.0,0.0,5.0,6.0,5.0,5.0,5.0,7.0,11.0,6.0,9.0,0.0,0.0,0.0,3.0,100.0,40.0,0.0,0.0,37884.0,25594.0,14000.0,20384.0,0,0
27247,13000.0,0.0756,404.74,2,57200.0,0,1,n,32.88,0.0,0.0,8.0,0.0,14152.0,27.0,0,9335.59,9335.59,4441.22,4441.22,3664.41,776.81,0.0,0.0,0.0,404.74,0.0,1.0,1,0.0,0.0,171620.0,0.0,4.0,1.0,3.0,11.0,84089.0,75.0,1.0,1.0,13694.0,63.0,35500.0,2.0,0.0,0.0,4.0,21453.0,14306.0,48.9,0.0,0.0,129.0,70.0,8.0,8.0,4.0,8.0,18.0,0.0,1.0,2.0,2.0,3.0,19.0,3.0,4.0,2.0,8.0,0.0,0.0,0.0,2.0,96.2,0.0,0.0,0.0,217773.0,98241.0,28000.0,103273.0,0,0
34370,16000.0,0.1524,556.53,2,84000.0,0,1,n,22.23,0.0,0.0,6.0,0.0,17770.0,31.0,0,11856.93,11856.93,6087.96,6087.96,4143.07,1944.89,0.0,0.0,0.0,556.53,0.0,1.0,1,0.0,0.0,35832.0,0.0,2.0,1.0,2.0,8.0,18062.0,72.0,0.0,0.0,7530.0,79.0,20300.0,1.0,2.0,1.0,2.0,5972.0,2459.0,86.2,0.0,0.0,148.0,486.0,139.0,8.0,1.0,139.0,8.0,0.0,3.0,4.0,3.0,4.0,21.0,4.0,9.0,4.0,6.0,0.0,0.0,0.0,1.0,100.0,100.0,0.0,0.0,45300.0,35832.0,17800.0,25000.0,0,0
27165,40000.0,0.1612,975.28,2,204000.0,0,1,n,32.97,0.0,0.0,35.0,0.0,130226.0,74.0,0,34845.62,34845.62,10656.44,10656.44,5154.38,5502.06,0.0,0.0,0.0,975.28,0.0,1.0,1,0.0,0.0,549475.0,1.0,18.0,1.0,2.0,4.0,164971.0,81.0,0.0,1.0,15132.0,79.0,170500.0,2.0,2.0,2.0,3.0,15699.0,25557.0,79.1,0.0,0.0,188.0,238.0,16.0,4.0,7.0,16.0,4.0,0.0,11.0,13.0,12.0,17.0,43.0,15.0,24.0,13.0,35.0,0.0,0.0,0.0,1.0,100.0,75.0,0.0,0.0,666102.0,295197.0,122100.0,218242.0,0,0
22203,13000.0,0.0819,264.78,2,90000.0,0,1,n,18.05,0.0,1.0,13.0,1.0,12328.0,28.0,0,10877.98,10877.98,2975.75,2975.75,2122.02,853.73,0.0,0.0,0.0,264.78,0.0,1.0,1,0.0,0.0,43062.0,2.0,3.0,2.0,3.0,4.0,30734.0,79.0,1.0,4.0,10005.0,59.0,34400.0,1.0,6.0,3.0,7.0,3589.0,17096.0,39.8,0.0,0.0,113.0,209.0,4.0,4.0,1.0,4.0,4.0,0.0,3.0,4.0,4.0,7.0,8.0,10.0,19.0,4.0,12.0,0.0,0.0,0.0,3.0,100.0,25.0,1.0,0.0,73320.0,43062.0,28400.0,38920.0,0,0
23397,2100.0,0.1102,68.78,1,32000.0,0,1,n,3.71,0.0,0.0,3.0,0.0,4808.0,8.0,0,1529.85,1529.85,755.29,755.29,570.15,185.14,0.0,0.0,0.0,68.78,0.0,1.0,1,0.0,0.0,5596.0,1.0,1.0,0.0,1.0,13.0,788.0,23.0,1.0,4.0,4808.0,51.0,7500.0,1.0,0.0,0.0,5.0,1865.0,2692.0,64.1,0.0,0.0,101.0,60.0,3.0,3.0,0.0,3.0,13.0,0.0,1.0,1.0,2.0,4.0,2.0,2.0,6.0,1.0,3.0,0.0,0.0,0.0,1.0,100.0,50.0,0.0,0.0,11000.0,5596.0,7500.0,3500.0,0,0
27445,30000.0,0.2055,804.03,2,100000.0,0,1,n,36.3,0.0,1.0,14.0,1.0,28652.0,18.0,0,30000.0,30000.0,5559.71,5559.71,0.0,5559.71,0.0,0.0,0.0,804.03,0.0,1.0,1,0.0,0.0,82164.0,1.0,4.0,2.0,3.0,12.0,53512.0,74.0,3.0,3.0,10514.0,56.0,64900.0,1.0,1.0,4.0,6.0,5869.0,35648.0,44.6,0.0,0.0,69.0,96.0,3.0,3.0,0.0,3.0,3.0,0.0,5.0,5.0,9.0,9.0,8.0,10.0,10.0,5.0,14.0,0.0,0.0,0.0,5.0,100.0,33.3,1.0,0.0,146965.0,82164.0,64300.0,82065.0,0,0
14745,2000.0,0.1308,67.47,1,52000.0,1,1,n,27.56,0.0,0.0,21.0,0.0,12848.0,27.0,0,0.0,0.0,2168.26,2168.26,2000.0,168.26,0.0,0.0,0.0,599.94,0.0,1.0,1,0.0,0.0,32384.0,2.0,6.0,2.0,4.0,8.0,19536.0,47.0,8.0,10.0,5000.0,38.0,44800.0,3.0,0.0,7.0,14.0,1542.0,25818.0,33.1,0.0,0.0,137.0,105.0,2.0,2.0,0.0,2.0,7.0,0.0,7.0,8.0,11.0,14.0,8.0,15.0,19.0,8.0,21.0,0.0,0.0,0.0,10.0,96.3,18.2,0.0,0.0,86417.0,32384.0,38600.0,41617.0,0,0
66126,10625.0,0.1033,344.49,1,45000.0,0,1,n,33.15,0.0,0.0,9.0,0.0,8169.0,22.0,0,7454.12,7454.12,4127.78,4127.78,3170.88,956.9,0.0,0.0,0.0,344.49,0.0,1.0,0,0.0,0.0,29199.0,1.0,3.0,1.0,2.0,11.0,21030.0,55.0,1.0,2.0,4580.0,48.0,23000.0,0.0,3.0,1.0,4.0,3244.0,7421.0,45.8,0.0,0.0,162.0,398.0,3.0,3.0,0.0,3.0,3.0,1.0,2.0,3.0,3.0,5.0,7.0,6.0,15.0,4.0,9.0,0.0,0.0,0.0,2.0,81.8,33.3,0.0,0.0,60960.0,29199.0,13700.0,37960.0,0,0
64771,40000.0,0.0756,1245.36,2,113000.0,0,1,n,26.57,0.0,1.0,17.0,0.0,32205.0,34.0,0,27783.85,27783.85,14927.52,14927.52,12216.15,2711.37,0.0,0.0,0.0,1245.36,0.0,1.0,1,0.0,0.0,425886.0,0.0,3.0,2.0,2.0,9.0,71288.0,69.0,0.0,5.0,6599.0,56.0,71700.0,4.0,1.0,10.0,7.0,25052.0,23959.0,55.8,0.0,0.0,156.0,154.0,14.0,9.0,3.0,14.0,1.0,0.0,8.0,10.0,8.0,12.0,7.0,13.0,23.0,10.0,17.0,0.0,0.0,0.0,2.0,97.0,12.5,0.0,0.0,499746.0,103493.0,54200.0,91046.0,0,0
20579,15000.0,0.1612,365.73,2,80000.0,0,1,n,25.37,0.0,2.0,14.0,1.0,13495.0,26.0,0,13067.11,13067.11,3996.16,3996.16,1932.89,2063.27,0.0,0.0,0.0,365.73,0.0,1.0,1,0.0,0.0,303807.0,2.0,3.0,4.0,5.0,2.0,64933.0,105.0,0.0,1.0,6687.0,64.0,38500.0,8.0,3.0,16.0,6.0,21701.0,16735.0,41.5,0.0,0.0,131.0,94.0,14.0,2.0,3.0,32.0,3.0,0.0,5.0,9.0,5.0,5.0,10.0,10.0,13.0,9.0,14.0,0.0,0.0,0.0,4.0,100.0,20.0,1.0,0.0,344529.0,78428.0,28600.0,65335.0,0,0
69516,12000.0,0.17739999999999995,432.27,2,85000.0,1,1,n,21.99,1.0,1.0,26.0,0.0,13250.0,35.0,0,8680.22,8680.22,5163.59,5163.59,3319.78,1843.81,0.0,0.0,0.0,432.27,0.0,1.0,1,0.0,1581.0,281293.0,2.0,8.0,3.0,5.0,5.0,63802.0,84.0,5.0,7.0,5598.0,69.0,36600.0,0.0,0.0,4.0,12.0,10819.0,10616.0,54.0,0.0,0.0,88.0,305.0,8.0,5.0,2.0,8.0,6.0,1.0,8.0,11.0,9.0,10.0,13.0,17.0,20.0,11.0,26.0,0.0,0.0,1.0,8.0,97.1,22.2,0.0,0.0,323319.0,77052.0,23100.0,75614.0,0,0
45162,5000.0,0.08810000000000001,158.56,1,40000.0,0,1,n,35.07,0.0,0.0,8.0,0.0,22909.0,15.0,0,0.0,0.0,5254.64,5254.64,5000.0,254.64,0.0,0.0,0.0,1274.75,0.0,1.0,1,0.0,0.0,32958.0,0.0,2.0,2.0,2.0,7.0,10049.0,80.0,0.0,0.0,22336.0,42.0,66800.0,1.0,0.0,1.0,2.0,4120.0,43756.0,34.2,0.0,0.0,78.0,314.0,38.0,7.0,0.0,38.0,7.0,0.0,4.0,5.0,5.0,9.0,4.0,6.0,11.0,5.0,8.0,0.0,0.0,0.0,2.0,100.0,0.0,0.0,0.0,79300.0,32958.0,66500.0,12500.0,0,0
64883,30550.0,0.1102,664.54,2,83500.0,0,1,n,26.43,0.0,0.0,24.0,0.0,19158.0,30.0,0,25702.11,25702.11,7955.78,7955.78,4847.89,3107.89,0.0,0.0,0.0,664.54,0.0,1.0,0,0.0,0.0,399059.0,0.0,10.0,0.0,2.0,16.0,41973.0,63.0,2.0,4.0,7016.0,40.0,85600.0,1.0,0.0,1.0,6.0,16627.0,44743.0,27.2,0.0,0.0,148.0,76.0,7.0,7.0,2.0,7.0,7.0,0.0,5.0,7.0,7.0,7.0,13.0,13.0,15.0,7.0,24.0,0.0,0.0,0.0,2.0,100.0,0.0,0.0,0.0,503668.0,61131.0,61500.0,66982.0,0,0
30473,10625.0,0.14300000000000002,364.69,2,100000.0,0,1,n,24.1,1.0,0.0,7.0,0.0,32580.0,21.0,0,7844.42,7844.42,4003.15,4003.15,2780.58,1222.57,0.0,0.0,0.0,364.69,0.0,1.0,1,0.0,0.0,313617.0,0.0,2.0,0.0,1.0,24.0,26673.0,68.0,1.0,1.0,15094.0,79.0,38200.0,1.0,1.0,2.0,2.0,44802.0,5620.0,85.3,0.0,0.0,139.0,289.0,12.0,12.0,3.0,12.0,7.0,1.0,4.0,4.0,4.0,9.0,6.0,4.0,12.0,4.0,7.0,0.0,0.0,0.0,1.0,85.7,50.0,0.0,0.0,361657.0,59253.0,38200.0,58457.0,0,0
28606,1000.0,0.1612,35.22,1,32000.0,0,1,n,14.59,0.0,1.0,8.0,0.0,9313.0,15.0,0,743.58,743.58,385.63,385.63,256.42,129.21,0.0,0.0,0.0,35.22,0.0,1.0,1,0.0,321.0,10635.0,1.0,1.0,0.0,1.0,15.0,1322.0,66.0,1.0,1.0,4367.0,49.0,19900.0,1.0,0.0,1.0,2.0,1329.0,8592.0,52.0,0.0,0.0,105.0,95.0,2.0,2.0,0.0,34.0,2.0,0.0,4.0,5.0,5.0,7.0,5.0,7.0,10.0,5.0,8.0,0.0,0.0,0.0,1.0,100.0,20.0,0.0,0.0,21900.0,10635.0,17900.0,2000.0,0,0
1814,16350.0,0.1171,540.8,2,42783.0,1,1,n,26.2,0.0,1.0,12.0,0.0,16351.0,21.0,0,12365.64,12365.64,5397.36,5397.36,3984.36,1413.0,0.0,0.0,0.0,540.8,0.0,1.0,1,0.0,0.0,193491.0,1.0,1.0,1.0,1.0,11.0,29045.0,88.0,3.0,3.0,2449.0,53.0,52300.0,1.0,2.0,5.0,4.0,16124.0,12799.0,36.3,0.0,0.0,145.0,70.0,4.0,4.0,3.0,8.0,4.0,1.0,4.0,7.0,4.0,6.0,5.0,10.0,13.0,7.0,12.0,0.0,0.0,0.0,4.0,95.2,0.0,0.0,0.0,243415.0,45396.0,20100.0,33042.0,0,0
11517,16000.0,0.1612,563.47,3,45000.0,1,1,n,31.29,0.0,0.0,13.0,0.0,14387.0,24.0,0,12336.61,12336.61,5620.37,5620.37,3663.39,1956.98,0.0,0.0,0.0,563.47,0.0,1.0,1,0.0,0.0,232958.0,0.0,2.0,1.0,2.0,11.0,14226.0,73.0,0.0,1.0,11647.0,57.0,40000.0,0.0,1.0,1.0,4.0,17920.0,7913.0,64.5,0.0,0.0,150.0,216.0,23.0,7.0,1.0,23.0,9.0,0.0,4.0,4.0,5.0,7.0,6.0,9.0,16.0,4.0,13.0,0.0,0.0,0.0,2.0,100.0,20.0,0.0,0.0,268301.0,43130.0,22300.0,19578.0,0,0
63460,32000.0,0.1033,685.12,1,47000.0,0,1,n,24.28,0.0,0.0,13.0,0.0,23264.0,17.0,0,26905.15,26905.15,8203.08,8203.08,5094.85,3108.23,0.0,0.0,0.0,685.12,0.0,1.0,1,0.0,0.0,32971.0,0.0,1.0,0.0,1.0,23.0,9707.0,65.0,1.0,3.0,12971.0,36.0,75800.0,2.0,0.0,1.0,4.0,2536.0,40965.0,36.2,0.0,0.0,23.0,569.0,10.0,10.0,0.0,17.0,10.0,0.0,4.0,5.0,8.0,10.0,1.0,12.0,16.0,5.0,13.0,0.0,0.0,0.0,1.0,100.0,0.0,0.0,0.0,90800.0,32971.0,64200.0,15000.0,0,0
58358,26000.0,0.1524,621.82,2,50000.0,1,1,n,19.04,0.0,0.0,8.0,0.0,8439.0,10.0,0,22169.6,22169.6,7439.83,7439.83,3830.4,3609.43,0.0,0.0,0.0,621.82,0.0,1.0,1,0.0,0.0,147654.0,1.0,3.0,1.0,2.0,11.0,18093.0,81.0,1.0,2.0,4010.0,51.0,30300.0,0.0,1.0,0.0,4.0,18457.0,12174.0,40.0,0.0,0.0,107.0,101.0,2.0,2.0,1.0,2.0,16.0,0.0,3.0,4.0,3.0,4.0,4.0,4.0,5.0,4.0,8.0,0.0,0.0,0.0,2.0,100.0,0.0,0.0,0.0,179283.0,26532.0,20300.0,22216.0,0,0
72737,7425.0,0.08810000000000001,235.46,2,100000.0,0,1,n,25.31,0.0,0.0,16.0,0.0,13946.0,25.0,1,5163.76,5163.76,2821.89,2821.89,2261.24,560.65,0.0,0.0,0.0,235.46,0.0,1.0,1,0.0,0.0,321407.0,0.0,5.0,2.0,3.0,7.0,103165.0,94.0,1.0,3.0,9294.0,75.0,46400.0,1.0,0.0,6.0,6.0,20088.0,26642.0,33.7,0.0,0.0,123.0,386.0,10.0,7.0,1.0,10.0,7.0,0.0,3.0,4.0,7.0,11.0,10.0,10.0,14.0,4.0,16.0,0.0,0.0,0.0,3.0,100.0,14.3,0.0,0.0,440771.0,117111.0,40200.0,109919.0,0,0
35968,4000.0,0.08810000000000001,126.85,1,52000.0,0,1,n,22.18,0.0,2.0,8.0,0.0,4233.0,18.0,0,2887.44,2887.44,1393.39,1393.39,1112.56,280.83,0.0,0.0,0.0,126.85,0.0,1.0,1,0.0,0.0,63412.0,1.0,3.0,1.0,2.0,4.0,59179.0,107.0,0.0,1.0,3335.0,86.0,18000.0,2.0,0.0,4.0,3.0,7927.0,5565.0,37.5,0.0,0.0,246.0,132.0,18.0,4.0,0.0,18.0,4.0,0.0,1.0,3.0,2.0,3.0,9.0,5.0,9.0,3.0,8.0,0.0,0.0,0.0,1.0,100.0,0.0,0.0,0.0,73581.0,63412.0,8900.0,55581.0,0,0
22003,6375.0,0.08810000000000001,202.17,2,79000.0,0,1,n,21.69,1.0,0.0,8.0,0.0,40040.0,16.0,0,0.0,0.0,6432.31,6432.31,6375.0,57.31,0.0,0.0,0.0,6438.55,0.0,1.0,1,0.0,0.0,127742.0,0.0,2.0,0.0,2.0,14.0,23841.0,82.0,0.0,0.0,13902.0,80.0,51200.0,1.0,1.0,0.0,2.0,15968.0,8337.0,71.4,0.0,0.0,130.0,350.0,118.0,14.0,2.0,118.0,23.0,0.0,3.0,5.0,3.0,5.0,6.0,5.0,8.0,5.0,8.0,0.0,0.0,0.0,0.0,93.8,66.7,0.0,0.0,173173.0,63881.0,29100.0,29123.0,0,0
64436,7500.0,0.16949999999999998,267.21,1,20771.0,0,1,n,34.74,0.0,0.0,7.0,0.0,1010.0,7.0,0,5411.2,5411.2,3199.46,3199.46,2088.8,1110.66,0.0,0.0,0.0,267.21,0.0,1.0,1,0.0,0.0,17407.0,0.0,4.0,0.0,1.0,18.0,16397.0,53.0,0.0,1.0,789.0,52.0,2300.0,0.0,0.0,0.0,2.0,2487.0,11.0,98.6,0.0,0.0,51.0,77.0,14.0,14.0,0.0,77.0,14.0,0.0,1.0,2.0,1.0,1.0,4.0,3.0,3.0,2.0,7.0,0.0,0.0,0.0,0.0,100.0,100.0,0.0,0.0,33348.0,17407.0,800.0,31048.0,0,0
4372,18000.0,0.1033,385.38,2,115000.0,1,1,n,18.29,0.0,0.0,15.0,0.0,15854.0,31.0,0,15604.36,15604.36,3843.47,3843.47,2395.64,1447.83,0.0,0.0,0.0,385.38,0.0,1.0,1,0.0,0.0,539658.0,0.0,8.0,1.0,2.0,8.0,62255.0,18.0,1.0,1.0,12671.0,34.0,42500.0,1.0,0.0,2.0,3.0,35977.0,22446.0,41.4,0.0,0.0,160.0,130.0,7.0,7.0,1.0,7.0,2.0,0.0,3.0,3.0,4.0,5.0,20.0,5.0,9.0,3.0,15.0,0.0,0.0,0.0,2.0,100.0,0.0,0.0,0.0,614251.0,83546.0,38300.0,87725.0,0,0
52072,25525.0,0.1102,555.23,3,86000.0,0,1,n,32.45,0.0,1.0,17.0,0.0,19273.0,39.0,0,21863.58,21863.58,6091.9,6091.9,3661.42,2430.48,0.0,0.0,0.0,555.23,0.0,1.0,1,0.0,0.0,48203.0,1.0,3.0,0.0,1.0,14.0,28930.0,64.0,1.0,4.0,8789.0,46.0,58900.0,1.0,3.0,1.0,5.0,3013.0,22455.0,33.4,0.0,0.0,135.0,424.0,2.0,2.0,1.0,19.0,2.0,5.0,4.0,6.0,7.0,14.0,11.0,14.0,26.0,6.0,17.0,0.0,0.0,0.0,1.0,75.7,0.0,0.0,0.0,104400.0,48203.0,33700.0,45500.0,0,0
31031,6375.0,0.2055,238.71,1,54000.0,1,1,n,18.29,0.0,2.0,9.0,0.0,1637.0,17.0,0,5559.9,5559.9,1902.4,1902.4,815.1,1087.3,0.0,0.0,0.0,0.0,0.0,1.0,1,0.0,851.0,23935.0,3.0,2.0,2.0,3.0,2.0,22298.0,68.0,2.0,2.0,597.0,60.0,7400.0,3.0,3.0,5.0,5.0,3419.0,1164.0,35.3,0.0,0.0,91.0,114.0,3.0,2.0,0.0,4.0,2.0,0.0,2.0,3.0,5.0,9.0,6.0,7.0,11.0,3.0,9.0,0.0,0.0,0.0,4.0,100.0,0.0,0.0,0.0,40167.0,23935.0,1800.0,32767.0,0,0
64422,24000.0,0.124,538.74,2,112000.0,1,1,n,12.6,0.0,0.0,12.0,0.0,21364.0,32.0,0,20444.69,20444.69,6448.35,6448.35,3555.31,2893.04,0.0,0.0,0.0,538.74,0.0,1.0,1,0.0,0.0,224274.0,1.0,3.0,0.0,1.0,19.0,202910.0,71.0,1.0,2.0,7927.0,59.0,42900.0,1.0,0.0,0.0,3.0,18690.0,19636.0,52.1,0.0,0.0,113.0,140.0,1.0,1.0,1.0,1.0,20.0,0.0,5.0,5.0,7.0,9.0,15.0,9.0,16.0,5.0,12.0,0.0,0.0,0.0,1.0,96.9,28.6,0.0,0.0,249311.0,224274.0,41000.0,206411.0,0,0
52465,6600.0,0.1308,222.64,2,55000.0,1,1,n,16.6,1.0,0.0,7.0,0.0,10388.0,25.0,0,0.0,0.0,7071.66,7071.66,6600.0,471.66,0.0,0.0,0.0,5740.62,0.0,1.0,1,0.0,0.0,137879.0,0.0,2.0,0.0,1.0,13.0,20893.0,56.0,0.0,2.0,4938.0,55.0,19900.0,0.0,4.0,1.0,4.0,19697.0,4160.0,71.1,0.0,0.0,135.0,161.0,22.0,10.0,4.0,22.0,12.0,0.0,3.0,4.0,3.0,4.0,11.0,4.0,10.0,4.0,7.0,0.0,0.0,0.0,1.0,92.0,33.3,0.0,0.0,165840.0,31281.0,14400.0,37549.0,0,0
60112,3500.0,0.1524,121.75,1,25000.0,0,1,n,18.24,0.0,1.0,10.0,0.0,2890.0,15.0,0,2504.79,2504.79,1453.59,1453.59,995.21,458.38,0.0,0.0,0.0,121.75,0.0,1.0,1,0.0,0.0,6055.0,1.0,3.0,1.0,1.0,8.0,3165.0,47.0,2.0,3.0,2107.0,41.0,7600.0,5.0,0.0,6.0,4.0,606.0,3922.0,42.3,0.0,0.0,26.0,219.0,3.0,3.0,0.0,3.0,1.0,0.0,4.0,5.0,5.0,7.0,3.0,6.0,11.0,5.0,10.0,0.0,0.0,0.0,3.0,100.0,20.0,0.0,0.0,14716.0,6055.0,6800.0,6800.0,0,0
49727,19000.0,0.124,634.71,1,56000.0,0,1,n,30.2,2.0,0.0,6.0,0.0,18223.0,16.0,0,13933.24,13933.24,6968.72,6968.72,5066.76,1901.96,0.0,0.0,0.0,0.0,0.0,1.0,1,0.0,0.0,60229.0,1.0,3.0,1.0,3.0,6.0,42006.0,87.0,0.0,0.0,12518.0,87.0,21300.0,6.0,0.0,7.0,3.0,10038.0,3077.0,85.6,0.0,0.0,210.0,134.0,40.0,6.0,0.0,41.0,6.0,1.0,3.0,3.0,3.0,6.0,10.0,3.0,6.0,3.0,6.0,0.0,0.0,0.0,1.0,75.0,100.0,0.0,0.0,69606.0,60229.0,21300.0,48306.0,0,0
19678,19125.0,0.0819,600.99,2,49000.0,0,1,n,27.28,0.0,0.0,5.0,0.0,9238.0,13.0,0,14329.62,14329.62,6001.2,6001.2,4795.38,1205.82,0.0,0.0,0.0,600.99,0.0,1.0,0,0.0,0.0,251588.0,0.0,2.0,0.0,2.0,22.0,36404.0,44.0,0.0,0.0,9238.0,59.0,14300.0,4.0,0.0,4.0,2.0,50318.0,5062.0,64.6,0.0,0.0,79.0,78.0,32.0,22.0,4.0,32.0,0.0,0.0,1.0,1.0,2.0,6.0,3.0,2.0,6.0,1.0,5.0,0.0,0.0,0.0,0.0,100.0,50.0,0.0,0.0,282535.0,45642.0,14300.0,50235.0,0,0
33761,38400.0,0.08810000000000001,1217.72,3,80000.0,1,1,n,22.95,0.0,1.0,20.0,0.0,31193.0,31.0,0,17667.74,17667.74,22647.93,22647.93,20732.26,1915.67,0.0,0.0,0.0,1217.72,0.0,1.0,1,0.0,0.0,51325.0,3.0,2.0,2.0,3.0,8.0,20132.0,71.0,4.0,6.0,7350.0,32.0,134000.0,3.0,3.0,4.0,9.0,2566.0,65119.0,30.2,0.0,0.0,68.0,433.0,3.0,3.0,0.0,3.0,3.0,0.0,5.0,8.0,11.0,13.0,5.0,18.0,26.0,8.0,20.0,0.0,0.0,0.0,6.0,100.0,9.1,0.0,0.0,162449.0,51325.0,93300.0,28449.0,0,0
30584,10850.0,0.1308,247.32,2,78000.0,1,1,n,10.83,0.0,0.0,13.0,0.0,9254.0,25.0,0,8715.87,8715.87,3312.64,3312.64,2134.13,1178.51,0.0,0.0,0.0,247.32,0.0,1.0,1,0.0,0.0,122657.0,1.0,2.0,0.0,2.0,20.0,12996.0,60.0,1.0,2.0,4682.0,52.0,21100.0,2.0,0.0,1.0,4.0,9435.0,11846.0,43.9,0.0,0.0,158.0,159.0,6.0,6.0,4.0,6.0,7.0,1.0,6.0,6.0,10.0,13.0,7.0,10.0,14.0,6.0,13.0,0.0,0.0,0.0,1.0,96.0,20.0,0.0,0.0,150075.0,22250.0,21100.0,21718.0,0,0
44627,31900.0,0.1308,1076.07,2,69000.0,0,1,n,71.57,2.0,0.0,29.0,0.0,27181.0,43.0,0,23436.79,23436.79,11813.59,11813.59,8463.21,3350.38,0.0,0.0,0.0,1076.07,0.0,1.0,0,0.0,0.0,247979.0,1.0,16.0,1.0,5.0,3.0,220798.0,93.0,0.0,4.0,7910.0,87.0,40700.0,6.0,1.0,4.0,9.0,8551.0,7358.0,76.7,0.0,0.0,110.0,149.0,21.0,3.0,0.0,21.0,3.0,0.0,5.0,7.0,8.0,14.0,22.0,13.0,21.0,7.0,29.0,0.0,0.0,0.0,1.0,88.4,62.5,0.0,0.0,284954.0,247979.0,31600.0,244254.0,0,0
73448,5600.0,0.08810000000000001,177.59,1,85000.0,0,1,n,13.27,0.0,0.0,6.0,0.0,9021.0,10.0,0,0.0,0.0,6011.4,6011.4,5600.0,411.4,0.0,0.0,0.0,4238.24,0.0,1.0,1,0.0,0.0,21930.0,0.0,2.0,0.0,1.0,20.0,12909.0,42.0,0.0,0.0,2305.0,50.0,12600.0,1.0,0.0,0.0,1.0,3655.0,3732.0,50.9,0.0,0.0,77.0,226.0,30.0,20.0,0.0,30.0,20.0,0.0,2.0,3.0,3.0,3.0,6.0,4.0,4.0,3.0,6.0,0.0,0.0,0.0,0.0,100.0,66.7,0.0,0.0,43688.0,21930.0,7600.0,31088.0,0,0
64552,18000.0,0.2305,507.95,3,120000.0,1,1,n,22.93,0.0,1.0,14.0,0.0,23624.0,45.0,0,0.0,0.0,20726.73,20726.73,18000.0,2726.73,0.0,0.0,0.0,17194.13,0.0,1.0,1,0.0,1225.0,233013.0,1.0,4.0,0.0,3.0,17.0,118425.0,75.0,4.0,5.0,5611.0,76.0,30400.0,0.0,5.0,6.0,8.0,16644.0,3640.0,85.2,0.0,0.0,146.0,342.0,4.0,4.0,4.0,7.0,4.0,1.0,6.0,8.0,6.0,9.0,27.0,9.0,14.0,8.0,14.0,0.0,0.0,0.0,4.0,85.7,66.7,0.0,0.0,267558.0,142049.0,24600.0,129158.0,0,0
70078,19125.0,0.0819,389.53,2,100100.0,1,1,n,13.97,1.0,0.0,12.0,0.0,2306.0,25.0,0,15897.61,15897.61,4665.66,4665.66,3227.39,1438.27,0.0,0.0,0.0,389.53,0.0,1.0,1,0.0,0.0,281141.0,0.0,6.0,0.0,0.0,36.0,63002.0,75.0,0.0,1.0,2074.0,49.0,48600.0,0.0,1.0,0.0,3.0,25558.0,45694.0,4.8,0.0,0.0,158.0,131.0,21.0,21.0,2.0,21.0,23.0,0.0,2.0,2.0,4.0,5.0,14.0,5.0,8.0,2.0,12.0,0.0,0.0,0.0,0.0,100.0,0.0,0.0,0.0,354858.0,65308.0,48000.0,84099.0,0,0
39716,24000.0,0.1308,547.06,2,180000.0,1,1,n,11.47,0.0,1.0,14.0,0.0,14855.0,31.0,0,21363.5,21363.5,5404.98,5404.98,2636.5,2768.48,0.0,0.0,0.0,547.06,0.0,1.0,1,0.0,0.0,121545.0,2.0,7.0,1.0,3.0,6.0,106690.0,93.0,1.0,1.0,4863.0,82.0,33000.0,0.0,4.0,3.0,4.0,8682.0,8192.0,55.5,0.0,0.0,126.0,178.0,1.0,1.0,0.0,1.0,1.0,0.0,4.0,5.0,4.0,6.0,15.0,7.0,16.0,5.0,14.0,0.0,0.0,0.0,2.0,96.8,25.0,0.0,0.0,148094.0,121545.0,18400.0,115094.0,0,0
20642,7700.0,0.0702,237.83,2,42500.0,0,1,n,23.44,0.0,1.0,10.0,0.0,7909.0,14.0,0,5516.23,5516.23,2610.12,2610.12,2183.77,426.35,0.0,0.0,0.0,237.83,0.0,1.0,1,0.0,0.0,40383.0,4.0,2.0,1.0,1.0,6.0,32474.0,101.0,6.0,7.0,2285.0,55.0,41300.0,2.0,0.0,3.0,8.0,4038.0,30647.0,16.3,0.0,0.0,159.0,51.0,2.0,2.0,0.0,2.0,5.0,2.0,6.0,7.0,7.0,8.0,5.0,8.0,9.0,7.0,10.0,0.0,0.0,0.0,7.0,85.7,0.0,0.0,0.0,73454.0,40383.0,36600.0,32154.0,0,0
28085,16000.0,0.1102,348.04,3,31000.0,0,1,n,24.82,0.0,0.0,17.0,0.0,5220.0,24.0,1,13683.4,13683.4,3808.85,3808.85,2316.6,1492.25,0.0,0.0,0.0,348.04,0.0,1.0,1,0.0,0.0,28631.0,0.0,11.0,0.0,1.0,24.0,23411.0,75.0,0.0,0.0,2139.0,53.0,22400.0,1.0,0.0,0.0,1.0,1789.0,12027.0,21.9,0.0,0.0,114.0,123.0,29.0,24.0,0.0,35.0,24.0,0.0,2.0,3.0,3.0,9.0,11.0,6.0,13.0,3.0,17.0,0.0,0.0,0.0,0.0,100.0,0.0,0.0,0.0,53748.0,28631.0,15400.0,31348.0,0,0
55251,12000.0,0.1308,273.53,2,75000.0,0,1,n,21.58,0.0,0.0,5.0,1.0,132.0,12.0,0,10180.74,10180.74,3273.64,3273.64,1819.26,1454.38,0.0,0.0,0.0,273.53,0.0,1.0,1,0.0,0.0,366356.0,0.0,3.0,1.0,4.0,11.0,37561.0,79.0,0.0,1.0,132.0,77.0,1500.0,3.0,1.0,0.0,5.0,73271.0,1368.0,8.8,0.0,0.0,194.0,172.0,20.0,11.0,1.0,20.0,13.0,1.0,1.0,1.0,1.0,1.0,9.0,1.0,2.0,1.0,5.0,0.0,0.0,0.0,1.0,91.7,0.0,1.0,0.0,397655.0,37693.0,1500.0,47393.0,0,0
74839,12000.0,0.08810000000000001,380.54,2,129999.0,0,1,n,10.42,0.0,3.0,11.0,0.0,11998.0,20.0,0,8390.05,8390.05,4554.73,4554.73,3609.95,944.78,0.0,0.0,0.0,380.54,0.0,1.0,1,0.0,0.0,256252.0,1.0,2.0,0.0,3.0,16.0,21986.0,68.0,2.0,3.0,2893.0,59.0,25100.0,1.0,2.0,5.0,6.0,23296.0,6838.0,47.8,0.0,0.0,60.0,89.0,5.0,5.0,3.0,11.0,2.0,1.0,4.0,6.0,4.0,5.0,6.0,8.0,11.0,6.0,11.0,0.0,0.0,0.0,2.0,100.0,25.0,0.0,0.0,292314.0,33984.0,13100.0,32543.0,0,0
15345,15000.0,0.1033,486.34,1,60000.0,1,1,n,18.86,0.0,0.0,7.0,0.0,14116.0,7.0,0,12320.09,12320.09,3873.5,3873.5,2679.91,1193.59,0.0,0.0,0.0,486.34,0.0,1.0,1,0.0,0.0,24860.0,0.0,2.0,1.0,2.0,11.0,10744.0,56.0,3.0,3.0,4888.0,52.0,28700.0,1.0,0.0,2.0,5.0,3551.0,12893.0,50.8,0.0,0.0,22.0,41.0,7.0,7.0,0.0,9.0,10.0,0.0,4.0,5.0,4.0,4.0,2.0,5.0,5.0,5.0,7.0,0.0,0.0,0.0,4.0,100.0,0.0,0.0,0.0,47869.0,24860.0,26200.0,19169.0,0,0
64708,10000.0,0.08810000000000001,317.12,1,110000.0,0,1,n,20.69,0.0,0.0,9.0,0.0,32677.0,11.0,0,6954.54,6954.54,3800.55,3800.55,3045.46,755.09,0.0,0.0,0.0,317.12,0.0,1.0,1,0.0,0.0,57627.0,0.0,2.0,1.0,1.0,8.0,24950.0,49.0,0.0,0.0,6451.0,51.0,61400.0,1.0,2.0,1.0,1.0,6403.0,26196.0,43.5,0.0,0.0,53.0,70.0,25.0,8.0,0.0,25.0,8.0,0.0,5.0,6.0,6.0,8.0,2.0,7.0,9.0,6.0,9.0,0.0,0.0,0.0,1.0,100.0,16.7,0.0,0.0,112522.0,57627.0,46400.0,51122.0,0,0
19698,1500.0,0.14300000000000002,51.49,2,75000.0,0,1,n,18.03,5.0,2.0,9.0,1.0,241.0,37.0,0,1145.24,1145.24,513.71,513.71,354.76,158.95,0.0,0.0,0.0,51.49,0.0,1.0,1,0.0,0.0,21845.0,0.0,4.0,1.0,2.0,10.0,21604.0,54.0,2.0,4.0,177.0,45.0,7900.0,1.0,0.0,4.0,6.0,2427.0,6759.0,3.4,0.0,0.0,188.0,487.0,12.0,10.0,2.0,12.0,2.0,8.0,3.0,3.0,4.0,11.0,14.0,5.0,20.0,3.0,9.0,0.0,0.0,5.0,3.0,73.5,0.0,1.0,0.0,48162.0,21845.0,7000.0,40262.0,0,0
9057,1600.0,0.1612,56.35,1,19224.0,0,1,n,25.84,2.0,0.0,10.0,1.0,2719.0,21.0,0,1127.88,1127.88,660.63,660.63,472.12,188.51,0.0,0.0,0.0,56.35,0.0,1.0,1,0.0,0.0,8420.0,2.0,0.0,1.0,1.0,12.0,5701.0,72.0,4.0,4.0,763.0,34.0,16800.0,2.0,0.0,3.0,5.0,842.0,2737.0,21.8,0.0,0.0,119.0,139.0,5.0,5.0,0.0,6.0,12.0,0.0,1.0,6.0,2.0,5.0,7.0,9.0,14.0,6.0,10.0,0.0,0.0,0.0,5.0,90.5,50.0,1.0,0.0,24693.0,8420.0,3500.0,7893.0,0,0
25547,15000.0,0.1308,341.92,3,40000.0,1,1,n,37.14,0.0,0.0,17.0,0.0,20142.0,18.0,0,13669.32,13669.32,3066.38,3066.38,1330.68,1735.7,0.0,0.0,0.0,341.92,0.0,1.0,1,0.0,0.0,38186.0,0.0,1.0,0.0,0.0,26.0,18044.0,63.0,1.0,7.0,2834.0,67.0,28200.0,0.0,2.0,0.0,7.0,2246.0,2647.0,82.2,0.0,0.0,66.0,57.0,12.0,12.0,0.0,22.0,20.0,0.0,9.0,15.0,9.0,9.0,2.0,16.0,16.0,15.0,17.0,0.0,0.0,0.0,1.0,100.0,77.8,0.0,0.0,56640.0,38186.0,14900.0,28440.0,0,0
46268,25000.0,0.1308,569.86,2,93000.0,1,1,n,29.24,0.0,0.0,10.0,0.0,17108.0,26.0,0,22769.15,22769.15,5110.57,5110.57,2230.85,2879.72,0.0,0.0,0.0,569.86,1.0,1.0,1,0.0,314.0,188782.0,1.0,4.0,2.0,2.0,5.0,66611.0,77.0,0.0,0.0,6840.0,65.0,34800.0,1.0,6.0,1.0,2.0,18878.0,10744.0,52.0,0.0,0.0,117.0,211.0,31.0,5.0,2.0,31.0,9.0,0.0,2.0,4.0,3.0,4.0,14.0,5.0,10.0,4.0,10.0,0.0,0.0,0.0,2.0,96.2,33.3,0.0,0.0,241271.0,83719.0,22400.0,93554.0,0,0
30186,25000.0,0.0819,509.19,2,75000.0,0,1,n,23.5,0.0,1.0,7.0,0.0,21540.0,20.0,0,21146.06,21146.06,5589.71,5589.71,3853.94,1735.77,0.0,0.0,0.0,509.19,0.0,1.0,1,0.0,0.0,196537.0,0.0,2.0,0.0,2.0,15.0,36822.0,47.0,0.0,0.0,9418.0,62.0,34400.0,4.0,2.0,3.0,3.0,28077.0,11260.0,65.7,0.0,0.0,97.0,99.0,42.0,15.0,3.0,57.0,5.0,0.0,3.0,3.0,3.0,4.0,11.0,4.0,6.0,3.0,7.0,0.0,0.0,0.0,0.0,100.0,66.7,0.0,0.0,220025.0,58362.0,32800.0,44625.0,0,0
26204,10625.0,0.1524,369.57,1,59000.0,0,1,n,17.51,1.0,1.0,10.0,0.0,6142.0,22.0,0,8107.95,8107.95,3777.99,3777.99,2517.05,1260.94,0.0,0.0,0.0,400.0,1.0,1.0,1,0.0,666.0,27723.0,2.0,2.0,0.0,0.0,34.0,21581.0,50.0,2.0,2.0,2096.0,46.0,17300.0,0.0,0.0,1.0,2.0,2772.0,6763.0,45.5,0.0,0.0,180.0,106.0,3.0,3.0,0.0,4.0,4.0,1.0,3.0,4.0,5.0,7.0,8.0,8.0,13.0,4.0,10.0,0.0,0.0,1.0,2.0,86.4,40.0,0.0,0.0,60855.0,27723.0,12400.0,43555.0,0,0
62692,15000.0,0.14300000000000002,351.37,2,85000.0,1,1,n,12.04,0.0,2.0,20.0,0.0,6030.0,46.0,0,12787.25,12787.25,4186.65,4186.65,2212.75,1973.9,0.0,0.0,0.0,351.37,0.0,1.0,1,0.0,0.0,129105.0,3.0,2.0,1.0,2.0,8.0,14444.0,67.0,3.0,7.0,1428.0,37.0,33500.0,3.0,0.0,5.0,11.0,6455.0,7556.0,30.7,0.0,0.0,152.0,306.0,1.0,1.0,4.0,1.0,4.0,2.0,3.0,7.0,3.0,4.0,19.0,17.0,23.0,7.0,20.0,0.0,0.0,0.0,5.0,92.5,0.0,0.0,0.0,165491.0,20474.0,10900.0,21705.0,0,0
64475,18000.0,0.2305,507.95,2,73000.0,1,1,n,13.28,0.0,0.0,9.0,1.0,18093.0,13.0,0,17082.86,17082.86,5056.45,5056.45,917.14,4139.31,0.0,0.0,0.0,507.95,0.0,1.0,1,0.0,0.0,24605.0,1.0,1.0,0.0,0.0,326.0,6512.0,98.0,3.0,5.0,7347.0,81.0,23800.0,0.0,0.0,0.0,5.0,2734.0,4695.0,75.0,0.0,0.0,326.0,401.0,3.0,3.0,1.0,3.0,24.0,0.0,4.0,6.0,6.0,6.0,1.0,8.0,11.0,6.0,9.0,0.0,0.0,0.0,3.0,100.0,66.7,1.0,0.0,30452.0,24605.0,18800.0,6652.0,0,0
27965,12000.0,0.1308,404.79,3,28000.0,0,1,n,35.62,0.0,1.0,17.0,0.0,12425.0,58.0,1,0.0,0.0,12100.28,12100.28,12000.0,100.28,0.0,0.0,0.0,12109.0,0.0,1.0,1,0.0,0.0,57461.0,1.0,1.0,2.0,2.0,9.0,21917.0,88.0,1.0,7.0,6989.0,42.0,57700.0,0.0,11.0,3.0,10.0,3380.0,21615.0,32.0,0.0,0.0,98.0,125.0,4.0,4.0,2.0,4.0,0.0,0.0,3.0,8.0,5.0,11.0,24.0,15.0,32.0,8.0,17.0,0.0,0.0,0.0,4.0,98.2,20.0,0.0,0.0,107704.0,34342.0,31800.0,25004.0,0,0
24658,10625.0,0.1524,254.11,2,109000.0,1,1,n,12.71,0.0,3.0,11.0,0.0,16520.0,21.0,0,0.0,0.0,11059.7,11059.7,10625.0,434.7,0.0,0.0,0.0,10560.48,0.0,1.0,1,0.0,0.0,389545.0,4.0,2.0,6.0,6.0,2.0,24370.0,85.0,1.0,1.0,3866.0,38.0,79400.0,3.0,0.0,4.0,7.0,35413.0,54468.0,13.7,0.0,0.0,81.0,214.0,11.0,2.0,3.0,11.0,2.0,0.0,4.0,6.0,5.0,7.0,8.0,7.0,10.0,6.0,11.0,0.0,0.0,0.0,7.0,100.0,0.0,0.0,0.0,498225.0,40890.0,63100.0,28825.0,0,0
48039,15950.0,0.1612,561.71,1,175000.0,0,1,n,21.39,0.0,0.0,11.0,0.0,46310.0,21.0,0,11860.44,11860.44,6150.24,6150.24,4089.56,2060.68,0.0,0.0,0.0,0.0,0.0,1.0,1,0.0,0.0,105545.0,0.0,3.0,2.0,2.0,11.0,59235.0,59.0,1.0,1.0,15897.0,62.0,73300.0,1.0,0.0,1.0,3.0,9595.0,25546.0,64.4,0.0,0.0,256.0,83.0,10.0,10.0,0.0,10.0,12.0,1.0,6.0,7.0,7.0,8.0,11.0,8.0,10.0,7.0,11.0,0.0,0.0,0.0,3.0,95.2,14.3,0.0,0.0,157216.0,105545.0,71700.0,83916.0,0,0
53187,16000.0,0.0819,502.79,2,72000.0,0,1,n,21.98,0.0,0.0,11.0,0.0,23864.0,21.0,0,11036.69,11036.69,6018.92,6018.92,4963.31,1055.61,0.0,0.0,0.0,502.79,0.0,1.0,0,0.0,650.0,268969.0,1.0,3.0,0.0,3.0,15.0,37080.0,82.0,1.0,2.0,17601.0,67.0,45700.0,1.0,0.0,0.0,5.0,24452.0,20340.0,54.0,0.0,0.0,256.0,162.0,6.0,6.0,2.0,6.0,20.0,0.0,3.0,4.0,6.0,9.0,7.0,7.0,11.0,4.0,11.0,0.0,0.0,0.0,1.0,100.0,33.3,0.0,0.0,313800.0,60944.0,44200.0,45000.0,0,0
74229,7000.0,0.2055,187.61,2,64000.0,1,1,n,25.09,1.0,1.0,23.0,0.0,17988.0,34.0,0,6576.36,6576.36,1868.11,1868.11,423.64,1444.47,0.0,0.0,0.0,187.61,0.0,1.0,1,0.0,262.0,281952.0,1.0,4.0,0.0,2.0,15.0,74542.0,32.0,3.0,8.0,4174.0,43.0,35400.0,0.0,1.0,4.0,10.0,12259.0,10667.0,42.7,0.0,0.0,153.0,156.0,3.0,3.0,3.0,40.0,3.0,3.0,4.0,15.0,5.0,6.0,9.0,18.0,21.0,15.0,23.0,0.0,0.0,1.0,3.0,88.2,20.0,0.0,0.0,328734.0,92530.0,18600.0,71334.0,0,0
19577,12000.0,0.1171,396.92,2,130000.0,1,1,n,15.43,0.0,1.0,9.0,0.0,11299.0,17.0,0,9075.67,9075.67,3961.39,3961.39,2924.33,1037.06,0.0,0.0,0.0,396.92,0.0,1.0,1,0.0,751.0,245484.0,2.0,3.0,1.0,2.0,5.0,45602.0,21.0,2.0,3.0,2805.0,37.0,18800.0,1.0,3.0,2.0,8.0,27276.0,4273.0,63.8,0.0,0.0,158.0,96.0,2.0,2.0,3.0,2.0,2.0,0.0,4.0,5.0,4.0,4.0,9.0,5.0,5.0,5.0,9.0,0.0,0.0,0.0,3.0,100.0,25.0,0.0,0.0,285392.0,56901.0,11800.0,75487.0,0,0
59566,16000.0,0.0756,498.15,2,109000.0,0,1,n,22.66,0.0,0.0,18.0,0.0,18869.0,25.0,0,11520.93,11520.93,5472.93,5472.93,4479.07,993.86,0.0,0.0,0.0,0.0,0.0,1.0,1,0.0,0.0,97317.0,0.0,10.0,0.0,1.0,15.0,78448.0,77.0,0.0,0.0,14233.0,60.0,61500.0,1.0,0.0,1.0,1.0,5407.0,32118.0,31.5,0.0,0.0,186.0,263.0,35.0,15.0,1.0,35.0,3.0,1.0,2.0,5.0,3.0,5.0,13.0,8.0,11.0,5.0,18.0,0.0,0.0,0.0,0.0,80.0,0.0,0.0,0.0,163613.0,97317.0,46900.0,102113.0,0,0
14036,26575.0,0.16949999999999998,659.75,2,96000.0,0,1,n,24.61,0.0,1.0,16.0,0.0,49193.0,31.0,0,22867.33,22867.33,7464.7,7464.7,3707.67,3757.03,0.0,0.0,0.0,270.0,0.0,1.0,1,0.0,0.0,194232.0,1.0,2.0,2.0,2.0,3.0,43276.0,89.0,0.0,0.0,10740.0,59.0,107800.0,1.0,0.0,2.0,2.0,12140.0,47440.0,29.5,0.0,0.0,186.0,188.0,27.0,3.0,3.0,41.0,2.0,0.0,5.0,10.0,6.0,8.0,13.0,12.0,15.0,10.0,16.0,0.0,0.0,0.0,2.0,100.0,33.3,0.0,0.0,332209.0,92469.0,67300.0,48909.0,0,0
53807,12000.0,0.0646,367.57,1,110000.0,0,1,n,19.31,0.0,0.0,14.0,0.0,8745.0,27.0,0,8224.35,8224.35,4402.23,4402.23,3775.65,626.58,0.0,0.0,0.0,367.57,0.0,1.0,1,0.0,0.0,48270.0,0.0,5.0,2.0,2.0,8.0,39525.0,62.0,0.0,1.0,1885.0,40.0,57900.0,1.0,2.0,3.0,3.0,3448.0,26515.0,6.6,0.0,0.0,89.0,163.0,15.0,8.0,0.0,47.0,11.0,0.0,1.0,3.0,3.0,5.0,8.0,9.0,19.0,3.0,14.0,0.0,0.0,0.0,2.0,100.0,0.0,0.0,0.0,121904.0,48270.0,28400.0,64004.0,0,0
19188,40000.0,0.0819,814.7,1,55000.0,1,1,n,18.3,0.0,0.0,12.0,1.0,17901.0,22.0,0,34413.57,34413.57,8128.8,8128.8,5586.43,2542.37,0.0,0.0,0.0,814.7,0.0,1.0,1,0.0,0.0,62780.0,1.0,2.0,0.0,3.0,16.0,44879.0,53.0,3.0,4.0,9757.0,22.0,122500.0,0.0,0.0,3.0,7.0,5232.0,87599.0,17.0,0.0,0.0,59.0,185.0,3.0,3.0,0.0,3.0,7.0,0.0,5.0,5.0,8.0,13.0,7.0,10.0,15.0,5.0,12.0,0.0,0.0,0.0,3.0,100.0,25.0,1.0,0.0,189748.0,62780.0,105500.0,67248.0,0,0
56336,31900.0,0.1612,777.79,2,65000.0,0,1,n,35.86,0.0,2.0,11.0,0.0,38398.0,24.0,0,27384.85,27384.85,9304.91,9304.91,4515.15,4789.76,0.0,0.0,0.0,777.79,0.0,1.0,0,0.0,0.0,195865.0,0.0,2.0,1.0,1.0,12.0,23852.0,68.0,0.0,2.0,7104.0,84.0,39100.0,1.0,3.0,3.0,4.0,17806.0,0.0,100.8,0.0,0.0,150.0,158.0,22.0,12.0,2.0,50.0,6.0,0.0,3.0,8.0,3.0,6.0,10.0,8.0,12.0,8.0,11.0,0.0,0.0,0.0,1.0,100.0,100.0,0.0,0.0,216333.0,62250.0,8600.0,34860.0,0,0
20053,8400.0,0.1612,295.82,1,50000.0,0,1,n,13.71,0.0,1.0,7.0,0.0,10983.0,9.0,0,7104.11,7104.11,2359.04,2359.04,1295.89,1063.15,0.0,0.0,0.0,295.82,0.0,1.0,1,0.0,80.0,12210.0,1.0,1.0,0.0,0.0,31.0,1227.0,19.0,1.0,2.0,6462.0,58.0,14600.0,0.0,0.0,1.0,2.0,1744.0,3556.0,73.9,0.0,0.0,126.0,126.0,2.0,2.0,0.0,2.0,2.0,0.0,4.0,5.0,5.0,5.0,2.0,6.0,7.0,5.0,7.0,0.0,0.0,0.0,1.0,100.0,40.0,0.0,0.0,21075.0,12210.0,13600.0,6475.0,0,0
63897,21050.0,0.08810000000000001,667.53,2,98000.0,0,1,n,15.44,0.0,0.0,9.0,0.0,1058.0,20.0,1,11988.08,11988.08,10500.06,10500.06,9061.92,1438.14,0.0,0.0,0.0,667.53,0.0,1.0,1,0.0,0.0,185115.0,2.0,2.0,2.0,2.0,5.0,27331.0,81.0,1.0,2.0,291.0,51.0,21400.0,1.0,1.0,2.0,4.0,20568.0,15609.0,1.8,0.0,0.0,128.0,374.0,2.0,2.0,4.0,2.0,6.0,1.0,1.0,2.0,3.0,4.0,9.0,5.0,6.0,2.0,9.0,0.0,0.0,0.0,3.0,95.0,0.0,0.0,0.0,242839.0,28389.0,15900.0,33816.0,0,0
30079,35000.0,0.0819,712.87,2,102000.0,1,1,n,28.01,0.0,0.0,14.0,0.0,17271.0,39.0,0,29604.44,29604.44,7825.65,7825.65,5395.56,2430.09,0.0,0.0,0.0,712.87,0.0,1.0,1,0.0,0.0,440335.0,0.0,4.0,0.0,3.0,18.0,93568.0,79.0,0.0,1.0,3270.0,67.0,36400.0,6.0,7.0,0.0,5.0,36695.0,5330.0,38.0,0.0,0.0,208.0,163.0,16.0,16.0,3.0,16.0,16.0,0.0,1.0,4.0,3.0,5.0,20.0,8.0,16.0,4.0,14.0,0.0,0.0,0.0,0.0,97.4,50.0,0.0,0.0,508475.0,110839.0,8600.0,117455.0,0,0
68602,11700.0,0.08810000000000001,241.8,2,150000.0,0,1,n,8.24,1.0,1.0,18.0,0.0,9411.0,29.0,0,9770.37,9770.37,2890.15,2890.15,1929.63,960.52,0.0,0.0,0.0,241.8,0.0,1.0,1,0.0,0.0,245788.0,2.0,1.0,0.0,0.0,30.0,15846.0,57.0,2.0,8.0,2757.0,42.0,31800.0,1.0,0.0,1.0,8.0,13655.0,11195.0,35.3,0.0,0.0,103.0,139.0,1.0,1.0,2.0,16.0,6.0,6.0,3.0,10.0,5.0,10.0,2.0,16.0,25.0,10.0,18.0,0.0,0.0,0.0,2.0,72.4,40.0,0.0,0.0,315987.0,25257.0,17300.0,28017.0,0,0
56545,34000.0,0.0702,1050.14,1,125000.0,0,1,n,21.71,0.0,0.0,13.0,0.0,33756.0,24.0,0,23449.96,23449.96,12588.42,12588.42,10550.04,2038.38,0.0,0.0,0.0,1050.14,0.0,1.0,1,0.0,0.0,94424.0,0.0,4.0,2.0,3.0,8.0,60668.0,63.0,0.0,4.0,13715.0,64.0,52400.0,2.0,3.0,2.0,7.0,7263.0,16606.0,66.5,0.0,0.0,159.0,89.0,13.0,8.0,0.0,13.0,8.0,0.0,6.0,7.0,7.0,11.0,10.0,9.0,14.0,7.0,13.0,0.0,0.0,0.0,2.0,91.7,14.3,0.0,0.0,130843.0,94424.0,49600.0,78443.0,0,0
24451,28000.0,0.08810000000000001,578.66,2,70000.0,1,1,n,29.11,0.0,0.0,20.0,0.0,28416.0,31.0,0,23741.95,23741.95,6351.56,6351.56,4258.05,2093.51,0.0,0.0,0.0,578.66,0.0,1.0,1,0.0,0.0,56930.0,0.0,2.0,0.0,2.0,14.0,28514.0,71.0,1.0,3.0,7288.0,36.0,119100.0,4.0,0.0,3.0,5.0,2847.0,47823.0,36.8,0.0,0.0,120.0,155.0,9.0,9.0,0.0,9.0,4.0,0.0,9.0,11.0,9.0,12.0,7.0,18.0,24.0,11.0,20.0,0.0,0.0,0.0,1.0,100.0,0.0,0.0,0.0,159338.0,56930.0,75700.0,40238.0,0,0
25068,2000.0,0.0646,61.27,2,80000.0,1,1,n,11.33,0.0,0.0,11.0,0.0,7534.0,29.0,0,1429.65,1429.65,673.25,673.25,570.35,102.9,0.0,0.0,0.0,61.27,0.0,1.0,1,0.0,0.0,124520.0,0.0,2.0,1.0,1.0,11.0,6442.0,28.0,0.0,0.0,4793.0,22.0,40100.0,1.0,1.0,2.0,1.0,11320.0,27566.0,21.5,0.0,0.0,238.0,171.0,29.0,11.0,5.0,29.0,4.0,0.0,3.0,3.0,6.0,9.0,8.0,8.0,16.0,3.0,11.0,0.0,0.0,0.0,1.0,100.0,0.0,0.0,0.0,191748.0,13976.0,35100.0,23398.0,0,0
32238,22000.0,0.0702,679.5,2,110000.0,0,1,n,16.6,0.0,0.0,10.0,0.0,13411.0,20.0,0,0.0,0.0,23068.43,23068.43,22000.0,1068.43,0.0,0.0,0.0,17641.01,0.0,1.0,1,0.0,0.0,167033.0,0.0,3.0,0.0,1.0,16.0,36062.0,55.0,0.0,1.0,13411.0,44.0,46700.0,1.0,2.0,0.0,2.0,16703.0,22089.0,37.8,0.0,0.0,97.0,105.0,20.0,16.0,2.0,51.0,16.0,0.0,1.0,1.0,3.0,5.0,9.0,6.0,9.0,1.0,10.0,0.0,0.0,0.0,0.0,100.0,0.0,0.0,0.0,236147.0,49473.0,35500.0,65947.0,0,0
13404,20000.0,0.0756,622.68,1,90000.0,0,1,n,21.4,0.0,2.0,15.0,0.0,4322.0,35.0,0,14921.24,14921.24,6218.4,6218.4,5078.76,1139.64,0.0,0.0,0.0,622.68,0.0,1.0,1,0.0,0.0,116256.0,2.0,4.0,2.0,3.0,3.0,111934.0,80.0,0.0,4.0,2852.0,51.0,44100.0,4.0,1.0,2.0,7.0,7750.0,33080.0,11.6,0.0,0.0,143.0,177.0,13.0,3.0,3.0,13.0,3.0,2.0,2.0,3.0,6.0,9.0,15.0,11.0,17.0,3.0,15.0,0.0,0.0,0.0,2.0,94.3,0.0,0.0,0.0,158173.0,116256.0,37400.0,114073.0,0,0
72412,35000.0,0.14300000000000002,819.85,2,91000.0,1,1,n,22.39,0.0,1.0,22.0,0.0,36163.0,51.0,0,27718.11,27718.11,11610.39,11610.39,7281.89,4328.5,0.0,0.0,0.0,819.85,0.0,1.0,1,0.0,0.0,187794.0,1.0,10.0,1.0,1.0,8.0,68492.0,93.0,1.0,3.0,16829.0,70.0,63000.0,0.0,1.0,4.0,4.0,8536.0,12021.0,74.5,0.0,0.0,145.0,145.0,2.0,2.0,2.0,2.0,2.0,0.0,5.0,8.0,6.0,15.0,23.0,11.0,26.0,8.0,22.0,0.0,0.0,0.0,2.0,100.0,50.0,0.0,0.0,236056.0,104655.0,47100.0,73057.0,0,0
75207,21275.0,0.17739999999999995,537.25,3,46000.0,1,1,n,23.27,0.0,1.0,7.0,0.0,9177.0,9.0,0,18373.8,18373.8,6405.06,6405.06,2901.2,3503.86,0.0,0.0,0.0,537.25,0.0,1.0,1,0.0,165.0,22910.0,1.0,2.0,1.0,2.0,1.0,13733.0,74.0,0.0,1.0,6484.0,55.0,22900.0,1.0,0.0,1.0,3.0,3273.0,13723.0,40.1,0.0,0.0,39.0,60.0,24.0,1.0,0.0,24.0,1.0,0.0,4.0,4.0,5.0,5.0,3.0,5.0,6.0,4.0,7.0,0.0,0.0,0.0,1.0,100.0,20.0,0.0,0.0,41567.0,22910.0,22900.0,18667.0,0,0
36198,2900.0,0.0756,90.29,1,38000.0,1,1,n,32.47,0.0,1.0,15.0,0.0,409.0,19.0,0,2078.46,2078.46,991.97,991.97,821.54,170.43,0.0,0.0,0.0,90.29,0.0,1.0,1,0.0,0.0,45845.0,1.0,12.0,0.0,2.0,22.0,45436.0,74.0,1.0,2.0,0.0,67.0,7000.0,0.0,0.0,2.0,4.0,3056.0,2800.0,0.0,0.0,0.0,89.0,76.0,2.0,2.0,0.0,51.0,2.0,0.0,0.0,2.0,1.0,3.0,13.0,3.0,6.0,2.0,15.0,0.0,0.0,0.0,1.0,100.0,0.0,0.0,0.0,68689.0,45845.0,2800.0,61689.0,0,0
45397,8000.0,0.0702,247.09,1,42000.0,1,1,n,13.54,0.0,1.0,5.0,0.0,7860.0,5.0,0,5731.22,5731.22,2714.87,2714.87,2268.78,446.09,0.0,0.0,0.0,247.09,0.0,1.0,1,0.0,0.0,20229.0,1.0,1.0,1.0,1.0,12.0,12369.0,85.0,2.0,2.0,7655.0,59.0,20000.0,2.0,0.0,5.0,3.0,4046.0,10140.0,43.7,0.0,0.0,12.0,47.0,0.0,0.0,0.0,0.0,0.0,0.0,2.0,2.0,3.0,3.0,1.0,4.0,4.0,2.0,5.0,0.0,0.0,0.0,3.0,100.0,0.0,0.0,0.0,34532.0,20229.0,18000.0,14532.0,0,0
7910,31000.0,0.1033,1005.1,3,250000.0,1,1,n,18.05,0.0,0.0,14.0,0.0,52729.0,32.0,0,23257.68,23257.68,10015.42,10015.42,7742.32,2273.1,0.0,0.0,0.0,1005.1,0.0,1.0,1,0.0,0.0,827933.0,1.0,3.0,1.0,3.0,10.0,56884.0,58.0,0.0,1.0,23613.0,66.0,74300.0,1.0,1.0,2.0,5.0,63687.0,10577.0,82.5,0.0,0.0,307.0,77.0,22.0,3.0,3.0,28.0,5.0,0.0,4.0,5.0,6.0,6.0,17.0,10.0,12.0,5.0,14.0,0.0,0.0,0.0,2.0,100.0,80.0,0.0,0.0,875463.0,109613.0,60300.0,80716.0,0,0
15174,10000.0,0.16949999999999998,356.28,1,36000.0,0,1,n,5.9,1.0,0.0,13.0,0.0,6240.0,17.0,0,7750.77,7750.77,3543.97,3543.97,2249.23,1294.74,0.0,0.0,0.0,356.28,0.0,1.0,1,0.0,0.0,19962.0,3.0,7.0,3.0,6.0,6.0,13722.0,98.0,1.0,1.0,1530.0,80.0,9800.0,1.0,1.0,1.0,8.0,1536.0,2405.0,49.9,0.0,0.0,50.0,70.0,4.0,4.0,0.0,36.0,9.0,4.0,4.0,5.0,4.0,7.0,8.0,5.0,8.0,5.0,13.0,0.0,0.0,0.0,4.0,70.6,0.0,0.0,0.0,25117.0,19962.0,4800.0,13964.0,0,0
63477,9000.0,0.0702,277.98,1,60000.0,0,1,n,18.46,0.0,2.0,21.0,0.0,8609.0,25.0,0,0.0,0.0,9221.3837329,9221.38,9000.0,221.38,0.0,0.0,0.0,2029.63,0.0,1.0,1,0.0,0.0,80738.0,1.0,10.0,0.0,1.0,24.0,72129.0,106.0,3.0,5.0,7029.0,66.0,39700.0,0.0,0.0,2.0,6.0,3845.0,28391.0,24.1,0.0,0.0,67.0,178.0,3.0,3.0,0.0,12.0,3.0,0.0,4.0,4.0,8.0,11.0,10.0,11.0,15.0,4.0,21.0,0.0,0.0,0.0,3.0,100.0,12.5,0.0,0.0,122607.0,80738.0,37000.0,82907.0,0,0
22342,16000.0,0.0819,325.88,2,140000.0,1,1,n,13.41,0.0,1.0,26.0,0.0,33474.0,49.0,0,13533.5,13533.5,3570.12,3570.12,2466.5,1103.62,0.0,0.0,0.0,325.88,0.0,1.0,1,0.0,0.0,411329.0,3.0,3.0,0.0,2.0,17.0,84001.0,34.0,2.0,6.0,6244.0,38.0,87500.0,0.0,2.0,2.0,9.0,15820.0,31671.0,41.4,0.0,0.0,215.0,144.0,1.0,1.0,7.0,2.0,1.0,2.0,9.0,17.0,9.0,11.0,15.0,22.0,27.0,17.0,26.0,0.0,0.0,0.0,3.0,95.9,0.0,0.0,0.0,473066.0,117475.0,54000.0,91712.0,0,0
49700,10400.0,0.1102,226.23,1,55000.0,0,1,n,14.23,0.0,2.0,12.0,0.0,131.0,20.0,0,8903.38,8903.38,2482.16,2482.16,1496.62,985.54,0.0,0.0,0.0,0.0,0.0,1.0,1,0.0,0.0,17222.0,2.0,3.0,2.0,4.0,1.0,17091.0,79.0,0.0,2.0,131.0,39.0,22500.0,4.0,0.0,2.0,6.0,1435.0,18869.0,0.7,0.0,0.0,83.0,179.0,20.0,1.0,0.0,20.0,1.0,0.0,1.0,1.0,7.0,10.0,6.0,9.0,14.0,1.0,12.0,0.0,0.0,0.0,2.0,100.0,0.0,0.0,0.0,44269.0,17222.0,19000.0,21769.0,0,0
43357,25525.0,0.1102,555.23,2,51051.0,0,1,n,85.43,0.0,2.0,7.0,0.0,21565.0,21.0,0,21829.33,21829.33,6091.9,6091.9,3695.67,2396.23,0.0,0.0,0.0,555.23,0.0,1.0,0,0.0,0.0,453955.0,4.0,4.0,3.0,4.0,3.0,98662.0,79.0,1.0,1.0,20605.0,81.0,26000.0,5.0,1.0,12.0,6.0,64851.0,2395.0,89.6,0.0,0.0,169.0,338.0,5.0,3.0,5.0,278.0,1.0,0.0,1.0,2.0,1.0,4.0,11.0,2.0,5.0,2.0,7.0,0.0,0.0,0.0,5.0,90.5,100.0,0.0,0.0,473013.0,120227.0,23000.0,111337.0,0,0
75161,24100.0,0.0819,757.33,2,140000.0,1,1,n,22.68,0.0,1.0,16.0,0.0,24058.0,64.0,0,16712.6,16712.6,9066.03,9066.03,7387.4,1678.63,0.0,0.0,0.0,757.33,0.0,1.0,0,0.0,0.0,1032042.0,3.0,3.0,4.0,9.0,3.0,84478.0,98.0,0.0,1.0,9822.0,56.0,69800.0,5.0,3.0,9.0,11.0,64503.0,31179.0,24.1,0.0,0.0,175.0,158.0,15.0,3.0,9.0,15.0,3.0,0.0,2.0,3.0,4.0,6.0,28.0,11.0,27.0,3.0,16.0,0.0,0.0,0.0,5.0,95.3,0.0,0.0,0.0,1102390.0,108536.0,41100.0,88504.0,0,0
23587,5500.0,0.0646,168.47,1,39000.0,1,1,n,17.69,0.0,1.0,6.0,0.0,5645.0,16.0,0,3930.74,3930.74,1851.2,1851.2,1569.26,281.94,0.0,0.0,0.0,168.47,0.0,1.0,1,0.0,0.0,53422.0,1.0,2.0,0.0,2.0,20.0,47777.0,95.0,1.0,3.0,4114.0,92.0,7800.0,2.0,0.0,1.0,5.0,8904.0,1083.0,82.0,0.0,0.0,126.0,115.0,5.0,5.0,0.0,13.0,6.0,0.0,2.0,3.0,2.0,3.0,7.0,4.0,9.0,3.0,6.0,0.0,0.0,0.0,1.0,100.0,100.0,0.0,0.0,57862.0,53422.0,6000.0,50062.0,0,0
22487,22875.0,0.1862,588.62,2,20800.0,0,1,n,44.72,1.0,0.0,10.0,1.0,12739.0,25.0,0,20095.56,20095.56,6451.16,6451.16,2779.44,3671.72,0.0,0.0,0.0,588.62,0.0,1.0,0,0.0,0.0,96367.0,0.0,1.0,0.0,2.0,23.0,11230.0,70.0,0.0,0.0,5172.0,46.0,35700.0,1.0,5.0,0.0,2.0,9637.0,5015.0,65.7,0.0,0.0,105.0,134.0,27.0,23.0,1.0,27.0,23.0,0.0,3.0,7.0,3.0,6.0,6.0,8.0,18.0,7.0,10.0,0.0,0.0,0.0,0.0,92.0,33.3,1.0,0.0,157635.0,23969.0,14600.0,16115.0,0,0
67303,5000.0,0.17739999999999995,180.12,1,46072.0,1,1,n,15.57,0.0,2.0,18.0,0.0,4019.0,22.0,0,3616.66,3616.66,2156.51,2156.51,1383.34,773.17,0.0,0.0,0.0,180.12,0.0,1.0,1,0.0,0.0,6473.0,3.0,1.0,1.0,1.0,7.0,2454.0,82.0,10.0,16.0,1032.0,42.0,12500.0,3.0,0.0,10.0,17.0,360.0,3519.0,38.3,0.0,0.0,79.0,74.0,4.0,4.0,0.0,5.0,1.0,2.0,7.0,15.0,8.0,8.0,4.0,17.0,18.0,15.0,18.0,0.0,0.0,0.0,11.0,90.5,0.0,0.0,0.0,15500.0,6473.0,5700.0,3000.0,0,0
76937,14400.0,0.1308,485.75,1,77000.0,1,1,n,28.35,0.0,0.0,13.0,0.0,30006.0,36.0,0,0.0,0.0,15132.26,15132.26,14400.0,732.26,0.0,0.0,0.0,13210.19,0.0,1.0,1,0.0,0.0,85390.0,1.0,3.0,1.0,1.0,5.0,55384.0,87.0,0.0,1.0,9726.0,80.0,39700.0,1.0,1.0,2.0,2.0,7763.0,7164.0,79.4,0.0,0.0,127.0,173.0,24.0,5.0,0.0,24.0,5.0,0.0,6.0,8.0,8.0,11.0,20.0,10.0,16.0,8.0,13.0,0.0,0.0,0.0,1.0,100.0,83.3,0.0,0.0,99253.0,85390.0,34700.0,59553.0,0,0
51311,16000.0,0.1171,353.58,2,60000.0,0,1,n,15.8,0.0,0.0,7.0,0.0,12765.0,10.0,0,14261.4,14261.4,3525.39,3525.39,1738.6,1786.79,0.0,0.0,0.0,353.58,0.0,1.0,0,0.0,0.0,484764.0,1.0,1.0,0.0,1.0,21.0,23753.0,81.0,0.0,2.0,6949.0,52.0,40900.0,1.0,0.0,1.0,4.0,69252.0,28135.0,31.2,0.0,0.0,55.0,124.0,23.0,6.0,2.0,23.0,8.0,0.0,2.0,2.0,4.0,5.0,2.0,4.0,6.0,2.0,7.0,0.0,0.0,0.0,1.0,100.0,0.0,0.0,0.0,539704.0,36518.0,40900.0,29258.0,0,0
14353,32350.0,0.0756,1007.18,1,73000.0,1,1,n,14.53,0.0,0.0,4.0,0.0,8871.0,7.0,0,24145.33,24145.33,10044.63,10044.63,8204.67,1839.96,0.0,0.0,0.0,1007.18,0.0,1.0,1,0.0,0.0,29965.0,0.0,2.0,1.0,1.0,7.0,21094.0,79.0,0.0,0.0,8321.0,73.0,14200.0,0.0,0.0,1.0,1.0,7491.0,5329.0,62.5,0.0,0.0,29.0,117.0,45.0,7.0,0.0,45.0,11.0,0.0,2.0,2.0,2.0,4.0,2.0,2.0,5.0,2.0,4.0,0.0,0.0,0.0,1.0,100.0,50.0,0.0,0.0,40950.0,29965.0,14200.0,26750.0,0,0
3176,10625.0,0.1524,254.11,2,140000.0,1,1,n,8.66,0.0,0.0,6.0,1.0,80229.0,13.0,0,0.0,0.0,11090.11,11090.11,10625.0,465.11,0.0,0.0,0.0,10590.89,0.0,1.0,1,0.0,0.0,387966.0,1.0,1.0,2.0,3.0,9.0,1916.0,20.0,1.0,1.0,3739.0,41.0,85500.0,2.0,3.0,2.0,4.0,64661.0,2962.0,68.8,0.0,0.0,83.0,184.0,5.0,5.0,2.0,42.0,6.0,0.0,2.0,4.0,2.0,2.0,7.0,4.0,4.0,4.0,6.0,0.0,0.0,0.0,3.0,100.0,50.0,1.0,0.0,453022.0,82145.0,9500.0,9472.0,0,0
1732,22800.0,0.1102,495.96,2,107000.0,1,1,n,19.16,1.0,1.0,16.0,0.0,1612.0,45.0,1,14991.42,14991.42,9449.68,9449.68,7808.58,1641.1,0.0,0.0,0.0,495.96,0.0,1.0,1,0.0,0.0,485360.0,2.0,5.0,2.0,5.0,4.0,307979.0,62.0,2.0,2.0,381.0,48.0,21600.0,3.0,5.0,5.0,8.0,30335.0,6062.0,10.9,0.0,0.0,165.0,246.0,8.0,4.0,4.0,8.0,2.0,0.0,2.0,3.0,4.0,10.0,16.0,10.0,25.0,3.0,16.0,0.0,0.0,0.0,4.0,93.2,0.0,0.0,0.0,475532.0,309591.0,6800.0,275768.0,0,0
29754,10525.0,0.0756,327.69,2,80000.0,0,1,n,17.49,0.0,1.0,10.0,0.0,6167.0,39.0,0,7557.49,7557.49,3600.17,3600.17,2967.51,632.66,0.0,0.0,0.0,327.69,0.0,1.0,1,0.0,0.0,361900.0,1.0,2.0,2.0,4.0,4.0,34713.0,62.0,0.0,1.0,3529.0,50.0,25600.0,3.0,1.0,2.0,5.0,40211.0,19433.0,24.1,0.0,0.0,84.0,73.0,22.0,4.0,4.0,22.0,4.0,0.0,3.0,3.0,6.0,7.0,27.0,7.0,8.0,3.0,10.0,0.0,0.0,0.0,2.0,100.0,0.0,0.0,0.0,416560.0,40880.0,25600.0,55960.0,0,0
50821,11500.0,0.1308,262.14,2,29500.0,0,1,n,24.82,0.0,1.0,24.0,1.0,9765.0,46.0,0,9756.45,9756.45,3137.32,3137.32,1743.55,1393.77,0.0,0.0,0.0,262.14,0.0,1.0,1,0.0,0.0,100832.0,4.0,2.0,0.0,0.0,27.0,2255.0,30.0,5.0,13.0,4259.0,18.0,60800.0,1.0,0.0,5.0,13.0,4201.0,36852.0,18.8,0.0,0.0,28.0,257.0,4.0,4.0,2.0,5.0,1.0,0.0,5.0,7.0,14.0,20.0,2.0,21.0,42.0,7.0,24.0,0.0,0.0,0.0,5.0,100.0,0.0,1.0,0.0,161780.0,12020.0,45400.0,7625.0,0,0
40124,10425.0,0.08810000000000001,330.6,2,65000.0,1,1,n,31.26,4.0,0.0,17.0,0.0,7369.0,29.0,0,7525.42,7525.42,3626.4,3626.4,2899.58,726.82,0.0,0.0,0.0,330.6,0.0,1.0,1,0.0,0.0,378298.0,1.0,4.0,0.0,1.0,21.0,24499.0,35.0,2.0,4.0,1872.0,26.0,37700.0,0.0,0.0,3.0,5.0,22253.0,15493.0,28.9,0.0,0.0,149.0,277.0,2.0,2.0,3.0,18.0,0.0,1.0,6.0,9.0,7.0,8.0,8.0,12.0,18.0,9.0,17.0,0.0,0.0,1.0,2.0,86.2,28.6,0.0,0.0,489820.0,31868.0,21800.0,64190.0,0,0
46399,12000.0,0.0819,377.09,1,220000.0,0,1,n,12.81,1.0,1.0,12.0,1.0,8325.0,20.0,0,8639.26,8639.26,4137.07,4137.07,3360.74,776.33,0.0,0.0,0.0,0.0,0.0,1.0,1,0.0,0.0,35369.0,0.0,4.0,1.0,2.0,8.0,26809.0,42.0,0.0,0.0,6521.0,35.0,33200.0,2.0,0.0,1.0,4.0,2947.0,22658.0,25.5,0.0,0.0,164.0,330.0,39.0,8.0,0.0,39.0,1.0,0.0,3.0,4.0,5.0,5.0,9.0,6.0,9.0,4.0,12.0,0.0,0.0,0.0,3.0,95.0,0.0,1.0,0.0,100404.0,35369.0,30400.0,63184.0,0,0
33721,5225.0,0.0646,160.05,2,40000.0,1,1,n,12.88,0.0,0.0,15.0,0.0,2360.0,25.0,0,3741.09,3741.09,1755.86,1755.86,1483.91,271.95,0.0,0.0,0.0,160.05,0.0,1.0,1,0.0,0.0,3898.0,0.0,1.0,0.0,0.0,36.0,299.0,3.0,0.0,2.0,1238.0,4.0,57900.0,0.0,0.0,0.0,2.0,260.0,52940.0,4.3,0.0,0.0,36.0,287.0,14.0,14.0,1.0,14.0,14.0,0.0,4.0,4.0,10.0,16.0,1.0,12.0,22.0,4.0,15.0,0.0,0.0,0.0,0.0,100.0,0.0,0.0,0.0,80076.0,2937.0,55300.0,10000.0,0,0
10713,6000.0,0.1033,194.54,1,75000.0,0,1,n,6.9,0.0,1.0,11.0,0.0,12450.0,17.0,0,901.37,901.37,5299.96,5299.96,5098.63,201.33,0.0,0.0,0.0,0.0,0.0,1.0,1,0.0,0.0,20041.0,2.0,1.0,2.0,4.0,3.0,7591.0,95.0,1.0,1.0,4180.0,42.0,40100.0,3.0,0.0,1.0,5.0,1822.0,26612.0,31.8,0.0,0.0,44.0,151.0,12.0,3.0,0.0,12.0,3.0,0.0,5.0,6.0,9.0,10.0,6.0,10.0,11.0,6.0,11.0,0.0,0.0,0.0,3.0,100.0,22.2,0.0,0.0,48100.0,20041.0,39000.0,8000.0,0,0
43272,6000.0,0.17739999999999995,216.14,2,100000.0,0,1,n,10.09,3.0,1.0,20.0,0.0,7657.0,26.0,0,0.0,0.0,6073.92,6073.92,6000.0,73.92,0.0,0.0,0.0,6079.83,0.0,1.0,1,0.0,0.0,146330.0,1.0,13.0,1.0,1.0,4.0,47632.0,78.0,1.0,1.0,3847.0,68.0,20400.0,0.0,1.0,4.0,2.0,7317.0,10576.0,41.6,0.0,0.0,101.0,98.0,8.0,4.0,1.0,8.0,2.0,1.0,4.0,5.0,4.0,5.0,15.0,6.0,10.0,5.0,20.0,0.0,0.0,2.0,2.0,83.3,50.0,0.0,0.0,177109.0,55289.0,18100.0,60750.0,0,0
42963,8000.0,0.0646,245.05,2,50000.0,1,1,n,44.62,0.0,0.0,15.0,0.0,30106.0,30.0,0,5717.41,5717.41,2692.68,2692.68,2282.59,410.09,0.0,0.0,0.0,245.05,0.0,1.0,0,0.0,0.0,244269.0,0.0,3.0,0.0,1.0,23.0,48900.0,56.0,0.0,2.0,5043.0,55.0,56000.0,2.0,0.0,1.0,3.0,16285.0,17530.0,60.6,0.0,0.0,147.0,130.0,14.0,14.0,5.0,14.0,12.0,0.0,9.0,11.0,9.0,11.0,12.0,11.0,13.0,11.0,15.0,0.0,0.0,0.0,0.0,100.0,44.4,0.0,0.0,321070.0,79006.0,44500.0,75670.0,0,0
40266,12000.0,0.17739999999999995,432.27,2,100000.0,0,1,n,7.18,2.0,0.0,17.0,0.0,10153.0,24.0,0,9929.56,9929.56,3866.78,3866.78,2070.44,1796.34,0.0,0.0,0.0,432.27,0.0,1.0,1,0.0,0.0,263707.0,1.0,5.0,1.0,3.0,10.0,14873.0,94.0,3.0,8.0,1979.0,60.0,26000.0,2.0,3.0,5.0,11.0,15512.0,13578.0,41.7,0.0,0.0,58.0,60.0,6.0,6.0,2.0,11.0,7.0,1.0,8.0,9.0,8.0,10.0,7.0,11.0,14.0,9.0,17.0,0.0,0.0,1.0,4.0,91.3,25.0,0.0,0.0,297122.0,25026.0,23300.0,15832.0,0,0
8505,20000.0,0.0702,617.73,1,39999.0,1,1,n,27.87,0.0,2.0,18.0,0.0,26221.0,37.0,0,14862.92,14862.92,6161.7,6161.7,5137.08,1024.62,0.0,0.0,0.0,617.73,0.0,1.0,1,0.0,0.0,39411.0,1.0,6.0,0.0,0.0,57.0,13190.0,60.0,1.0,3.0,8716.0,59.0,44500.0,0.0,0.0,2.0,3.0,2190.0,8459.0,74.3,0.0,0.0,202.0,110.0,3.0,3.0,0.0,56.0,3.0,0.0,7.0,10.0,8.0,14.0,14.0,12.0,23.0,10.0,18.0,0.0,0.0,0.0,1.0,100.0,50.0,0.0,0.0,66672.0,39411.0,32900.0,22172.0,0,0
5620,15900.0,0.0646,487.03,2,108000.0,1,1,n,27.67,0.0,1.0,18.0,0.0,35642.0,27.0,0,11077.59,11077.59,5564.59,5564.59,4822.41,742.18,0.0,0.0,0.0,487.03,0.0,1.0,1,0.0,294.0,322344.0,1.0,3.0,0.0,1.0,20.0,30318.0,39.0,1.0,5.0,8160.0,29.0,147500.0,0.0,5.0,1.0,6.0,17908.0,90168.0,25.9,0.0,0.0,164.0,245.0,2.0,2.0,3.0,24.0,6.0,0.0,7.0,10.0,9.0,10.0,7.0,14.0,17.0,10.0,18.0,0.0,0.0,0.0,1.0,100.0,0.0,0.0,0.0,519909.0,65960.0,121700.0,77909.0,0,0
33871,18525.0,0.1862,675.5,2,102300.0,1,1,n,26.01,0.0,2.0,18.0,0.0,24776.0,63.0,0,14032.27,14032.27,7382.59,7382.59,4492.73,2889.86,0.0,0.0,0.0,675.5,0.0,1.0,0,0.0,0.0,112700.0,3.0,2.0,3.0,3.0,1.0,53063.0,99.0,4.0,5.0,944.0,73.0,53400.0,4.0,0.0,6.0,8.0,6629.0,5415.0,33.1,0.0,0.0,247.0,194.0,3.0,1.0,1.0,28.0,1.0,14.0,4.0,9.0,5.0,16.0,8.0,15.0,54.0,9.0,18.0,0.0,0.0,0.0,7.0,77.8,50.0,0.0,0.0,150903.0,77839.0,8100.0,53503.0,0,0
62693,31900.0,0.08810000000000001,1011.6,2,200000.0,1,1,n,11.25,0.0,0.0,10.0,0.0,13942.0,32.0,0,0.0,0.0,33759.73,33759.73,31900.0,1859.73,0.0,0.0,0.0,25705.96,0.0,1.0,1,0.0,0.0,75676.0,1.0,3.0,1.0,2.0,4.0,61734.0,60.0,0.0,0.0,6679.0,47.0,41800.0,1.0,1.0,2.0,2.0,7568.0,18805.0,36.9,0.0,0.0,198.0,150.0,30.0,4.0,1.0,30.0,4.0,0.0,2.0,4.0,4.0,9.0,14.0,7.0,17.0,4.0,10.0,0.0,0.0,0.0,1.0,96.9,25.0,0.0,0.0,122509.0,75676.0,29800.0,80709.0,0,0
44593,17000.0,0.08810000000000001,351.33,2,58000.0,0,1,n,32.8,0.0,1.0,13.0,0.0,10251.0,26.0,0,14481.89,14481.89,3856.31,3856.31,2518.11,1338.2,0.0,0.0,0.0,351.33,0.0,1.0,1,0.0,0.0,120828.0,1.0,3.0,3.0,3.0,9.0,33399.0,83.0,2.0,5.0,3404.0,76.0,17800.0,1.0,3.0,2.0,9.0,9294.0,2401.0,73.0,0.0,0.0,117.0,107.0,6.0,6.0,2.0,29.0,6.0,2.0,2.0,4.0,3.0,5.0,11.0,9.0,12.0,4.0,13.0,0.0,0.0,0.0,5.0,96.0,66.7,0.0,0.0,136377.0,43650.0,8900.0,40026.0,0,0
25043,14000.0,0.2055,375.22,2,145000.0,1,1,n,6.24,1.0,0.0,7.0,0.0,4601.0,22.0,0,0.0,0.0,15030.28,15030.28,14000.0,1030.28,0.0,0.0,0.0,13920.6,0.0,1.0,1,0.0,0.0,163579.0,0.0,1.0,1.0,5.0,9.0,15430.0,80.0,1.0,1.0,2789.0,71.0,9000.0,3.0,0.0,2.0,6.0,23368.0,1199.0,79.3,0.0,0.0,169.0,188.0,7.0,7.0,2.0,7.0,7.0,1.0,3.0,3.0,3.0,5.0,11.0,5.0,9.0,3.0,7.0,0.0,0.0,0.0,2.0,95.0,66.7,0.0,0.0,224120.0,20031.0,5800.0,19200.0,0,0
72822,16000.0,0.0702,494.18,2,60000.0,1,1,n,31.22,0.0,2.0,21.0,0.0,0.0,72.0,0,0.0,0.0,16037.44,16037.44,16000.0,37.44,0.0,0.0,0.0,16043.68,0.0,1.0,1,0.0,0.0,234584.0,4.0,3.0,2.0,5.0,3.0,67158.0,79.0,3.0,5.0,0.0,12.0,68200.0,3.0,8.0,6.0,11.0,11729.0,53600.0,0.0,0.0,0.0,111.0,123.0,1.0,1.0,6.0,1.0,1.0,0.0,0.0,0.0,10.0,19.0,23.0,17.0,43.0,0.0,21.0,0.0,0.0,0.0,6.0,100.0,0.0,0.0,0.0,332207.0,67158.0,53600.0,95357.0,0,0
25250,16000.0,0.1612,390.11,1,82000.0,0,1,n,24.79,0.0,0.0,9.0,0.0,23955.0,25.0,0,14547.79,14547.79,3721.66,3721.66,1452.21,2269.45,0.0,0.0,0.0,390.11,0.0,1.0,1,0.0,0.0,43537.0,1.0,4.0,2.0,4.0,5.0,19582.0,60.0,1.0,1.0,3226.0,74.0,26100.0,1.0,5.0,1.0,5.0,4837.0,763.0,86.8,0.0,0.0,147.0,187.0,11.0,5.0,0.0,11.0,8.0,1.0,3.0,5.0,3.0,5.0,17.0,5.0,7.0,5.0,9.0,0.0,0.0,0.0,3.0,92.0,66.7,0.0,0.0,58983.0,43537.0,5800.0,32883.0,0,0
44022,9000.0,0.08810000000000001,186.0,1,38000.0,0,1,n,13.91,0.0,1.0,14.0,0.0,9663.0,14.0,0,8458.72,8458.72,1239.26,1239.26,541.28,697.98,0.0,0.0,0.0,186.0,0.0,1.0,1,0.0,0.0,35076.0,2.0,9.0,0.0,0.0,29.0,25413.0,95.0,3.0,4.0,5311.0,84.0,15300.0,0.0,0.0,1.0,4.0,2505.0,2149.0,80.1,0.0,0.0,77.0,59.0,2.0,2.0,0.0,5.0,2.0,0.0,2.0,3.0,3.0,3.0,9.0,5.0,5.0,4.0,14.0,0.0,0.0,0.0,3.0,100.0,66.7,0.0,0.0,41926.0,35076.0,10800.0,26626.0,0,0
70261,18000.0,0.2055,482.42,3,112000.0,1,1,n,25.19,0.0,1.0,15.0,0.0,20114.0,29.0,0,15701.42,15701.42,5768.49,5768.49,2298.58,3469.91,0.0,0.0,0.0,482.42,0.0,1.0,1,0.0,0.0,316458.0,2.0,5.0,4.0,7.0,1.0,81127.0,87.0,0.0,3.0,6053.0,57.0,59700.0,6.0,1.0,3.0,11.0,21097.0,24386.0,45.2,0.0,0.0,149.0,165.0,17.0,1.0,3.0,17.0,5.0,0.0,5.0,5.0,6.0,6.0,16.0,9.0,10.0,5.0,15.0,0.0,0.0,0.0,5.0,93.1,0.0,0.0,0.0,363674.0,101241.0,44500.0,87374.0,0,0
41353,10000.0,0.1102,327.49,2,55000.0,1,1,n,24.59,0.0,1.0,7.0,0.0,82203.0,21.0,0,6917.45,6917.45,3987.76,3987.76,3082.55,905.21,0.0,0.0,0.0,330.0,0.0,1.0,1,0.0,0.0,179991.0,0.0,1.0,1.0,1.0,8.0,27622.0,93.0,0.0,2.0,9884.0,75.0,90700.0,1.0,5.0,3.0,3.0,25713.0,4290.0,70.4,0.0,0.0,93.0,87.0,19.0,8.0,1.0,37.0,2.0,0.0,2.0,3.0,2.0,7.0,5.0,5.0,15.0,3.0,7.0,0.0,0.0,0.0,1.0,100.0,50.0,0.0,0.0,250945.0,109825.0,14500.0,29614.0,0,0
4398,10000.0,0.2055,374.45,1,60000.0,0,1,n,19.74,0.0,0.0,11.0,0.0,8976.0,20.0,0,7804.04,7804.04,3721.67,3721.67,2195.96,1525.71,0.0,0.0,0.0,374.45,0.0,1.0,1,0.0,0.0,29457.0,1.0,3.0,0.0,2.0,13.0,19155.0,70.0,1.0,1.0,4587.0,48.0,29400.0,2.0,0.0,6.0,3.0,2946.0,20424.0,30.5,0.0,0.0,107.0,168.0,2.0,2.0,0.0,2.0,1.0,0.0,4.0,4.0,7.0,10.0,9.0,7.0,10.0,4.0,11.0,0.0,0.0,0.0,1.0,94.7,0.0,0.0,0.0,61163.0,29457.0,29400.0,27422.0,0,0
1185,17000.0,0.14300000000000002,398.21,2,175000.0,1,1,n,7.58,2.0,2.0,13.0,0.0,9790.0,35.0,0,14935.42,14935.42,3955.09,3955.09,2064.58,1890.51,0.0,0.0,0.0,398.21,0.0,1.0,1,0.0,0.0,432315.0,6.0,3.0,2.0,4.0,1.0,78343.0,100.0,3.0,3.0,4005.0,57.0,41100.0,2.0,7.0,4.0,9.0,36026.0,21276.0,23.2,0.0,0.0,161.0,139.0,1.0,1.0,8.0,1.0,1.0,0.0,3.0,5.0,5.0,7.0,14.0,8.0,13.0,5.0,13.0,0.0,0.0,0.0,7.0,88.2,0.0,0.0,0.0,461841.0,88133.0,27700.0,73281.0,0,0
66712,1750.0,0.17739999999999995,63.04,1,32400.0,0,1,n,21.37,0.0,1.0,15.0,0.0,5608.0,18.0,0,1265.86,1265.86,754.76,754.76,484.14,270.62,0.0,0.0,0.0,63.04,0.0,1.0,1,0.0,470.0,13028.0,1.0,1.0,1.0,1.0,6.0,7420.0,95.0,1.0,3.0,1433.0,48.0,19200.0,1.0,0.0,1.0,4.0,869.0,4758.0,42.0,0.0,0.0,6.0,146.0,10.0,6.0,0.0,17.0,6.0,0.0,5.0,14.0,5.0,6.0,1.0,14.0,17.0,14.0,15.0,0.0,0.0,0.0,2.0,100.0,40.0,0.0,0.0,27000.0,13028.0,8200.0,7800.0,0,0
33681,5300.0,0.28800000000000003,221.53,1,53000.0,0,1,n,5.28,0.0,0.0,8.0,0.0,3386.0,30.0,0,0.0,0.0,5372.08,5372.08,5300.0,72.08,0.0,0.0,0.0,5393.28,1.0,1.0,1,0.0,0.0,7344.0,2.0,1.0,2.0,5.0,3.0,3958.0,99.0,0.0,2.0,1827.0,34.0,17900.0,2.0,5.0,0.0,7.0,918.0,5445.0,35.2,0.0,0.0,85.0,130.0,18.0,3.0,2.0,18.0,15.0,1.0,2.0,3.0,4.0,7.0,14.0,7.0,13.0,3.0,8.0,0.0,0.0,0.0,2.0,96.7,25.0,0.0,0.0,21900.0,7344.0,8400.0,4000.0,0,0
38657,14875.0,0.2055,398.67,1,130000.0,0,1,n,17.35,0.0,0.0,12.0,0.0,29697.0,22.0,0,13148.93,13148.93,4368.39,4368.39,1726.07,2642.32,0.0,0.0,0.0,398.67,0.0,1.0,1,0.0,0.0,62266.0,0.0,4.0,1.0,3.0,7.0,32569.0,65.0,0.0,0.0,11623.0,62.0,49900.0,2.0,1.0,1.0,3.0,5189.0,15003.0,66.4,0.0,0.0,215.0,185.0,60.0,7.0,0.0,60.0,7.0,0.0,5.0,5.0,7.0,7.0,14.0,8.0,8.0,5.0,12.0,0.0,0.0,0.0,1.0,100.0,42.9,0.0,0.0,100099.0,62266.0,44700.0,50199.0,0,0
30686,8000.0,0.1524,278.27,3,50000.0,0,1,n,13.03,0.0,0.0,9.0,0.0,8509.0,9.0,0,6835.97,6835.97,2219.39,2219.39,1164.03,1055.36,0.0,0.0,0.0,278.27,0.0,1.0,1,0.0,0.0,14574.0,1.0,1.0,0.0,0.0,38.0,6065.0,58.0,1.0,2.0,1418.0,70.0,10300.0,2.0,1.0,1.0,2.0,1619.0,1092.0,72.7,0.0,0.0,38.0,39.0,5.0,5.0,0.0,5.0,11.0,0.0,4.0,7.0,4.0,4.0,1.0,8.0,8.0,7.0,9.0,0.0,0.0,0.0,1.0,100.0,50.0,0.0,0.0,20769.0,14574.0,4000.0,10469.0,0,0
56134,5000.0,0.2055,187.23,2,88000.0,1,1,n,17.1,0.0,1.0,14.0,1.0,13095.0,21.0,0,4085.8,4085.8,1866.59,1866.59,914.2,952.39,0.0,0.0,0.0,187.23,0.0,1.0,1,0.0,705.0,476534.0,2.0,2.0,1.0,2.0,5.0,26364.0,84.0,1.0,5.0,2488.0,54.0,42100.0,4.0,1.0,4.0,8.0,36656.0,25106.0,13.1,0.0,0.0,49.0,260.0,4.0,4.0,1.0,4.0,5.0,0.0,4.0,8.0,6.0,7.0,6.0,11.0,14.0,8.0,14.0,0.0,0.0,0.0,2.0,100.0,0.0,1.0,0.0,520358.0,39459.0,28900.0,31500.0,0,0
803,25350.0,0.2055,949.22,1,144000.0,0,1,n,25.66,0.0,2.0,17.0,0.0,51750.0,35.0,0,20383.51,20383.51,8514.04,8514.04,4966.49,3547.55,0.0,0.0,0.0,0.0,0.0,1.0,1,0.0,0.0,104642.0,1.0,5.0,2.0,2.0,2.0,52892.0,69.0,0.0,0.0,12657.0,80.0,54500.0,0.0,11.0,2.0,2.0,6540.0,2521.0,95.2,0.0,0.0,125.0,192.0,52.0,2.0,0.0,54.0,2.0,0.0,10.0,11.0,10.0,10.0,19.0,11.0,15.0,11.0,17.0,0.0,0.0,0.0,2.0,100.0,90.0,0.0,0.0,130900.0,104642.0,52500.0,76400.0,0,0
49475,23000.0,0.0756,716.08,2,72999.0,1,1,n,23.95,0.0,1.0,6.0,0.0,2810.0,9.0,0,15903.28,15903.28,8583.3,8583.3,7096.72,1486.58,0.0,0.0,0.0,716.08,0.0,1.0,1,0.0,0.0,259881.0,1.0,2.0,1.0,2.0,2.0,32097.0,76.0,0.0,0.0,2700.0,53.0,23500.0,0.0,0.0,3.0,2.0,43314.0,20690.0,12.0,0.0,0.0,17.0,85.0,26.0,2.0,1.0,26.0,1.0,0.0,2.0,2.0,3.0,3.0,2.0,3.0,6.0,2.0,6.0,0.0,0.0,0.0,1.0,100.0,0.0,0.0,0.0,300185.0,34907.0,23500.0,42035.0,0,0
55329,6000.0,0.14300000000000002,205.95,3,26400.0,0,1,n,15.09,2.0,0.0,6.0,0.0,5806.0,15.0,1,4257.53,4257.53,2466.63,2466.63,1742.47,724.16,0.0,0.0,0.0,205.95,0.0,1.0,1,0.0,0.0,8489.0,0.0,1.0,1.0,1.0,12.0,2683.0,77.0,0.0,1.0,2469.0,76.0,7700.0,1.0,0.0,1.0,2.0,1415.0,105.0,97.9,0.0,0.0,176.0,203.0,14.0,12.0,0.0,104.0,12.0,0.0,2.0,4.0,2.0,2.0,7.0,5.0,8.0,4.0,6.0,0.0,0.0,0.0,1.0,73.3,100.0,0.0,0.0,11200.0,8489.0,5000.0,3500.0,0,0
42705,25000.0,0.08810000000000001,792.79,1,70000.0,0,1,n,20.18,2.0,0.0,19.0,0.0,6699.0,23.0,0,18046.76,18046.76,8708.45,8708.45,6953.24,1755.21,0.0,0.0,0.0,792.79,0.0,1.0,0,0.0,0.0,71356.0,0.0,14.0,0.0,1.0,21.0,64657.0,85.0,0.0,1.0,4116.0,64.0,35100.0,0.0,1.0,0.0,2.0,3964.0,17401.0,27.8,0.0,0.0,101.0,91.0,20.0,20.0,0.0,20.0,21.0,1.0,2.0,2.0,4.0,4.0,17.0,5.0,6.0,2.0,19.0,0.0,0.0,1.0,0.0,87.0,0.0,0.0,0.0,111399.0,71356.0,24100.0,76299.0,0,0
25181,3000.0,0.17739999999999995,108.07,1,35000.0,0,1,n,24.83,0.0,0.0,9.0,0.0,2580.0,14.0,0,2464.94,2464.94,966.72,966.72,535.06,431.66,0.0,0.0,0.0,216.14,0.0,1.0,1,0.0,1124.0,26600.0,2.0,2.0,1.0,2.0,3.0,24020.0,93.0,4.0,6.0,472.0,82.0,6900.0,1.0,0.0,3.0,8.0,2956.0,4293.0,29.6,0.0,0.0,97.0,112.0,3.0,3.0,0.0,8.0,7.0,1.0,5.0,6.0,6.0,8.0,5.0,7.0,9.0,6.0,9.0,0.0,0.0,0.0,5.0,92.9,66.7,0.0,0.0,32616.0,26600.0,6100.0,25716.0,0,0
66258,20000.0,0.17739999999999995,505.05,2,56000.0,0,1,n,19.7,0.0,0.0,10.0,0.0,8868.0,22.0,0,0.0,0.0,22485.12,22485.12,20000.0,2485.12,0.0,0.0,0.0,18969.48,0.0,1.0,0,0.0,0.0,52321.0,0.0,5.0,0.0,2.0,15.0,43453.0,90.0,0.0,1.0,4152.0,77.0,19800.0,4.0,1.0,0.0,3.0,5232.0,4448.0,48.3,0.0,0.0,154.0,161.0,19.0,15.0,1.0,19.0,14.0,1.0,1.0,3.0,1.0,2.0,14.0,5.0,7.0,3.0,10.0,0.0,0.0,0.0,0.0,77.3,0.0,0.0,0.0,68018.0,52321.0,8600.0,48218.0,0,0
7861,19600.0,0.0756,610.23,1,60000.0,1,1,n,16.98,0.0,1.0,7.0,0.0,36.0,16.0,0,15924.42,15924.42,4873.61,4873.61,3675.58,1198.03,0.0,0.0,0.0,610.23,0.0,1.0,1,0.0,0.0,23940.0,3.0,2.0,2.0,2.0,2.0,23904.0,96.0,2.0,2.0,0.0,55.0,18800.0,0.0,2.0,1.0,4.0,3420.0,17800.0,0.0,0.0,0.0,74.0,80.0,6.0,2.0,0.0,6.0,1.0,0.0,0.0,1.0,4.0,7.0,4.0,5.0,12.0,1.0,7.0,0.0,0.0,0.0,4.0,100.0,0.0,0.0,0.0,43800.0,23940.0,17800.0,25000.0,0,0
32838,40000.0,0.0702,1235.45,2,109000.0,1,1,n,16.86,0.0,0.0,6.0,0.0,195697.0,18.0,0,28656.11,28656.11,13574.35,13574.35,11343.89,2230.46,0.0,0.0,0.0,1235.45,0.0,1.0,1,0.0,0.0,218771.0,0.0,2.0,1.0,2.0,10.0,23074.0,83.0,0.0,0.0,4513.0,77.0,221100.0,0.0,9.0,1.0,2.0,36462.0,3938.0,64.5,0.0,0.0,119.0,149.0,37.0,10.0,4.0,64.0,4.0,0.0,2.0,4.0,2.0,2.0,8.0,4.0,5.0,4.0,6.0,0.0,0.0,0.0,1.0,100.0,50.0,0.0,0.0,248795.0,218771.0,11100.0,27695.0,0,0
19132,8400.0,0.0756,261.53,2,48000.0,0,1,n,31.35,0.0,0.0,14.0,0.0,2075.0,43.0,0,6253.75,6253.75,2611.77,2611.77,2146.25,465.52,0.0,0.0,0.0,261.53,0.0,1.0,1,0.0,0.0,112912.0,0.0,7.0,1.0,1.0,7.0,110837.0,85.0,0.0,1.0,959.0,54.0,35800.0,0.0,1.0,1.0,2.0,8065.0,26985.0,6.9,0.0,0.0,159.0,113.0,19.0,7.0,0.0,19.0,7.0,0.0,3.0,4.0,4.0,6.0,31.0,7.0,12.0,4.0,14.0,0.0,0.0,0.0,1.0,92.5,0.0,0.0,0.0,153666.0,112912.0,29000.0,117866.0,0,0
21357,32375.0,0.1308,737.96,1,125000.0,0,1,n,11.93,0.0,2.0,15.0,0.0,32549.0,37.0,0,27900.64,27900.64,8070.51,8070.51,4474.36,3596.15,0.0,0.0,0.0,737.96,0.0,1.0,1,0.0,0.0,50760.0,0.0,1.0,0.0,1.0,20.0,18211.0,52.0,2.0,6.0,13365.0,30.0,133700.0,1.0,2.0,2.0,7.0,3384.0,101151.0,24.3,0.0,0.0,112.0,137.0,7.0,7.0,0.0,7.0,3.0,0.0,10.0,10.0,14.0,23.0,9.0,14.0,28.0,10.0,15.0,0.0,0.0,0.0,2.0,97.3,7.1,0.0,0.0,168700.0,50760.0,133700.0,35000.0,0,0
70667,6000.0,0.17739999999999995,216.14,2,58000.0,1,1,n,15.08,0.0,0.0,4.0,0.0,2906.0,6.0,1,4345.2,4345.2,2587.77,2587.77,1654.8,932.97,0.0,0.0,0.0,216.14,0.0,1.0,1,0.0,0.0,24456.0,0.0,1.0,0.0,1.0,14.0,21550.0,85.0,1.0,2.0,1703.0,83.0,4200.0,1.0,0.0,1.0,3.0,6114.0,697.0,71.0,0.0,0.0,144.0,31.0,10.0,10.0,0.0,17.0,5.0,0.0,1.0,2.0,2.0,2.0,3.0,3.0,3.0,2.0,4.0,0.0,0.0,0.0,1.0,100.0,50.0,0.0,0.0,29602.0,24456.0,2400.0,25402.0,0,0
55055,4800.0,0.2305,185.94,1,66000.0,0,1,n,37.38,0.0,0.0,17.0,0.0,7595.0,25.0,0,3698.8,3698.8,2039.19,2039.19,1101.2,937.99,0.0,0.0,0.0,185.94,0.0,1.0,0,0.0,6827.0,47052.0,2.0,4.0,1.0,2.0,9.0,39457.0,73.0,3.0,6.0,1476.0,71.0,12400.0,0.0,1.0,1.0,8.0,2768.0,990.0,73.2,0.0,0.0,80.0,110.0,2.0,2.0,0.0,2.0,10.0,1.0,3.0,11.0,3.0,3.0,8.0,13.0,17.0,11.0,17.0,0.0,0.0,0.0,4.0,96.0,33.3,0.0,0.0,66763.0,47052.0,3700.0,54363.0,0,0
58342,15000.0,0.1102,491.23,2,120000.0,0,1,n,39.78,0.0,0.0,16.0,0.0,68205.0,33.0,0,10537.3,10537.3,5885.58,5885.58,4462.7,1422.88,0.0,0.0,0.0,491.23,0.0,1.0,1,0.0,0.0,329638.0,0.0,4.0,0.0,1.0,21.0,30330.0,33.0,1.0,1.0,14643.0,65.0,73600.0,1.0,0.0,2.0,2.0,20602.0,5395.0,92.7,0.0,0.0,269.0,213.0,10.0,10.0,4.0,10.0,10.0,0.0,11.0,11.0,11.0,12.0,13.0,11.0,16.0,11.0,16.0,0.0,0.0,0.0,1.0,100.0,90.9,0.0,0.0,422326.0,98535.0,73600.0,101372.0,0,0
4859,2400.0,0.0646,73.52,1,50000.0,1,1,n,29.0,0.0,0.0,18.0,1.0,4717.0,24.0,0,1779.11,1779.11,734.34,734.34,620.89,113.45,0.0,0.0,0.0,73.52,0.0,1.0,1,0.0,0.0,78881.0,0.0,11.0,2.0,3.0,9.0,74164.0,81.0,0.0,0.0,855.0,58.0,44400.0,1.0,4.0,2.0,4.0,4382.0,24547.0,5.6,0.0,0.0,73.0,68.0,29.0,9.0,1.0,47.0,9.0,0.0,3.0,5.0,3.0,3.0,15.0,7.0,8.0,5.0,18.0,0.0,0.0,0.0,2.0,100.0,0.0,1.0,0.0,136423.0,78881.0,26000.0,92023.0,0,0
46638,29000.0,0.1171,640.85,2,147500.0,0,1,n,7.66,0.0,1.0,15.0,0.0,29381.0,21.0,0,24864.42,24864.42,7011.62,7011.62,4135.58,2876.04,0.0,0.0,0.0,0.0,0.0,1.0,1,0.0,1386.0,557933.0,1.0,5.0,0.0,0.0,47.0,15166.0,87.0,3.0,4.0,8096.0,53.0,66900.0,0.0,1.0,3.0,6.0,37196.0,29145.0,46.9,0.0,0.0,128.0,156.0,4.0,4.0,4.0,4.0,3.0,0.0,7.0,8.0,8.0,8.0,8.0,9.0,9.0,8.0,15.0,0.0,0.0,0.0,3.0,90.5,25.0,0.0,0.0,605385.0,44547.0,54900.0,17525.0,0,0
54831,17550.0,0.1102,381.76,2,140000.0,0,1,n,16.17,0.0,1.0,14.0,1.0,2206.0,29.0,0,14693.72,14693.72,4559.63,4559.63,2856.28,1703.35,0.0,0.0,0.0,381.76,0.0,1.0,1,0.0,481.0,226323.0,1.0,5.0,3.0,4.0,6.0,102309.0,80.0,1.0,1.0,1036.0,66.0,18700.0,3.0,13.0,10.0,6.0,16166.0,3654.0,22.3,0.0,0.0,89.0,124.0,11.0,6.0,2.0,67.0,6.0,0.0,2.0,4.0,3.0,3.0,16.0,8.0,11.0,4.0,14.0,0.0,0.0,0.0,4.0,96.6,0.0,1.0,0.0,264174.0,104515.0,4700.0,121474.0,0,0
10779,15000.0,0.0819,305.52,2,85000.0,0,1,n,6.73,0.0,0.0,9.0,0.0,4388.0,22.0,0,12930.41,12930.41,3048.38,3048.38,2069.59,978.79,0.0,0.0,0.0,305.52,0.0,1.0,1,0.0,0.0,325279.0,0.0,1.0,0.0,1.0,18.0,18434.0,80.0,2.0,3.0,4366.0,32.0,47400.0,0.0,2.0,0.0,5.0,40660.0,33712.0,11.5,0.0,0.0,116.0,209.0,7.0,7.0,5.0,20.0,20.0,0.0,2.0,2.0,2.0,4.0,7.0,7.0,10.0,2.0,9.0,0.0,0.0,0.0,2.0,100.0,0.0,0.0,0.0,380581.0,22822.0,38100.0,23181.0,0,0
43212,30000.0,0.1862,771.96,2,285000.0,1,1,n,19.58,0.0,1.0,25.0,0.0,36895.0,37.0,0,26626.34,26626.34,8460.53,8460.53,3373.66,5086.87,0.0,0.0,0.0,771.96,0.0,1.0,1,0.0,0.0,892542.0,2.0,5.0,3.0,3.0,5.0,86530.0,67.0,0.0,0.0,6070.0,56.0,79700.0,1.0,4.0,3.0,3.0,35702.0,20697.0,53.4,0.0,0.0,162.0,233.0,42.0,5.0,4.0,42.0,3.0,0.0,8.0,15.0,9.0,10.0,8.0,18.0,25.0,15.0,25.0,0.0,0.0,0.0,3.0,100.0,44.4,0.0,0.0,1099747.0,123425.0,44400.0,147054.0,0,0
452,20000.0,0.17739999999999995,720.45,3,60000.0,0,1,n,37.26,0.0,0.0,12.0,0.0,29635.0,18.0,1,15942.91,15942.91,6464.34,6464.34,4057.09,2407.25,0.0,0.0,0.0,0.0,0.0,1.0,1,0.0,0.0,54852.0,0.0,2.0,0.0,2.0,18.0,25217.0,64.0,0.0,1.0,8619.0,56.0,58000.0,2.0,3.0,0.0,3.0,4571.0,21255.0,41.3,0.0,0.0,90.0,111.0,16.0,16.0,0.0,16.0,18.0,0.0,3.0,5.0,5.0,6.0,5.0,9.0,12.0,5.0,12.0,0.0,0.0,0.0,0.0,100.0,60.0,0.0,0.0,98472.0,54852.0,36200.0,39651.0,0,0
58822,20000.0,0.1612,487.64,2,25000.0,1,1,n,64.38,0.0,3.0,16.0,0.0,16650.0,29.0,0,17169.22,17169.22,5833.77,5833.77,2830.78,3002.99,0.0,0.0,0.0,487.64,0.0,1.0,0,0.0,190.0,197719.0,5.0,2.0,3.0,3.0,4.0,44166.0,97.0,4.0,6.0,2943.0,63.0,50900.0,2.0,0.0,9.0,10.0,14123.0,30362.0,32.1,0.0,0.0,290.0,244.0,3.0,3.0,4.0,3.0,4.0,0.0,9.0,10.0,9.0,12.0,9.0,12.0,16.0,11.0,16.0,0.0,0.0,0.0,8.0,93.1,11.1,0.0,0.0,234987.0,60816.0,44700.0,45707.0,0,0
43209,5000.0,0.17739999999999995,180.12,1,56700.0,1,1,n,28.36,0.0,1.0,28.0,0.0,19403.0,40.0,0,3741.47,3741.47,1976.39,1976.39,1258.53,717.86,0.0,0.0,0.0,180.12,0.0,1.0,1,0.0,0.0,89249.0,0.0,16.0,1.0,2.0,11.0,69846.0,90.0,2.0,3.0,3851.0,84.0,28500.0,0.0,2.0,4.0,5.0,3187.0,447.0,96.8,0.0,0.0,209.0,158.0,9.0,9.0,0.0,28.0,2.0,9.0,5.0,8.0,5.0,6.0,20.0,12.0,20.0,8.0,28.0,0.0,0.0,0.0,3.0,55.0,100.0,0.0,0.0,106024.0,89249.0,14000.0,77524.0,0,0
37183,25000.0,0.0702,772.16,2,90000.0,0,1,n,36.53,0.0,0.0,24.0,0.0,24605.0,29.0,0,17910.03,17910.03,8484.01,8484.01,7089.97,1394.04,0.0,0.0,0.0,772.16,0.0,1.0,0,0.0,0.0,326976.0,0.0,13.0,1.0,1.0,11.0,95375.0,68.0,0.0,0.0,9453.0,61.0,55700.0,0.0,3.0,0.0,2.0,14216.0,22060.0,44.3,0.0,0.0,209.0,161.0,37.0,11.0,1.0,37.0,21.0,0.0,3.0,5.0,5.0,6.0,15.0,10.0,13.0,5.0,24.0,0.0,0.0,0.0,1.0,96.6,20.0,0.0,0.0,408929.0,119980.0,39600.0,141379.0,0,0
31240,13000.0,0.1102,282.79,1,60000.0,0,1,n,25.08,0.0,2.0,28.0,0.0,12726.0,37.0,0,11749.87,11749.87,2537.15,2537.15,1250.13,1287.02,0.0,0.0,0.0,282.79,0.0,1.0,1,0.0,0.0,97857.0,3.0,19.0,0.0,1.0,18.0,85131.0,95.0,3.0,4.0,3511.0,85.0,26000.0,0.0,2.0,4.0,5.0,3495.0,6530.0,52.7,0.0,0.0,124.0,100.0,4.0,4.0,0.0,4.0,4.0,0.0,4.0,7.0,5.0,5.0,28.0,9.0,9.0,7.0,28.0,0.0,0.0,0.0,3.0,100.0,0.0,0.0,0.0,115373.0,97857.0,13800.0,89373.0,0,0
77296,35000.0,0.14300000000000002,819.85,2,120000.0,1,1,n,27.84,0.0,0.0,18.0,1.0,153695.0,31.0,1,29839.92,29839.92,9810.39,9810.39,5160.08,4650.31,0.0,0.0,0.0,819.85,0.0,1.0,1,0.0,0.0,448525.0,0.0,3.0,0.0,3.0,15.0,41497.0,80.0,0.0,0.0,8009.0,75.0,174800.0,3.0,5.0,1.0,3.0,26384.0,5562.0,71.9,0.0,0.0,87.0,103.0,27.0,15.0,5.0,59.0,5.0,0.0,3.0,9.0,5.0,7.0,9.0,14.0,17.0,9.0,18.0,0.0,0.0,0.0,0.0,100.0,50.0,1.0,0.0,497197.0,195192.0,19800.0,51997.0,0,0
22122,5000.0,0.1171,165.38,3,29000.0,0,1,n,27.24,0.0,0.0,8.0,0.0,5571.0,12.0,0,3653.09,3653.09,1812.67,1812.67,1346.91,465.76,0.0,0.0,0.0,165.38,0.0,1.0,1,0.0,0.0,15432.0,1.0,3.0,1.0,3.0,11.0,9861.0,64.0,2.0,2.0,1870.0,54.0,13200.0,1.0,0.0,1.0,5.0,1929.0,6289.0,46.2,0.0,0.0,62.0,151.0,4.0,4.0,0.0,4.0,11.0,0.0,4.0,5.0,4.0,6.0,5.0,5.0,7.0,5.0,8.0,0.0,0.0,0.0,3.0,91.7,0.0,0.0,0.0,28549.0,15432.0,11700.0,15349.0,0,0
45501,35000.0,0.14300000000000002,1201.33,2,64000.0,0,1,n,29.96,2.0,0.0,11.0,0.0,22430.0,17.0,0,25840.45,25840.45,13186.82,13186.82,9159.55,4027.27,0.0,0.0,0.0,1201.33,0.0,1.0,0,0.0,0.0,292642.0,0.0,2.0,0.0,0.0,58.0,25506.0,5.0,1.0,1.0,9766.0,49.0,25900.0,0.0,1.0,0.0,1.0,26604.0,2002.0,89.9,0.0,0.0,157.0,358.0,12.0,12.0,5.0,42.0,18.0,0.0,3.0,6.0,3.0,4.0,2.0,7.0,10.0,6.0,11.0,0.0,0.0,0.0,1.0,88.2,66.7,0.0,0.0,388242.0,47936.0,19900.0,61714.0,0,0
47292,21275.0,0.1102,696.72,1,280000.0,0,1,n,4.17,0.0,0.0,6.0,0.0,7282.0,8.0,0,15498.53,15498.53,7637.87,7637.87,5776.47,1861.4,0.0,0.0,0.0,0.0,0.0,1.0,1,0.0,0.0,26670.0,0.0,2.0,1.0,2.0,10.0,19388.0,75.0,0.0,0.0,7282.0,38.0,44300.0,1.0,1.0,1.0,2.0,4445.0,36218.0,16.7,0.0,0.0,18.0,72.0,38.0,10.0,0.0,45.0,10.0,0.0,1.0,1.0,3.0,3.0,2.0,4.0,6.0,1.0,6.0,0.0,0.0,0.0,1.0,87.5,0.0,0.0,0.0,70125.0,26670.0,43500.0,25825.0,0,0
18948,16000.0,0.0756,498.15,2,185000.0,1,1,n,7.46,0.0,0.0,8.0,0.0,12454.0,26.0,0,0.0,0.0,16087.36,16087.36,16000.0,87.36,0.0,0.0,0.0,16094.08,0.0,1.0,1,0.0,935.0,473753.0,1.0,2.0,0.0,1.0,21.0,9629.0,32.0,1.0,1.0,5765.0,34.0,35300.0,0.0,1.0,1.0,4.0,67679.0,20109.0,38.1,0.0,0.0,108.0,206.0,5.0,5.0,6.0,5.0,10.0,0.0,3.0,4.0,3.0,5.0,8.0,5.0,12.0,4.0,8.0,0.0,0.0,0.0,2.0,100.0,0.0,0.0,0.0,522034.0,22083.0,32500.0,30234.0,0,0
49417,1000.0,0.2305,38.74,1,43000.0,1,1,n,37.9,0.0,1.0,7.0,0.0,5616.0,10.0,0,739.2,739.2,463.6,463.6,260.8,202.8,0.0,0.0,0.0,38.74,0.0,1.0,1,0.0,0.0,55938.0,2.0,3.0,3.0,3.0,6.0,50322.0,51.0,1.0,1.0,2043.0,47.0,14100.0,3.0,0.0,5.0,4.0,7991.0,5065.0,41.1,0.0,0.0,81.0,68.0,4.0,4.0,0.0,37.0,2.0,0.0,2.0,3.0,3.0,3.0,5.0,4.0,5.0,3.0,7.0,0.0,0.0,0.0,4.0,100.0,66.7,0.0,0.0,82311.0,55938.0,8600.0,68211.0,0,0
6131,40000.0,0.0646,1225.24,3,72000.0,1,1,n,31.79,0.0,0.0,13.0,0.0,35152.0,20.0,0,29652.74,29652.74,12238.04,12238.04,10347.26,1890.78,0.0,0.0,0.0,1225.24,0.0,1.0,1,0.0,0.0,82288.0,0.0,1.0,0.0,1.0,16.0,26629.0,86.0,1.0,2.0,15849.0,67.0,68200.0,0.0,2.0,1.0,3.0,6857.0,17068.0,56.6,0.0,0.0,105.0,289.0,12.0,12.0,3.0,12.0,4.0,1.0,3.0,5.0,6.0,7.0,3.0,11.0,13.0,5.0,13.0,0.0,0.0,0.0,1.0,94.7,40.0,0.0,0.0,122293.0,82288.0,39300.0,30875.0,0,0
7593,20000.0,0.1308,674.65,2,100000.0,0,1,n,20.11,0.0,0.0,12.0,0.0,18293.0,24.0,0,15202.88,15202.88,6731.97,6731.97,4797.12,1934.85,0.0,0.0,0.0,674.65,0.0,1.0,1,0.0,0.0,80770.0,1.0,2.0,1.0,1.0,8.0,62477.0,58.0,1.0,1.0,7185.0,66.0,24500.0,3.0,5.0,7.0,2.0,7343.0,4886.0,74.9,0.0,0.0,107.0,92.0,3.0,3.0,0.0,3.0,7.0,0.0,5.0,6.0,9.0,10.0,10.0,10.0,14.0,6.0,12.0,0.0,0.0,0.0,2.0,100.0,37.5,0.0,0.0,102286.0,80770.0,19500.0,77786.0,0,0
13014,6000.0,0.0819,188.55,1,35750.0,0,1,n,26.42,2.0,0.0,12.0,0.0,2833.0,22.0,0,0.0,0.0,6208.6,6208.6,6000.0,208.6,0.0,0.0,0.0,5457.13,0.0,1.0,0,0.0,0.0,21926.0,0.0,1.0,0.0,1.0,20.0,19093.0,75.0,2.0,2.0,1813.0,39.0,30900.0,1.0,0.0,0.0,3.0,1827.0,7308.0,20.6,0.0,0.0,165.0,182.0,8.0,8.0,0.0,8.0,20.0,0.0,2.0,5.0,2.0,4.0,6.0,10.0,16.0,5.0,12.0,0.0,0.0,0.0,2.0,85.7,0.0,0.0,0.0,56534.0,21926.0,9200.0,25634.0,0,0
3135,15000.0,0.17739999999999995,540.34,2,65800.0,0,1,n,18.91,2.0,0.0,13.0,0.0,14177.0,25.0,1,11647.71,11647.71,5373.83,5373.83,3352.29,2021.54,0.0,0.0,0.0,540.34,0.0,1.0,1,0.0,0.0,149234.0,0.0,2.0,0.0,1.0,17.0,12694.0,72.0,0.0,1.0,5301.0,78.0,17000.0,0.0,2.0,0.0,2.0,11480.0,423.0,97.1,0.0,0.0,128.0,99.0,23.0,17.0,3.0,23.0,23.0,0.0,7.0,7.0,7.0,8.0,8.0,10.0,14.0,7.0,13.0,0.0,0.0,1.0,0.0,92.0,100.0,0.0,0.0,161438.0,26871.0,14600.0,17688.0,0,0
48412,5000.0,0.16949999999999998,178.14,2,79000.0,1,1,n,13.57,0.0,2.0,10.0,0.0,16370.0,17.0,0,3500.0,3500.0,2173.74,2173.74,1500.0,673.74,0.0,0.0,0.0,267.09,0.0,1.0,1,0.0,151.0,301405.0,1.0,1.0,2.0,3.0,3.0,7575.0,89.0,2.0,2.0,7964.0,55.0,35000.0,3.0,1.0,5.0,6.0,30141.0,9780.0,50.9,0.0,0.0,128.0,141.0,8.0,3.0,2.0,8.0,1.0,0.0,5.0,6.0,6.0,7.0,5.0,8.0,10.0,6.0,10.0,0.0,0.0,0.0,5.0,64.7,16.7,0.0,0.0,323500.0,23945.0,19900.0,8500.0,0,0
27189,24000.0,0.2565,962.51,1,75000.0,0,1,n,18.43,0.0,1.0,16.0,0.0,8466.0,24.0,0,18491.55,18491.55,10519.21,10519.21,5508.45,5010.76,0.0,0.0,0.0,962.51,0.0,1.0,0,0.0,1722.0,32399.0,5.0,2.0,2.0,3.0,5.0,23884.0,87.0,5.0,6.0,2800.0,78.0,13800.0,2.0,4.0,4.0,10.0,2025.0,5198.0,55.9,0.0,0.0,61.0,102.0,2.0,2.0,0.0,2.0,5.0,2.0,9.0,10.0,12.0,12.0,5.0,13.0,18.0,10.0,16.0,0.0,0.0,0.0,8.0,90.0,16.7,0.0,0.0,41760.0,32399.0,11800.0,27462.0,0,0
65216,8000.0,0.16949999999999998,285.03,1,37000.0,1,1,n,15.5,0.0,0.0,4.0,1.0,6414.0,7.0,0,5767.47,5767.47,3412.83,3412.83,2232.53,1180.3,0.0,0.0,0.0,285.03,0.0,1.0,1,0.0,0.0,12843.0,0.0,1.0,1.0,1.0,9.0,6429.0,80.0,0.0,0.0,5359.0,73.0,9700.0,1.0,0.0,1.0,1.0,3211.0,141.0,97.4,0.0,0.0,53.0,78.0,25.0,9.0,0.0,78.0,9.0,0.0,1.0,2.0,1.0,1.0,3.0,3.0,3.0,2.0,4.0,0.0,0.0,0.0,1.0,100.0,100.0,1.0,0.0,17700.0,12843.0,5500.0,8000.0,0,0
24205,18000.0,0.2305,697.25,3,40000.0,1,1,n,37.56,0.0,0.0,4.0,0.0,210.0,17.0,0,0.0,0.0,20808.69,20808.69,18000.0,2808.69,0.0,0.0,0.0,18042.74,0.0,1.0,1,0.0,0.0,17880.0,0.0,2.0,2.0,2.0,10.0,17670.0,82.0,0.0,2.0,210.0,68.0,4800.0,2.0,1.0,2.0,4.0,4470.0,2790.0,7.0,0.0,0.0,77.0,241.0,20.0,10.0,2.0,21.0,10.0,6.0,1.0,1.0,1.0,6.0,5.0,2.0,10.0,1.0,4.0,0.0,0.0,0.0,2.0,58.8,0.0,0.0,0.0,26300.0,17880.0,3000.0,21500.0,0,0
61852,13500.0,0.0819,274.97,2,64133.0,1,1,n,24.73,3.0,1.0,28.0,0.0,12412.0,38.0,0,11221.75,11221.75,3284.28,3284.28,2278.25,1006.03,0.0,0.0,0.0,274.97,0.0,1.0,1,0.0,0.0,238149.0,1.0,17.0,0.0,0.0,25.0,71100.0,104.0,1.0,1.0,4607.0,88.0,25800.0,0.0,0.0,4.0,2.0,8505.0,13388.0,48.1,0.0,0.0,197.0,151.0,4.0,4.0,1.0,4.0,4.0,0.0,7.0,7.0,9.0,10.0,26.0,9.0,10.0,8.0,28.0,0.0,0.0,0.0,2.0,91.9,11.1,0.0,0.0,251144.0,83619.0,25800.0,68470.0,0,0
44751,27975.0,0.28800000000000003,884.58,1,105525.0,0,1,n,38.99,0.0,0.0,12.0,0.0,45333.0,24.0,0,25749.27,25749.27,9685.62,9685.62,2225.73,7459.89,0.0,0.0,0.0,884.58,0.0,1.0,1,0.0,0.0,116286.0,0.0,5.0,0.0,2.0,14.0,70953.0,71.0,0.0,0.0,12489.0,71.0,63600.0,1.0,0.0,0.0,2.0,9691.0,7381.0,79.3,0.0,0.0,232.0,104.0,45.0,14.0,0.0,45.0,14.0,0.0,3.0,6.0,3.0,5.0,11.0,7.0,13.0,6.0,12.0,0.0,0.0,0.0,0.0,100.0,66.7,0.0,0.0,181000.0,116286.0,35600.0,117400.0,0,0
3750,25000.0,0.1308,569.86,2,50000.0,1,1,n,15.63,0.0,0.0,8.0,0.0,0.0,19.0,0,0.0,0.0,27173.69,27173.69,25000.0,2173.69,0.0,0.0,0.0,23221.0,0.0,1.0,0,0.0,0.0,142887.0,0.0,2.0,2.0,2.0,9.0,28315.0,86.0,0.0,1.0,0.0,48.0,25800.0,2.0,0.0,3.0,3.0,17861.0,21200.0,0.0,0.0,0.0,106.0,117.0,18.0,9.0,2.0,18.0,9.0,0.0,0.0,0.0,3.0,6.0,8.0,5.0,9.0,0.0,8.0,0.0,0.0,0.0,2.0,100.0,0.0,0.0,0.0,183447.0,28315.0,21200.0,32811.0,0,0
53640,10000.0,0.2055,374.45,1,30000.0,1,1,n,9.56,0.0,0.0,4.0,0.0,5693.0,4.0,0,7318.3,7318.3,4470.57,4470.57,2681.7,1788.87,0.0,0.0,0.0,374.45,0.0,1.0,1,0.0,0.0,9144.0,1.0,1.0,0.0,0.0,63.0,3451.0,63.0,2.0,3.0,2250.0,56.0,10800.0,0.0,0.0,0.0,3.0,2286.0,5107.0,52.7,0.0,0.0,63.0,15.0,2.0,2.0,0.0,2.0,15.0,0.0,3.0,3.0,3.0,3.0,1.0,3.0,3.0,3.0,4.0,0.0,0.0,0.0,2.0,100.0,0.0,0.0,0.0,16300.0,9144.0,10800.0,5500.0,0,0
48234,8000.0,0.17739999999999995,288.18,2,76000.0,1,1,n,11.78,0.0,0.0,8.0,0.0,2794.0,10.0,1,6704.15,6704.15,2585.74,2585.74,1295.85,1289.89,0.0,0.0,0.0,288.18,0.0,1.0,1,0.0,0.0,104906.0,0.0,3.0,1.0,2.0,9.0,11265.0,46.0,0.0,2.0,1408.0,49.0,4000.0,4.0,0.0,3.0,4.0,13113.0,706.0,79.8,0.0,0.0,98.0,135.0,14.0,9.0,1.0,14.0,7.0,1.0,3.0,3.0,3.0,4.0,4.0,4.0,5.0,3.0,8.0,0.0,0.0,0.0,1.0,70.0,66.7,0.0,0.0,128942.0,14059.0,3500.0,24742.0,0,0
14233,5000.0,0.0702,154.44,2,104000.0,0,1,n,7.86,1.0,1.0,5.0,0.0,5382.0,10.0,0,3551.45,3551.45,1695.5,1695.5,1448.55,246.95,0.0,0.0,0.0,154.44,1.0,1.0,1,0.0,9129.0,311365.0,0.0,0.0,0.0,0.0,56.0,10680.0,34.0,0.0,0.0,3967.0,38.0,10500.0,5.0,0.0,9.0,0.0,62273.0,5118.0,51.3,1.0,0.0,169.0,170.0,30.0,30.0,3.0,30.0,0.0,1.0,2.0,2.0,3.0,4.0,2.0,3.0,4.0,2.0,5.0,0.0,0.0,1.0,0.0,100.0,33.3,0.0,0.0,351258.0,16062.0,10500.0,31721.0,0,0
47101,35000.0,0.2055,938.03,2,94100.0,1,1,n,20.82,0.0,0.0,13.0,0.0,25924.0,27.0,0,30935.24,30935.24,10238.41,10238.41,4064.76,6173.65,0.0,0.0,0.0,0.0,0.0,1.0,1,0.0,0.0,381184.0,2.0,4.0,0.0,3.0,13.0,54797.0,88.0,2.0,3.0,10913.0,79.0,39300.0,2.0,7.0,1.0,9.0,29322.0,5211.0,82.0,0.0,0.0,143.0,181.0,6.0,4.0,3.0,6.0,0.0,1.0,4.0,6.0,5.0,5.0,13.0,8.0,11.0,6.0,13.0,0.0,0.0,0.0,3.0,88.9,80.0,0.0,0.0,403180.0,80721.0,29000.0,62579.0,0,0
76270,20000.0,0.0756,622.68,1,78000.0,0,1,n,23.42,0.0,1.0,18.0,0.0,24457.0,38.0,1,13219.55,12558.57,8080.36,7676.34,6780.45,1299.91,0.0,0.0,0.0,622.68,0.0,1.0,1,0.0,0.0,56894.0,1.0,8.0,0.0,0.0,35.0,32437.0,32.0,2.0,3.0,15104.0,35.0,66700.0,0.0,2.0,1.0,4.0,3161.0,31207.0,40.7,0.0,0.0,266.0,269.0,6.0,6.0,7.0,6.0,6.0,0.0,4.0,8.0,5.0,5.0,17.0,9.0,13.0,8.0,18.0,0.0,0.0,0.0,2.0,100.0,0.0,0.0,0.0,130610.0,56894.0,52600.0,63845.0,0,0
41293,5000.0,0.08810000000000001,158.56,2,79000.0,1,1,n,25.2,0.0,0.0,10.0,0.0,12490.0,22.0,0,0.0,0.0,5110.82,5110.82,5000.0,110.82,0.0,0.0,0.0,2298.59,0.0,1.0,1,0.0,0.0,129907.0,1.0,2.0,1.0,1.0,11.0,24095.0,53.0,2.0,2.0,5980.0,44.0,38500.0,0.0,0.0,2.0,3.0,12991.0,13632.0,42.0,0.0,0.0,122.0,93.0,4.0,4.0,4.0,7.0,7.0,0.0,2.0,4.0,3.0,5.0,8.0,7.0,10.0,4.0,10.0,0.0,0.0,0.0,3.0,95.5,33.3,0.0,0.0,197311.0,36585.0,23500.0,45320.0,0,0
49464,35000.0,0.0756,1089.69,2,106000.0,0,1,n,26.54,0.0,0.0,27.0,0.0,87921.0,56.0,1,24200.61,23682.03,13061.58,12781.69,10799.39,2262.19,0.0,0.0,0.0,1089.69,0.0,1.0,1,0.0,0.0,356067.0,1.0,6.0,1.0,1.0,11.0,18573.0,37.0,2.0,5.0,9557.0,34.0,167400.0,2.0,4.0,1.0,6.0,13188.0,41708.0,45.1,0.0,0.0,125.0,322.0,3.0,3.0,4.0,3.0,11.0,0.0,10.0,15.0,10.0,22.0,12.0,20.0,40.0,15.0,27.0,0.0,0.0,0.0,3.0,100.0,20.0,0.0,0.0,510079.0,106494.0,76000.0,50230.0,0,0
62081,7800.0,0.1612,274.69,2,50000.0,1,1,n,22.42,1.0,0.0,29.0,0.0,11487.0,36.0,0,5603.49,5603.49,3278.82,3278.82,2196.51,1082.31,0.0,0.0,0.0,274.69,0.0,1.0,1,0.0,0.0,228623.0,2.0,4.0,0.0,0.0,42.0,22100.0,75.0,1.0,7.0,5238.0,68.0,19700.0,0.0,2.0,4.0,8.0,16330.0,3275.0,73.2,0.0,0.0,95.0,90.0,3.0,3.0,1.0,3.0,6.0,0.0,4.0,7.0,14.0,20.0,4.0,24.0,31.0,7.0,29.0,0.0,0.0,0.0,2.0,94.3,50.0,0.0,0.0,245551.0,33587.0,12200.0,29677.0,0,0
2351,26575.0,0.1033,568.97,2,75000.0,0,1,n,27.04,0.0,1.0,18.0,0.0,10516.0,32.0,0,24131.18,24131.18,4536.51,4536.51,2443.82,2092.69,0.0,0.0,0.0,568.97,0.0,1.0,0,0.0,0.0,252125.0,1.0,3.0,1.0,3.0,2.0,42245.0,69.0,1.0,3.0,3041.0,46.0,54900.0,5.0,8.0,5.0,6.0,14007.0,29284.0,16.8,0.0,0.0,139.0,145.0,7.0,2.0,4.0,7.0,2.0,0.0,5.0,8.0,7.0,10.0,8.0,14.0,20.0,8.0,18.0,0.0,0.0,0.0,2.0,100.0,0.0,0.0,0.0,362416.0,52761.0,35200.0,61000.0,0,0
48118,15000.0,0.0819,305.52,2,50000.0,0,1,n,31.95,0.0,2.0,20.0,0.0,29553.0,38.0,0,12687.49,12687.49,3347.07,3347.07,2312.51,1034.56,0.0,0.0,0.0,0.0,0.0,1.0,1,0.0,0.0,133206.0,1.0,2.0,0.0,1.0,24.0,16069.0,71.0,1.0,1.0,4432.0,32.0,119300.0,1.0,2.0,8.0,2.0,6660.0,68922.0,23.3,0.0,0.0,164.0,364.0,2.0,2.0,5.0,2.0,0.0,0.0,11.0,14.0,13.0,15.0,12.0,17.0,21.0,14.0,20.0,0.0,0.0,0.0,1.0,100.0,7.7,0.0,0.0,233167.0,45622.0,89900.0,22757.0,0,0
32083,4800.0,0.17739999999999995,172.91,2,65000.0,1,1,n,12.38,0.0,1.0,6.0,0.0,7538.0,10.0,0,0.0,0.0,4931.05,4931.05,4800.0,131.05,0.0,0.0,0.0,4935.78,0.0,1.0,1,0.0,0.0,298520.0,2.0,2.0,1.0,2.0,2.0,20159.0,88.0,1.0,2.0,4347.0,81.0,11000.0,0.0,4.0,2.0,6.0,49753.0,53.0,98.8,0.0,0.0,43.0,36.0,6.0,2.0,2.0,16.0,2.0,0.0,1.0,3.0,1.0,1.0,5.0,3.0,3.0,3.0,6.0,0.0,0.0,0.0,3.0,100.0,100.0,0.0,0.0,307050.0,27697.0,4400.0,23050.0,0,0
44844,15950.0,0.1102,522.34,2,80000.0,0,1,n,15.54,0.0,1.0,16.0,1.0,10959.0,24.0,0,0.0,0.0,17302.31,17302.31,15950.0,1352.31,0.0,0.0,0.0,13133.35,0.0,1.0,1,0.0,0.0,31837.0,0.0,2.0,1.0,2.0,9.0,20878.0,84.0,1.0,4.0,7836.0,42.0,50300.0,2.0,0.0,2.0,6.0,2122.0,13892.0,37.1,0.0,0.0,46.0,110.0,12.0,9.0,0.0,23.0,3.0,0.0,3.0,8.0,5.0,10.0,4.0,14.0,20.0,8.0,16.0,0.0,0.0,0.0,2.0,100.0,20.0,1.0,0.0,75170.0,31837.0,22100.0,24870.0,0,0
35510,8400.0,0.17739999999999995,302.59,1,30160.0,1,1,n,19.5,0.0,0.0,5.0,0.0,8728.0,6.0,0,6285.8,6285.8,3307.79,3307.79,2114.2,1193.59,0.0,0.0,0.0,302.59,0.0,1.0,1,0.0,0.0,12086.0,0.0,1.0,0.0,1.0,16.0,3358.0,67.0,1.0,2.0,4885.0,77.0,10700.0,0.0,0.0,0.0,3.0,2417.0,115.0,97.7,0.0,0.0,16.0,48.0,12.0,12.0,0.0,26.0,16.0,0.0,1.0,4.0,1.0,1.0,1.0,4.0,5.0,4.0,5.0,0.0,0.0,0.0,1.0,100.0,100.0,0.0,0.0,15700.0,12086.0,5000.0,5000.0,0,0
63025,12000.0,0.0646,367.57,1,70150.0,1,1,n,14.37,0.0,0.0,6.0,0.0,12157.0,8.0,0,8642.48,8642.48,4038.96,4038.96,3357.52,681.44,0.0,0.0,0.0,367.57,0.0,1.0,1,0.0,0.0,23853.0,0.0,3.0,0.0,4.0,19.0,11696.0,55.0,0.0,2.0,8400.0,61.0,17800.0,2.0,5.0,0.0,6.0,3976.0,3983.0,72.1,0.0,0.0,24.0,46.0,17.0,17.0,0.0,17.0,19.0,0.0,2.0,3.0,2.0,3.0,4.0,3.0,4.0,3.0,6.0,0.0,0.0,0.0,0.0,85.7,50.0,0.0,0.0,39183.0,23853.0,14300.0,21383.0,0,0
58743,32000.0,0.0646,980.19,2,52000.0,0,1,n,14.65,0.0,0.0,6.0,0.0,5164.0,22.0,0,0.0,0.0,33048.77,33048.77,32000.0,1048.77,0.0,0.0,0.0,28159.3,0.0,1.0,1,0.0,0.0,159412.0,0.0,1.0,0.0,0.0,50.0,9731.0,28.0,1.0,2.0,5024.0,23.0,28900.0,0.0,3.0,0.0,2.0,31882.0,23736.0,17.9,0.0,0.0,129.0,208.0,10.0,10.0,1.0,10.0,19.0,0.0,3.0,3.0,4.0,7.0,7.0,4.0,12.0,3.0,6.0,0.0,0.0,0.0,1.0,100.0,0.0,0.0,0.0,221608.0,14895.0,28900.0,34748.0,0,0
54094,7000.0,0.1171,231.54,3,107000.0,0,1,n,17.46,0.0,2.0,10.0,0.0,6474.0,13.0,1,4932.6,4932.6,2769.37,2769.37,2067.4,701.97,0.0,0.0,0.0,231.54,0.0,1.0,1,0.0,0.0,164024.0,2.0,2.0,2.0,3.0,5.0,39355.0,75.0,2.0,5.0,892.0,51.0,37100.0,3.0,0.0,4.0,8.0,16402.0,26108.0,3.3,0.0,0.0,51.0,57.0,3.0,3.0,1.0,18.0,3.0,0.0,1.0,2.0,5.0,5.0,5.0,7.0,7.0,2.0,10.0,0.0,0.0,0.0,4.0,100.0,0.0,0.0,0.0,212498.0,45829.0,27000.0,52398.0,0,0
30455,21275.0,0.1033,689.79,2,76000.0,0,1,n,32.37,0.0,1.0,15.0,1.0,17977.0,31.0,0,15444.77,15444.77,7585.48,7585.48,5830.23,1755.25,0.0,0.0,0.0,689.79,0.0,1.0,0,0.0,0.0,369408.0,3.0,3.0,2.0,3.0,3.0,56717.0,92.0,1.0,5.0,9891.0,54.0,56200.0,1.0,9.0,4.0,9.0,24627.0,8357.0,68.0,0.0,0.0,79.0,157.0,10.0,3.0,4.0,91.0,3.0,0.0,3.0,5.0,3.0,6.0,10.0,11.0,17.0,5.0,15.0,0.0,0.0,0.0,4.0,96.8,33.3,1.0,0.0,421297.0,74694.0,26100.0,69097.0,0,0
49091,20000.0,0.2055,748.89,1,80000.0,0,1,n,29.54,0.0,1.0,9.0,0.0,23983.0,14.0,0,18142.16,18142.16,4447.67,4447.67,1857.84,2589.83,0.0,0.0,0.0,0.0,0.0,1.0,1,0.0,0.0,52517.0,0.0,2.0,1.0,1.0,12.0,28534.0,56.0,0.0,1.0,10704.0,53.0,48500.0,1.0,1.0,8.0,2.0,6565.0,23069.0,47.9,0.0,0.0,63.0,397.0,17.0,12.0,0.0,43.0,1.0,0.0,5.0,6.0,6.0,10.0,3.0,7.0,11.0,6.0,9.0,0.0,0.0,0.0,1.0,100.0,60.0,0.0,0.0,99234.0,52517.0,44300.0,50734.0,0,0
70764,20000.0,0.0819,407.35,2,62547.0,1,1,n,13.56,0.0,1.0,18.0,0.0,19665.0,28.0,0,16624.98,16624.98,4879.1,4879.1,3375.02,1504.08,0.0,0.0,0.0,407.35,0.0,1.0,1,0.0,0.0,259185.0,2.0,1.0,0.0,0.0,47.0,3681.0,38.0,3.0,5.0,5029.0,35.0,56600.0,0.0,0.0,1.0,5.0,14399.0,15934.0,42.5,0.0,0.0,47.0,150.0,2.0,2.0,1.0,2.0,2.0,0.0,4.0,8.0,5.0,6.0,1.0,16.0,26.0,8.0,18.0,0.0,0.0,0.0,3.0,100.0,40.0,0.0,0.0,310754.0,23346.0,27700.0,9714.0,0,0
30359,12000.0,0.14300000000000002,411.89,1,48000.0,1,1,n,19.55,1.0,0.0,6.0,0.0,10802.0,25.0,0,8859.52,8859.52,4521.26,4521.26,3140.48,1380.78,0.0,0.0,0.0,411.89,0.0,1.0,1,0.0,0.0,24737.0,0.0,2.0,0.0,1.0,19.0,13935.0,68.0,0.0,0.0,4437.0,66.0,17200.0,0.0,0.0,1.0,1.0,4123.0,1498.0,81.7,0.0,0.0,148.0,153.0,36.0,19.0,1.0,132.0,7.0,1.0,2.0,4.0,2.0,5.0,12.0,4.0,12.0,4.0,6.0,0.0,0.0,1.0,0.0,92.0,100.0,0.0,0.0,37742.0,24737.0,8200.0,20542.0,0,0
9587,31900.0,0.0819,649.73,2,80000.0,1,1,n,10.74,0.0,0.0,13.0,0.0,11646.0,22.0,0,27444.75,27444.75,6468.27,6468.27,4455.25,2013.02,0.0,0.0,0.0,649.73,0.0,1.0,1,0.0,0.0,154622.0,1.0,3.0,0.0,1.0,13.0,15465.0,58.0,2.0,2.0,6080.0,24.0,85500.0,1.0,0.0,4.0,4.0,11894.0,73854.0,13.6,0.0,0.0,172.0,129.0,7.0,4.0,1.0,7.0,5.0,0.0,4.0,4.0,9.0,12.0,8.0,9.0,13.0,4.0,13.0,0.0,0.0,0.0,3.0,100.0,0.0,0.0,0.0,240224.0,27111.0,85500.0,26569.0,0,0
61197,23000.0,0.16949999999999998,571.0,2,70000.0,1,1,n,17.42,0.0,1.0,14.0,1.0,11446.0,40.0,0,0.0,0.0,24963.27,24963.27,23000.0,1963.27,0.0,0.0,0.0,22162.42,0.0,1.0,1,0.0,0.0,106686.0,0.0,4.0,0.0,2.0,13.0,95240.0,51.0,2.0,4.0,6123.0,50.0,23100.0,2.0,3.0,7.0,6.0,7620.0,3154.0,78.4,0.0,0.0,233.0,104.0,7.0,7.0,3.0,7.0,0.0,0.0,3.0,3.0,5.0,9.0,17.0,10.0,20.0,3.0,14.0,0.0,0.0,0.0,2.0,97.5,40.0,1.0,0.0,130610.0,106686.0,14600.0,107510.0,0,0
34997,15000.0,0.1308,341.92,2,70000.0,1,1,n,9.79,0.0,0.0,7.0,0.0,2572.0,14.0,0,12926.84,12926.84,3733.87,3733.87,2073.16,1660.71,0.0,0.0,0.0,341.92,0.0,1.0,1,0.0,0.0,212726.0,0.0,1.0,0.0,3.0,20.0,12347.0,82.0,0.0,1.0,1335.0,64.0,8300.0,1.0,0.0,1.0,4.0,30389.0,3156.0,29.9,0.0,0.0,146.0,62.0,21.0,20.0,1.0,40.0,7.0,1.0,2.0,3.0,3.0,3.0,8.0,5.0,5.0,3.0,7.0,0.0,0.0,0.0,0.0,92.9,33.3,0.0,0.0,229780.0,14919.0,4500.0,15000.0,0,0
44741,4900.0,0.14300000000000002,168.19,2,58000.0,0,1,n,17.96,1.0,0.0,8.0,0.0,2750.0,13.0,0,3617.62,3617.62,1846.2,1846.2,1282.38,563.82,0.0,0.0,0.0,168.19,0.0,1.0,1,0.0,166.0,21860.0,1.0,4.0,2.0,4.0,8.0,19110.0,68.0,1.0,1.0,1731.0,64.0,6200.0,1.0,2.0,1.0,5.0,2733.0,2289.0,54.2,0.0,0.0,38.0,67.0,3.0,3.0,0.0,3.0,11.0,1.0,2.0,3.0,2.0,3.0,7.0,4.0,6.0,3.0,8.0,0.0,0.0,1.0,3.0,84.6,0.0,0.0,0.0,34168.0,21860.0,5000.0,27968.0,0,0
72279,7000.0,0.14300000000000002,240.27,1,35880.0,1,1,n,19.6,0.0,0.0,9.0,0.0,6827.0,14.0,0,0.0,0.0,7755.58,7755.58,7000.0,755.58,0.0,0.0,0.0,5838.98,0.0,1.0,1,0.0,0.0,17832.0,1.0,2.0,0.0,2.0,16.0,11005.0,61.0,1.0,4.0,3931.0,46.0,21000.0,1.0,1.0,0.0,6.0,1981.0,11804.0,33.3,0.0,0.0,130.0,53.0,3.0,3.0,1.0,3.0,16.0,0.0,4.0,6.0,5.0,5.0,6.0,7.0,7.0,6.0,9.0,0.0,0.0,0.0,1.0,100.0,40.0,0.0,0.0,39074.0,17832.0,17700.0,18074.0,0,0
11132,11000.0,0.1033,235.51,2,61000.0,1,1,n,18.26,0.0,0.0,8.0,0.0,8425.0,28.0,0,9308.61,9308.61,2588.79,2588.79,1691.39,897.4,0.0,0.0,0.0,235.51,0.0,1.0,1,0.0,0.0,389895.0,0.0,2.0,0.0,2.0,13.0,30042.0,74.0,0.0,1.0,8049.0,56.0,28300.0,0.0,2.0,1.0,4.0,48737.0,6951.0,53.7,0.0,0.0,129.0,135.0,20.0,8.0,3.0,25.0,9.0,0.0,1.0,2.0,1.0,7.0,10.0,5.0,15.0,2.0,8.0,0.0,0.0,0.0,1.0,100.0,0.0,0.0,0.0,422681.0,38467.0,15000.0,40381.0,0,0
54731,19300.0,0.124,433.23,1,150000.0,1,1,n,10.83,0.0,2.0,11.0,0.0,18602.0,16.0,0,0.0,0.0,20757.35,20757.35,19300.0,1457.35,0.0,0.0,0.0,18184.56,0.0,1.0,1,0.0,0.0,51191.0,2.0,2.0,1.0,2.0,11.0,32589.0,71.0,3.0,4.0,9828.0,35.0,101400.0,2.0,0.0,3.0,6.0,4654.0,77798.0,19.3,0.0,0.0,35.0,123.0,2.0,2.0,0.0,2.0,0.0,0.0,5.0,5.0,8.0,11.0,3.0,9.0,13.0,5.0,11.0,0.0,0.0,0.0,4.0,100.0,0.0,0.0,0.0,147617.0,51191.0,96400.0,46217.0,0,0
62285,7200.0,0.0646,220.55,2,52000.0,1,1,n,14.12,0.0,0.0,5.0,0.0,5535.0,19.0,0,4638.75,4638.75,2940.14,2940.14,2561.25,378.89,0.0,0.0,0.0,220.55,0.0,1.0,1,0.0,0.0,22373.0,0.0,1.0,0.0,0.0,43.0,16838.0,53.0,1.0,2.0,3176.0,38.0,26400.0,0.0,2.0,1.0,2.0,4475.0,16201.0,19.8,0.0,0.0,148.0,167.0,7.0,7.0,0.0,7.0,7.0,0.0,2.0,3.0,3.0,9.0,3.0,4.0,16.0,4.0,5.0,0.0,0.0,0.0,1.0,94.7,33.3,0.0,0.0,58406.0,22373.0,20200.0,32006.0,0,0
64319,35000.0,0.1102,1146.19,2,35000.0,0,1,n,80.35,0.0,2.0,12.0,0.0,30549.0,31.0,0,24642.12,24642.12,13736.9,13736.9,10357.88,3379.02,0.0,0.0,0.0,1146.19,0.0,1.0,0,0.0,0.0,170018.0,1.0,5.0,1.0,4.0,4.0,78217.0,70.0,1.0,2.0,15818.0,72.0,41000.0,2.0,0.0,5.0,6.0,15456.0,1803.0,94.1,0.0,0.0,172.0,191.0,10.0,4.0,4.0,10.0,0.0,0.0,2.0,3.0,2.0,5.0,14.0,5.0,13.0,3.0,12.0,0.0,0.0,0.0,2.0,100.0,100.0,0.0,0.0,259406.0,108766.0,30600.0,102704.0,0,0
62751,37500.0,0.08810000000000001,1189.18,2,110725.0,0,1,n,38.63,0.0,0.0,18.0,0.0,65823.0,27.0,0,26199.11,26199.11,14224.27,14224.27,11300.89,2923.38,0.0,0.0,0.0,1189.18,0.0,1.0,1,0.0,0.0,275048.0,0.0,6.0,2.0,3.0,10.0,70238.0,54.0,0.0,0.0,7432.0,52.0,91200.0,1.0,4.0,3.0,3.0,15280.0,22366.0,47.6,0.0,0.0,110.0,187.0,35.0,10.0,1.0,35.0,11.0,0.0,3.0,4.0,8.0,8.0,9.0,11.0,17.0,4.0,18.0,0.0,0.0,0.0,2.0,100.0,25.0,0.0,0.0,366615.0,136061.0,42700.0,130597.0,0,0
71991,25525.0,0.1033,546.49,2,228000.0,1,1,n,22.58,0.0,0.0,18.0,0.0,51182.0,34.0,0,21412.77,21412.77,6543.23,6543.23,4112.23,2431.0,0.0,0.0,0.0,546.49,0.0,1.0,1,0.0,0.0,267482.0,1.0,2.0,0.0,1.0,16.0,31440.0,83.0,2.0,3.0,11884.0,48.0,194700.0,1.0,0.0,2.0,4.0,14860.0,36835.0,42.2,0.0,0.0,175.0,169.0,3.0,3.0,2.0,3.0,10.0,0.0,5.0,11.0,7.0,13.0,7.0,15.0,25.0,11.0,18.0,0.0,0.0,0.0,2.0,91.2,14.3,0.0,0.0,505071.0,82622.0,63700.0,70371.0,0,0
44002,6000.0,0.2305,169.32,2,50000.0,0,1,n,26.12,0.0,0.0,5.0,0.0,26898.0,12.0,0,5344.69,5344.69,1854.84,1854.84,655.31,1199.53,0.0,0.0,0.0,169.32,0.0,1.0,1,0.0,0.0,234432.0,0.0,1.0,1.0,1.0,11.0,16093.0,90.0,1.0,1.0,23822.0,93.0,28500.0,0.0,0.0,1.0,3.0,46886.0,199.0,99.3,0.0,0.0,95.0,208.0,11.0,11.0,4.0,104.0,11.0,0.0,2.0,3.0,2.0,3.0,4.0,3.0,4.0,3.0,5.0,0.0,0.0,0.0,2.0,100.0,100.0,0.0,0.0,241060.0,42991.0,27000.0,17853.0,0,0
24069,10000.0,0.2305,387.36,3,52000.0,1,1,n,30.0,0.0,0.0,9.0,0.0,7474.0,12.0,0,7924.41,7924.41,3860.79,3860.79,2075.59,1785.2,0.0,0.0,0.0,387.36,0.0,1.0,1,0.0,0.0,48894.0,0.0,2.0,1.0,1.0,11.0,41420.0,5.0,3.0,4.0,2964.0,28.0,13000.0,2.0,0.0,6.0,5.0,5433.0,5292.0,46.0,0.0,0.0,147.0,29.0,7.0,7.0,0.0,7.0,7.0,1.0,3.0,6.0,4.0,4.0,5.0,7.0,7.0,6.0,9.0,0.0,0.0,0.0,4.0,91.7,50.0,0.0,0.0,74032.0,48894.0,9800.0,61032.0,0,0
34197,12000.0,0.0702,370.64,2,20820.0,0,1,n,29.57,0.0,0.0,9.0,0.0,9767.0,21.0,0,8596.78,8596.78,4065.34,4065.34,3403.22,662.12,0.0,0.0,0.0,370.64,0.0,1.0,0,0.0,0.0,240235.0,1.0,1.0,1.0,1.0,9.0,18145.0,83.0,0.0,0.0,4853.0,36.0,56200.0,1.0,1.0,2.0,2.0,26693.0,37233.0,20.8,0.0,0.0,149.0,548.0,31.0,6.0,3.0,31.0,7.0,0.0,4.0,4.0,6.0,7.0,7.0,7.0,11.0,4.0,9.0,0.0,0.0,0.0,2.0,100.0,0.0,0.0,0.0,291771.0,27912.0,47000.0,21896.0,0,0
2325,8000.0,0.14300000000000002,274.59,1,52000.0,1,1,n,37.34,0.0,2.0,22.0,1.0,16331.0,26.0,0,0.0,0.0,8567.79,8567.79,8000.0,567.79,0.0,0.0,0.0,7201.2,0.0,1.0,1,0.0,0.0,44311.0,1.0,2.0,0.0,3.0,16.0,27980.0,53.0,2.0,8.0,4411.0,39.0,60400.0,1.0,0.0,2.0,11.0,2014.0,31774.0,26.4,0.0,0.0,49.0,115.0,5.0,5.0,0.0,5.0,5.0,0.0,8.0,12.0,11.0,12.0,5.0,19.0,21.0,12.0,22.0,0.0,0.0,0.0,2.0,100.0,18.2,1.0,0.0,113127.0,44311.0,43200.0,52727.0,0,0
60629,2500.0,0.1524,86.96,1,88508.0,1,1,n,12.6,0.0,1.0,7.0,0.0,2587.0,39.0,0,0.0,0.0,2583.03,2583.03,2500.0,83.03,0.0,0.0,0.0,1576.4,0.0,1.0,1,0.0,0.0,23541.0,5.0,3.0,6.0,12.0,2.0,20954.0,73.0,3.0,4.0,1224.0,37.0,34200.0,5.0,10.0,1.0,16.0,3363.0,27413.0,8.6,0.0,0.0,55.0,133.0,6.0,2.0,0.0,6.0,3.0,0.0,3.0,3.0,3.0,15.0,21.0,4.0,18.0,3.0,7.0,0.0,0.0,0.0,9.0,100.0,0.0,0.0,0.0,63000.0,23541.0,30000.0,28800.0,0,0
451,30000.0,0.1308,683.83,2,130000.0,1,1,n,15.01,0.0,0.0,8.0,0.0,6256.0,19.0,1,26644.89,26644.89,6132.67,6132.67,3355.11,2777.56,0.0,0.0,0.0,0.0,0.0,1.0,1,0.0,0.0,468590.0,0.0,2.0,1.0,1.0,7.0,25080.0,49.0,0.0,0.0,4141.0,36.0,36000.0,1.0,6.0,1.0,1.0,58574.0,28944.0,17.8,0.0,0.0,120.0,109.0,35.0,7.0,1.0,35.0,7.0,1.0,2.0,2.0,4.0,5.0,7.0,5.0,10.0,2.0,8.0,0.0,0.0,0.0,1.0,73.7,0.0,0.0,0.0,538251.0,31336.0,35200.0,51001.0,0,0
77284,15000.0,0.1612,365.73,3,85000.0,0,1,n,16.12,0.0,0.0,10.0,1.0,12782.0,13.0,0,12876.91,12876.91,4361.89,4361.89,2123.09,2238.8,0.0,0.0,0.0,365.73,0.0,1.0,1,0.0,0.0,33629.0,0.0,2.0,0.0,1.0,16.0,20847.0,64.0,0.0,2.0,2935.0,60.0,23800.0,0.0,1.0,0.0,3.0,3363.0,8229.0,57.4,0.0,0.0,47.0,215.0,22.0,16.0,0.0,22.0,17.0,0.0,6.0,8.0,6.0,7.0,3.0,8.0,10.0,8.0,10.0,0.0,0.0,0.0,0.0,100.0,83.3,1.0,0.0,56359.0,33629.0,19300.0,32559.0,0,0
18894,5000.0,0.1102,163.75,1,55000.0,0,1,n,21.91,0.0,0.0,7.0,0.0,15088.0,14.0,0,3771.76,3771.76,1634.44,1634.44,1228.24,406.2,0.0,0.0,0.0,163.75,0.0,1.0,1,0.0,0.0,287785.0,0.0,2.0,1.0,1.0,12.0,18001.0,69.0,0.0,1.0,10167.0,74.0,18700.0,1.0,0.0,4.0,2.0,41112.0,0.0,101.3,0.0,0.0,120.0,226.0,19.0,12.0,3.0,19.0,12.0,0.0,3.0,3.0,3.0,5.0,4.0,4.0,7.0,3.0,7.0,0.0,0.0,0.0,1.0,92.9,100.0,0.0,0.0,318642.0,33089.0,14900.0,26192.0,0,0
30211,4000.0,0.16949999999999998,142.52,2,21000.0,0,1,n,14.4,0.0,1.0,4.0,0.0,342.0,11.0,0,2984.5,2984.5,1563.95,1563.95,1015.5,548.45,0.0,0.0,0.0,142.52,0.0,1.0,1,0.0,0.0,87071.0,1.0,1.0,1.0,3.0,2.0,6000.0,100.0,1.0,2.0,243.0,72.0,2800.0,2.0,0.0,4.0,6.0,21768.0,2458.0,12.2,0.0,0.0,42.0,81.0,9.0,2.0,2.0,9.0,2.0,0.0,2.0,2.0,2.0,4.0,5.0,2.0,4.0,2.0,4.0,0.0,0.0,0.0,3.0,100.0,0.0,0.0,0.0,90407.0,6342.0,2800.0,6000.0,0,0
43056,25000.0,0.0819,509.19,2,180000.0,0,1,n,12.12,0.0,0.0,8.0,0.0,28051.0,26.0,0,21146.06,21146.06,5589.71,5589.71,3853.94,1735.77,0.0,0.0,0.0,509.19,0.0,1.0,1,0.0,0.0,648966.0,0.0,3.0,2.0,3.0,10.0,190218.0,93.0,1.0,2.0,12336.0,91.0,32400.0,3.0,7.0,4.0,7.0,81121.0,2869.0,88.9,0.0,0.0,280.0,151.0,10.0,10.0,3.0,22.0,10.0,0.0,3.0,4.0,3.0,4.0,18.0,4.0,5.0,4.0,8.0,0.0,0.0,0.0,5.0,91.7,66.7,0.0,0.0,651892.0,218269.0,25900.0,182992.0,0,0
45982,6000.0,0.0756,186.81,1,60000.0,0,1,n,21.9,0.0,0.0,7.0,0.0,17530.0,8.0,1,4308.27,4308.27,2052.39,2052.39,1691.73,360.66,0.0,0.0,0.0,186.81,0.0,1.0,1,0.0,0.0,38879.0,0.0,2.0,1.0,1.0,9.0,21349.0,75.0,0.0,0.0,9927.0,55.0,42700.0,1.0,1.0,1.0,1.0,5554.0,17170.0,50.5,0.0,0.0,46.0,364.0,33.0,9.0,0.0,157.0,9.0,0.0,3.0,3.0,3.0,3.0,3.0,5.0,5.0,3.0,7.0,0.0,0.0,0.0,1.0,100.0,33.3,0.0,0.0,71057.0,38879.0,34700.0,28357.0,0,0
47086,5000.0,0.14300000000000002,171.62,2,240000.0,1,1,n,13.93,3.0,2.0,20.0,0.0,35079.0,43.0,0,3691.03,3691.03,1879.88,1879.88,1308.97,570.91,0.0,0.0,0.0,0.0,0.0,1.0,1,0.0,0.0,506173.0,1.0,4.0,0.0,3.0,14.0,94779.0,82.0,1.0,1.0,19189.0,69.0,65800.0,4.0,8.0,3.0,5.0,28121.0,25660.0,49.8,0.0,0.0,163.0,407.0,4.0,4.0,5.0,4.0,4.0,0.0,8.0,12.0,10.0,13.0,18.0,15.0,20.0,12.0,20.0,0.0,0.0,0.0,2.0,86.0,37.5,0.0,0.0,572125.0,129858.0,51100.0,126388.0,0,0
24824,16000.0,0.1308,364.71,2,207000.0,1,1,n,19.01,1.0,0.0,12.0,0.0,10759.0,29.0,0,13788.69,13788.69,4000.18,4000.18,2211.31,1788.87,0.0,0.0,0.0,364.71,0.0,1.0,1,0.0,0.0,140288.0,0.0,4.0,1.0,4.0,12.0,114248.0,62.0,0.0,1.0,5292.0,63.0,18100.0,1.0,0.0,1.0,5.0,11691.0,7241.0,59.8,0.0,0.0,175.0,273.0,24.0,12.0,0.0,24.0,12.0,0.0,6.0,6.0,6.0,10.0,16.0,7.0,12.0,6.0,12.0,0.0,0.0,0.0,1.0,72.4,33.3,0.0,0.0,175834.0,140288.0,18000.0,134360.0,0,0
51543,10000.0,0.17739999999999995,360.23,2,55000.0,0,1,n,36.48,0.0,1.0,18.0,0.0,8940.0,21.0,1,8041.62,8041.62,3592.44,3592.44,1958.38,1634.06,0.0,0.0,0.0,360.23,0.0,1.0,1,0.0,0.0,38510.0,3.0,3.0,2.0,3.0,7.0,29570.0,82.0,5.0,5.0,1602.0,59.0,28800.0,2.0,0.0,3.0,8.0,2139.0,13003.0,33.7,0.0,0.0,148.0,144.0,2.0,2.0,0.0,2.0,2.0,0.0,10.0,11.0,10.0,10.0,4.0,15.0,17.0,11.0,18.0,0.0,0.0,0.0,7.0,100.0,0.0,0.0,0.0,65060.0,38510.0,19600.0,36260.0,0,0
13581,15000.0,0.14300000000000002,514.86,2,72420.0,0,1,n,20.27,0.0,1.0,9.0,1.0,8925.0,16.0,0,0.0,0.0,15838.47,15838.47,15000.0,838.47,0.0,0.0,0.0,4663.95,0.0,1.0,1,0.0,0.0,89296.0,0.0,2.0,1.0,1.0,10.0,34525.0,89.0,2.0,3.0,3747.0,70.0,16500.0,0.0,0.0,2.0,4.0,11162.0,6275.0,58.7,0.0,0.0,128.0,261.0,10.0,10.0,2.0,10.0,1.0,0.0,4.0,4.0,4.0,6.0,3.0,6.0,11.0,4.0,7.0,0.0,0.0,0.0,3.0,86.7,50.0,1.0,0.0,130330.0,43450.0,15200.0,53232.0,0,0
66214,10175.0,0.124,339.91,2,37000.0,1,1,n,11.71,0.0,1.0,11.0,0.0,2436.0,18.0,0,6141.79,6141.79,5071.91,5071.91,4033.21,1038.7,0.0,0.0,0.0,339.91,0.0,1.0,1,0.0,50.0,194952.0,2.0,2.0,1.0,2.0,8.0,9321.0,85.0,3.0,6.0,1758.0,32.0,26000.0,2.0,0.0,3.0,8.0,17723.0,15381.0,12.1,0.0,0.0,18.0,91.0,1.0,1.0,1.0,13.0,1.0,0.0,2.0,3.0,4.0,8.0,2.0,8.0,15.0,3.0,11.0,0.0,0.0,0.0,4.0,100.0,0.0,0.0,0.0,228468.0,11757.0,17500.0,11000.0,0,0
44747,12500.0,0.0756,389.18,1,80000.0,0,1,n,16.79,0.0,0.0,12.0,0.0,19687.0,20.0,0,8975.65,8975.65,4275.73,4275.73,3524.35,751.38,0.0,0.0,0.0,389.18,0.0,1.0,1,0.0,0.0,40598.0,0.0,2.0,0.0,1.0,19.0,20911.0,65.0,0.0,0.0,10859.0,49.0,50400.0,0.0,0.0,0.0,1.0,3383.0,21713.0,47.6,0.0,0.0,140.0,75.0,28.0,19.0,0.0,33.0,19.0,0.0,5.0,5.0,8.0,9.0,6.0,10.0,14.0,5.0,12.0,0.0,0.0,0.0,0.0,100.0,50.0,0.0,0.0,82370.0,40598.0,41400.0,31970.0,0,0
46934,25000.0,0.1524,597.91,1,75000.0,0,1,n,14.59,0.0,1.0,8.0,0.0,26886.0,32.0,0,21875.37,21875.37,6534.68,6534.68,3124.63,3410.05,0.0,0.0,0.0,597.91,0.0,1.0,1,0.0,0.0,54346.0,0.0,1.0,1.0,2.0,11.0,27460.0,87.0,0.0,2.0,15796.0,47.0,83000.0,3.0,0.0,1.0,4.0,6793.0,49114.0,35.4,0.0,0.0,241.0,210.0,13.0,11.0,2.0,13.0,5.0,0.0,3.0,3.0,5.0,11.0,13.0,7.0,16.0,3.0,8.0,0.0,0.0,0.0,1.0,100.0,20.0,0.0,0.0,114735.0,54346.0,76000.0,31735.0,0,0
60586,15950.0,0.1308,363.57,2,100000.0,0,1,n,26.23,0.0,0.0,20.0,0.0,31703.0,38.0,0,13531.85,13531.85,4333.86,4333.86,2418.15,1915.71,0.0,0.0,0.0,363.57,0.0,1.0,1,0.0,0.0,291646.0,1.0,4.0,2.0,4.0,6.0,70522.0,91.0,0.0,2.0,12887.0,62.0,86100.0,2.0,5.0,3.0,7.0,14582.0,37657.0,41.8,0.0,0.0,180.0,297.0,15.0,6.0,5.0,25.0,2.0,0.0,8.0,14.0,8.0,10.0,14.0,15.0,19.0,14.0,20.0,0.0,0.0,0.0,2.0,100.0,0.0,0.0,0.0,358367.0,102225.0,64700.0,77867.0,0,0
2028,5300.0,0.17739999999999995,190.92,2,40000.0,1,1,n,44.82,3.0,0.0,20.0,0.0,3794.0,38.0,0,4096.4,4096.4,1903.98,1903.98,1203.6,700.38,0.0,0.0,0.0,190.92,0.0,1.0,0,0.0,0.0,157823.0,1.0,15.0,0.0,2.0,15.0,85816.0,90.0,1.0,2.0,2822.0,90.0,4600.0,3.0,3.0,1.0,5.0,7891.0,206.0,94.8,0.0,0.0,158.0,208.0,5.0,5.0,2.0,20.0,3.0,2.0,2.0,2.0,2.0,3.0,30.0,4.0,6.0,2.0,20.0,0.0,0.0,0.0,2.0,84.2,100.0,0.0,0.0,168682.0,89610.0,4000.0,95350.0,0,0
33467,40000.0,0.1171,883.93,2,69266.55,0,1,n,18.07,0.0,1.0,6.0,0.0,15663.0,10.0,1,34297.61,34297.61,9658.17,9658.17,5702.39,3955.78,0.0,0.0,0.0,883.93,0.0,1.0,0,0.0,0.0,290940.0,1.0,2.0,1.0,2.0,6.0,28635.0,77.0,0.0,0.0,10313.0,82.0,17000.0,1.0,1.0,1.0,2.0,48490.0,337.0,97.9,0.0,0.0,20.0,178.0,48.0,6.0,5.0,48.0,6.0,0.0,2.0,2.0,2.0,2.0,2.0,3.0,3.0,2.0,6.0,0.0,0.0,0.0,1.0,100.0,100.0,0.0,0.0,340301.0,44298.0,16000.0,37201.0,0,0
45201,26575.0,0.1033,568.97,2,100000.0,0,1,n,7.87,0.0,1.0,6.0,0.0,5899.0,14.0,0,22792.08,22792.08,6243.42,6243.42,3782.92,2460.5,0.0,0.0,0.0,568.97,0.0,1.0,1,0.0,0.0,108521.0,0.0,1.0,0.0,3.0,13.0,18992.0,86.0,0.0,0.0,0.0,43.0,36500.0,3.0,5.0,8.0,3.0,18087.0,19000.0,0.0,0.0,0.0,68.0,69.0,37.0,13.0,1.0,40.0,1.0,0.0,0.0,1.0,2.0,4.0,6.0,4.0,7.0,1.0,6.0,0.0,0.0,0.0,0.0,100.0,0.0,0.0,0.0,164900.0,24891.0,19000.0,22000.0,0,0
76760,20000.0,0.1308,455.89,2,150000.0,0,1,n,18.5,1.0,4.0,27.0,1.0,10917.0,39.0,0,17085.1,17085.1,5441.61,5441.61,2914.9,2526.71,0.0,0.0,0.0,455.89,0.0,1.0,1,0.0,0.0,173097.0,2.0,8.0,1.0,1.0,4.0,162180.0,78.0,2.0,3.0,8351.0,61.0,50000.0,0.0,0.0,4.0,4.0,6411.0,25125.0,26.3,0.0,0.0,130.0,272.0,2.0,2.0,0.0,2.0,0.0,0.0,4.0,8.0,7.0,9.0,11.0,19.0,28.0,8.0,27.0,0.0,0.0,0.0,3.0,97.3,14.3,1.0,0.0,216209.0,173097.0,34100.0,166209.0,0,0
46060,20000.0,0.2305,774.72,1,67600.0,1,1,n,32.58,0.0,1.0,26.0,0.0,23342.0,51.0,0,15266.6,15266.6,8496.31,8496.31,4733.4,3762.91,0.0,0.0,0.0,774.72,0.0,1.0,1,0.0,0.0,131411.0,1.0,3.0,1.0,1.0,1.0,108069.0,100.0,7.0,7.0,4792.0,50.0,48500.0,2.0,1.0,6.0,8.0,5054.0,8392.0,60.2,0.0,0.0,129.0,292.0,9.0,1.0,0.0,9.0,2.0,0.0,8.0,16.0,11.0,19.0,13.0,23.0,38.0,16.0,26.0,0.0,0.0,0.0,8.0,100.0,27.3,0.0,0.0,173239.0,131411.0,21100.0,124739.0,0,0
4473,3000.0,0.1171,99.23,1,45000.0,0,1,n,23.2,1.0,1.0,14.0,1.0,5103.0,39.0,0,0.0,0.0,3212.75,3212.75,3000.0,212.75,0.0,0.0,0.0,2022.81,0.0,1.0,1,0.0,0.0,32681.0,1.0,2.0,1.0,1.0,4.0,27578.0,74.0,2.0,4.0,211.0,61.0,16000.0,1.0,3.0,1.0,5.0,2723.0,4219.0,6.2,0.0,0.0,140.0,245.0,7.0,4.0,1.0,17.0,4.0,0.0,2.0,7.0,3.0,11.0,7.0,12.0,30.0,7.0,12.0,0.0,0.0,0.0,3.0,96.8,0.0,1.0,0.0,53277.0,32681.0,4500.0,37277.0,0,0
5918,12750.0,0.124,425.93,1,45000.0,1,1,n,14.48,0.0,2.0,10.0,1.0,4292.0,13.0,0,9690.86,9690.86,4250.52,4250.52,3059.14,1191.38,0.0,0.0,0.0,425.93,0.0,1.0,1,0.0,0.0,13456.0,2.0,2.0,2.0,3.0,5.0,9164.0,83.0,1.0,3.0,1896.0,40.0,22700.0,3.0,0.0,3.0,6.0,1346.0,6179.0,31.3,0.0,0.0,22.0,66.0,5.0,5.0,0.0,18.0,5.0,0.0,2.0,5.0,2.0,2.0,3.0,8.0,10.0,5.0,10.0,0.0,0.0,0.0,3.0,100.0,50.0,1.0,0.0,33700.0,13456.0,9000.0,11000.0,0,0
21682,17500.0,0.2055,469.02,2,65000.0,0,1,n,20.83,0.0,1.0,11.0,0.0,14062.0,24.0,0,15472.02,15472.02,5119.26,5119.26,2027.98,3091.28,0.0,0.0,0.0,469.02,0.0,1.0,1,0.0,0.0,153822.0,3.0,4.0,3.0,3.0,4.0,5515.0,29.0,1.0,1.0,8091.0,41.0,29100.0,0.0,20.0,1.0,4.0,13984.0,2792.0,75.7,0.0,0.0,77.0,80.0,3.0,3.0,1.0,38.0,3.0,0.0,2.0,6.0,2.0,2.0,17.0,6.0,6.0,6.0,11.0,0.0,0.0,0.0,4.0,100.0,50.0,0.0,0.0,195967.0,19577.0,11500.0,18750.0,0,0
23498,6375.0,0.1033,206.7,1,50000.0,0,1,n,22.47,0.0,1.0,4.0,0.0,6203.0,10.0,0,4631.19,4631.19,2270.04,2270.04,1743.81,526.23,0.0,0.0,0.0,206.7,0.0,1.0,0,0.0,0.0,30578.0,0.0,2.0,1.0,1.0,8.0,24375.0,73.0,0.0,0.0,6203.0,70.0,10500.0,1.0,0.0,2.0,1.0,7645.0,4297.0,59.1,0.0,0.0,81.0,388.0,82.0,8.0,2.0,82.0,1.0,1.0,1.0,1.0,2.0,4.0,3.0,2.0,5.0,1.0,4.0,0.0,0.0,0.0,1.0,70.0,0.0,0.0,0.0,43895.0,30578.0,10500.0,33395.0,0,0
16484,4000.0,0.0702,123.55,1,39450.0,0,1,n,19.17,0.0,0.0,8.0,0.0,2215.0,15.0,0,2971.72,2971.72,1233.94,1233.94,1028.28,205.66,0.0,0.0,0.0,123.55,0.0,1.0,1,0.0,0.0,10758.0,1.0,2.0,1.0,2.0,7.0,8543.0,54.0,1.0,2.0,627.0,19.0,39700.0,1.0,0.0,1.0,4.0,1345.0,34319.0,4.7,0.0,0.0,56.0,118.0,5.0,5.0,0.0,5.0,7.0,0.0,5.0,6.0,5.0,6.0,3.0,6.0,12.0,6.0,8.0,0.0,0.0,0.0,2.0,100.0,0.0,0.0,0.0,55631.0,10758.0,36000.0,15931.0,0,0
65138,7225.0,0.2055,193.64,1,18000.0,0,1,n,23.33,0.0,0.0,5.0,0.0,2445.0,10.0,0,6302.35,6302.35,2315.43,2315.43,922.65,1392.78,0.0,0.0,0.0,193.64,0.0,1.0,0,0.0,0.0,58748.0,1.0,2.0,2.0,2.0,5.0,4094.0,74.0,1.0,2.0,1591.0,67.0,4200.0,0.0,5.0,0.0,4.0,11750.0,1609.0,49.7,0.0,0.0,125.0,213.0,11.0,5.0,1.0,11.0,24.0,0.0,1.0,2.0,1.0,1.0,6.0,2.0,3.0,2.0,5.0,0.0,0.0,0.0,3.0,100.0,0.0,0.0,0.0,63850.0,6539.0,3200.0,5500.0,0,0
50782,26400.0,0.28800000000000003,834.78,1,70000.0,1,1,n,25.27,0.0,2.0,12.0,1.0,17780.0,22.0,0,0.0,0.0,32581.96,32581.96,26400.0,6181.96,0.0,0.0,0.0,25111.18,0.0,1.0,1,0.0,0.0,34321.0,0.0,2.0,0.0,2.0,16.0,16541.0,54.0,0.0,4.0,7814.0,65.0,22300.0,2.0,3.0,2.0,6.0,2860.0,500.0,96.6,0.0,0.0,59.0,54.0,14.0,14.0,0.0,14.0,1.0,0.0,3.0,8.0,3.0,3.0,9.0,10.0,13.0,8.0,12.0,0.0,0.0,0.0,0.0,100.0,100.0,1.0,0.0,52771.0,34321.0,14600.0,30471.0,0,0
55812,30000.0,0.2055,804.03,2,68800.0,1,1,n,17.34,3.0,1.0,15.0,0.0,14009.0,28.0,0,26169.08,26169.08,9614.11,9614.11,3830.92,5783.19,0.0,0.0,0.0,804.03,0.0,1.0,1,0.0,180.0,129753.0,3.0,2.0,2.0,2.0,5.0,13929.0,91.0,2.0,3.0,2643.0,48.0,43400.0,1.0,1.0,2.0,5.0,8650.0,15774.0,31.7,0.0,0.0,158.0,110.0,4.0,4.0,2.0,53.0,5.0,1.0,5.0,7.0,5.0,6.0,11.0,12.0,15.0,7.0,15.0,0.0,0.0,1.0,4.0,78.6,0.0,0.0,0.0,172650.0,27938.0,23100.0,15352.0,0,0
32820,40000.0,0.124,897.89,1,125000.0,1,1,n,14.3,0.0,0.0,4.0,0.0,19275.0,17.0,0,34355.91,34355.91,9849.23,9849.23,5644.09,4205.14,0.0,0.0,0.0,897.89,0.0,1.0,1,0.0,0.0,47535.0,0.0,1.0,0.0,1.0,18.0,28260.0,81.0,0.0,0.0,13747.0,64.0,39000.0,0.0,10.0,1.0,1.0,11884.0,19725.0,49.4,0.0,0.0,142.0,338.0,52.0,18.0,0.0,52.0,8.0,0.0,3.0,3.0,3.0,4.0,13.0,3.0,4.0,3.0,4.0,0.0,0.0,0.0,0.0,100.0,0.0,0.0,0.0,74000.0,47535.0,39000.0,35000.0,0,0
9229,15000.0,0.1171,331.48,3,45000.0,0,1,n,16.43,0.0,0.0,17.0,0.0,13006.0,40.0,0,13065.51,13065.51,3295.28,3295.28,1934.49,1360.79,0.0,0.0,0.0,331.48,0.0,1.0,1,0.0,0.0,146755.0,0.0,2.0,0.0,1.0,18.0,5909.0,59.0,0.0,2.0,2589.0,25.0,66000.0,1.0,0.0,0.0,3.0,8633.0,43594.0,23.0,0.0,0.0,108.0,271.0,16.0,16.0,2.0,26.0,18.0,0.0,7.0,7.0,9.0,16.0,3.0,14.0,34.0,7.0,17.0,0.0,0.0,0.0,0.0,97.5,0.0,0.0,0.0,209000.0,18915.0,56600.0,10000.0,0,0
15256,4550.0,0.2305,176.25,2,80000.0,1,1,n,12.15,0.0,0.0,13.0,0.0,17293.0,30.0,0,3580.61,3580.61,1750.85,1750.85,969.39,781.46,0.0,0.0,0.0,176.25,0.0,1.0,1,0.0,541.0,246935.0,0.0,1.0,0.0,0.0,67.0,87138.0,13.0,2.0,3.0,4152.0,47.0,26100.0,0.0,3.0,1.0,3.0,18995.0,732.0,93.5,0.0,0.0,177.0,281.0,8.0,8.0,3.0,16.0,10.0,1.0,3.0,5.0,3.0,3.0,13.0,10.0,14.0,5.0,13.0,0.0,0.0,0.0,2.0,96.4,100.0,0.0,0.0,238197.0,104431.0,11300.0,63166.0,0,0
3938,37475.0,0.1033,802.34,2,220000.0,0,1,n,13.51,0.0,1.0,10.0,0.0,20664.0,18.0,0,32487.4,32487.4,7980.39,7980.39,4987.6,2992.79,0.0,0.0,0.0,802.34,0.0,1.0,1,0.0,3118.0,367459.0,0.0,3.0,0.0,0.0,32.0,43057.0,51.0,0.0,1.0,10212.0,44.0,60200.0,0.0,6.0,1.0,1.0,36746.0,18142.0,37.4,0.0,0.0,150.0,317.0,22.0,22.0,2.0,40.0,0.0,0.0,2.0,4.0,2.0,3.0,9.0,5.0,7.0,4.0,10.0,0.0,0.0,0.0,0.0,100.0,0.0,0.0,0.0,470200.0,63721.0,29000.0,85000.0,0,0
62600,19000.0,0.08810000000000001,392.66,2,168000.0,0,1,n,10.84,0.0,1.0,10.0,0.0,21390.0,19.0,0,17470.3,17470.3,3125.21,3125.21,1529.7,1595.51,0.0,0.0,0.0,392.66,0.0,1.0,1,0.0,0.0,192923.0,1.0,2.0,0.0,1.0,20.0,57804.0,79.0,1.0,1.0,7741.0,83.0,24400.0,0.0,0.0,2.0,3.0,19292.0,1669.0,91.6,0.0,0.0,166.0,109.0,5.0,5.0,3.0,49.0,5.0,0.0,4.0,6.0,4.0,5.0,8.0,7.0,8.0,6.0,10.0,0.0,0.0,0.0,1.0,94.7,100.0,0.0,0.0,212507.0,79194.0,19800.0,72607.0,0,0
34129,5000.0,0.1171,165.38,1,40000.0,1,1,n,29.04,0.0,1.0,15.0,0.0,10235.0,33.0,0,3653.09,3653.09,1811.05,1811.05,1346.91,464.14,0.0,0.0,0.0,165.38,0.0,1.0,1,0.0,0.0,72115.0,2.0,5.0,2.0,3.0,6.0,61880.0,87.0,2.0,3.0,2650.0,74.0,26200.0,1.0,3.0,2.0,6.0,4808.0,13084.0,35.2,0.0,0.0,81.0,190.0,2.0,2.0,5.0,2.0,6.0,0.0,4.0,6.0,7.0,8.0,8.0,10.0,20.0,6.0,15.0,0.0,0.0,0.0,4.0,96.9,42.9,0.0,0.0,97371.0,72115.0,20200.0,71171.0,0,0
44444,10625.0,0.08810000000000001,336.94,1,95000.0,0,1,n,21.69,0.0,0.0,15.0,0.0,8226.0,37.0,0,7669.82,7669.82,3701.14,3701.14,2955.18,745.96,0.0,0.0,0.0,336.94,0.0,1.0,1,0.0,0.0,50551.0,1.0,4.0,0.0,3.0,13.0,42325.0,77.0,2.0,5.0,1138.0,61.0,28300.0,3.0,0.0,1.0,8.0,3370.0,12374.0,27.2,0.0,0.0,104.0,235.0,5.0,5.0,1.0,5.0,9.0,5.0,7.0,8.0,7.0,20.0,6.0,11.0,29.0,8.0,15.0,0.0,0.0,0.0,2.0,73.0,0.0,0.0,0.0,83432.0,50551.0,17000.0,55132.0,0,0
56781,40000.0,0.0646,1225.24,2,150000.0,0,1,n,34.36,0.0,0.0,17.0,0.0,85129.0,24.0,0,27515.78,27515.78,14688.52,14688.52,12484.22,2204.3,0.0,0.0,0.0,1225.24,0.0,1.0,0,0.0,0.0,506717.0,1.0,3.0,0.0,1.0,23.0,42982.0,23.0,2.0,3.0,31280.0,39.0,152300.0,1.0,2.0,0.0,5.0,29807.0,59084.0,50.5,0.0,0.0,152.0,432.0,6.0,6.0,3.0,6.0,22.0,0.0,7.0,10.0,8.0,9.0,7.0,12.0,14.0,10.0,17.0,0.0,0.0,0.0,2.0,100.0,50.0,0.0,0.0,773400.0,128111.0,143700.0,98621.0,0,0
49943,32000.0,0.0819,1005.58,2,100000.0,0,1,n,14.17,0.0,0.0,18.0,0.0,21300.0,30.0,0,62.62,62.62,34152.4,34152.4,31937.38,2215.02,0.0,0.0,0.0,23105.58,0.0,1.0,1,0.0,0.0,131828.0,0.0,2.0,0.0,2.0,16.0,28148.0,83.0,2.0,8.0,17017.0,53.0,60100.0,1.0,0.0,2.0,10.0,7324.0,22017.0,48.4,0.0,0.0,103.0,150.0,7.0,7.0,3.0,7.0,7.0,0.0,4.0,7.0,5.0,7.0,3.0,15.0,24.0,7.0,18.0,0.0,0.0,0.0,2.0,93.3,20.0,0.0,0.0,190760.0,49448.0,42700.0,33760.0,0,0
47758,35000.0,0.1612,1232.58,2,225000.0,1,1,n,28.93,0.0,0.0,30.0,0.0,116329.0,54.0,0,26026.21,26026.21,13495.69,13495.69,8973.79,4521.9,0.0,0.0,0.0,0.0,0.0,1.0,1,0.0,0.0,372601.0,2.0,3.0,1.0,1.0,1.0,55101.0,42.0,1.0,4.0,12283.0,75.0,133200.0,0.0,0.0,0.0,5.0,12420.0,1464.0,98.4,0.0,0.0,145.0,184.0,1.0,1.0,4.0,18.0,20.0,0.0,14.0,19.0,14.0,17.0,7.0,24.0,42.0,19.0,30.0,0.0,0.0,0.0,2.0,100.0,100.0,0.0,0.0,485691.0,179298.0,90600.0,80987.0,0,0
33004,23000.0,0.1308,524.27,2,93000.0,0,1,n,22.32,0.0,1.0,11.0,0.0,23071.0,20.0,0,19914.38,19914.38,5750.26,5750.26,3085.62,2664.64,0.0,0.0,0.0,524.27,0.0,1.0,1,0.0,0.0,535706.0,1.0,3.0,1.0,3.0,4.0,59506.0,85.0,0.0,0.0,12516.0,82.0,30200.0,2.0,5.0,3.0,4.0,48701.0,0.0,100.1,0.0,0.0,67.0,77.0,35.0,4.0,2.0,35.0,5.0,1.0,1.0,5.0,1.0,1.0,9.0,7.0,8.0,5.0,11.0,0.0,0.0,0.0,2.0,95.0,100.0,0.0,0.0,557753.0,82577.0,12500.0,70432.0,0,0
29444,5000.0,0.1524,119.59,1,30000.0,1,1,n,20.56,0.0,0.0,4.0,0.0,2117.0,17.0,0,4330.26,4330.26,1311.26,1311.26,669.74,641.52,0.0,0.0,0.0,119.59,0.0,1.0,1,0.0,0.0,23849.0,2.0,1.0,0.0,2.0,15.0,21732.0,83.0,2.0,3.0,1659.0,72.0,6800.0,2.0,3.0,1.0,5.0,5962.0,941.0,63.8,0.0,0.0,356.0,20.0,6.0,6.0,0.0,20.0,10.0,6.0,1.0,2.0,1.0,1.0,12.0,3.0,3.0,2.0,4.0,0.0,0.0,0.0,2.0,84.6,0.0,0.0,0.0,32969.0,23849.0,2600.0,26169.0,0,0
39242,13800.0,0.1524,330.05,2,20340.0,1,1,n,75.46,0.0,1.0,8.0,0.0,33921.0,19.0,0,11984.96,11984.96,3618.87,3618.87,1815.04,1803.83,0.0,0.0,0.0,330.05,0.0,1.0,0,0.0,0.0,221240.0,1.0,1.0,1.0,3.0,6.0,18873.0,90.0,0.0,0.0,33665.0,37.0,65400.0,2.0,0.0,1.0,3.0,27655.0,1935.0,0.0,0.0,0.0,101.0,459.0,58.0,6.0,3.0,154.0,6.0,0.0,1.0,3.0,2.0,4.0,6.0,6.0,10.0,3.0,8.0,0.0,0.0,0.0,1.0,100.0,50.0,0.0,0.0,261325.0,52794.0,35600.0,20925.0,0,0
55788,3000.0,0.1033,97.27,2,62000.0,1,1,n,25.55,0.0,1.0,6.0,0.0,5858.0,23.0,0,2100.88,2100.88,1165.52,1165.52,899.12,266.4,0.0,0.0,0.0,97.27,0.0,1.0,1,0.0,0.0,198917.0,1.0,1.0,6.0,9.0,3.0,33287.0,95.0,0.0,0.0,4113.0,77.0,15800.0,5.0,0.0,3.0,9.0,33153.0,4287.0,49.0,0.0,0.0,63.0,134.0,33.0,3.0,3.0,80.0,3.0,0.0,1.0,4.0,1.0,2.0,14.0,4.0,6.0,4.0,6.0,0.0,0.0,0.0,6.0,95.7,0.0,0.0,0.0,238700.0,39145.0,8400.0,35000.0,0,0
57846,25000.0,0.0819,509.19,2,52000.0,1,1,n,11.1,0.0,0.0,31.0,0.0,20095.0,44.0,0,21206.94,21206.94,5589.71,5589.71,3793.06,1796.65,0.0,0.0,0.0,509.19,0.0,1.0,1,0.0,0.0,242591.0,0.0,17.0,0.0,0.0,59.0,140245.0,145.0,0.0,0.0,9310.0,99.0,65400.0,0.0,0.0,0.0,0.0,7826.0,37528.0,34.4,0.0,0.0,169.0,152.0,27.0,27.0,1.0,27.0,18.0,0.0,5.0,6.0,9.0,14.0,18.0,13.0,25.0,6.0,31.0,0.0,0.0,0.0,0.0,97.7,22.2,0.0,0.0,264111.0,160340.0,57200.0,96861.0,0,0
23294,2800.0,0.0756,87.18,3,17652.0,0,1,n,16.93,0.0,1.0,8.0,1.0,1547.0,22.0,0,2010.5,2010.5,957.8,957.8,789.5,168.3,0.0,0.0,0.0,87.18,0.0,1.0,1,0.0,0.0,6687.0,1.0,1.0,1.0,1.0,6.0,5140.0,87.0,0.0,3.0,815.0,29.0,17200.0,1.0,4.0,1.0,4.0,836.0,10328.0,11.7,0.0,0.0,185.0,198.0,19.0,6.0,1.0,20.0,6.0,0.0,2.0,3.0,4.0,6.0,10.0,7.0,11.0,3.0,8.0,0.0,0.0,0.0,1.0,100.0,0.0,1.0,0.0,23100.0,6687.0,11700.0,5900.0,0,0
76674,5500.0,0.1033,178.33,1,65000.0,0,1,n,24.79,0.0,1.0,11.0,0.0,5911.0,23.0,0,3851.6,3851.6,2133.65,2133.65,1648.4,485.25,0.0,0.0,0.0,178.33,0.0,1.0,1,0.0,0.0,44015.0,1.0,2.0,1.0,2.0,1.0,38104.0,100.0,0.0,1.0,689.0,53.0,21800.0,3.0,0.0,5.0,3.0,4402.0,5875.0,24.7,0.0,0.0,166.0,223.0,23.0,1.0,1.0,23.0,0.0,0.0,4.0,7.0,5.0,7.0,10.0,9.0,12.0,7.0,11.0,0.0,0.0,0.0,1.0,87.0,0.0,0.0,0.0,82062.0,44015.0,7800.0,60262.0,0,0
65957,6675.0,0.0646,204.47,2,40999.0,1,1,n,30.71,0.0,0.0,9.0,0.0,6850.0,15.0,0,4591.6,4591.6,2451.24,2451.24,2083.4,367.84,0.0,0.0,0.0,204.47,0.0,1.0,1,0.0,0.0,216190.0,1.0,3.0,1.0,1.0,6.0,74360.0,85.0,0.0,0.0,3932.0,79.0,15100.0,5.0,4.0,7.0,1.0,24021.0,7350.0,48.2,0.0,0.0,115.0,115.0,30.0,6.0,1.0,30.0,6.0,0.0,3.0,3.0,4.0,4.0,6.0,5.0,8.0,3.0,9.0,0.0,0.0,0.0,1.0,100.0,0.0,0.0,0.0,246907.0,81210.0,14200.0,87849.0,0,0
33311,14400.0,0.1308,328.24,2,140000.0,0,1,n,19.04,0.0,2.0,12.0,0.0,71864.0,23.0,0,12456.45,12456.45,3600.18,3600.18,1943.55,1656.63,0.0,0.0,0.0,328.24,0.0,1.0,1,0.0,0.0,150749.0,0.0,1.0,0.0,1.0,23.0,4546.0,46.0,0.0,0.0,16318.0,56.0,125500.0,1.0,0.0,2.0,1.0,12562.0,53636.0,57.3,0.0,0.0,352.0,381.0,28.0,23.0,3.0,28.0,4.0,0.0,10.0,10.0,10.0,11.0,7.0,10.0,13.0,10.0,12.0,0.0,0.0,0.0,0.0,95.7,20.0,0.0,0.0,262144.0,76410.0,125500.0,10000.0,0,0
25485,13000.0,0.0819,408.52,1,71000.0,1,1,n,8.08,0.0,1.0,10.0,0.0,6558.0,31.0,0,9359.72,9359.72,4487.8,4487.8,3640.28,847.52,0.0,0.0,0.0,408.52,0.0,1.0,1,0.0,0.0,12876.0,0.0,1.0,0.0,1.0,15.0,6318.0,63.0,0.0,1.0,2096.0,48.0,16700.0,1.0,10.0,1.0,2.0,1610.0,6250.0,40.5,0.0,0.0,126.0,319.0,23.0,15.0,0.0,31.0,6.0,0.0,3.0,5.0,3.0,4.0,8.0,9.0,23.0,5.0,10.0,0.0,0.0,0.0,0.0,96.8,0.0,0.0,0.0,26700.0,12876.0,10500.0,10000.0,0,0
27656,7800.0,0.1102,255.44,1,58500.0,1,1,n,15.85,0.0,3.0,13.0,0.0,926.0,27.0,0,4697.36,4697.36,3689.41,3689.41,3102.64,586.77,0.0,0.0,0.0,255.44,0.0,1.0,1,0.0,0.0,13209.0,5.0,3.0,2.0,2.0,3.0,12283.0,47.0,10.0,11.0,452.0,31.0,16400.0,1.0,2.0,7.0,13.0,1016.0,10733.0,6.7,0.0,0.0,145.0,117.0,3.0,3.0,0.0,6.0,3.0,4.0,2.0,3.0,5.0,9.0,7.0,10.0,20.0,3.0,13.0,0.0,0.0,0.0,12.0,92.0,0.0,0.0,0.0,42759.0,13209.0,11500.0,26359.0,0,0
8129,5300.0,0.124,177.06,2,50000.0,0,1,n,33.99,0.0,1.0,11.0,0.0,16640.0,23.0,0,3998.58,3998.58,1763.3,1763.3,1301.42,461.88,0.0,0.0,0.0,177.06,0.0,1.0,1,0.0,0.0,130445.0,1.0,2.0,0.0,2.0,13.0,39164.0,86.0,1.0,1.0,6868.0,67.0,38100.0,2.0,0.0,1.0,3.0,11859.0,10547.0,60.2,0.0,0.0,131.0,203.0,5.0,5.0,6.0,27.0,5.0,0.0,5.0,7.0,5.0,5.0,9.0,8.0,8.0,7.0,11.0,0.0,0.0,0.0,1.0,100.0,20.0,0.0,0.0,164724.0,55804.0,26500.0,45428.0,0,0
38272,25000.0,0.0756,778.35,1,80000.0,0,1,n,15.87,0.0,0.0,13.0,0.0,7758.0,23.0,0,17951.41,17951.41,8551.35,8551.35,7048.59,1502.76,0.0,0.0,0.0,778.35,0.0,1.0,0,0.0,0.0,31610.0,0.0,6.0,0.0,0.0,32.0,23527.0,49.0,1.0,2.0,6514.0,40.0,31300.0,0.0,0.0,0.0,2.0,2432.0,14942.0,34.2,0.0,0.0,168.0,109.0,10.0,10.0,0.0,10.0,23.0,0.0,4.0,4.0,4.0,4.0,13.0,6.0,8.0,4.0,13.0,0.0,0.0,0.0,1.0,100.0,0.0,0.0,0.0,79205.0,31610.0,22700.0,47580.0,0,0
31680,34025.0,0.08810000000000001,1078.98,2,170000.0,0,1,n,20.06,0.0,0.0,20.0,0.0,46561.0,41.0,0,0.0,0.0,34814.17,34814.17,34025.0,789.17,0.0,0.0,0.0,33751.84,0.0,1.0,1,0.0,0.0,268288.0,1.0,8.0,1.0,2.0,6.0,93371.0,71.0,0.0,1.0,25153.0,67.0,76100.0,0.0,1.0,1.0,3.0,13414.0,23039.0,66.7,0.0,0.0,139.0,196.0,22.0,6.0,4.0,22.0,2.0,0.0,6.0,7.0,7.0,16.0,13.0,11.0,24.0,7.0,20.0,0.0,0.0,0.0,1.0,97.6,42.9,0.0,0.0,384019.0,139932.0,69100.0,131919.0,0,0
56100,20000.0,0.1308,455.89,1,70000.0,0,1,n,11.52,0.0,0.0,6.0,0.0,9750.0,7.0,0,17436.22,17436.22,5000.27,5000.27,2563.78,2436.49,0.0,0.0,0.0,455.89,0.0,1.0,1,0.0,0.0,19349.0,0.0,1.0,1.0,1.0,9.0,9599.0,80.0,0.0,1.0,4069.0,36.0,41300.0,1.0,0.0,1.0,2.0,3225.0,30113.0,18.8,0.0,0.0,27.0,78.0,22.0,9.0,0.0,22.0,9.0,0.0,3.0,4.0,4.0,4.0,2.0,5.0,5.0,4.0,6.0,0.0,0.0,0.0,1.0,100.0,0.0,0.0,0.0,53300.0,19349.0,37100.0,12000.0,0,0
4623,24000.0,0.0702,741.27,2,120000.0,1,1,n,41.09,0.0,1.0,15.0,0.0,18922.0,30.0,0,17832.18,17832.18,7393.98,7393.98,6167.82,1226.16,0.0,0.0,0.0,741.27,0.0,1.0,0,0.0,0.0,383559.0,1.0,8.0,1.0,1.0,2.0,127452.0,17.0,0.0,0.0,1642.0,25.0,55800.0,0.0,11.0,1.0,1.0,25571.0,16851.0,10.4,0.0,0.0,208.0,156.0,50.0,2.0,2.0,62.0,2.0,1.0,3.0,5.0,4.0,4.0,21.0,6.0,7.0,5.0,15.0,0.0,0.0,0.0,1.0,89.7,0.0,0.0,0.0,522001.0,146374.0,18800.0,208326.0,0,0
14328,24450.0,0.1308,557.32,2,275000.0,0,1,n,9.87,0.0,0.0,32.0,0.0,29875.0,56.0,0,21512.51,21512.51,5537.67,5537.67,2937.49,2600.18,0.0,0.0,0.0,557.32,0.0,1.0,1,0.0,0.0,178409.0,0.0,2.0,0.0,1.0,13.0,25953.0,72.0,1.0,5.0,2512.0,59.0,61900.0,0.0,0.0,3.0,7.0,5575.0,15156.0,37.1,0.0,0.0,159.0,113.0,7.0,7.0,1.0,7.0,4.0,3.0,7.0,16.0,13.0,15.0,15.0,28.0,39.0,16.0,32.0,0.0,0.0,0.0,1.0,89.1,7.7,0.0,0.0,270512.0,61231.0,24100.0,35876.0,0,0
28600,11000.0,0.14300000000000002,257.67,1,43000.0,0,1,n,18.31,0.0,0.0,7.0,0.0,9825.0,10.0,0,9559.98,9559.98,2816.89,2816.89,1440.02,1376.87,0.0,0.0,0.0,257.67,0.0,1.0,1,0.0,142.0,22781.0,0.0,1.0,0.0,0.0,41.0,12956.0,51.0,1.0,1.0,2763.0,54.0,16700.0,0.0,0.0,1.0,1.0,3254.0,1371.0,83.9,0.0,0.0,41.0,153.0,12.0,12.0,1.0,43.0,12.0,1.0,4.0,5.0,4.0,5.0,1.0,6.0,8.0,5.0,7.0,0.0,0.0,0.0,1.0,90.0,75.0,0.0,0.0,42093.0,22781.0,8500.0,25393.0,0,0
54124,8500.0,0.2055,318.28,1,105000.0,0,1,n,9.01,0.0,0.0,4.0,0.0,12855.0,5.0,0,6220.6,6220.6,3799.95,3799.95,2279.4,1520.55,0.0,0.0,0.0,318.28,0.0,1.0,1,0.0,0.0,14652.0,0.0,1.0,0.0,0.0,32.0,1797.0,18.0,0.0,0.0,7805.0,54.0,17300.0,0.0,0.0,1.0,0.0,3663.0,0.0,102.8,0.0,0.0,99.0,55.0,40.0,32.0,0.0,45.0,8.0,0.0,2.0,2.0,2.0,2.0,2.0,3.0,3.0,2.0,4.0,0.0,0.0,0.0,0.0,100.0,100.0,0.0,0.0,27300.0,14652.0,12500.0,10000.0,0,0
40842,21275.0,0.14300000000000002,730.24,1,100000.0,1,1,n,18.19,0.0,0.0,12.0,0.0,36783.0,16.0,0,0.0,0.0,23780.99,23780.99,21275.0,2505.99,0.0,0.0,0.0,16512.39,0.0,1.0,1,0.0,0.0,45444.0,0.0,1.0,0.0,1.0,21.0,8161.0,54.0,0.0,0.0,11970.0,61.0,47300.0,1.0,0.0,0.0,1.0,4131.0,617.0,98.4,0.0,0.0,21.0,323.0,32.0,21.0,0.0,32.0,21.0,0.0,5.0,5.0,7.0,10.0,1.0,10.0,14.0,5.0,12.0,0.0,0.0,0.0,0.0,100.0,83.3,0.0,0.0,74857.0,45444.0,37400.0,15000.0,0,0
23291,21275.0,0.1102,462.79,2,75000.0,0,1,n,20.77,0.0,0.0,12.0,0.0,14451.0,20.0,0,18194.58,18194.58,5077.66,5077.66,3080.42,1997.24,0.0,0.0,0.0,462.79,0.0,1.0,1,0.0,0.0,44212.0,2.0,2.0,1.0,2.0,7.0,29761.0,80.0,3.0,5.0,6538.0,43.0,64800.0,1.0,0.0,0.0,7.0,3684.0,36582.0,27.8,0.0,0.0,128.0,111.0,3.0,3.0,0.0,5.0,20.0,0.0,3.0,4.0,4.0,7.0,7.0,10.0,13.0,4.0,12.0,0.0,0.0,0.0,4.0,100.0,25.0,0.0,0.0,102005.0,44212.0,50700.0,37205.0,0,0
19149,10000.0,0.1102,327.49,2,86000.0,0,1,n,12.09,5.0,1.0,7.0,0.0,4058.0,37.0,0,7543.62,7543.62,3268.78,3268.78,2456.38,812.4,0.0,0.0,0.0,327.49,0.0,1.0,1,0.0,0.0,346574.0,1.0,4.0,1.0,1.0,3.0,26962.0,87.0,1.0,1.0,1070.0,75.0,10500.0,1.0,0.0,2.0,2.0,49511.0,2430.0,30.6,0.0,0.0,105.0,181.0,11.0,3.0,2.0,11.0,3.0,1.0,1.0,2.0,1.0,9.0,15.0,2.0,19.0,2.0,7.0,0.0,0.0,4.0,2.0,83.8,0.0,0.0,0.0,379823.0,31020.0,3500.0,31000.0,0,0
10724,10000.0,0.1102,327.49,3,30000.0,1,1,n,36.08,0.0,1.0,19.0,0.0,3230.0,23.0,0,7543.62,7543.62,3268.78,3268.78,2456.38,812.4,0.0,0.0,0.0,327.49,0.0,1.0,1,0.0,0.0,123852.0,2.0,10.0,2.0,5.0,7.0,120622.0,93.0,5.0,5.0,2026.0,85.0,15800.0,0.0,0.0,1.0,10.0,6519.0,5739.0,31.7,0.0,0.0,154.0,80.0,1.0,1.0,0.0,5.0,1.0,0.0,3.0,5.0,3.0,3.0,14.0,9.0,9.0,5.0,19.0,0.0,0.0,0.0,7.0,100.0,0.0,0.0,0.0,145502.0,123852.0,8400.0,129702.0,0,0
48914,5300.0,0.17739999999999995,190.92,1,105000.0,1,1,n,19.06,0.0,0.0,6.0,0.0,7796.0,13.0,1,3833.75,3833.75,2285.82,2285.82,1466.25,819.57,0.0,0.0,0.0,190.92,1.0,1.0,1,0.0,438.0,51165.0,0.0,3.0,1.0,2.0,9.0,43369.0,80.0,0.0,0.0,7396.0,70.0,14500.0,1.0,0.0,1.0,2.0,8528.0,2904.0,71.8,0.0,0.0,100.0,142.0,40.0,9.0,0.0,40.0,9.0,1.0,1.0,2.0,2.0,4.0,8.0,3.0,5.0,2.0,6.0,0.0,0.0,0.0,1.0,84.6,50.0,0.0,0.0,81146.0,51165.0,10300.0,66646.0,0,0
48511,12025.0,0.1862,438.49,2,84000.0,1,1,n,38.01,0.0,0.0,16.0,0.0,39160.0,29.0,0,9028.51,9028.51,4798.51,4798.51,2996.49,1802.02,0.0,0.0,0.0,0.0,0.0,1.0,1,0.0,0.0,195333.0,0.0,5.0,0.0,2.0,19.0,20901.0,37.0,0.0,1.0,13782.0,53.0,56400.0,2.0,0.0,0.0,3.0,12208.0,15740.0,71.3,0.0,0.0,155.0,166.0,16.0,16.0,1.0,16.0,16.0,0.0,8.0,8.0,9.0,10.0,16.0,10.0,12.0,8.0,16.0,0.0,0.0,0.0,0.0,100.0,66.7,0.0,0.0,274483.0,60061.0,54900.0,56583.0,0,0
52083,9000.0,0.08810000000000001,285.41,2,78000.0,1,1,n,21.25,0.0,1.0,13.0,0.0,74675.0,29.0,0,6259.06,6259.06,3420.52,3420.52,2740.94,679.58,0.0,0.0,0.0,285.41,0.0,1.0,1,0.0,0.0,173455.0,0.0,3.0,1.0,2.0,10.0,12016.0,55.0,1.0,3.0,2897.0,49.0,85900.0,1.0,13.0,1.0,5.0,13343.0,4350.0,66.0,0.0,0.0,90.0,144.0,12.0,10.0,4.0,12.0,5.0,1.0,4.0,7.0,4.0,6.0,12.0,9.0,13.0,7.0,13.0,0.0,0.0,0.0,2.0,86.2,25.0,0.0,0.0,252795.0,86691.0,12800.0,21895.0,0,0
76450,10000.0,0.17739999999999995,252.53,2,100.0,0,1,n,999.0,0.0,2.0,21.0,0.0,12240.0,31.0,0,8636.28,8636.28,3010.65,3010.65,1363.72,1646.93,0.0,0.0,0.0,252.53,0.0,1.0,0,0.0,0.0,192557.0,3.0,2.0,1.0,3.0,10.0,77061.0,92.0,8.0,12.0,2198.0,63.0,32600.0,4.0,1.0,5.0,15.0,9169.0,12118.0,31.5,0.0,0.0,76.0,144.0,2.0,2.0,1.0,3.0,0.0,0.0,5.0,12.0,7.0,7.0,10.0,18.0,20.0,12.0,21.0,0.0,0.0,0.0,9.0,100.0,28.6,0.0,0.0,239125.0,89301.0,17700.0,90663.0,0,0
32001,10000.0,0.0819,314.25,1,56400.0,1,1,n,19.6,0.0,1.0,17.0,0.0,10438.0,25.0,0,7170.52,7170.52,3452.2,3452.2,2829.48,622.72,0.0,0.0,0.0,314.25,0.0,1.0,1,0.0,0.0,22559.0,2.0,2.0,1.0,2.0,11.0,12121.0,59.0,3.0,5.0,6616.0,31.0,52400.0,2.0,0.0,3.0,7.0,1327.0,27754.0,21.4,0.0,0.0,51.0,61.0,3.0,3.0,0.0,3.0,3.0,0.0,5.0,7.0,9.0,11.0,3.0,15.0,22.0,7.0,17.0,0.0,0.0,0.0,4.0,100.0,0.0,0.0,0.0,72902.0,22559.0,35300.0,20502.0,0,0
22639,14000.0,0.08810000000000001,443.96,1,86000.0,1,1,n,17.12,0.0,0.0,18.0,0.0,15057.0,31.0,0,10106.21,10106.21,4876.71,4876.71,3893.79,982.92,0.0,0.0,0.0,443.96,0.0,1.0,1,0.0,0.0,64436.0,1.0,13.0,0.0,0.0,33.0,49379.0,70.0,2.0,2.0,5017.0,62.0,33400.0,0.0,1.0,1.0,2.0,3580.0,12843.0,54.0,0.0,0.0,135.0,131.0,2.0,2.0,0.0,2.0,10.0,0.0,4.0,4.0,4.0,6.0,17.0,5.0,14.0,4.0,18.0,0.0,0.0,0.0,2.0,93.5,75.0,0.0,0.0,104067.0,64436.0,27900.0,70667.0,0,0
60802,14125.0,0.0646,432.67,3,120000.0,0,1,n,17.24,3.0,1.0,9.0,0.0,15416.0,22.0,0,9716.42,9716.42,5179.37,5179.37,4408.58,770.79,0.0,0.0,0.0,432.67,0.0,1.0,1,0.0,0.0,31615.0,1.0,2.0,0.0,1.0,20.0,16199.0,36.0,1.0,1.0,6060.0,22.0,98000.0,1.0,0.0,1.0,2.0,3513.0,72584.0,17.5,0.0,0.0,151.0,413.0,6.0,6.0,1.0,6.0,6.0,0.0,4.0,4.0,5.0,6.0,12.0,7.0,9.0,4.0,9.0,0.0,0.0,0.0,1.0,72.7,0.0,0.0,0.0,142552.0,31615.0,88000.0,44552.0,0,0
56486,8000.0,0.0646,245.05,2,67000.0,0,1,n,22.25,0.0,0.0,14.0,0.0,28563.0,25.0,0,0.0,0.0,8282.3800000008,8282.38,8000.0,282.38,0.0,0.0,0.0,1069.9,0.0,1.0,1,0.0,0.0,193216.0,0.0,2.0,0.0,1.0,20.0,21911.0,55.0,0.0,0.0,7902.0,29.0,118800.0,1.0,0.0,0.0,1.0,16101.0,52873.0,13.0,0.0,0.0,147.0,176.0,27.0,20.0,1.0,28.0,20.0,0.0,2.0,4.0,7.0,10.0,6.0,11.0,18.0,4.0,14.0,0.0,0.0,0.0,0.0,96.0,0.0,0.0,0.0,318541.0,50474.0,60800.0,39741.0,0,0
10080,2400.0,0.124,80.18,2,65000.0,1,1,n,12.76,0.0,0.0,6.0,0.0,8637.0,13.0,0,1819.73,1819.73,800.15,800.15,580.27,219.88,0.0,0.0,0.0,80.18,0.0,1.0,1,0.0,0.0,215858.0,0.0,2.0,1.0,2.0,7.0,21067.0,86.0,1.0,1.0,3846.0,88.0,9300.0,1.0,0.0,1.0,4.0,35976.0,663.0,92.9,0.0,0.0,117.0,173.0,11.0,7.0,2.0,11.0,7.0,0.0,3.0,3.0,3.0,3.0,3.0,3.0,8.0,3.0,6.0,0.0,0.0,0.0,2.0,100.0,100.0,0.0,0.0,223254.0,29704.0,9300.0,24450.0,0,0
25238,21275.0,0.1308,484.95,3,60000.0,0,1,n,16.02,1.0,0.0,10.0,0.0,12293.0,23.0,0,18334.65,18334.65,5318.99,5318.99,2940.35,2378.64,0.0,0.0,0.0,484.95,0.0,1.0,1,0.0,257.0,29294.0,0.0,2.0,0.0,1.0,16.0,17001.0,69.0,0.0,0.0,8236.0,50.0,38300.0,1.0,3.0,3.0,1.0,2929.0,12279.0,58.8,0.0,0.0,127.0,348.0,43.0,16.0,4.0,43.0,1.0,0.0,2.0,3.0,5.0,6.0,6.0,8.0,12.0,3.0,10.0,0.0,0.0,0.0,0.0,95.5,40.0,0.0,0.0,62918.0,29294.0,24100.0,24618.0,0,0
47846,15775.0,0.0702,487.24,2,90000.0,1,1,n,19.92,1.0,0.0,17.0,0.0,15980.0,27.0,0,11300.55,11300.55,5347.34,5347.34,4474.45,872.89,0.0,0.0,0.0,0.0,0.0,1.0,1,0.0,0.0,99891.0,3.0,3.0,1.0,1.0,12.0,15806.0,48.0,4.0,8.0,3520.0,47.0,33900.0,1.0,0.0,1.0,9.0,5876.0,11126.0,54.8,0.0,0.0,146.0,292.0,2.0,2.0,2.0,2.0,12.0,0.0,9.0,13.0,9.0,11.0,8.0,13.0,17.0,13.0,17.0,0.0,0.0,0.0,5.0,88.9,22.2,0.0,0.0,171201.0,31786.0,24600.0,33301.0,0,0
26625,25000.0,0.1033,535.25,1,92000.0,0,1,n,14.23,0.0,0.0,10.0,0.0,20017.0,15.0,0,21324.03,21324.03,5873.4,5873.4,3675.97,2197.43,0.0,0.0,0.0,535.25,0.0,1.0,1,0.0,0.0,38822.0,0.0,2.0,0.0,1.0,18.0,18805.0,60.0,0.0,1.0,13963.0,50.0,47200.0,1.0,3.0,0.0,2.0,3882.0,3695.0,82.2,0.0,0.0,118.0,87.0,16.0,16.0,0.0,29.0,18.0,0.0,2.0,4.0,3.0,3.0,4.0,8.0,11.0,4.0,10.0,0.0,0.0,0.0,0.0,100.0,66.7,0.0,0.0,78499.0,38822.0,20800.0,31299.0,0,0
30316,40000.0,0.0646,1225.24,1,140000.0,0,1,n,21.31,0.0,0.0,9.0,0.0,28829.0,21.0,0,30712.63,30712.63,11410.68,11410.68,9287.37,2123.31,0.0,0.0,0.0,1225.24,0.0,1.0,1,0.0,0.0,69246.0,0.0,4.0,1.0,2.0,12.0,23383.0,39.0,0.0,0.0,11478.0,59.0,34400.0,1.0,0.0,1.0,2.0,7694.0,5571.0,83.8,0.0,0.0,193.0,166.0,29.0,12.0,0.0,29.0,12.0,0.0,4.0,4.0,4.0,9.0,10.0,4.0,10.0,4.0,9.0,0.0,0.0,0.0,1.0,95.2,75.0,0.0,0.0,116923.0,69246.0,34400.0,60660.0,0,0
60379,24000.0,0.0702,741.27,1,39520.0,0,1,n,38.11,0.0,0.0,10.0,0.0,14479.0,27.0,0,16552.98,16552.98,8871.84,8871.84,7447.02,1424.82,0.0,0.0,0.0,741.27,0.0,1.0,0,0.0,0.0,51025.0,1.0,2.0,1.0,2.0,10.0,36546.0,78.0,1.0,1.0,8348.0,57.0,42900.0,1.0,0.0,2.0,3.0,5103.0,14621.0,49.8,0.0,0.0,172.0,217.0,5.0,5.0,0.0,5.0,10.0,0.0,4.0,4.0,4.0,15.0,6.0,8.0,20.0,4.0,10.0,0.0,0.0,0.0,2.0,100.0,25.0,0.0,0.0,89630.0,51025.0,29100.0,46730.0,0,0
30356,22000.0,0.08810000000000001,454.66,2,105000.0,1,1,n,21.71,0.0,1.0,11.0,0.0,31921.0,26.0,0,18654.41,18654.41,4990.49,4990.49,3345.59,1644.9,0.0,0.0,0.0,454.66,0.0,1.0,1,0.0,0.0,301151.0,1.0,2.0,1.0,1.0,7.0,57151.0,94.0,1.0,1.0,7943.0,75.0,51500.0,3.0,4.0,4.0,3.0,27377.0,17291.0,54.0,0.0,0.0,175.0,98.0,10.0,5.0,3.0,10.0,0.0,0.0,5.0,6.0,7.0,7.0,11.0,8.0,12.0,6.0,11.0,0.0,0.0,0.0,3.0,100.0,28.6,0.0,0.0,340193.0,89072.0,37600.0,75943.0,0,0
71786,6275.0,0.0819,197.19,2,75000.0,1,1,n,13.54,0.0,0.0,16.0,0.0,3335.0,30.0,0,476.62,476.62,6063.42,6063.42,5798.38,265.04,0.0,0.0,0.0,197.19,0.0,1.0,1,0.0,0.0,263590.0,1.0,7.0,0.0,2.0,14.0,27402.0,61.0,1.0,1.0,1768.0,54.0,11600.0,3.0,0.0,5.0,4.0,17573.0,3929.0,34.4,0.0,0.0,84.0,170.0,1.0,1.0,2.0,1.0,9.0,1.0,3.0,6.0,3.0,8.0,12.0,7.0,15.0,6.0,16.0,0.0,0.0,0.0,2.0,92.9,0.0,0.0,0.0,291485.0,30737.0,6900.0,44985.0,0,0
66271,35000.0,0.17739999999999995,1260.78,2,130000.0,1,1,n,16.07,1.0,0.0,18.0,0.0,33129.0,52.0,1,0.0,0.0,35706.3000013881,34941.17,35000.0,706.3,0.0,0.0,0.0,35740.79,0.0,1.0,1,0.0,0.0,419886.0,2.0,3.0,2.0,4.0,3.0,54954.0,65.0,0.0,2.0,13760.0,36.0,117300.0,1.0,8.0,2.0,7.0,24699.0,48496.0,34.5,0.0,0.0,181.0,308.0,14.0,3.0,7.0,14.0,3.0,0.0,4.0,6.0,7.0,13.0,17.0,13.0,28.0,6.0,18.0,0.0,0.0,0.0,3.0,94.2,0.0,0.0,0.0,530810.0,88083.0,74000.0,66010.0,0,0
48078,5775.0,0.2565,231.61,1,330000.0,1,1,n,21.76,1.0,0.0,13.0,0.0,49145.0,21.0,0,4449.26,4449.26,2531.25,2531.25,1325.74,1205.51,0.0,0.0,0.0,0.0,0.0,1.0,1,0.0,0.0,193972.0,0.0,3.0,0.0,1.0,14.0,69202.0,48.0,0.0,0.0,16419.0,75.0,51400.0,0.0,0.0,0.0,1.0,16164.0,2014.0,94.6,0.0,0.0,133.0,368.0,25.0,14.0,0.0,25.0,14.0,0.0,5.0,6.0,6.0,7.0,9.0,8.0,10.0,6.0,13.0,0.0,0.0,0.0,0.0,95.2,83.3,0.0,0.0,266207.0,193972.0,37400.0,114279.0,0,0
11440,10625.0,0.1308,358.41,3,72000.0,1,1,n,13.07,0.0,1.0,9.0,0.0,2686.0,15.0,0,8076.51,8076.51,3576.38,3576.38,2548.49,1027.89,0.0,0.0,0.0,358.41,0.0,1.0,1,0.0,0.0,12191.0,1.0,2.0,0.0,2.0,14.0,9505.0,73.0,1.0,7.0,363.0,47.0,13000.0,5.0,0.0,7.0,9.0,1355.0,1479.0,35.7,0.0,0.0,65.0,27.0,0.0,0.0,0.0,20.0,0.0,0.0,3.0,5.0,3.0,4.0,6.0,7.0,9.0,5.0,9.0,0.0,0.0,0.0,1.0,100.0,0.0,0.0,0.0,26090.0,12191.0,2300.0,13090.0,0,0
43742,31900.0,0.0819,649.73,2,67000.0,0,1,n,34.19,0.0,2.0,13.0,0.0,36234.0,20.0,0,27044.47,27044.47,7132.52,7132.52,4855.53,2276.99,0.0,0.0,0.0,649.73,0.0,1.0,0,0.0,0.0,259984.0,1.0,2.0,1.0,1.0,5.0,51639.0,79.0,0.0,0.0,9860.0,41.0,150300.0,0.0,0.0,4.0,1.0,19999.0,99544.0,25.4,0.0,0.0,197.0,303.0,27.0,5.0,3.0,61.0,5.0,0.0,6.0,8.0,7.0,7.0,5.0,10.0,12.0,8.0,13.0,0.0,0.0,0.0,1.0,100.0,0.0,0.0,0.0,424370.0,87873.0,133400.0,65480.0,0,0
67653,25000.0,0.0819,509.19,1,140000.0,0,1,n,13.0,0.0,0.0,11.0,0.0,32513.0,26.0,0,20781.19,20781.19,6087.53,6087.53,4218.81,1868.71,0.0,0.0,0.0,509.19,0.0,1.0,1,0.0,0.0,39110.0,0.0,1.0,0.0,1.0,21.0,6597.0,45.0,1.0,3.0,9629.0,46.0,70800.0,0.0,1.0,1.0,4.0,3911.0,4252.0,82.3,0.0,0.0,175.0,160.0,12.0,12.0,2.0,19.0,12.0,0.0,4.0,7.0,5.0,9.0,7.0,10.0,17.0,7.0,11.0,0.0,0.0,0.0,1.0,92.3,75.0,0.0,0.0,85597.0,39110.0,24000.0,14797.0,0,0
26185,25000.0,0.1033,535.25,2,100000.0,1,1,n,16.3,0.0,0.0,23.0,0.0,5034.0,35.0,0,21324.03,21324.03,5873.4,5873.4,3675.97,2197.43,0.0,0.0,0.0,535.25,0.0,1.0,1,0.0,0.0,464379.0,4.0,3.0,2.0,3.0,1.0,81939.0,69.0,3.0,7.0,1323.0,26.0,102900.0,3.0,4.0,5.0,11.0,20190.0,58565.0,5.2,0.0,0.0,136.0,122.0,3.0,1.0,1.0,3.0,8.0,0.0,6.0,10.0,11.0,13.0,9.0,19.0,25.0,10.0,23.0,0.0,0.0,0.0,6.0,100.0,0.0,0.0,0.0,581035.0,86973.0,61800.0,98135.0,0,0
38313,8000.0,0.0819,251.4,1,107000.0,0,1,n,24.05,0.0,0.0,19.0,0.0,29054.0,37.0,0,0.0,0.0,8458.31,8458.31,8000.0,458.31,0.0,0.0,0.0,6450.75,0.0,1.0,1,0.0,0.0,397281.0,0.0,5.0,1.0,2.0,8.0,64631.0,66.0,3.0,6.0,6533.0,54.0,65500.0,2.0,3.0,1.0,8.0,20910.0,19211.0,53.8,0.0,0.0,194.0,245.0,11.0,8.0,2.0,12.0,8.0,1.0,7.0,12.0,8.0,11.0,18.0,13.0,17.0,12.0,19.0,0.0,0.0,0.0,4.0,91.9,37.5,0.0,0.0,485182.0,93685.0,41600.0,102248.0,0,0
52160,5300.0,0.124,177.06,2,120000.0,0,1,n,30.44,0.0,0.0,20.0,0.0,72607.0,37.0,0,3746.14,3746.14,2121.07,2121.07,1553.86,567.21,0.0,0.0,0.0,177.06,0.0,1.0,1,0.0,0.0,296439.0,1.0,4.0,0.0,2.0,14.0,66911.0,71.0,2.0,4.0,24445.0,82.0,83600.0,2.0,0.0,0.0,6.0,16469.0,4375.0,94.3,0.0,0.0,135.0,307.0,5.0,5.0,3.0,7.0,14.0,0.0,7.0,9.0,11.0,17.0,9.0,15.0,25.0,9.0,20.0,0.0,0.0,0.0,2.0,100.0,66.7,0.0,0.0,354902.0,139518.0,76500.0,101802.0,0,0
67052,3300.0,0.16949999999999998,117.58,1,100000.0,0,1,n,9.28,0.0,0.0,8.0,0.0,12622.0,14.0,0,2390.98,2390.98,1407.85,1407.85,909.02,498.83,0.0,0.0,0.0,117.58,0.0,1.0,1,0.0,0.0,21642.0,1.0,2.0,1.0,1.0,2.0,9020.0,81.0,0.0,0.0,2849.0,91.0,12800.0,1.0,1.0,1.0,1.0,2705.0,0.0,101.8,0.0,0.0,103.0,121.0,40.0,2.0,0.0,85.0,2.0,0.0,3.0,6.0,3.0,3.0,6.0,6.0,8.0,6.0,8.0,0.0,0.0,0.0,1.0,100.0,100.0,0.0,0.0,23899.0,21642.0,6800.0,11099.0,0,0
2483,21275.0,0.1308,484.95,1,50000.0,0,1,n,17.67,0.0,0.0,8.0,0.0,15613.0,15.0,0,18616.68,18616.68,4834.04,4834.04,2658.32,2175.72,0.0,0.0,0.0,484.95,0.0,1.0,1,0.0,0.0,19779.0,0.0,1.0,0.0,1.0,22.0,4166.0,46.0,0.0,0.0,9998.0,56.0,26600.0,1.0,2.0,0.0,1.0,2472.0,10787.0,59.1,0.0,0.0,123.0,283.0,34.0,22.0,0.0,34.0,22.0,0.0,5.0,5.0,6.0,6.0,5.0,7.0,9.0,5.0,8.0,0.0,0.0,0.0,0.0,86.7,33.3,0.0,0.0,35600.0,19779.0,26400.0,9000.0,0,0
23944,30000.0,0.2055,1123.34,1,200000.0,0,1,n,19.3,0.0,1.0,8.0,0.0,1562.0,19.0,0,25206.92,25206.92,10075.81,10075.81,4793.08,5282.73,0.0,0.0,0.0,1123.34,0.0,1.0,1,0.0,0.0,48280.0,2.0,3.0,2.0,3.0,1.0,46718.0,60.0,0.0,3.0,1525.0,48.0,22500.0,3.0,0.0,1.0,6.0,6035.0,20938.0,6.9,0.0,0.0,195.0,122.0,20.0,1.0,2.0,20.0,1.0,2.0,3.0,3.0,4.0,6.0,10.0,4.0,7.0,3.0,8.0,0.0,0.0,0.0,2.0,88.9,0.0,0.0,0.0,100541.0,48280.0,22500.0,78041.0,0,0
65381,10000.0,0.16949999999999998,356.28,1,72000.0,0,1,n,10.88,0.0,0.0,6.0,0.0,6192.0,8.0,0,6130.34,6130.34,5253.38,5253.38,3869.66,1383.72,0.0,0.0,0.0,356.28,0.0,1.0,1,0.0,0.0,23251.0,0.0,1.0,0.0,1.0,19.0,17059.0,81.0,1.0,4.0,2849.0,81.0,7600.0,3.0,0.0,0.0,5.0,3875.0,255.0,95.5,0.0,0.0,228.0,30.0,8.0,8.0,0.0,8.0,19.0,0.0,4.0,5.0,4.0,4.0,2.0,5.0,6.0,5.0,6.0,0.0,0.0,0.0,1.0,100.0,100.0,0.0,0.0,28607.0,23251.0,5700.0,21007.0,0,0
15066,10000.0,0.1171,330.76,1,197000.0,1,1,n,12.74,0.0,1.0,13.0,0.0,39328.0,26.0,1,7573.82,7573.82,3294.59,3294.59,2426.18,868.41,0.0,0.0,0.0,330.76,0.0,1.0,1,0.0,0.0,176251.0,1.0,7.0,0.0,2.0,17.0,136923.0,57.0,1.0,3.0,18725.0,70.0,46400.0,2.0,1.0,2.0,5.0,13558.0,5572.0,87.6,0.0,0.0,176.0,155.0,3.0,3.0,0.0,3.0,3.0,0.0,5.0,5.0,5.0,7.0,17.0,6.0,9.0,5.0,13.0,0.0,0.0,0.0,1.0,100.0,80.0,0.0,0.0,187031.0,176251.0,44900.0,140631.0,0,0
64331,15950.0,0.1308,363.57,2,74000.0,0,1,n,18.98,0.0,0.0,13.0,1.0,14310.0,22.0,0,0.0,0.0,17555.42,17555.42,15950.0,1605.42,0.0,0.0,0.0,14658.45,0.0,1.0,1,0.0,0.0,302301.0,0.0,2.0,1.0,1.0,7.0,29020.0,80.0,2.0,3.0,3074.0,55.0,42000.0,0.0,1.0,3.0,7.0,23254.0,9570.0,31.2,0.0,0.0,82.0,158.0,7.0,7.0,6.0,11.0,7.0,0.0,3.0,7.0,3.0,3.0,4.0,10.0,12.0,7.0,13.0,0.0,0.0,0.0,4.0,100.0,0.0,1.0,0.0,339423.0,43330.0,13900.0,36273.0,0,0
6119,7325.0,0.2565,293.77,2,50000.0,1,1,n,34.3,0.0,0.0,13.0,1.0,35452.0,27.0,0,0.0,0.0,8757.07,8757.07,7325.0,1432.07,0.0,0.0,0.0,6123.58,0.0,1.0,1,0.0,0.0,254845.0,0.0,1.0,0.0,0.0,35.0,7929.0,53.0,0.0,0.0,10864.0,76.0,42300.0,1.0,0.0,1.0,0.0,19603.0,5048.0,87.5,0.0,0.0,176.0,102.0,28.0,28.0,3.0,28.0,8.0,0.0,8.0,8.0,9.0,11.0,11.0,11.0,13.0,8.0,13.0,0.0,0.0,0.0,0.0,100.0,66.7,1.0,0.0,283337.0,43381.0,40500.0,15000.0,0,0
18581,40000.0,0.124,897.89,2,70000.0,0,1,n,32.87,0.0,2.0,13.0,0.0,1239.0,43.0,0,31993.32,31993.32,12010.45,12010.45,8006.68,4003.77,0.0,0.0,0.0,1297.89,0.0,1.0,1,0.0,0.0,202022.0,2.0,3.0,1.0,3.0,11.0,37784.0,62.0,2.0,4.0,816.0,36.0,68500.0,2.0,0.0,2.0,7.0,15540.0,56482.0,2.1,0.0,0.0,127.0,307.0,4.0,4.0,3.0,17.0,4.0,0.0,2.0,3.0,5.0,15.0,9.0,8.0,30.0,3.0,13.0,0.0,0.0,0.0,3.0,100.0,0.0,0.0,0.0,310910.0,41935.0,57500.0,61000.0,0,0
37354,10000.0,0.16949999999999998,356.28,2,80000.0,1,1,n,12.97,0.0,1.0,8.0,0.0,1240.0,13.0,0,7460.33,7460.33,3909.66,3909.66,2539.67,1369.99,0.0,0.0,0.0,356.28,0.0,1.0,1,0.0,0.0,267304.0,2.0,1.0,2.0,3.0,2.0,33703.0,99.0,0.0,1.0,1240.0,49.0,40800.0,3.0,0.0,3.0,5.0,33413.0,37060.0,3.2,0.0,0.0,27.0,114.0,22.0,2.0,1.0,25.0,5.0,0.0,1.0,1.0,4.0,6.0,4.0,5.0,7.0,1.0,8.0,0.0,0.0,0.0,3.0,100.0,0.0,0.0,0.0,311431.0,38397.0,38300.0,34000.0,0,0
31711,40000.0,0.1612,975.28,1,24000.0,0,1,n,118.2,0.0,0.0,9.0,0.0,24711.0,18.0,0,34845.62,34845.62,10692.26,10692.26,5154.38,5537.88,0.0,0.0,0.0,975.28,0.0,1.0,0,0.0,0.0,57026.0,0.0,4.0,1.0,2.0,10.0,32315.0,48.0,2.0,3.0,12028.0,57.0,32200.0,2.0,0.0,1.0,5.0,6336.0,4143.0,84.8,0.0,0.0,78.0,95.0,11.0,10.0,0.0,11.0,10.0,0.0,3.0,5.0,3.0,6.0,9.0,5.0,9.0,5.0,9.0,0.0,0.0,0.0,3.0,100.0,66.7,0.0,0.0,99656.0,57026.0,27200.0,67456.0,0,0
41443,8000.0,0.1102,261.99,2,75000.0,0,1,n,18.85,0.0,0.0,7.0,0.0,2905.0,10.0,0,5868.6,5868.6,2872.09,2872.09,2131.4,740.69,0.0,0.0,0.0,261.99,0.0,1.0,0,0.0,0.0,240503.0,0.0,2.0,0.0,2.0,14.0,58748.0,70.0,0.0,2.0,2905.0,64.0,6900.0,1.0,3.0,0.0,4.0,34358.0,895.0,76.4,0.0,0.0,34.0,49.0,16.0,14.0,3.0,20.0,14.0,0.0,1.0,1.0,2.0,2.0,3.0,4.0,4.0,1.0,7.0,0.0,0.0,0.0,0.0,100.0,50.0,0.0,0.0,270958.0,61653.0,3800.0,72361.0,0,0
21064,20000.0,0.1308,455.89,2,120000.0,0,1,n,11.56,0.0,1.0,12.0,0.0,13715.0,22.0,0,0.0,0.0,20729.02,20729.02,20000.0,729.02,0.0,0.0,0.0,19846.31,0.0,1.0,1,0.0,1977.0,312635.0,2.0,2.0,1.0,1.0,6.0,26242.0,69.0,1.0,3.0,11337.0,60.0,29200.0,0.0,2.0,1.0,4.0,26053.0,14485.0,48.6,0.0,0.0,156.0,201.0,4.0,4.0,2.0,4.0,4.0,0.0,3.0,3.0,7.0,8.0,10.0,8.0,10.0,3.0,12.0,0.0,0.0,0.0,2.0,100.0,14.3,0.0,0.0,385769.0,39957.0,28200.0,37797.0,0,0
15763,8000.0,0.0756,249.08,1,31000.0,1,1,n,21.22,0.0,0.0,14.0,0.0,4501.0,31.0,0,5955.92,5955.92,2484.08,2484.08,2044.08,440.0,0.0,0.0,0.0,249.08,0.0,1.0,1,0.0,0.0,31962.0,1.0,3.0,1.0,1.0,10.0,27461.0,96.0,1.0,2.0,0.0,48.0,37700.0,0.0,0.0,4.0,4.0,2283.0,26200.0,0.0,0.0,0.0,103.0,165.0,4.0,4.0,0.0,4.0,10.0,0.0,0.0,3.0,7.0,12.0,7.0,11.0,23.0,3.0,14.0,0.0,0.0,0.0,2.0,100.0,0.0,0.0,0.0,66254.0,31962.0,26200.0,28554.0,0,0
56641,30000.0,0.1612,1056.49,1,150000.0,0,1,n,15.22,0.0,2.0,15.0,0.0,48095.0,44.0,0,0.0,0.0,30196.8,30196.8,30000.0,196.8,0.0,0.0,0.0,30250.53,0.0,1.0,1,0.0,0.0,99323.0,1.0,3.0,3.0,5.0,4.0,51228.0,82.0,0.0,5.0,4633.0,85.0,54400.0,5.0,15.0,11.0,10.0,6622.0,1279.0,93.9,0.0,0.0,194.0,183.0,21.0,4.0,0.0,21.0,0.0,0.0,9.0,11.0,9.0,10.0,27.0,12.0,17.0,11.0,15.0,0.0,0.0,0.0,3.0,100.0,88.9,0.0,0.0,116648.0,99323.0,21100.0,62248.0,0,0
71965,18075.0,0.1308,412.01,1,65000.0,0,1,n,22.47,0.0,0.0,8.0,0.0,13326.0,41.0,0,15438.25,15438.25,4930.99,4930.99,2636.75,2294.24,0.0,0.0,0.0,412.01,0.0,1.0,1,0.0,0.0,57776.0,0.0,2.0,0.0,1.0,17.0,44450.0,66.0,1.0,2.0,4801.0,50.0,30700.0,0.0,12.0,1.0,3.0,7222.0,3974.0,73.1,0.0,0.0,137.0,148.0,9.0,9.0,3.0,9.0,9.0,0.0,3.0,4.0,3.0,11.0,16.0,6.0,22.0,4.0,8.0,0.0,0.0,0.0,1.0,100.0,66.7,0.0,0.0,91530.0,57776.0,14800.0,60830.0,0,0
40276,6500.0,0.08810000000000001,206.13,1,80000.0,0,1,n,11.07,0.0,2.0,24.0,0.0,9098.0,25.0,0,4696.29,4696.29,2261.07,2261.07,1803.71,457.36,0.0,0.0,0.0,206.13,0.0,1.0,1,0.0,0.0,14576.0,3.0,1.0,1.0,1.0,12.0,5478.0,76.0,5.0,10.0,1445.0,28.0,45000.0,4.0,0.0,3.0,11.0,607.0,20116.0,19.5,0.0,0.0,54.0,44.0,3.0,3.0,0.0,5.0,3.0,0.0,8.0,16.0,12.0,12.0,2.0,23.0,23.0,16.0,24.0,0.0,0.0,0.0,6.0,100.0,0.0,0.0,0.0,52225.0,14576.0,25000.0,7225.0,0,0
3480,24000.0,0.2055,643.23,1,142800.0,1,1,n,31.2,0.0,0.0,26.0,0.0,39688.0,48.0,0,21490.31,21490.31,6377.5,6377.5,2509.69,3867.81,0.0,0.0,0.0,643.23,0.0,1.0,1,0.0,0.0,102930.0,1.0,4.0,1.0,2.0,8.0,63242.0,78.0,3.0,8.0,6849.0,54.0,98300.0,1.0,2.0,2.0,10.0,3959.0,33515.0,45.6,0.0,0.0,254.0,471.0,6.0,6.0,0.0,6.0,8.0,0.0,10.0,18.0,10.0,13.0,19.0,22.0,29.0,18.0,26.0,0.0,0.0,0.0,4.0,97.9,0.0,0.0,0.0,207885.0,102930.0,61600.0,109585.0,0,0
46702,25000.0,0.0756,778.35,2,87000.0,0,1,n,26.29,0.0,0.0,7.0,0.0,46805.0,20.0,0,17950.39,17950.39,8540.85,8540.85,7049.61,1491.24,0.0,0.0,0.0,0.0,0.0,1.0,1,0.0,0.0,66298.0,0.0,2.0,0.0,1.0,18.0,19493.0,70.0,0.0,2.0,18672.0,94.0,48300.0,1.0,1.0,0.0,3.0,9471.0,495.0,99.0,0.0,0.0,77.0,320.0,14.0,14.0,0.0,14.0,18.0,0.0,4.0,4.0,4.0,8.0,3.0,5.0,17.0,4.0,7.0,0.0,0.0,0.0,0.0,100.0,100.0,0.0,0.0,96591.0,66298.0,47300.0,48291.0,0,0
68124,16000.0,0.0819,325.88,2,103000.0,0,1,n,24.62,0.0,0.0,20.0,0.0,24706.0,34.0,0,13299.98,13299.98,3896.0,3896.0,2700.02,1195.98,0.0,0.0,0.0,325.88,0.0,1.0,1,0.0,0.0,116300.0,0.0,5.0,0.0,2.0,14.0,41264.0,52.0,1.0,4.0,6768.0,28.0,134400.0,2.0,1.0,0.0,6.0,5815.0,103551.0,12.8,0.0,0.0,183.0,307.0,7.0,7.0,3.0,7.0,14.0,0.0,6.0,8.0,11.0,13.0,9.0,14.0,22.0,8.0,20.0,0.0,0.0,0.0,1.0,100.0,0.0,0.0,0.0,290717.0,65970.0,118700.0,96317.0,0,0
2379,10800.0,0.0819,339.39,2,60000.0,1,1,n,12.42,0.0,0.0,9.0,1.0,589.0,15.0,0,8060.1,8060.1,3388.99,3388.99,2739.9,649.09,0.0,0.0,0.0,339.39,0.0,1.0,1,0.0,0.0,29332.0,0.0,1.0,1.0,1.0,11.0,28743.0,79.0,1.0,3.0,589.0,44.0,29500.0,1.0,0.0,2.0,4.0,3259.0,16911.0,3.4,0.0,0.0,125.0,55.0,8.0,8.0,0.0,18.0,5.0,0.0,1.0,1.0,3.0,4.0,6.0,7.0,9.0,1.0,9.0,0.0,0.0,0.0,2.0,100.0,0.0,1.0,0.0,66054.0,29332.0,17500.0,36554.0,0,0
56668,6450.0,0.28800000000000003,269.6,1,30288.0,0,1,n,36.13,0.0,2.0,9.0,0.0,5382.0,12.0,0,5109.25,5109.25,2955.28,2955.28,1340.75,1614.53,0.0,0.0,0.0,269.6,0.0,1.0,1,0.0,0.0,36002.0,3.0,3.0,1.0,1.0,6.0,30620.0,71.0,2.0,2.0,2490.0,65.0,12500.0,2.0,5.0,4.0,3.0,4000.0,7118.0,43.1,0.0,0.0,64.0,41.0,1.0,1.0,0.0,1.0,1.0,0.0,6.0,6.0,6.0,6.0,6.0,6.0,6.0,6.0,9.0,0.0,0.0,0.0,3.0,100.0,0.0,0.0,0.0,55850.0,36002.0,12500.0,43350.0,0,0
50911,15000.0,0.2055,402.02,1,65000.0,1,1,n,17.61,0.0,0.0,10.0,0.0,14599.0,12.0,0,13084.48,13084.48,4807.12,4807.12,1915.52,2891.6,0.0,0.0,0.0,402.02,0.0,1.0,1,0.0,0.0,23267.0,0.0,1.0,1.0,1.0,8.0,8668.0,87.0,0.0,0.0,5070.0,66.0,25400.0,1.0,0.0,1.0,1.0,2327.0,3816.0,73.7,0.0,0.0,227.0,146.0,39.0,8.0,0.0,39.0,8.0,0.0,5.0,8.0,6.0,6.0,3.0,9.0,9.0,8.0,10.0,0.0,0.0,0.0,1.0,100.0,33.3,0.0,0.0,35400.0,23267.0,14500.0,10000.0,0,0
8856,9125.0,0.2055,341.69,1,40000.0,0,1,n,12.09,0.0,0.0,6.0,0.0,7470.0,7.0,1,6657.52,6657.52,3896.06,3896.06,2467.48,1428.58,0.0,0.0,0.0,841.69,0.0,1.0,1,0.0,0.0,9125.0,0.0,1.0,0.0,1.0,18.0,1655.0,61.0,0.0,1.0,5172.0,79.0,8900.0,2.0,0.0,0.0,2.0,1825.0,1430.0,83.9,0.0,0.0,32.0,89.0,15.0,15.0,0.0,15.0,15.0,0.0,3.0,3.0,5.0,5.0,2.0,5.0,5.0,3.0,6.0,0.0,0.0,0.0,0.0,100.0,50.0,0.0,0.0,11600.0,9125.0,8900.0,2700.0,0,0
44273,8000.0,0.1171,264.61,1,42000.0,0,1,n,22.54,0.0,0.0,10.0,0.0,4678.0,16.0,0,0.0,0.0,8469.47,8469.47,8000.0,469.47,0.0,0.0,0.0,33.93,0.0,1.0,1,0.0,57.0,26120.0,1.0,3.0,1.0,2.0,7.0,21442.0,74.0,1.0,4.0,2690.0,66.0,10700.0,2.0,1.0,1.0,6.0,2612.0,970.0,81.3,0.0,0.0,77.0,46.0,4.0,4.0,1.0,18.0,7.0,1.0,2.0,3.0,2.0,2.0,8.0,7.0,7.0,3.0,10.0,0.0,0.0,0.0,2.0,87.5,100.0,0.0,0.0,39846.0,26120.0,5200.0,29146.0,0,0
54983,10000.0,0.1171,330.76,1,90000.0,0,1,n,17.48,1.0,0.0,9.0,0.0,8310.0,15.0,0,7064.8,7064.8,3956.11,3956.11,2935.2,1020.91,0.0,0.0,0.0,330.76,0.0,1.0,1,0.0,0.0,55651.0,1.0,3.0,0.0,2.0,13.0,47341.0,73.0,2.0,2.0,2531.0,70.0,14400.0,1.0,1.0,1.0,4.0,6183.0,5443.0,47.2,0.0,0.0,109.0,115.0,1.0,1.0,0.0,10.0,11.0,0.0,2.0,4.0,4.0,7.0,4.0,6.0,11.0,4.0,9.0,0.0,0.0,1.0,2.0,93.3,50.0,0.0,0.0,79180.0,55651.0,10300.0,64780.0,0,0
52285,15000.0,0.1524,521.75,1,270000.0,0,1,n,6.13,0.0,0.0,5.0,0.0,28157.0,7.0,0,10692.24,10692.24,6248.3,6248.3,4307.76,1940.54,0.0,0.0,0.0,521.75,0.0,1.0,1,0.0,0.0,38413.0,0.0,1.0,0.0,1.0,20.0,10256.0,51.0,0.0,0.0,20612.0,77.0,29600.0,1.0,0.0,0.0,1.0,7683.0,1443.0,95.1,0.0,0.0,20.0,142.0,94.0,20.0,0.0,94.0,20.0,0.0,4.0,4.0,4.0,5.0,1.0,4.0,6.0,4.0,5.0,0.0,0.0,0.0,0.0,100.0,100.0,0.0,0.0,49600.0,38413.0,29600.0,20000.0,0,0
20510,20000.0,0.1033,428.2,3,70000.0,1,1,n,17.93,0.0,0.0,18.0,0.0,15839.0,27.0,0,17059.23,17059.23,4687.24,4687.24,2940.77,1746.47,0.0,0.0,0.0,428.2,0.0,1.0,1,0.0,0.0,28992.0,0.0,1.0,0.0,0.0,26.0,13153.0,66.0,2.0,2.0,2241.0,43.0,48000.0,0.0,0.0,1.0,2.0,1705.0,6670.0,47.5,0.0,0.0,40.0,279.0,10.0,10.0,0.0,11.0,10.0,0.0,4.0,10.0,5.0,7.0,2.0,17.0,25.0,10.0,18.0,0.0,0.0,0.0,2.0,100.0,20.0,0.0,0.0,68000.0,28992.0,12700.0,20000.0,0,0
69996,12000.0,0.08810000000000001,248.0,2,28000.0,1,1,n,52.81,0.0,0.0,10.0,0.0,30808.0,22.0,0,10001.79,10001.79,2970.13,2970.13,1998.21,971.92,0.0,0.0,0.0,248.0,0.0,1.0,0,0.0,0.0,160377.0,0.0,3.0,0.0,2.0,18.0,42730.0,73.0,0.0,3.0,4232.0,64.0,56800.0,1.0,7.0,1.0,6.0,16038.0,19101.0,23.6,0.0,0.0,136.0,152.0,18.0,18.0,2.0,21.0,7.0,0.0,2.0,3.0,3.0,4.0,10.0,6.0,10.0,3.0,10.0,0.0,0.0,0.0,0.0,100.0,0.0,0.0,0.0,208315.0,73538.0,25000.0,58515.0,0,0
15722,10525.0,0.08810000000000001,333.77,2,34000.0,0,1,n,27.04,0.0,0.0,10.0,0.0,7478.0,15.0,0,7543.38,7543.38,3679.7,3679.7,2981.62,698.08,0.0,0.0,0.0,334.0,0.0,1.0,1,0.0,588.0,27881.0,0.0,2.0,0.0,2.0,13.0,20403.0,78.0,0.0,1.0,2764.0,55.0,24700.0,2.0,0.0,0.0,3.0,3098.0,4454.0,47.6,0.0,0.0,144.0,262.0,20.0,13.0,0.0,53.0,20.0,0.0,2.0,6.0,2.0,3.0,4.0,8.0,11.0,6.0,10.0,0.0,0.0,0.0,0.0,100.0,0.0,0.0,0.0,50808.0,27881.0,8500.0,26108.0,0,0
72604,15000.0,0.1033,486.34,3,15000.0,0,1,n,45.76,0.0,0.0,15.0,1.0,16180.0,20.0,1,10504.54,10504.54,5818.86,5818.86,4495.46,1323.4,0.0,0.0,0.0,486.34,0.0,1.0,0,0.0,0.0,47466.0,0.0,7.0,0.0,3.0,18.0,31286.0,93.0,1.0,3.0,6921.0,53.0,56300.0,0.0,0.0,0.0,6.0,3164.0,33030.0,23.7,0.0,0.0,61.0,75.0,7.0,7.0,0.0,7.0,18.0,0.0,5.0,7.0,6.0,9.0,8.0,8.0,12.0,7.0,15.0,0.0,0.0,0.0,1.0,100.0,16.7,1.0,0.0,90009.0,47466.0,43300.0,33709.0,0,0
25894,31575.0,0.1308,719.73,2,90000.0,0,1,n,7.73,0.0,0.0,6.0,0.0,12144.0,24.0,0,27211.14,27211.14,7894.09,7894.09,4363.86,3530.23,0.0,0.0,0.0,719.73,0.0,1.0,0,0.0,0.0,529010.0,0.0,1.0,0.0,2.0,23.0,16532.0,71.0,0.0,0.0,7754.0,25.0,94000.0,2.0,8.0,0.0,3.0,88168.0,81856.0,12.9,0.0,0.0,143.0,179.0,30.0,13.0,3.0,30.0,13.0,0.0,2.0,2.0,4.0,8.0,12.0,4.0,9.0,2.0,6.0,0.0,0.0,0.0,0.0,100.0,0.0,0.0,0.0,625157.0,28676.0,94000.0,23157.0,0,0
30580,10000.0,0.2305,282.2,1,65037.0,1,1,n,30.98,0.0,0.0,14.0,0.0,42407.0,27.0,0,8907.81,8907.81,3091.39,3091.39,1092.19,1999.2,0.0,0.0,0.0,282.2,0.0,1.0,1,0.0,2050.0,47690.0,0.0,1.0,0.0,0.0,41.0,5283.0,43.0,2.0,2.0,12359.0,51.0,81700.0,0.0,0.0,1.0,2.0,3406.0,28270.0,54.1,0.0,0.0,162.0,389.0,7.0,7.0,0.0,7.0,12.0,0.0,7.0,13.0,7.0,11.0,8.0,13.0,19.0,13.0,14.0,0.0,0.0,0.0,2.0,96.3,28.6,0.0,0.0,93914.0,47690.0,61600.0,12214.0,0,0
73719,38900.0,0.124,873.2,1,80000.0,0,1,n,26.19,0.0,0.0,9.0,0.0,18408.0,23.0,0,34782.94,34782.94,8705.2,8705.2,4117.06,4588.14,0.0,0.0,0.0,873.2,0.0,1.0,1,0.0,0.0,31366.0,2.0,3.0,1.0,1.0,11.0,12958.0,27.0,3.0,4.0,9219.0,30.0,73400.0,1.0,0.0,4.0,5.0,3485.0,54692.0,35.3,0.0,0.0,144.0,251.0,6.0,6.0,0.0,6.0,1.0,0.0,3.0,3.0,5.0,11.0,10.0,6.0,13.0,3.0,9.0,0.0,0.0,0.0,4.0,95.5,0.0,0.0,0.0,122258.0,31366.0,73100.0,48858.0,0,0
53540,6375.0,0.1308,215.05,2,50000.0,0,1,n,30.48,0.0,0.0,11.0,0.0,12641.0,17.0,0,4483.1,4483.1,2571.34,2571.34,1891.9,679.44,0.0,0.0,0.0,215.05,0.0,1.0,1,0.0,0.0,30647.0,0.0,3.0,0.0,1.0,16.0,18006.0,47.0,0.0,0.0,4573.0,43.0,33600.0,1.0,1.0,0.0,1.0,2786.0,13129.0,40.6,0.0,0.0,111.0,97.0,54.0,16.0,0.0,54.0,16.0,0.0,3.0,6.0,4.0,5.0,3.0,8.0,14.0,6.0,11.0,0.0,0.0,0.0,0.0,94.1,25.0,0.0,0.0,72064.0,30647.0,22100.0,38464.0,0,0
4712,39125.0,0.1033,1268.53,1,68500.0,1,1,n,35.88,0.0,3.0,25.0,0.0,8469.0,37.0,0,29499.01,29499.01,12662.85,12662.85,9625.99,3036.86,0.0,0.0,0.0,1268.53,0.0,1.0,0,0.0,0.0,160902.0,3.0,15.0,2.0,3.0,3.0,152433.0,102.0,3.0,3.0,6800.0,74.0,67900.0,1.0,0.0,4.0,6.0,6436.0,45749.0,13.5,0.0,0.0,114.0,496.0,2.0,2.0,0.0,2.0,0.0,0.0,3.0,4.0,6.0,6.0,18.0,10.0,17.0,4.0,25.0,0.0,0.0,0.0,5.0,100.0,16.7,0.0,0.0,218147.0,160902.0,52900.0,150247.0,0,0
66750,24000.0,0.2565,713.61,1,105000.0,0,1,n,36.46,0.0,1.0,24.0,0.0,41442.0,32.0,0,23211.45,23211.45,7101.9,7101.9,788.55,6313.35,0.0,0.0,0.0,713.61,0.0,1.0,1,0.0,0.0,87879.0,1.0,4.0,1.0,2.0,6.0,46437.0,59.0,1.0,1.0,14836.0,59.0,71600.0,2.0,0.0,2.0,4.0,3662.0,8990.0,80.7,0.0,0.0,160.0,111.0,8.0,6.0,0.0,8.0,6.0,0.0,9.0,12.0,10.0,11.0,10.0,20.0,21.0,12.0,24.0,0.0,0.0,0.0,3.0,100.0,50.0,0.0,0.0,149781.0,87879.0,46600.0,78181.0,0,0
50142,27000.0,0.17739999999999995,681.81,2,75000.0,1,1,n,29.98,0.0,0.0,9.0,0.0,18141.0,36.0,0,23318.23,23318.23,8155.11,8155.11,3681.77,4473.34,0.0,0.0,0.0,681.81,0.0,1.0,1,0.0,0.0,239702.0,1.0,4.0,3.0,3.0,4.0,32828.0,56.0,1.0,2.0,7936.0,57.0,32000.0,0.0,0.0,3.0,7.0,26634.0,13859.0,56.7,0.0,0.0,233.0,164.0,11.0,4.0,5.0,11.0,7.0,0.0,4.0,4.0,4.0,6.0,23.0,4.0,8.0,4.0,9.0,0.0,0.0,0.0,4.0,100.0,0.0,0.0,0.0,283798.0,50969.0,32000.0,58224.0,0,0
27118,30000.0,0.16949999999999998,744.78,2,76490.0,0,1,n,20.12,0.0,0.0,15.0,0.0,9257.0,43.0,0,26880.99,26880.99,7391.3,7391.3,3119.01,4272.29,0.0,0.0,0.0,744.78,0.0,1.0,1,0.0,0.0,358752.0,2.0,7.0,5.0,5.0,5.0,349495.0,93.0,2.0,3.0,2623.0,78.0,21300.0,3.0,1.0,4.0,8.0,23917.0,6906.0,44.8,0.0,0.0,158.0,102.0,7.0,5.0,2.0,11.0,12.0,1.0,3.0,7.0,4.0,6.0,30.0,8.0,11.0,7.0,15.0,0.0,0.0,0.0,7.0,97.7,25.0,0.0,0.0,354936.0,358752.0,12500.0,333636.0,0,0
40416,11600.0,0.0702,358.29,2,160500.0,0,1,n,14.8,0.0,4.0,39.0,0.0,3911.0,82.0,0,0.0,0.0,11663.63,11663.63,11600.0,63.63,0.0,0.0,0.0,11672.68,0.0,1.0,1,0.0,0.0,498014.0,6.0,3.0,4.0,7.0,3.0,59246.0,88.0,4.0,7.0,3885.0,26.0,178800.0,3.0,1.0,10.0,17.0,13106.0,163489.0,2.3,0.0,0.0,149.0,109.0,2.0,2.0,4.0,2.0,1.0,0.0,5.0,5.0,26.0,28.0,21.0,33.0,55.0,5.0,39.0,0.0,0.0,0.0,9.0,100.0,0.0,0.0,0.0,688573.0,63157.0,167400.0,67337.0,0,0
60321,4250.0,0.08810000000000001,134.78,1,58500.0,1,1,n,8.33,0.0,0.0,9.0,0.0,6744.0,14.0,0,2964.64,2964.64,1612.16,1612.16,1285.36,326.8,0.0,0.0,0.0,134.78,0.0,1.0,1,0.0,0.0,9509.0,0.0,1.0,1.0,2.0,8.0,2765.0,46.0,0.0,1.0,3848.0,36.0,20500.0,1.0,0.0,1.0,3.0,1057.0,7670.0,41.0,0.0,0.0,90.0,95.0,21.0,8.0,0.0,51.0,10.0,0.0,3.0,5.0,4.0,4.0,3.0,8.0,11.0,5.0,9.0,0.0,0.0,0.0,1.0,85.7,25.0,0.0,0.0,26500.0,9509.0,13000.0,6000.0,0,0
23509,40000.0,0.1033,856.4,2,125000.0,0,1,n,18.69,0.0,1.0,23.0,0.0,20176.0,42.0,1,31341.5,31302.32,11761.04,11746.34,8658.5,3102.54,0.0,0.0,0.0,856.4,0.0,1.0,1,0.0,0.0,454982.0,3.0,4.0,1.0,3.0,2.0,70549.0,76.0,3.0,7.0,5318.0,39.0,142400.0,5.0,2.0,1.0,10.0,19782.0,116824.0,14.4,0.0,0.0,172.0,192.0,5.0,2.0,7.0,5.0,5.0,0.0,9.0,10.0,16.0,18.0,14.0,18.0,21.0,10.0,23.0,0.0,0.0,0.0,4.0,100.0,6.3,0.0,0.0,632770.0,90725.0,136400.0,92370.0,0,0
62604,21275.0,0.2055,570.19,3,60000.0,0,1,n,34.76,0.0,0.0,9.0,0.0,20024.0,10.0,0,18558.26,18558.26,6781.56,6781.56,2716.74,4064.82,0.0,0.0,0.0,570.19,0.0,1.0,1,0.0,0.0,139056.0,0.0,3.0,0.0,1.0,14.0,119032.0,58.0,0.0,1.0,8368.0,54.0,39800.0,1.0,0.0,0.0,2.0,15451.0,9291.0,67.7,0.0,0.0,104.0,187.0,21.0,14.0,0.0,49.0,14.0,0.0,3.0,5.0,3.0,3.0,3.0,6.0,7.0,5.0,9.0,0.0,0.0,0.0,0.0,100.0,33.3,0.0,0.0,152484.0,139056.0,28800.0,112684.0,0,0
6126,6500.0,0.1033,210.75,2,58000.0,0,1,n,17.38,0.0,0.0,11.0,0.0,9751.0,15.0,0,4890.68,4890.68,2103.77,2103.77,1609.32,494.45,0.0,0.0,0.0,210.75,0.0,1.0,1,0.0,554.0,216601.0,0.0,4.0,1.0,3.0,7.0,78045.0,65.0,1.0,3.0,3440.0,53.0,22400.0,2.0,0.0,3.0,6.0,19691.0,11833.0,43.1,0.0,0.0,116.0,81.0,11.0,7.0,1.0,11.0,2.0,0.0,4.0,5.0,5.0,7.0,5.0,6.0,9.0,5.0,11.0,0.0,0.0,0.0,2.0,100.0,20.0,0.0,0.0,248261.0,87796.0,20800.0,73694.0,0,0
27598,12000.0,0.2305,338.64,1,42000.0,0,1,n,25.77,0.0,0.0,12.0,1.0,11965.0,17.0,0,11652.9,11652.9,2678.39,2678.39,347.1,2331.29,0.0,0.0,0.0,338.64,0.0,1.0,1,0.0,0.0,132993.0,0.0,2.0,0.0,1.0,14.0,121028.0,89.0,1.0,4.0,3911.0,70.0,24600.0,3.0,0.0,0.0,5.0,11083.0,8563.0,51.3,0.0,0.0,223.0,97.0,9.0,9.0,0.0,15.0,14.0,1.0,5.0,7.0,6.0,8.0,5.0,10.0,12.0,7.0,12.0,0.0,0.0,0.0,1.0,93.8,16.7,1.0,0.0,78211.0,132993.0,17600.0,53611.0,0,0
43077,10625.0,0.2305,411.57,1,46000.0,0,1,n,17.74,0.0,0.0,8.0,0.0,5674.0,10.0,0,0.0,0.0,12004.67,12004.67,10625.0,1379.67,0.0,0.0,0.0,10372.0,0.0,1.0,0,0.0,0.0,25476.0,1.0,2.0,2.0,3.0,7.0,16832.0,88.0,2.0,3.0,5521.0,50.0,20900.0,3.0,0.0,2.0,7.0,3185.0,15226.0,27.1,0.0,0.0,20.0,32.0,6.0,6.0,0.0,6.0,7.0,0.0,2.0,2.0,4.0,5.0,3.0,4.0,5.0,2.0,8.0,0.0,0.0,0.0,5.0,100.0,0.0,0.0,0.0,50667.0,25476.0,20900.0,19200.0,0,0
50134,22000.0,0.0756,684.95,2,120000.0,1,1,n,20.13,0.0,1.0,7.0,0.0,22245.0,30.0,0,15211.79,15211.79,8210.16,8210.16,6788.21,1421.95,0.0,0.0,0.0,684.95,0.0,1.0,1,0.0,0.0,592408.0,0.0,2.0,0.0,1.0,21.0,298922.0,82.0,0.0,0.0,11618.0,88.0,23900.0,0.0,6.0,2.0,3.0,84630.0,155.0,99.3,0.0,0.0,171.0,176.0,49.0,8.0,2.0,49.0,6.0,0.0,2.0,3.0,2.0,3.0,19.0,4.0,9.0,3.0,7.0,0.0,0.0,0.0,2.0,100.0,100.0,0.0,0.0,525474.0,321167.0,21400.0,227137.0,0,0
54224,16000.0,0.0646,490.1,2,110000.0,1,1,n,16.74,0.0,0.0,15.0,0.0,46597.0,20.0,0,11006.27,11006.27,5869.72,5869.72,4993.73,875.99,0.0,0.0,0.0,490.1,0.0,1.0,1,0.0,0.0,421148.0,1.0,2.0,1.0,2.0,11.0,51061.0,92.0,1.0,3.0,7267.0,63.0,84300.0,0.0,5.0,4.0,6.0,30082.0,12593.0,39.5,0.0,0.0,142.0,174.0,9.0,3.0,2.0,27.0,3.0,0.0,2.0,7.0,3.0,3.0,4.0,12.0,14.0,7.0,15.0,0.0,0.0,0.0,3.0,100.0,0.0,0.0,0.0,469340.0,97658.0,20800.0,61040.0,0,0
7917,7000.0,0.0756,217.94,2,110000.0,1,1,n,11.32,0.0,1.0,8.0,0.0,3141.0,27.0,0,0.0,0.0,7331.09,7331.09,7000.0,331.09,0.0,0.0,0.0,5811.39,0.0,1.0,1,0.0,0.0,348677.0,1.0,3.0,1.0,1.0,5.0,31946.0,68.0,0.0,0.0,2731.0,53.0,18900.0,2.0,3.0,2.0,2.0,43585.0,15759.0,16.6,0.0,0.0,154.0,155.0,43.0,5.0,1.0,43.0,5.0,0.0,3.0,3.0,4.0,5.0,18.0,4.0,8.0,3.0,8.0,0.0,0.0,0.0,2.0,74.1,0.0,0.0,0.0,385779.0,35087.0,18900.0,46959.0,0,0
6484,4000.0,0.0702,123.55,3,58999.0,0,1,n,22.5,0.0,0.0,6.0,0.0,3810.0,8.0,0,2971.72,2971.72,1233.94,1233.94,1028.28,205.66,0.0,0.0,0.0,123.55,0.0,1.0,1,0.0,103.0,59240.0,1.0,2.0,2.0,2.0,8.0,55430.0,88.0,2.0,3.0,3073.0,60.0,14700.0,1.0,2.0,4.0,5.0,9873.0,5427.0,36.2,0.0,0.0,49.0,32.0,3.0,3.0,0.0,22.0,8.0,0.0,1.0,3.0,2.0,3.0,3.0,4.0,5.0,3.0,6.0,0.0,0.0,0.0,4.0,100.0,0.0,0.0,0.0,75304.0,59240.0,8500.0,60604.0,0,0
15145,4800.0,0.2305,185.94,2,140000.0,1,1,n,23.2,0.0,0.0,10.0,0.0,71085.0,15.0,0,0.0,0.0,5216.44,5216.44,4800.0,416.44,0.0,0.0,0.0,4670.91,0.0,1.0,1,0.0,0.0,360053.0,0.0,3.0,1.0,2.0,11.0,43751.0,73.0,0.0,1.0,26278.0,84.0,77600.0,3.0,0.0,7.0,3.0,36005.0,0.0,100.8,0.0,0.0,121.0,184.0,18.0,11.0,1.0,18.0,10.0,0.0,5.0,6.0,5.0,5.0,7.0,6.0,6.0,6.0,10.0,0.0,0.0,0.0,1.0,100.0,100.0,0.0,0.0,402331.0,114836.0,67600.0,59622.0,0,0
381,12000.0,0.124,400.87,2,55000.0,0,1,n,27.49,1.0,0.0,20.0,0.0,18252.0,39.0,0,6495.95,6495.95,6370.43,6370.43,5504.05,866.38,0.0,0.0,0.0,400.87,0.0,1.0,1,0.0,0.0,130776.0,1.0,2.0,0.0,2.0,14.0,31729.0,83.0,1.0,5.0,7011.0,44.0,75000.0,2.0,0.0,0.0,7.0,6539.0,35528.0,33.7,0.0,0.0,117.0,114.0,1.0,1.0,2.0,1.0,15.0,0.0,5.0,6.0,11.0,13.0,13.0,17.0,24.0,6.0,20.0,0.0,0.0,0.0,1.0,97.4,9.1,0.0,0.0,221860.0,49981.0,53600.0,38423.0,0,0
46593,10525.0,0.1102,344.68,2,70500.0,1,1,n,23.54,0.0,0.0,18.0,0.0,152.0,34.0,0,7667.26,7667.26,3778.59,3778.59,2857.74,920.85,0.0,0.0,0.0,0.0,0.0,1.0,1,0.0,84.0,188138.0,1.0,10.0,2.0,3.0,6.0,187986.0,118.0,0.0,2.0,146.0,102.0,16100.0,5.0,0.0,9.0,5.0,10452.0,11748.0,1.5,0.0,0.0,144.0,62.0,15.0,6.0,0.0,18.0,1.0,0.0,2.0,2.0,6.0,6.0,26.0,8.0,8.0,2.0,18.0,0.0,0.0,0.0,2.0,100.0,0.0,0.0,0.0,177828.0,188138.0,11900.0,161728.0,0,0
25965,15000.0,0.124,501.09,1,130000.0,0,1,n,11.38,8.0,0.0,17.0,0.0,16152.0,37.0,0,10990.09,10990.09,5501.66,5501.66,4009.91,1491.75,0.0,0.0,0.0,501.09,0.0,1.0,1,0.0,0.0,55543.0,0.0,2.0,0.0,2.0,22.0,39391.0,39.0,0.0,0.0,7897.0,50.0,29800.0,0.0,2.0,0.0,2.0,3267.0,11645.0,57.2,0.0,0.0,183.0,219.0,25.0,22.0,1.0,51.0,22.0,2.0,5.0,8.0,11.0,14.0,10.0,15.0,26.0,8.0,17.0,0.0,0.0,0.0,0.0,51.4,27.3,0.0,0.0,78574.0,55543.0,27200.0,48774.0,0,0
56059,11000.0,0.08810000000000001,348.83,2,110000.0,0,1,n,19.57,0.0,0.0,17.0,0.0,22352.0,33.0,0,7650.02,7650.02,4180.58,4180.58,3349.98,830.6,0.0,0.0,0.0,348.83,0.0,1.0,1,0.0,662.0,217257.0,4.0,9.0,2.0,3.0,4.0,80339.0,63.0,3.0,5.0,9219.0,59.0,44400.0,2.0,3.0,4.0,8.0,12780.0,11078.0,63.8,0.0,0.0,155.0,174.0,1.0,1.0,3.0,6.0,8.0,0.0,4.0,6.0,4.0,8.0,14.0,7.0,16.0,6.0,17.0,0.0,0.0,0.0,5.0,93.9,50.0,0.0,0.0,299944.0,102691.0,30600.0,128510.0,0,0
32897,16500.0,0.17739999999999995,594.37,1,43000.0,1,1,n,18.09,0.0,1.0,5.0,0.0,16524.0,7.0,0,12347.15,12347.15,6521.81,6521.81,4152.85,2368.96,0.0,0.0,0.0,594.37,0.0,1.0,1,0.0,0.0,26718.0,0.0,1.0,0.0,1.0,22.0,10194.0,68.0,1.0,2.0,10046.0,78.0,19300.0,1.0,1.0,1.0,3.0,5344.0,1392.0,92.0,0.0,0.0,22.0,58.0,7.0,7.0,0.0,17.0,0.0,0.0,2.0,3.0,3.0,4.0,1.0,4.0,6.0,3.0,5.0,0.0,0.0,0.0,1.0,100.0,66.7,0.0,0.0,34300.0,26718.0,17300.0,15000.0,0,0
12157,17500.0,0.1862,638.13,3,54000.0,0,1,n,20.24,0.0,1.0,9.0,0.0,17492.0,30.0,0,13567.26,13567.26,6363.2,6363.2,3932.74,2430.46,0.0,0.0,0.0,638.13,0.0,1.0,1,0.0,225.0,28353.0,2.0,1.0,0.0,0.0,47.0,10861.0,39.0,2.0,6.0,7668.0,49.0,30400.0,0.0,10.0,1.0,6.0,3150.0,5797.0,67.8,0.0,0.0,119.0,153.0,3.0,3.0,0.0,3.0,6.0,0.0,2.0,4.0,4.0,8.0,15.0,8.0,15.0,4.0,9.0,0.0,0.0,0.0,2.0,100.0,50.0,0.0,0.0,57948.0,28353.0,18000.0,27548.0,0,0
75618,6000.0,0.0756,186.81,1,33000.0,0,1,n,19.53,0.0,3.0,12.0,0.0,5749.0,17.0,0,0.0,0.0,6338.44,6338.44,6000.0,338.44,0.0,0.0,0.0,4662.19,0.0,1.0,1,0.0,0.0,19689.0,3.0,1.0,2.0,2.0,1.0,13940.0,100.0,2.0,4.0,2289.0,37.0,39200.0,1.0,0.0,3.0,6.0,1641.0,23956.0,13.5,0.0,0.0,142.0,112.0,4.0,1.0,0.0,9.0,1.0,0.0,2.0,5.0,6.0,7.0,3.0,11.0,14.0,5.0,12.0,0.0,0.0,0.0,4.0,100.0,0.0,0.0,0.0,53140.0,19689.0,27700.0,13940.0,0,0
13447,10300.0,0.0819,323.67,1,43000.0,0,1,n,27.82,0.0,0.0,7.0,0.0,10198.0,10.0,0,0.0,0.0,10954.01,10954.01,10300.0,654.01,0.0,0.0,0.0,8045.67,0.0,1.0,1,0.0,0.0,18698.0,0.0,1.0,0.0,1.0,16.0,8500.0,56.0,1.0,3.0,3366.0,50.0,22100.0,1.0,0.0,1.0,4.0,2671.0,4573.0,57.7,0.0,0.0,143.0,60.0,10.0,10.0,0.0,10.0,0.0,1.0,3.0,6.0,3.0,4.0,3.0,6.0,7.0,6.0,7.0,0.0,0.0,0.0,1.0,90.0,0.0,0.0,0.0,37400.0,18698.0,10800.0,15300.0,0,0
59675,1000.0,0.1171,33.08,1,10000.0,0,1,n,22.81,0.0,1.0,6.0,0.0,1038.0,7.0,0,0.0,0.0,1010.99,1010.99,1000.0,10.99,0.0,0.0,0.0,1012.62,0.0,1.0,1,0.0,0.0,4309.0,1.0,1.0,1.0,1.0,7.0,3271.0,85.0,1.0,1.0,506.0,34.0,8800.0,1.0,0.0,2.0,2.0,718.0,3894.0,11.5,0.0,0.0,7.0,65.0,1.0,1.0,0.0,51.0,1.0,0.0,1.0,3.0,3.0,4.0,1.0,5.0,6.0,3.0,6.0,0.0,0.0,0.0,2.0,85.7,0.0,0.0,0.0,12650.0,4309.0,4400.0,3850.0,0,0
26175,15000.0,0.0646,459.47,2,90000.0,0,1,n,6.33,0.0,0.0,7.0,0.0,25542.0,12.0,0,0.0,0.0,15750.95,15750.95,15000.0,750.95,0.0,0.0,0.0,11621.1,0.0,1.0,1,0.0,0.0,320347.0,0.0,1.0,0.0,1.0,20.0,1485.0,50.0,0.0,2.0,14286.0,34.0,75500.0,1.0,4.0,1.0,4.0,45764.0,49958.0,33.8,0.0,0.0,55.0,79.0,17.0,17.0,1.0,17.0,5.0,0.0,5.0,5.0,5.0,5.0,6.0,5.0,5.0,5.0,7.0,0.0,0.0,0.0,0.0,100.0,0.0,0.0,0.0,381140.0,27027.0,75500.0,3000.0,0,0
9591,16000.0,0.08810000000000001,507.39,1,99999.0,1,1,n,12.28,0.0,4.0,12.0,0.0,7607.0,26.0,0,11940.12,11940.12,5058.24,5058.24,4059.88,998.36,0.0,0.0,0.0,507.39,0.0,1.0,1,0.0,0.0,19350.0,4.0,1.0,0.0,1.0,19.0,11743.0,59.0,4.0,5.0,3014.0,60.0,12500.0,1.0,1.0,7.0,6.0,1613.0,3893.0,66.1,0.0,0.0,108.0,161.0,5.0,5.0,0.0,5.0,2.0,2.0,6.0,6.0,8.0,14.0,6.0,11.0,20.0,6.0,12.0,0.0,0.0,0.0,4.0,92.3,37.5,0.0,0.0,32500.0,19350.0,11500.0,20000.0,0,0
65273,24000.0,0.0646,735.14,2,67000.0,0,1,n,24.38,0.0,1.0,7.0,0.0,8474.0,25.0,0,16518.66,16518.66,8813.07,8813.07,7481.34,1331.73,0.0,0.0,0.0,735.14,0.0,1.0,1,0.0,0.0,144933.0,1.0,3.0,0.0,2.0,21.0,38722.0,68.0,1.0,1.0,4892.0,68.0,12100.0,1.0,0.0,1.0,3.0,20705.0,1564.0,80.2,0.0,0.0,106.0,106.0,2.0,2.0,1.0,2.0,1.0,0.0,2.0,3.0,2.0,6.0,13.0,3.0,11.0,3.0,7.0,0.0,0.0,0.0,1.0,100.0,50.0,0.0,0.0,179404.0,47196.0,7900.0,57100.0,0,0
46552,14000.0,0.1171,309.38,2,75000.0,1,1,n,26.19,0.0,2.0,9.0,1.0,10621.0,20.0,0,12067.66,12067.66,3384.96,3384.96,1932.34,1452.62,0.0,0.0,0.0,309.38,0.0,1.0,1,0.0,0.0,71241.0,1.0,2.0,1.0,3.0,4.0,60620.0,31.0,0.0,2.0,4388.0,34.0,29800.0,9.0,7.0,16.0,5.0,7916.0,16819.0,31.4,0.0,0.0,59.0,72.0,13.0,4.0,1.0,13.0,2.0,0.0,4.0,5.0,5.0,5.0,10.0,7.0,9.0,5.0,9.0,0.0,0.0,0.0,1.0,100.0,0.0,1.0,0.0,97980.0,71241.0,24500.0,68180.0,0,0
20248,6300.0,0.0756,196.15,1,60000.0,0,1,n,22.9,0.0,0.0,13.0,0.0,3507.0,18.0,1,4707.09,4707.09,1956.21,1956.21,1592.91,363.3,0.0,0.0,0.0,196.15,0.0,1.0,1,0.0,0.0,176998.0,1.0,6.0,1.0,3.0,11.0,173491.0,112.0,1.0,1.0,2394.0,84.0,33400.0,2.0,1.0,1.0,4.0,13615.0,26193.0,11.8,0.0,0.0,161.0,154.0,5.0,5.0,0.0,5.0,11.0,0.0,3.0,3.0,6.0,6.0,11.0,7.0,7.0,3.0,13.0,0.0,0.0,0.0,2.0,100.0,0.0,0.0,0.0,172338.0,176998.0,29700.0,138938.0,0,0
27441,5300.0,0.1308,178.79,2,60000.0,0,1,n,32.75,0.0,0.0,11.0,0.0,22203.0,26.0,0,3893.8,3893.8,1958.99,1958.99,1406.2,552.79,0.0,0.0,0.0,178.79,0.0,1.0,1,0.0,0.0,144013.0,0.0,2.0,1.0,2.0,12.0,40983.0,60.0,0.0,0.0,10602.0,64.0,33700.0,1.0,1.0,2.0,2.0,13092.0,2091.0,89.4,0.0,0.0,76.0,304.0,37.0,12.0,4.0,38.0,1.0,1.0,5.0,6.0,5.0,8.0,8.0,8.0,14.0,6.0,11.0,0.0,0.0,0.0,1.0,92.0,60.0,0.0,0.0,194253.0,63186.0,19700.0,61353.0,0,0
31994,23000.0,0.124,516.29,2,93691.91,0,1,n,20.23,0.0,0.0,21.0,0.0,21385.0,61.0,0,0.0,0.0,24846.06,24846.06,23000.0,1846.06,0.0,0.0,0.0,22796.74,0.0,1.0,1,0.0,0.0,325726.0,2.0,3.0,2.0,5.0,2.0,103391.0,95.0,1.0,4.0,6973.0,43.0,98400.0,1.0,4.0,6.0,9.0,15511.0,64996.0,21.8,0.0,0.0,233.0,235.0,3.0,2.0,5.0,3.0,1.0,0.0,7.0,8.0,12.0,12.0,39.0,16.0,17.0,8.0,21.0,0.0,0.0,0.0,3.0,100.0,0.0,0.0,0.0,418935.0,124776.0,83100.0,105525.0,0,0
33099,12000.0,0.1612,292.59,2,125000.0,0,1,n,17.16,0.0,0.0,30.0,0.0,29749.0,42.0,0,10515.02,10515.02,3207.74,3207.74,1484.98,1722.76,0.0,0.0,0.0,292.59,0.0,1.0,1,0.0,0.0,392025.0,0.0,16.0,1.0,4.0,8.0,60309.0,83.0,0.0,5.0,11889.0,71.0,54000.0,1.0,0.0,4.0,10.0,13518.0,12852.0,65.8,0.0,0.0,145.0,138.0,16.0,8.0,2.0,17.0,1.0,0.0,4.0,5.0,7.0,9.0,23.0,13.0,17.0,5.0,30.0,0.0,0.0,0.0,2.0,100.0,57.1,0.0,0.0,431007.0,90058.0,37600.0,73007.0,0,0
31950,10625.0,0.08810000000000001,336.94,1,82000.0,0,1,n,13.78,0.0,0.0,8.0,0.0,7775.0,11.0,0,7669.82,7669.82,3701.14,3701.14,2955.18,745.96,0.0,0.0,0.0,336.94,0.0,1.0,1,0.0,287.0,28673.0,0.0,2.0,1.0,1.0,11.0,20898.0,59.0,1.0,4.0,6879.0,49.0,23200.0,1.0,0.0,1.0,5.0,3584.0,5221.0,56.9,0.0,0.0,37.0,310.0,10.0,10.0,0.0,10.0,11.0,0.0,1.0,3.0,2.0,3.0,2.0,6.0,9.0,3.0,8.0,0.0,0.0,0.0,2.0,81.8,0.0,0.0,0.0,58910.0,28673.0,12100.0,35710.0,0,0
28240,10625.0,0.2055,397.85,2,110000.0,0,1,n,37.12,1.0,1.0,14.0,0.0,53617.0,20.0,0,0.0,0.0,11768.05,11768.05,10625.0,1143.05,0.0,0.0,0.0,9803.06,0.0,1.0,1,0.0,0.0,340594.0,0.0,4.0,1.0,1.0,10.0,36970.0,42.0,2.0,3.0,33826.0,53.0,83700.0,2.0,0.0,2.0,4.0,24328.0,30083.0,64.1,0.0,0.0,168.0,276.0,10.0,10.0,5.0,10.0,0.0,1.0,5.0,5.0,8.0,8.0,6.0,8.0,9.0,5.0,14.0,0.0,0.0,0.0,3.0,90.0,12.5,0.0,0.0,521145.0,90587.0,83700.0,87345.0,0,0
20582,15000.0,0.1524,358.75,2,88300.0,0,1,n,17.11,0.0,0.0,18.0,0.0,15147.0,39.0,0,13027.13,13027.13,3920.85,3920.85,1972.87,1947.98,0.0,0.0,0.0,358.75,0.0,1.0,1,0.0,0.0,316950.0,0.0,3.0,0.0,0.0,30.0,134049.0,44.0,1.0,1.0,3008.0,50.0,28000.0,0.0,7.0,2.0,1.0,17608.0,5864.0,56.6,0.0,0.0,165.0,223.0,11.0,11.0,4.0,40.0,9.0,3.0,6.0,11.0,7.0,8.0,15.0,14.0,20.0,11.0,18.0,0.0,0.0,0.0,1.0,76.9,28.6,0.0,0.0,337202.0,149196.0,13500.0,127302.0,0,0
46586,17000.0,0.0819,346.25,1,100000.0,1,1,n,10.73,0.0,0.0,4.0,0.0,15755.0,8.0,0,14378.81,14378.81,3793.28,3793.28,2621.19,1172.09,0.0,0.0,0.0,0.0,0.0,1.0,1,0.0,0.0,24344.0,0.0,1.0,0.0,1.0,20.0,8589.0,52.0,0.0,0.0,7743.0,63.0,22200.0,1.0,0.0,1.0,1.0,6086.0,6445.0,71.0,0.0,0.0,53.0,95.0,44.0,20.0,0.0,44.0,12.0,1.0,3.0,3.0,3.0,4.0,2.0,3.0,6.0,3.0,4.0,0.0,0.0,0.0,0.0,87.5,33.3,0.0,0.0,38800.0,24344.0,22200.0,16600.0,0,0
3280,9600.0,0.0646,294.06,2,85000.0,1,1,n,17.03,0.0,1.0,23.0,0.0,5286.0,35.0,0,7116.63,7116.63,2933.71,2933.71,2483.37,450.34,0.0,0.0,0.0,294.06,0.0,1.0,1,0.0,0.0,296787.0,1.0,3.0,0.0,1.0,19.0,15404.0,32.0,3.0,5.0,1198.0,13.0,110700.0,0.0,0.0,2.0,6.0,12904.0,54699.0,4.7,0.0,0.0,113.0,354.0,3.0,3.0,2.0,3.0,1.0,0.0,6.0,12.0,10.0,15.0,6.0,19.0,27.0,12.0,23.0,0.0,0.0,0.0,3.0,100.0,0.0,0.0,0.0,446436.0,20690.0,57200.0,48588.0,0,0
77121,7000.0,0.0756,217.94,1,90000.0,0,1,n,13.36,0.0,1.0,9.0,0.0,0.0,20.0,0,4840.1,4840.1,2609.4,2609.4,2159.9,449.5,0.0,0.0,0.0,217.94,0.0,1.0,1,0.0,0.0,348030.0,2.0,3.0,2.0,2.0,4.0,348030.0,76.0,0.0,0.0,0.0,53.0,19300.0,1.0,0.0,1.0,2.0,38670.0,16300.0,0.0,0.0,0.0,147.0,140.0,88.0,4.0,0.0,88.0,5.0,0.0,0.0,0.0,5.0,6.0,12.0,6.0,8.0,0.0,9.0,0.0,0.0,0.0,2.0,100.0,0.0,0.0,0.0,372374.0,348030.0,16300.0,353074.0,0,0
17264,5000.0,0.1524,173.92,1,38000.0,1,1,n,36.13,1.0,1.0,11.0,0.0,3532.0,29.0,0,0.0,0.0,5229.36,5229.36,5000.0,229.36,0.0,0.0,0.0,116.15,0.0,1.0,1,0.0,0.0,18740.0,1.0,8.0,2.0,2.0,4.0,15208.0,41.0,0.0,0.0,1860.0,45.0,4800.0,2.0,7.0,2.0,2.0,1704.0,1268.0,73.6,0.0,0.0,165.0,165.0,38.0,4.0,0.0,38.0,4.0,0.0,3.0,3.0,3.0,7.0,16.0,3.0,13.0,3.0,10.0,0.0,0.0,0.0,2.0,82.8,66.7,0.0,0.0,41495.0,18740.0,4800.0,36695.0,0,0
68138,29775.0,0.1612,1048.57,1,159000.0,1,1,n,26.97,0.0,0.0,15.0,0.0,43269.0,23.0,0,21390.31,21390.31,12529.51,12529.51,8384.69,4144.82,0.0,0.0,0.0,1048.57,0.0,1.0,1,0.0,0.0,93242.0,0.0,4.0,1.0,1.0,7.0,49973.0,56.0,1.0,2.0,11611.0,62.0,62100.0,1.0,0.0,1.0,3.0,6216.0,10454.0,79.4,0.0,0.0,149.0,307.0,11.0,7.0,0.0,11.0,7.0,0.0,7.0,9.0,7.0,9.0,8.0,11.0,15.0,9.0,15.0,0.0,0.0,0.0,2.0,100.0,42.9,0.0,0.0,150986.0,93242.0,50800.0,88886.0,0,0
4543,21275.0,0.17739999999999995,537.25,1,94000.0,1,1,n,17.9,1.0,0.0,5.0,0.0,20619.0,19.0,0,18893.48,18893.48,5351.53,5351.53,2381.52,2970.01,0.0,0.0,0.0,537.25,0.0,1.0,1,0.0,0.0,37632.0,0.0,2.0,0.0,1.0,17.0,17013.0,47.0,0.0,0.0,9976.0,66.0,20800.0,0.0,0.0,0.0,1.0,7526.0,181.0,99.1,0.0,0.0,200.0,227.0,25.0,17.0,2.0,25.0,17.0,0.0,3.0,3.0,3.0,4.0,13.0,3.0,4.0,3.0,5.0,0.0,0.0,0.0,0.0,94.7,100.0,0.0,0.0,56707.0,37632.0,20800.0,35907.0,0,0
2207,10525.0,0.0756,327.69,2,80000.0,1,1,n,14.43,0.0,0.0,21.0,0.0,13413.0,32.0,0,8521.53,8521.53,2617.1,2617.1,2003.47,613.63,0.0,0.0,0.0,327.69,0.0,1.0,1,0.0,0.0,31395.0,1.0,1.0,1.0,2.0,1.0,17982.0,100.0,1.0,4.0,1439.0,34.0,75400.0,0.0,1.0,3.0,6.0,1495.0,35467.0,13.7,0.0,0.0,37.0,113.0,9.0,1.0,2.0,16.0,2.0,0.0,9.0,17.0,10.0,14.0,3.0,20.0,27.0,17.0,21.0,0.0,0.0,0.0,2.0,100.0,0.0,0.0,0.0,93382.0,31395.0,41100.0,17982.0,0,0
40992,27000.0,0.08810000000000001,557.99,1,160000.0,0,1,n,16.75,1.0,0.0,14.0,0.0,27997.0,23.0,0,22894.07,22894.07,6111.46,6111.46,4105.93,2005.53,0.0,0.0,0.0,557.99,0.0,1.0,1,0.0,0.0,70885.0,0.0,2.0,2.0,2.0,12.0,17217.0,68.0,1.0,2.0,15759.0,63.0,46700.0,0.0,0.0,4.0,4.0,5063.0,13868.0,65.7,0.0,0.0,141.0,555.0,11.0,11.0,0.0,30.0,12.0,0.0,5.0,8.0,7.0,9.0,5.0,11.0,17.0,8.0,14.0,0.0,0.0,0.0,3.0,95.7,42.9,0.0,0.0,110916.0,70885.0,40400.0,25302.0,0,0
60105,8275.0,0.0702,255.59,2,80000.0,0,1,n,25.89,1.0,0.0,11.0,0.0,822.0,21.0,0,6514.83,6514.83,2297.49,2297.49,1760.17,537.32,0.0,0.0,0.0,255.59,0.0,1.0,0,0.0,0.0,234703.0,0.0,6.0,1.0,2.0,11.0,61744.0,68.0,0.0,1.0,822.0,51.0,32900.0,5.0,4.0,7.0,4.0,21337.0,26178.0,3.0,0.0,0.0,150.0,301.0,17.0,9.0,4.0,17.0,10.0,0.0,1.0,1.0,2.0,4.0,9.0,4.0,8.0,1.0,10.0,0.0,0.0,0.0,2.0,95.2,0.0,0.0,0.0,297381.0,62566.0,27000.0,90687.0,0,0
77045,11000.0,0.08810000000000001,348.83,1,180000.0,1,1,n,9.48,0.0,0.0,10.0,0.0,16421.0,14.0,0,7650.01,7650.01,4175.19,4175.19,3349.99,825.2,0.0,0.0,0.0,348.83,0.0,1.0,1,0.0,0.0,39193.0,0.0,2.0,1.0,1.0,12.0,22772.0,72.0,1.0,2.0,5099.0,66.0,26400.0,0.0,0.0,1.0,3.0,3919.0,4294.0,73.8,0.0,0.0,66.0,58.0,11.0,11.0,0.0,16.0,11.0,0.0,5.0,8.0,5.0,6.0,4.0,8.0,10.0,8.0,10.0,0.0,0.0,0.0,2.0,100.0,40.0,0.0,0.0,78258.0,39193.0,16400.0,51858.0,0,0
31383,5000.0,0.17739999999999995,180.12,1,50000.0,1,1,n,9.1,1.0,1.0,10.0,0.0,3629.0,13.0,0,3743.0,3743.0,1976.39,1976.39,1257.0,719.39,0.0,0.0,0.0,180.12,0.0,1.0,1,0.0,0.0,6162.0,1.0,3.0,1.0,4.0,8.0,2533.0,50.0,3.0,5.0,1968.0,20.0,25300.0,1.0,0.0,2.0,9.0,616.0,12293.0,19.7,0.0,0.0,37.0,44.0,1.0,1.0,0.0,1.0,1.0,0.0,5.0,6.0,6.0,7.0,5.0,7.0,8.0,6.0,10.0,0.0,0.0,1.0,4.0,92.3,16.7,0.0,0.0,30386.0,6162.0,15300.0,5086.0,0,0
4019,30000.0,0.1171,992.28,1,66000.0,1,1,n,42.76,0.0,0.0,15.0,0.0,31230.0,21.0,0,22689.39,22689.39,9883.77,9883.77,7310.61,2573.16,0.0,0.0,0.0,992.28,0.0,1.0,0,0.0,0.0,53727.0,1.0,3.0,0.0,1.0,17.0,22497.0,35.0,1.0,1.0,11816.0,51.0,41800.0,0.0,0.0,1.0,2.0,3582.0,6738.0,80.2,0.0,0.0,189.0,265.0,1.0,1.0,0.0,1.0,0.0,0.0,7.0,11.0,7.0,7.0,9.0,11.0,12.0,11.0,15.0,0.0,0.0,0.0,1.0,100.0,85.7,0.0,0.0,106064.0,53727.0,34100.0,64264.0,0,0
72918,20000.0,0.0819,407.35,1,50000.0,1,1,n,18.03,0.0,0.0,10.0,0.0,15763.0,14.0,0,16579.88,16579.88,4922.4,4922.4,3420.12,1502.28,0.0,0.0,0.0,407.35,0.0,1.0,1,0.0,0.0,37830.0,1.0,1.0,1.0,1.0,3.0,22067.0,99.0,0.0,0.0,14507.0,60.0,40700.0,1.0,2.0,2.0,1.0,3783.0,11693.0,55.4,0.0,0.0,174.0,295.0,30.0,3.0,0.0,166.0,3.0,0.0,1.0,2.0,3.0,5.0,3.0,9.0,11.0,2.0,10.0,0.0,0.0,0.0,1.0,100.0,33.3,0.0,0.0,63006.0,37830.0,26200.0,22306.0,0,0
33100,30000.0,0.17739999999999995,1080.67,2,135000.0,1,1,n,20.75,0.0,1.0,34.0,0.0,33886.0,45.0,0,0.0,0.0,33428.8,33428.8,30000.0,3428.8,0.0,0.0,0.0,25893.68,0.0,1.0,1,0.0,0.0,190951.0,1.0,6.0,1.0,4.0,8.0,55830.0,81.0,5.0,13.0,6973.0,66.0,59400.0,4.0,3.0,7.0,19.0,5616.0,8747.0,69.8,0.0,0.0,252.0,51.0,3.0,3.0,2.0,7.0,3.0,0.0,9.0,16.0,12.0,12.0,13.0,26.0,30.0,16.0,34.0,0.0,0.0,0.0,6.0,100.0,58.3,0.0,0.0,233874.0,89716.0,29000.0,69475.0,0,0
73083,35000.0,0.1308,797.8,2,38000.0,0,1,n,17.56,0.0,1.0,5.0,0.0,6241.0,14.0,0,29851.36,29851.36,9548.17,9548.17,5148.64,4399.53,0.0,0.0,0.0,797.8,0.0,1.0,0,0.0,0.0,223782.0,0.0,1.0,0.0,2.0,15.0,16175.0,80.0,0.0,0.0,1413.0,68.0,12600.0,0.0,3.0,4.0,2.0,44756.0,1687.0,45.6,0.0,0.0,178.0,425.0,169.0,15.0,4.0,425.0,0.0,0.0,1.0,3.0,1.0,2.0,5.0,3.0,5.0,3.0,5.0,0.0,0.0,0.0,0.0,100.0,0.0,0.0,0.0,252841.0,22416.0,3100.0,20216.0,0,0
31250,3600.0,0.0819,113.13,2,170000.0,0,1,n,14.73,0.0,0.0,10.0,0.0,195612.0,12.0,0,2591.91,2591.91,1242.79,1242.79,1008.09,234.7,0.0,0.0,0.0,113.13,0.0,1.0,1,0.0,0.0,412169.0,0.0,3.0,0.0,2.0,17.0,35993.0,72.0,0.0,0.0,4239.0,70.0,213000.0,1.0,0.0,0.0,2.0,41217.0,5112.0,60.7,0.0,0.0,153.0,178.0,64.0,17.0,1.0,64.0,17.0,1.0,4.0,5.0,4.0,4.0,6.0,5.0,5.0,5.0,10.0,0.0,0.0,0.0,0.0,91.7,25.0,0.0,0.0,536848.0,231605.0,13000.0,49848.0,0,0
25491,8000.0,0.08810000000000001,253.7,2,53000.0,1,1,n,20.72,0.0,0.0,7.0,0.0,6486.0,11.0,0,5774.88,5774.88,2786.78,2786.78,2225.12,561.66,0.0,0.0,0.0,253.7,0.0,1.0,1,0.0,0.0,261956.0,0.0,2.0,0.0,1.0,18.0,13937.0,47.0,0.0,0.0,2970.0,54.0,8300.0,0.0,1.0,0.0,3.0,37422.0,214.0,96.0,0.0,0.0,66.0,168.0,43.0,18.0,2.0,43.0,18.0,1.0,3.0,4.0,3.0,4.0,3.0,4.0,6.0,4.0,7.0,0.0,0.0,0.0,0.0,90.9,100.0,0.0,0.0,289115.0,20423.0,5300.0,29583.0,0,0
15856,21275.0,0.1171,703.7,2,100000.0,1,1,n,24.19,0.0,0.0,13.0,0.0,29586.0,18.0,0,16090.47,16090.47,7009.32,7009.32,5184.53,1824.79,0.0,0.0,0.0,703.7,0.0,1.0,1,0.0,0.0,348477.0,2.0,1.0,1.0,1.0,5.0,20719.0,56.0,3.0,5.0,8870.0,37.0,98100.0,0.0,0.0,2.0,7.0,26806.0,57979.0,30.3,0.0,0.0,65.0,69.0,6.0,5.0,1.0,6.0,5.0,0.0,7.0,8.0,8.0,8.0,4.0,10.0,13.0,8.0,13.0,0.0,0.0,0.0,4.0,100.0,12.5,0.0,0.0,445316.0,50305.0,83200.0,37039.0,0,0
52437,30000.0,0.0646,918.93,2,105231.0,0,1,n,20.24,0.0,0.0,8.0,0.0,33367.0,15.0,0,20636.83,20636.83,11016.39,11016.39,9363.17,1653.22,0.0,0.0,0.0,918.93,0.0,1.0,1,0.0,0.0,64559.0,0.0,2.0,0.0,0.0,34.0,14960.0,25.0,0.0,0.0,9520.0,36.0,76700.0,0.0,1.0,0.0,0.0,8070.0,40949.0,35.0,0.0,0.0,225.0,346.0,99.0,34.0,1.0,99.0,14.0,0.0,4.0,5.0,4.0,4.0,5.0,5.0,9.0,5.0,8.0,0.0,0.0,0.0,0.0,100.0,25.0,0.0,0.0,181995.0,48327.0,63000.0,58995.0,0,0
13975,6000.0,0.0646,183.79,2,74500.0,1,1,n,8.36,0.0,0.0,6.0,0.0,6230.0,13.0,0,4447.87,4447.87,1833.59,1833.59,1552.13,281.46,0.0,0.0,0.0,183.79,0.0,1.0,1,0.0,0.0,11085.0,0.0,2.0,0.0,1.0,19.0,4855.0,42.0,0.0,0.0,3405.0,23.0,37700.0,1.0,0.0,0.0,1.0,1848.0,31470.0,16.5,0.0,0.0,149.0,443.0,29.0,19.0,0.0,29.0,19.0,0.0,4.0,4.0,4.0,5.0,5.0,4.0,8.0,4.0,6.0,0.0,0.0,0.0,0.0,100.0,0.0,0.0,0.0,49150.0,11085.0,37700.0,11450.0,0,0
15548,4000.0,0.1102,131.0,2,60000.0,1,1,n,14.0,1.0,1.0,8.0,0.0,14815.0,25.0,0,3017.41,3017.41,1305.1,1305.1,982.59,322.51,0.0,0.0,0.0,131.0,0.0,1.0,1,0.0,0.0,184310.0,1.0,2.0,1.0,4.0,2.0,21303.0,84.0,1.0,1.0,7122.0,62.0,33100.0,0.0,9.0,2.0,6.0,23039.0,7437.0,57.0,0.0,0.0,139.0,119.0,10.0,2.0,2.0,10.0,1.0,0.0,2.0,5.0,2.0,6.0,12.0,5.0,11.0,5.0,8.0,0.0,0.0,0.0,2.0,92.0,0.0,0.0,0.0,209853.0,36118.0,17300.0,25400.0,0,0
52519,17350.0,0.0819,353.38,1,97000.0,1,1,n,21.93,0.0,0.0,11.0,0.0,11557.0,19.0,0,0.0,0.0,17903.11,17903.11,17350.0,553.11,0.0,0.0,0.0,16850.86,0.0,1.0,1,0.0,0.0,46294.0,0.0,4.0,0.0,2.0,14.0,34737.0,45.0,0.0,0.0,4326.0,40.0,39100.0,1.0,1.0,0.0,2.0,4209.0,27543.0,29.6,0.0,0.0,62.0,122.0,37.0,14.0,0.0,37.0,14.0,0.0,7.0,7.0,7.0,9.0,8.0,7.0,11.0,7.0,11.0,0.0,0.0,0.0,0.0,100.0,0.0,0.0,0.0,115581.0,46294.0,39100.0,76481.0,0,0
41897,12750.0,0.2055,341.72,1,65000.0,1,1,n,17.41,0.0,2.0,12.0,0.0,1761.0,33.0,0,12166.09,12166.09,3046.37,3046.37,583.91,2462.46,0.0,0.0,0.0,341.72,0.0,1.0,1,0.0,0.0,41480.0,1.0,4.0,2.0,2.0,3.0,39719.0,92.0,0.0,0.0,630.0,72.0,14200.0,1.0,1.0,4.0,2.0,3457.0,9270.0,6.4,0.0,0.0,148.0,172.0,35.0,3.0,0.0,35.0,0.0,0.0,1.0,4.0,3.0,5.0,14.0,8.0,19.0,4.0,12.0,0.0,0.0,0.0,2.0,93.9,0.0,0.0,0.0,57574.0,41480.0,9900.0,43374.0,0,0
54615,5725.0,0.2305,221.77,2,55000.0,1,1,n,20.45,0.0,3.0,14.0,0.0,15782.0,56.0,0,4232.16,4232.16,2646.58,2646.58,1492.84,1153.74,0.0,0.0,0.0,221.77,0.0,1.0,1,0.0,0.0,230905.0,5.0,2.0,1.0,2.0,6.0,94200.0,96.0,4.0,8.0,8577.0,69.0,27200.0,2.0,0.0,5.0,13.0,16493.0,8606.0,60.5,0.0,0.0,150.0,194.0,0.0,0.0,3.0,4.0,1.0,2.0,5.0,9.0,5.0,7.0,36.0,11.0,17.0,9.0,14.0,0.0,0.0,0.0,6.0,92.6,40.0,0.0,0.0,229385.0,109982.0,21800.0,79685.0,0,0
19234,15000.0,0.2565,446.01,2,132000.0,1,1,n,25.53,0.0,0.0,18.0,0.0,39866.0,31.0,1,0.0,0.0,17137.49002772,17137.49,15000.0,2137.49,0.0,0.0,0.0,15820.84,0.0,1.0,1,0.0,0.0,374019.0,2.0,5.0,4.0,4.0,4.0,47373.0,62.0,1.0,1.0,4251.0,68.0,52500.0,2.0,3.0,4.0,7.0,20779.0,2348.0,78.3,0.0,0.0,135.0,127.0,8.0,4.0,2.0,63.0,8.0,0.0,3.0,9.0,4.0,4.0,11.0,12.0,18.0,9.0,18.0,0.0,0.0,0.0,6.0,90.3,75.0,0.0,0.0,416904.0,87239.0,10800.0,76812.0,0,0
10691,16975.0,0.1171,561.47,1,50000.0,0,1,n,25.97,0.0,0.0,10.0,0.0,8462.0,20.0,0,12838.36,12838.36,5603.66,5603.66,4136.64,1467.02,0.0,0.0,0.0,561.47,0.0,1.0,1,0.0,0.0,17074.0,1.0,1.0,0.0,1.0,19.0,8612.0,57.0,1.0,2.0,2432.0,55.0,16000.0,0.0,0.0,3.0,3.0,1707.0,4171.0,55.2,0.0,0.0,19.0,112.0,3.0,3.0,0.0,3.0,8.0,0.0,4.0,6.0,6.0,13.0,1.0,9.0,18.0,6.0,10.0,0.0,0.0,0.0,1.0,100.0,33.3,0.0,0.0,31000.0,17074.0,9300.0,15000.0,0,0
71997,28075.0,0.1862,1023.74,2,150000.0,0,1,n,26.13,1.0,0.0,20.0,0.0,31516.0,31.0,0,20383.13,20383.13,12226.8,12226.8,7691.87,4534.93,0.0,0.0,0.0,1023.74,0.0,1.0,1,0.0,0.0,67444.0,0.0,3.0,0.0,1.0,13.0,26879.0,42.0,0.0,3.0,11430.0,47.0,59800.0,1.0,1.0,0.0,4.0,3372.0,23252.0,57.3,0.0,0.0,156.0,183.0,13.0,13.0,1.0,13.0,13.0,0.0,11.0,12.0,12.0,12.0,12.0,15.0,16.0,12.0,20.0,0.0,0.0,0.0,0.0,90.3,16.7,0.0,0.0,143062.0,67444.0,54500.0,64613.0,0,0
14344,12000.0,0.28800000000000003,501.57,1,110000.0,1,1,n,19.92,4.0,0.0,14.0,0.0,8443.0,22.0,0,9618.24,9618.24,4977.3,4977.3,2381.76,2595.54,0.0,0.0,0.0,501.57,1.0,1.0,1,0.0,7926.0,54834.0,0.0,4.0,0.0,0.0,39.0,46391.0,51.0,1.0,1.0,1026.0,47.0,25800.0,0.0,3.0,1.0,1.0,3917.0,11723.0,11.9,0.0,0.0,147.0,190.0,12.0,12.0,0.0,12.0,12.0,2.0,3.0,6.0,7.0,10.0,9.0,10.0,13.0,6.0,14.0,0.0,0.0,3.0,1.0,81.8,0.0,0.0,0.0,117751.0,54834.0,13300.0,91951.0,0,0
8574,40000.0,0.1612,975.28,2,225000.0,0,1,n,37.89,0.0,0.0,16.0,0.0,72776.0,22.0,0,35447.07,35447.07,9681.16,9681.16,4552.93,5128.23,0.0,0.0,0.0,975.28,0.0,1.0,1,0.0,0.0,465100.0,0.0,7.0,0.0,2.0,19.0,103382.0,47.0,0.0,0.0,24320.0,72.0,78000.0,1.0,2.0,0.0,2.0,29069.0,5224.0,93.3,0.0,0.0,180.0,241.0,26.0,19.0,1.0,26.0,23.0,0.0,7.0,7.0,7.0,8.0,11.0,7.0,9.0,7.0,16.0,0.0,0.0,0.0,0.0,100.0,85.7,0.0,0.0,666797.0,210407.0,78000.0,240880.0,0,0
3367,25000.0,0.2565,1002.62,1,45000.0,1,1,n,34.56,0.0,0.0,13.0,0.0,24899.0,18.0,0,19840.5,19840.5,9954.95,9954.95,5159.5,4795.45,0.0,0.0,0.0,1002.62,0.0,1.0,1,0.0,0.0,39112.0,0.0,2.0,1.0,1.0,8.0,14213.0,49.0,0.0,0.0,5057.0,61.0,34900.0,1.0,3.0,1.0,1.0,3259.0,8684.0,67.4,0.0,0.0,74.0,183.0,34.0,8.0,0.0,34.0,8.0,0.0,6.0,7.0,9.0,10.0,5.0,11.0,13.0,7.0,13.0,0.0,0.0,0.0,1.0,100.0,62.5,0.0,0.0,64106.0,39112.0,26600.0,29206.0,0,0
39611,12000.0,0.0819,244.41,1,33000.0,1,1,n,13.53,0.0,0.0,3.0,0.0,11288.0,8.0,0,10150.12,10150.12,2683.05,2683.05,1849.88,833.17,0.0,0.0,0.0,244.41,0.0,1.0,1,0.0,0.0,15236.0,1.0,1.0,0.0,1.0,20.0,3948.0,71.0,1.0,1.0,9971.0,66.0,17600.0,0.0,0.0,0.0,2.0,5079.0,2029.0,83.1,0.0,0.0,149.0,114.0,4.0,4.0,3.0,114.0,20.0,0.0,1.0,2.0,1.0,1.0,2.0,2.0,3.0,2.0,3.0,0.0,0.0,0.0,1.0,100.0,100.0,0.0,0.0,23150.0,15236.0,12000.0,5550.0,0,0
26955,29775.0,0.1308,678.7,3,65000.0,0,1,n,23.97,0.0,0.0,10.0,0.0,11854.0,25.0,0,25659.91,25659.91,7422.43,7422.43,4115.09,3307.34,0.0,0.0,0.0,678.7,0.0,1.0,1,0.0,0.0,41222.0,0.0,3.0,1.0,2.0,7.0,29368.0,63.0,0.0,1.0,4546.0,60.0,22400.0,1.0,1.0,2.0,3.0,4580.0,3854.0,54.1,0.0,0.0,164.0,199.0,13.0,7.0,3.0,66.0,12.0,0.0,1.0,4.0,2.0,3.0,13.0,7.0,9.0,4.0,10.0,0.0,0.0,0.0,1.0,96.0,50.0,0.0,0.0,68721.0,41222.0,8400.0,46321.0,0,0
3512,13825.0,0.17739999999999995,349.12,2,60000.0,0,1,n,20.18,0.0,1.0,8.0,0.0,38618.0,27.0,0,0.0,0.0,14692.98,14692.98,13825.0,867.98,0.0,0.0,0.0,11822.87,0.0,1.0,1,0.0,0.0,201579.0,2.0,2.0,4.0,6.0,2.0,14341.0,62.0,1.0,1.0,18913.0,62.0,62800.0,6.0,5.0,4.0,7.0,25197.0,6331.0,84.2,0.0,0.0,102.0,247.0,2.0,2.0,1.0,87.0,2.0,0.0,2.0,4.0,2.0,5.0,13.0,5.0,13.0,4.0,8.0,0.0,0.0,0.0,5.0,100.0,100.0,0.0,0.0,251138.0,52959.0,40000.0,23119.0,0,0
5957,20200.0,0.08810000000000001,640.57,1,65000.0,1,1,n,29.8,0.0,1.0,8.0,0.0,6326.0,17.0,0,15111.46,15111.46,6395.81,6395.81,5088.54,1307.27,0.0,0.0,0.0,640.57,0.0,1.0,1,0.0,0.0,80305.0,1.0,5.0,2.0,2.0,8.0,73979.0,60.0,1.0,1.0,2336.0,54.0,17500.0,2.0,0.0,3.0,3.0,10038.0,11022.0,21.3,0.0,0.0,165.0,173.0,4.0,4.0,0.0,4.0,4.0,0.0,2.0,3.0,2.0,3.0,11.0,3.0,6.0,3.0,8.0,0.0,0.0,0.0,3.0,100.0,0.0,0.0,0.0,108423.0,80305.0,14000.0,90923.0,0,0
21663,10000.0,0.0646,306.31,3,53000.0,1,1,n,28.99,0.0,2.0,8.0,0.0,8715.0,37.0,0,7148.68,7148.68,3362.23,3362.23,2851.32,510.91,0.0,0.0,0.0,306.31,0.0,1.0,1,0.0,0.0,277770.0,2.0,4.0,2.0,2.0,5.0,269055.0,88.0,1.0,1.0,5347.0,68.0,22500.0,1.0,1.0,5.0,3.0,34721.0,13785.0,38.7,0.0,0.0,242.0,233.0,3.0,3.0,3.0,3.0,1.0,3.0,4.0,4.0,4.0,11.0,19.0,4.0,14.0,4.0,8.0,0.0,0.0,0.0,3.0,91.4,0.0,0.0,0.0,367452.0,277770.0,22500.0,344952.0,0,0
32561,21000.0,0.2305,813.46,2,105000.0,0,1,n,30.22,0.0,1.0,15.0,0.0,36541.0,25.0,0,16029.88,16029.88,8921.17,8921.17,4970.12,3951.05,0.0,0.0,0.0,813.46,0.0,1.0,1,0.0,0.0,446014.0,2.0,3.0,2.0,3.0,2.0,40134.0,74.0,1.0,2.0,7662.0,78.0,44200.0,3.0,0.0,2.0,5.0,29734.0,5812.0,85.9,0.0,0.0,252.0,83.0,5.0,2.0,2.0,5.0,2.0,0.0,8.0,9.0,10.0,11.0,9.0,11.0,13.0,9.0,15.0,0.0,0.0,0.0,3.0,100.0,70.0,0.0,0.0,488574.0,76675.0,41200.0,54374.0,0,0
35430,20000.0,0.2055,536.02,2,85000.0,1,1,n,12.68,0.0,0.0,9.0,0.0,10501.0,11.0,0,17679.32,17679.32,5873.39,5873.39,2320.68,3552.71,0.0,0.0,0.0,536.02,0.0,1.0,1,0.0,0.0,157851.0,0.0,2.0,1.0,2.0,8.0,16778.0,79.0,0.0,4.0,8619.0,80.0,12800.0,2.0,0.0,1.0,6.0,17539.0,896.0,92.0,0.0,0.0,30.0,253.0,16.0,8.0,2.0,16.0,8.0,1.0,4.0,5.0,4.0,4.0,3.0,6.0,6.0,5.0,9.0,0.0,0.0,0.0,1.0,81.8,25.0,0.0,0.0,167381.0,27279.0,11200.0,21144.0,0,0
6333,12000.0,0.0819,244.41,2,47000.0,0,1,n,11.16,0.0,0.0,13.0,0.0,12314.0,14.0,0,7379.79,7379.79,5193.64,5193.64,4620.21,573.43,0.0,0.0,0.0,244.41,0.0,1.0,1,0.0,0.0,234854.0,1.0,8.0,0.0,0.0,30.0,30390.0,101.0,2.0,3.0,4421.0,77.0,25700.0,0.0,0.0,1.0,4.0,18066.0,13386.0,47.9,0.0,0.0,68.0,57.0,6.0,6.0,1.0,6.0,11.0,0.0,4.0,4.0,4.0,4.0,9.0,4.0,4.0,4.0,13.0,0.0,0.0,0.0,3.0,100.0,25.0,0.0,0.0,249700.0,42704.0,25700.0,30000.0,0,0
11423,10000.0,0.2055,374.45,2,34000.0,0,1,n,18.74,0.0,0.0,12.0,0.0,2845.0,22.0,0,7264.32,7264.32,4233.08,4233.08,2735.68,1497.4,0.0,0.0,0.0,374.45,0.0,1.0,1,0.0,0.0,13521.0,2.0,8.0,0.0,0.0,63.0,10676.0,63.0,2.0,3.0,2260.0,61.0,5400.0,0.0,0.0,0.0,3.0,1127.0,1955.0,59.3,0.0,0.0,209.0,197.0,5.0,5.0,0.0,5.0,17.0,0.0,2.0,2.0,3.0,7.0,12.0,4.0,10.0,2.0,12.0,0.0,0.0,0.0,2.0,57.1,33.3,0.0,0.0,22228.0,13521.0,4800.0,16828.0,0,0
28254,40000.0,0.08810000000000001,1268.46,2,100000.0,0,1,n,39.01,0.0,0.0,11.0,0.0,41517.0,30.0,0,30028.18,30028.18,12645.44,12645.44,9971.82,2673.62,0.0,0.0,0.0,1268.46,0.0,1.0,1,0.0,0.0,168117.0,0.0,4.0,1.0,2.0,8.0,73908.0,53.0,0.0,1.0,16168.0,66.0,49100.0,2.0,1.0,3.0,3.0,15283.0,4703.0,89.0,0.0,0.0,128.0,136.0,15.0,8.0,7.0,15.0,8.0,1.0,4.0,5.0,4.0,4.0,16.0,6.0,6.0,5.0,11.0,0.0,0.0,0.0,1.0,90.0,100.0,0.0,0.0,242447.0,115425.0,42600.0,109347.0,0,0
40195,13000.0,0.14300000000000002,446.21,2,26000.0,1,1,n,38.97,0.0,0.0,5.0,0.0,22206.0,8.0,0,9597.86,9597.86,4887.65,4887.65,3402.14,1485.51,0.0,0.0,0.0,446.21,0.0,1.0,1,0.0,0.0,27074.0,1.0,1.0,1.0,1.0,10.0,4868.0,77.0,1.0,1.0,10495.0,92.0,23000.0,1.0,2.0,2.0,2.0,5415.0,305.0,97.2,0.0,0.0,10.0,401.0,3.0,3.0,1.0,401.0,10.0,0.0,1.0,3.0,1.0,2.0,1.0,4.0,6.0,3.0,5.0,0.0,0.0,0.0,2.0,87.5,100.0,0.0,0.0,29367.0,27074.0,10800.0,6367.0,0,0
36403,24000.0,0.2565,713.61,2,72000.0,1,1,n,22.15,0.0,0.0,12.0,0.0,25813.0,23.0,0,0.0,0.0,29585.86,29585.86,24000.0,5585.86,0.0,0.0,0.0,24624.79,0.0,1.0,1,0.0,0.0,188043.0,0.0,5.0,1.0,2.0,8.0,35507.0,75.0,1.0,1.0,6317.0,77.0,32800.0,0.0,4.0,1.0,4.0,15670.0,117.0,99.3,0.0,0.0,172.0,177.0,12.0,8.0,2.0,41.0,10.0,0.0,3.0,4.0,3.0,8.0,9.0,6.0,12.0,4.0,12.0,0.0,0.0,0.0,3.0,100.0,100.0,0.0,0.0,208036.0,61320.0,16000.0,47236.0,0,0
12960,8000.0,0.1612,281.74,1,85000.0,1,1,n,2.96,0.0,2.0,14.0,0.0,6236.0,18.0,0,5981.75,5981.75,2960.24,2960.24,2018.25,941.99,0.0,0.0,0.0,281.74,0.0,1.0,1,0.0,0.0,195196.0,2.0,6.0,0.0,0.0,33.0,188960.0,136.0,3.0,4.0,2205.0,86.0,25400.0,0.0,0.0,2.0,4.0,13943.0,17654.0,22.9,0.0,0.0,139.0,131.0,2.0,2.0,0.0,2.0,2.0,0.0,4.0,5.0,6.0,6.0,10.0,8.0,8.0,5.0,14.0,0.0,0.0,0.0,3.0,88.2,33.3,0.0,0.0,179398.0,195196.0,22900.0,153998.0,0,0
49181,10000.0,0.2305,387.36,1,73000.0,1,1,n,28.64,0.0,4.0,16.0,0.0,24235.0,50.0,0,7632.99,7632.99,4235.35,4235.35,2367.01,1868.34,0.0,0.0,0.0,0.0,0.0,1.0,1,0.0,0.0,70989.0,3.0,2.0,2.0,2.0,7.0,46754.0,76.0,6.0,10.0,5227.0,59.0,43500.0,2.0,6.0,6.0,12.0,4437.0,4651.0,73.9,0.0,0.0,159.0,275.0,0.0,0.0,0.0,0.0,0.0,0.0,7.0,12.0,7.0,21.0,8.0,14.0,42.0,12.0,16.0,0.0,0.0,0.0,8.0,76.0,57.1,0.0,0.0,94746.0,70989.0,17800.0,51246.0,0,0
53517,13000.0,0.1524,452.18,1,65000.0,1,1,n,27.2,0.0,0.0,6.0,0.0,14031.0,8.0,0,0.0,0.0,14622.43,14622.43,13000.0,1622.43,0.0,0.0,0.0,10122.64,0.0,1.0,1,0.0,0.0,38689.0,1.0,3.0,1.0,2.0,10.0,24658.0,81.0,1.0,1.0,7494.0,75.0,20400.0,1.0,0.0,1.0,3.0,6448.0,45.0,99.6,0.0,0.0,58.0,60.0,5.0,5.0,0.0,49.0,10.0,0.0,2.0,3.0,2.0,2.0,4.0,3.0,4.0,3.0,6.0,0.0,0.0,0.0,2.0,100.0,100.0,0.0,0.0,78487.0,38689.0,12000.0,58087.0,0,0
49481,20000.0,0.17739999999999995,720.45,2,146000.0,1,1,n,18.27,1.0,1.0,11.0,0.0,34826.0,17.0,0,0.0,0.0,22285.87,22285.87,20000.0,2285.87,0.0,0.0,0.0,17262.43,0.0,1.0,1,0.0,0.0,342286.0,1.0,5.0,2.0,3.0,9.0,41274.0,66.0,2.0,2.0,23829.0,64.0,55400.0,1.0,0.0,1.0,5.0,34229.0,15849.0,67.0,0.0,0.0,236.0,301.0,1.0,1.0,1.0,1.0,0.0,0.0,3.0,4.0,3.0,4.0,10.0,5.0,6.0,4.0,11.0,0.0,0.0,0.0,4.0,93.8,33.3,0.0,0.0,404421.0,76100.0,48000.0,63001.0,0,0
19255,14400.0,0.08810000000000001,456.65,1,50000.0,1,1,n,30.63,0.0,0.0,7.0,0.0,9465.0,8.0,0,13462.54,13462.54,2030.99,2030.99,937.46,1093.53,0.0,0.0,0.0,456.65,0.0,1.0,1,0.0,0.0,37647.0,1.0,2.0,1.0,2.0,3.0,28182.0,81.0,0.0,1.0,3365.0,49.0,42300.0,3.0,0.0,3.0,3.0,5378.0,32835.0,22.4,0.0,0.0,18.0,96.0,20.0,3.0,0.0,20.0,3.0,0.0,5.0,5.0,5.0,6.0,2.0,5.0,6.0,5.0,7.0,0.0,0.0,0.0,1.0,87.5,0.0,0.0,0.0,77284.0,37647.0,42300.0,34984.0,0,0
51021,1500.0,0.1102,49.13,1,62300.0,1,1,n,20.5,0.0,3.0,6.0,0.0,907.0,20.0,0,1053.64,1053.64,588.64,588.64,446.36,142.28,0.0,0.0,0.0,49.13,0.0,1.0,1,0.0,0.0,10031.0,2.0,4.0,2.0,3.0,2.0,9124.0,69.0,0.0,0.0,907.0,67.0,1800.0,3.0,0.0,3.0,3.0,2006.0,893.0,50.4,0.0,0.0,48.0,406.0,52.0,2.0,0.0,163.0,1.0,0.0,1.0,1.0,2.0,9.0,4.0,2.0,16.0,1.0,6.0,0.0,0.0,0.0,2.0,100.0,0.0,0.0,0.0,15050.0,10031.0,1800.0,13250.0,0,0
29525,10000.0,0.1612,352.17,1,40000.0,0,1,n,37.14,0.0,0.0,17.0,0.0,19191.0,20.0,0,7449.95,7449.95,3864.91,3864.91,2550.05,1314.86,0.0,0.0,0.0,352.17,0.0,1.0,1,0.0,0.0,78674.0,1.0,12.0,2.0,2.0,6.0,59483.0,82.0,1.0,2.0,12991.0,67.0,44500.0,1.0,0.0,1.0,4.0,4628.0,10740.0,61.2,0.0,0.0,102.0,78.0,8.0,6.0,0.0,19.0,10.0,0.0,3.0,5.0,3.0,3.0,14.0,5.0,6.0,5.0,17.0,0.0,0.0,0.0,3.0,100.0,0.0,0.0,0.0,117345.0,78674.0,27700.0,72845.0,0,0
756,30000.0,0.0819,611.03,2,170000.0,1,1,n,7.5,0.0,0.0,9.0,0.0,12091.0,24.0,0,26242.05,26242.05,5485.62,5485.62,3757.95,1727.67,0.0,0.0,0.0,0.0,0.0,1.0,1,0.0,0.0,440565.0,0.0,2.0,0.0,2.0,22.0,33395.0,71.0,0.0,0.0,6725.0,38.0,40000.0,3.0,1.0,3.0,5.0,48952.0,19232.0,28.8,0.0,0.0,218.0,235.0,32.0,11.0,8.0,200.0,11.0,0.0,2.0,4.0,3.0,4.0,8.0,5.0,7.0,4.0,9.0,0.0,0.0,0.0,1.0,95.8,0.0,0.0,0.0,486541.0,45486.0,27000.0,46485.0,0,0
16960,25000.0,0.1102,543.81,2,47476.0,0,1,n,32.79,0.0,0.0,11.0,0.0,27798.0,21.0,0,21724.65,21724.65,5422.79,5422.79,3275.35,2147.44,0.0,0.0,0.0,543.81,0.0,1.0,0,0.0,0.0,185940.0,0.0,1.0,0.0,1.0,14.0,17151.0,69.0,1.0,5.0,3733.0,57.0,53300.0,1.0,3.0,0.0,6.0,16904.0,15464.0,31.9,0.0,0.0,263.0,172.0,8.0,8.0,2.0,8.0,14.0,0.0,3.0,4.0,5.0,6.0,8.0,9.0,11.0,4.0,11.0,0.0,0.0,0.0,1.0,95.2,20.0,0.0,0.0,234515.0,44949.0,22700.0,25000.0,0,0
17321,10000.0,0.1308,227.95,3,16000.0,1,1,n,18.68,0.0,0.0,5.0,0.0,3485.0,7.0,0,8530.32,8530.32,2472.23,2472.23,1469.68,1002.55,0.0,0.0,0.0,227.95,0.0,1.0,0,0.0,52.0,6489.0,0.0,1.0,1.0,1.0,7.0,3004.0,86.0,1.0,1.0,2786.0,31.0,17700.0,0.0,0.0,1.0,2.0,1298.0,13401.0,17.3,0.0,0.0,38.0,55.0,7.0,7.0,0.0,7.0,7.0,0.0,2.0,3.0,3.0,3.0,2.0,4.0,5.0,3.0,5.0,0.0,0.0,0.0,2.0,100.0,0.0,0.0,0.0,21212.0,6489.0,16200.0,3512.0,0,0
18851,35000.0,0.124,785.65,1,165000.0,1,1,n,14.3,0.0,0.0,10.0,0.0,39255.0,21.0,0,30742.62,30742.62,7832.39,7832.39,4257.38,3575.01,0.0,0.0,0.0,785.65,0.0,1.0,1,0.0,0.0,59583.0,0.0,2.0,0.0,1.0,16.0,20328.0,45.0,0.0,0.0,19782.0,62.0,50800.0,0.0,0.0,0.0,1.0,5958.0,1545.0,96.2,0.0,0.0,182.0,247.0,43.0,16.0,0.0,43.0,16.0,0.0,5.0,5.0,6.0,7.0,8.0,8.0,13.0,5.0,10.0,0.0,0.0,0.0,0.0,100.0,66.7,0.0,0.0,95805.0,59583.0,40800.0,45005.0,0,0
54984,10000.0,0.2305,282.2,1,50000.0,1,1,n,16.61,1.0,1.0,18.0,0.0,9772.0,21.0,0,6996.71,6996.71,5160.79,5160.79,3003.29,2157.5,0.0,0.0,0.0,2082.2,0.0,1.0,1,0.0,0.0,78543.0,1.0,13.0,1.0,1.0,5.0,68771.0,86.0,0.0,0.0,3943.0,84.0,13300.0,0.0,0.0,1.0,1.0,4364.0,2095.0,81.0,0.0,0.0,60.0,76.0,46.0,5.0,0.0,46.0,0.0,0.0,3.0,5.0,3.0,3.0,15.0,5.0,6.0,5.0,18.0,0.0,0.0,0.0,1.0,95.2,66.7,0.0,0.0,93449.0,78543.0,11000.0,80149.0,0,0
18928,1200.0,0.0819,37.71,1,72000.0,1,1,n,6.67,0.0,0.0,6.0,0.0,783.0,10.0,0,895.57,895.57,376.55,376.55,304.43,72.12,0.0,0.0,0.0,37.71,0.0,1.0,1,0.0,0.0,19038.0,0.0,1.0,1.0,1.0,10.0,18255.0,86.0,0.0,1.0,783.0,28.0,47000.0,1.0,0.0,2.0,2.0,3173.0,43117.0,1.8,0.0,0.0,98.0,84.0,21.0,10.0,0.0,39.0,10.0,0.0,1.0,1.0,4.0,5.0,4.0,5.0,6.0,1.0,6.0,0.0,0.0,0.0,1.0,100.0,0.0,0.0,0.0,68203.0,19038.0,43900.0,21203.0,0,0
51182,25000.0,0.0819,509.19,2,90000.0,0,1,n,13.27,0.0,2.0,16.0,0.0,29792.0,33.0,0,12095.42,12095.42,14348.9,14348.9,12904.58,1444.32,0.0,0.0,0.0,509.19,0.0,1.0,1,0.0,0.0,342606.0,2.0,1.0,0.0,1.0,15.0,4622.0,30.0,3.0,5.0,19540.0,17.0,191500.0,0.0,2.0,4.0,7.0,21413.0,153943.0,16.0,0.0,0.0,119.0,276.0,5.0,5.0,5.0,6.0,5.0,0.0,11.0,13.0,12.0,16.0,5.0,14.0,23.0,13.0,16.0,0.0,0.0,0.0,4.0,100.0,0.0,0.0,0.0,518015.0,34414.0,183300.0,15517.0,0,0
21555,19000.0,0.0646,581.99,2,60000.0,1,1,n,10.26,0.0,1.0,3.0,0.0,19764.0,6.0,0,13578.87,13578.87,6388.25,6388.25,5421.13,967.12,0.0,0.0,0.0,581.99,0.0,1.0,1,0.0,128.0,84598.0,0.0,1.0,0.0,0.0,83.0,7411.0,52.0,0.0,0.0,19764.0,77.0,21000.0,0.0,0.0,1.0,0.0,28199.0,1236.0,94.1,0.0,0.0,91.0,42.0,30.0,30.0,1.0,30.0,1.0,0.0,1.0,1.0,1.0,2.0,3.0,1.0,2.0,1.0,3.0,0.0,0.0,0.0,0.0,83.3,100.0,0.0,0.0,117356.0,27175.0,21000.0,14256.0,0,0
51381,13000.0,0.1524,310.91,1,20000.0,0,1,n,65.19,0.0,0.0,14.0,0.0,5810.0,16.0,0,11122.74,11122.74,3719.91,3719.91,1877.26,1842.65,0.0,0.0,0.0,310.91,0.0,1.0,0,0.0,689.0,74488.0,0.0,11.0,1.0,2.0,8.0,68678.0,99.0,0.0,0.0,4944.0,98.0,6200.0,4.0,0.0,1.0,2.0,5730.0,56.0,98.9,0.0,0.0,99.0,66.0,28.0,8.0,0.0,28.0,8.0,0.0,1.0,2.0,1.0,1.0,14.0,2.0,2.0,2.0,14.0,0.0,0.0,0.0,1.0,100.0,100.0,0.0,0.0,75828.0,74488.0,5000.0,69628.0,0,0
8720,11000.0,0.14300000000000002,377.56,3,24000.0,1,1,n,57.85,0.0,1.0,11.0,0.0,6122.0,21.0,0,8471.69,8471.69,3758.12,3758.12,2528.31,1229.81,0.0,0.0,0.0,377.56,0.0,1.0,0,0.0,0.0,42315.0,2.0,4.0,2.0,3.0,2.0,36193.0,79.0,0.0,1.0,2724.0,58.0,27000.0,2.0,5.0,1.0,4.0,3847.0,16633.0,22.3,0.0,0.0,199.0,161.0,19.0,2.0,1.0,19.0,0.0,0.0,5.0,7.0,5.0,5.0,10.0,7.0,10.0,7.0,11.0,0.0,0.0,0.0,2.0,100.0,40.0,0.0,0.0,72773.0,42315.0,21400.0,45773.0,0,0
22986,40000.0,0.0646,1225.24,1,357000.0,1,1,n,8.92,0.0,0.0,21.0,0.0,51108.0,27.0,0,29697.94,29697.94,12238.04,12238.04,10302.06,1935.98,0.0,0.0,0.0,1225.24,0.0,1.0,1,0.0,0.0,70461.0,0.0,10.0,0.0,0.0,49.0,19353.0,30.0,1.0,4.0,18510.0,40.0,110700.0,0.0,0.0,0.0,4.0,3523.0,45125.0,51.6,0.0,0.0,130.0,191.0,7.0,7.0,0.0,7.0,20.0,0.0,7.0,9.0,8.0,10.0,14.0,11.0,13.0,9.0,21.0,0.0,0.0,0.0,1.0,100.0,42.9,0.0,0.0,175599.0,70461.0,93200.0,64899.0,0,0
56092,7650.0,0.08810000000000001,242.6,2,120000.0,0,1,n,9.65,0.0,0.0,9.0,0.0,20641.0,17.0,0,5323.41,5323.41,2907.46,2907.46,2326.59,580.87,0.0,0.0,0.0,242.6,0.0,1.0,0,0.0,0.0,202245.0,0.0,3.0,1.0,3.0,7.0,23627.0,85.0,0.0,1.0,12922.0,60.0,45300.0,1.0,0.0,1.0,4.0,22472.0,21019.0,48.5,0.0,0.0,174.0,213.0,15.0,7.0,2.0,15.0,7.0,0.0,3.0,4.0,3.0,7.0,5.0,4.0,8.0,4.0,9.0,0.0,0.0,0.0,1.0,100.0,0.0,0.0,0.0,240329.0,44268.0,40800.0,27974.0,0,0
2860,13500.0,0.1308,455.39,2,80000.0,0,1,n,19.77,1.0,2.0,29.0,0.0,12017.0,33.0,0,10261.93,10261.93,4544.09,4544.09,3238.07,1306.02,0.0,0.0,0.0,455.39,0.0,1.0,1,0.0,0.0,26234.0,5.0,3.0,0.0,1.0,24.0,14217.0,40.0,5.0,9.0,2777.0,22.0,84300.0,0.0,1.0,3.0,10.0,905.0,51133.0,16.2,0.0,0.0,99.0,76.0,2.0,2.0,0.0,2.0,5.0,0.0,11.0,12.0,14.0,15.0,5.0,26.0,28.0,12.0,29.0,0.0,0.0,0.0,5.0,93.9,0.0,0.0,0.0,119723.0,26234.0,61000.0,35423.0,0,0
65163,20000.0,0.1033,428.2,1,113000.0,1,1,n,25.56,0.0,1.0,13.0,0.0,17034.0,13.0,0,16777.89,16777.89,5126.92,5126.92,3222.11,1904.81,0.0,0.0,0.0,428.2,0.0,1.0,1,0.0,50.0,107212.0,0.0,3.0,1.0,2.0,10.0,90178.0,89.0,0.0,2.0,5295.0,87.0,20900.0,1.0,0.0,3.0,4.0,8247.0,3683.0,81.5,0.0,0.0,32.0,54.0,15.0,10.0,0.0,15.0,6.0,0.0,9.0,10.0,9.0,9.0,3.0,10.0,10.0,10.0,13.0,0.0,0.0,0.0,1.0,100.0,44.4,0.0,0.0,131669.0,107212.0,19900.0,110769.0,0,0
33212,7000.0,0.124,233.84,1,60000.0,0,1,n,18.9,0.0,1.0,6.0,0.0,8970.0,14.0,0,6556.38,6556.38,1201.7,1201.7,443.62,758.08,0.0,0.0,0.0,116.92,0.0,1.0,1,0.0,0.0,64216.0,1.0,2.0,0.0,1.0,17.0,55246.0,63.0,1.0,1.0,5419.0,43.0,24000.0,1.0,0.0,1.0,2.0,10703.0,15030.0,37.4,0.0,0.0,102.0,82.0,5.0,5.0,0.0,5.0,5.0,0.0,3.0,3.0,4.0,4.0,10.0,4.0,4.0,3.0,6.0,0.0,0.0,0.0,1.0,100.0,25.0,0.0,0.0,76240.0,64216.0,24000.0,52240.0,1,0
5542,27000.0,0.1524,939.15,1,65000.0,1,1,n,25.24,0.0,1.0,24.0,0.0,17361.0,40.0,0,0.0,0.0,28870.4,28870.4,27000.0,1870.4,0.0,0.0,0.0,24636.66,0.0,1.0,1,0.0,0.0,48742.0,0.0,7.0,1.0,2.0,9.0,31381.0,71.0,1.0,4.0,1511.0,68.0,28200.0,3.0,0.0,4.0,6.0,2031.0,2333.0,72.9,0.0,0.0,181.0,75.0,7.0,7.0,0.0,7.0,6.0,0.0,5.0,12.0,7.0,11.0,17.0,17.0,23.0,12.0,24.0,0.0,0.0,0.0,2.0,100.0,57.1,0.0,0.0,72205.0,48742.0,8600.0,44005.0,0,0
41064,9600.0,0.0702,296.51,2,55000.0,0,1,n,28.13,0.0,0.0,17.0,0.0,9422.0,23.0,0,7414.95,7414.95,2765.28,2765.28,2185.05,580.23,0.0,0.0,0.0,296.51,0.0,1.0,1,0.0,0.0,221563.0,1.0,3.0,0.0,1.0,23.0,17000.0,42.0,1.0,3.0,2035.0,30.0,49300.0,1.0,1.0,0.0,4.0,13033.0,26417.0,23.2,0.0,0.0,65.0,71.0,4.0,4.0,2.0,4.0,21.0,0.0,8.0,10.0,8.0,9.0,5.0,13.0,16.0,10.0,17.0,0.0,0.0,0.0,1.0,95.5,0.0,0.0,0.0,298793.0,26422.0,34400.0,40086.0,0,0
54018,15000.0,0.14300000000000002,514.86,3,95000.0,0,1,n,12.47,0.0,1.0,13.0,0.0,14101.0,23.0,0,10691.54,10691.54,6154.49,6154.49,4308.46,1846.03,0.0,0.0,0.0,514.86,0.0,1.0,1,0.0,300.0,44421.0,2.0,5.0,1.0,3.0,5.0,30320.0,70.0,1.0,1.0,5579.0,62.0,28600.0,0.0,1.0,1.0,4.0,3417.0,11716.0,44.5,0.0,0.0,150.0,183.0,2.0,2.0,3.0,2.0,5.0,1.0,4.0,7.0,4.0,4.0,9.0,8.0,11.0,7.0,13.0,0.0,0.0,0.0,2.0,95.7,25.0,0.0,0.0,71892.0,44421.0,21100.0,43292.0,0,0
58098,7975.0,0.08810000000000001,252.9,2,180000.0,0,1,n,18.31,0.0,0.0,19.0,0.0,39704.0,52.0,0,6083.24,6083.24,2525.1,2525.1,1891.76,633.34,0.0,0.0,0.0,252.9,0.0,1.0,1,0.0,0.0,570682.0,1.0,5.0,2.0,4.0,9.0,64651.0,62.0,3.0,3.0,10237.0,63.0,59800.0,2.0,3.0,3.0,9.0,30036.0,11728.0,72.1,0.0,0.0,150.0,311.0,9.0,3.0,5.0,9.0,5.0,0.0,6.0,9.0,8.0,18.0,19.0,13.0,28.0,9.0,19.0,0.0,0.0,0.0,7.0,100.0,37.5,0.0,0.0,631697.0,104355.0,42100.0,104897.0,0,0
5915,6850.0,0.2565,274.72,3,105000.0,1,1,n,29.7,0.0,2.0,22.0,0.0,26946.0,71.0,0,5436.27,5436.27,2737.44,2737.44,1413.73,1323.71,0.0,0.0,0.0,274.72,0.0,1.0,1,0.0,97.0,114408.0,4.0,5.0,6.0,9.0,2.0,87462.0,86.0,4.0,6.0,14763.0,67.0,55000.0,2.0,2.0,6.0,15.0,5200.0,14169.0,61.3,0.0,0.0,171.0,260.0,6.0,2.0,0.0,10.0,2.0,8.0,4.0,8.0,6.0,12.0,41.0,17.0,30.0,8.0,22.0,0.0,0.0,0.0,10.0,92.6,16.7,0.0,0.0,150944.0,114408.0,36600.0,95944.0,0,0
3959,25525.0,0.1102,555.23,2,33000.0,0,1,n,18.58,0.0,1.0,7.0,0.0,0.0,26.0,0,22176.66,22176.66,5522.59,5522.59,3348.34,2174.25,0.0,0.0,0.0,555.23,0.0,1.0,1,0.0,0.0,30566.0,2.0,3.0,0.0,2.0,21.0,30566.0,85.0,2.0,4.0,0.0,49.0,27000.0,1.0,0.0,4.0,7.0,5094.0,27000.0,0.0,0.0,0.0,233.0,77.0,6.0,3.0,2.0,6.0,1.0,0.0,0.0,0.0,4.0,9.0,12.0,4.0,12.0,0.0,7.0,0.0,0.0,0.0,3.0,100.0,0.0,0.0,0.0,62851.0,30566.0,27000.0,35851.0,0,0
10611,25000.0,0.124,561.18,1,120000.0,1,1,n,26.38,0.0,1.0,18.0,0.0,13981.0,52.0,0,21826.76,21826.76,5594.58,5594.58,3173.24,2421.34,0.0,0.0,0.0,561.18,0.0,1.0,1,0.0,0.0,78996.0,1.0,6.0,2.0,9.0,7.0,65015.0,64.0,1.0,1.0,7823.0,52.0,38800.0,0.0,2.0,4.0,10.0,4389.0,11992.0,47.4,0.0,0.0,176.0,147.0,5.0,5.0,0.0,5.0,5.0,0.0,3.0,9.0,4.0,5.0,36.0,12.0,16.0,9.0,18.0,0.0,0.0,0.0,3.0,96.2,0.0,0.0,0.0,137642.0,78996.0,22800.0,98842.0,0,0
33246,1200.0,0.1102,39.3,3,50750.0,1,1,n,11.75,0.0,0.0,7.0,0.0,5669.0,7.0,0,869.18,869.18,430.46,430.46,330.82,99.64,0.0,0.0,0.0,39.3,0.0,1.0,1,0.0,0.0,119519.0,0.0,3.0,0.0,2.0,18.0,113850.0,84.0,0.0,1.0,5624.0,66.0,17400.0,0.0,0.0,1.0,3.0,17074.0,10531.0,35.0,0.0,0.0,65.0,53.0,14.0,14.0,0.0,14.0,7.0,0.0,2.0,2.0,3.0,3.0,3.0,4.0,4.0,2.0,7.0,0.0,0.0,0.0,0.0,100.0,0.0,0.0,0.0,133131.0,119519.0,16200.0,115731.0,0,0
67814,18925.0,0.124,424.82,1,40000.0,1,1,n,12.72,0.0,0.0,4.0,0.0,4725.0,14.0,0,16121.48,16121.48,5071.77,5071.77,2803.52,2268.25,0.0,0.0,0.0,424.82,0.0,1.0,1,0.0,0.0,14522.0,0.0,1.0,1.0,2.0,8.0,9797.0,70.0,0.0,1.0,4725.0,30.0,34500.0,1.0,1.0,1.0,3.0,3631.0,29775.0,13.7,0.0,0.0,108.0,177.0,22.0,8.0,0.0,22.0,8.0,0.0,1.0,1.0,3.0,6.0,6.0,3.0,8.0,1.0,4.0,0.0,0.0,0.0,1.0,100.0,0.0,0.0,0.0,48456.0,14522.0,34500.0,13956.0,0,0
44534,28000.0,0.1308,638.24,1,165000.0,0,1,n,24.95,0.0,0.0,16.0,0.0,19862.0,22.0,0,24267.24,24267.24,7000.29,7000.29,3732.76,3267.53,0.0,0.0,0.0,638.24,0.0,1.0,1,0.0,0.0,96384.0,2.0,6.0,1.0,2.0,7.0,76522.0,57.0,3.0,4.0,7582.0,52.0,46200.0,2.0,0.0,1.0,6.0,6426.0,24851.0,38.6,0.0,0.0,157.0,254.0,4.0,4.0,0.0,6.0,7.0,0.0,5.0,9.0,5.0,5.0,11.0,10.0,11.0,9.0,16.0,0.0,0.0,0.0,4.0,100.0,60.0,0.0,0.0,177370.0,96384.0,40500.0,131170.0,0,0
76477,20000.0,0.1102,435.05,2,26000.0,0,1,n,19.58,0.0,0.0,9.0,0.0,6696.0,17.0,0,16826.28,16826.28,5196.11,5196.11,3173.72,2022.39,0.0,0.0,0.0,435.05,0.0,1.0,1,0.0,0.0,15393.0,0.0,1.0,0.0,1.0,21.0,8697.0,73.0,0.0,1.0,3858.0,39.0,27100.0,1.0,3.0,0.0,2.0,1710.0,15742.0,19.7,0.0,0.0,214.0,114.0,16.0,16.0,0.0,16.0,21.0,0.0,1.0,2.0,5.0,6.0,6.0,8.0,11.0,2.0,9.0,0.0,0.0,0.0,0.0,100.0,0.0,0.0,0.0,39100.0,15393.0,19600.0,12000.0,0,0
73561,8500.0,0.0819,267.11,1,110000.0,0,1,n,16.42,0.0,0.0,7.0,0.0,10562.0,23.0,0,5894.46,5894.46,3201.45,3201.45,2605.54,595.91,0.0,0.0,0.0,267.11,0.0,1.0,1,0.0,0.0,24981.0,0.0,4.0,1.0,1.0,8.0,14419.0,33.0,2.0,2.0,5012.0,40.0,19500.0,1.0,0.0,2.0,3.0,3569.0,7290.0,57.6,0.0,0.0,135.0,175.0,7.0,7.0,1.0,7.0,8.0,0.0,2.0,3.0,2.0,9.0,10.0,3.0,12.0,3.0,7.0,0.0,0.0,0.0,3.0,91.3,0.0,0.0,0.0,62886.0,24981.0,17200.0,43386.0,0,0
42695,4200.0,0.2305,162.7,3,50000.0,1,1,n,17.64,0.0,0.0,9.0,0.0,6778.0,12.0,0,3205.88,3205.88,1784.32,1784.32,994.12,790.2,0.0,0.0,0.0,162.7,0.0,1.0,1,0.0,0.0,11269.0,0.0,3.0,1.0,2.0,12.0,4491.0,34.0,0.0,1.0,2675.0,49.0,10000.0,2.0,0.0,1.0,3.0,1252.0,1556.0,80.1,0.0,0.0,78.0,88.0,17.0,12.0,0.0,36.0,12.0,0.0,5.0,6.0,5.0,5.0,6.0,6.0,6.0,6.0,9.0,0.0,0.0,0.0,1.0,100.0,80.0,0.0,0.0,23100.0,11269.0,7800.0,13100.0,0,0
38308,13000.0,0.17739999999999995,328.28,1,48000.0,1,1,n,17.63,0.0,0.0,11.0,0.0,8753.0,13.0,0,11387.22,11387.22,3598.27,3598.27,1612.78,1985.49,0.0,0.0,0.0,328.28,0.0,1.0,1,0.0,0.0,13052.0,1.0,1.0,0.0,0.0,31.0,4299.0,54.0,1.0,1.0,2047.0,49.0,18500.0,0.0,0.0,1.0,1.0,1187.0,6563.0,48.7,0.0,0.0,129.0,66.0,3.0,3.0,0.0,38.0,9.0,0.0,6.0,7.0,7.0,7.0,3.0,10.0,10.0,7.0,11.0,0.0,0.0,0.0,1.0,100.0,14.3,0.0,0.0,26500.0,13052.0,12800.0,8000.0,0,0
21295,38275.0,0.0819,1202.76,2,70000.0,0,1,n,14.66,0.0,1.0,9.0,0.0,1975.0,17.0,0,30100.6,30100.6,10790.01,10790.01,8174.4,2615.61,0.0,0.0,0.0,1202.76,0.0,1.0,1,0.0,0.0,187283.0,3.0,2.0,2.0,2.0,5.0,23323.0,82.0,1.0,2.0,1728.0,47.0,25700.0,3.0,0.0,5.0,5.0,23410.0,23325.0,7.8,0.0,0.0,194.0,116.0,6.0,5.0,1.0,21.0,5.0,0.0,3.0,3.0,5.0,9.0,6.0,6.0,10.0,3.0,9.0,0.0,0.0,0.0,4.0,100.0,0.0,0.0,0.0,217467.0,25298.0,25300.0,28367.0,0,0
8256,27300.0,0.0756,849.96,2,200000.0,0,1,n,28.19,0.0,1.0,21.0,0.0,80069.0,39.0,0,19823.61,19823.61,8939.4,8939.4,7476.39,1463.01,0.0,0.0,0.0,849.96,0.0,1.0,1,0.0,0.0,555981.0,3.0,3.0,1.0,2.0,8.0,39703.0,63.0,3.0,5.0,29425.0,51.0,170400.0,1.0,0.0,2.0,7.0,26475.0,71831.0,52.7,0.0,0.0,137.0,467.0,5.0,5.0,3.0,5.0,5.0,0.0,9.0,9.0,11.0,23.0,7.0,16.0,28.0,9.0,21.0,0.0,0.0,0.0,4.0,100.0,45.5,0.0,0.0,777269.0,172267.0,151900.0,63115.0,0,0
1401,26575.0,0.1033,861.63,2,195000.0,1,1,n,11.03,0.0,0.0,18.0,0.0,10413.0,27.0,0,19995.5,19995.5,8585.8,8585.8,6579.5,2006.3,0.0,0.0,0.0,861.63,0.0,1.0,1,0.0,0.0,756438.0,0.0,6.0,3.0,4.0,7.0,542848.0,79.0,0.0,1.0,3304.0,76.0,15500.0,3.0,0.0,5.0,6.0,42024.0,1046.0,87.1,0.0,0.0,187.0,220.0,15.0,7.0,1.0,33.0,7.0,1.0,4.0,7.0,4.0,5.0,13.0,11.0,12.0,7.0,18.0,0.0,0.0,0.0,4.0,92.6,75.0,0.0,0.0,745641.0,553261.0,8100.0,525217.0,0,0
1495,8500.0,0.0819,267.11,2,65000.0,0,1,n,30.17,0.0,0.0,13.0,0.0,55229.0,26.0,0,6343.62,6343.62,2667.23,2667.23,2156.38,510.85,0.0,0.0,0.0,267.11,0.0,1.0,0,0.0,0.0,191846.0,1.0,1.0,0.0,1.0,15.0,7468.0,74.0,1.0,2.0,13300.0,74.0,74100.0,0.0,1.0,0.0,3.0,14757.0,18871.0,74.5,0.0,0.0,155.0,334.0,5.0,5.0,4.0,5.0,15.0,0.0,8.0,8.0,10.0,16.0,5.0,10.0,17.0,8.0,13.0,0.0,0.0,0.0,1.0,100.0,70.0,0.0,0.0,254164.0,62697.0,74100.0,10164.0,0,0
31684,8500.0,0.0756,264.64,1,36000.0,0,1,n,23.87,0.0,1.0,11.0,0.0,2727.0,25.0,0,6103.47,6103.47,2907.47,2907.47,2396.53,510.94,0.0,0.0,0.0,264.64,0.0,1.0,1,0.0,0.0,23923.0,1.0,2.0,1.0,2.0,12.0,21196.0,69.0,2.0,5.0,83.0,36.0,35300.0,2.0,2.0,4.0,7.0,2175.0,23417.0,0.4,0.0,0.0,146.0,65.0,3.0,3.0,0.0,8.0,3.0,0.0,1.0,2.0,6.0,9.0,6.0,9.0,19.0,2.0,11.0,0.0,0.0,0.0,3.0,100.0,0.0,0.0,0.0,66070.0,23923.0,23500.0,30770.0,0,0
40035,30000.0,0.1862,1093.93,1,110000.0,1,1,n,26.18,0.0,0.0,9.0,0.0,40511.0,17.0,0,28464.92,28464.92,6532.55,6532.55,1535.08,4997.47,0.0,0.0,0.0,1093.93,0.0,1.0,1,0.0,0.0,86612.0,0.0,2.0,0.0,2.0,14.0,46101.0,55.0,0.0,0.0,24190.0,77.0,45800.0,1.0,0.0,0.0,2.0,9624.0,289.0,99.3,0.0,0.0,145.0,198.0,34.0,14.0,0.0,34.0,14.0,0.0,5.0,5.0,5.0,8.0,7.0,7.0,10.0,5.0,9.0,0.0,0.0,0.0,0.0,100.0,80.0,0.0,0.0,106431.0,86612.0,40800.0,60631.0,0,0
68929,9300.0,0.1102,304.56,2,78000.0,1,1,n,12.15,0.0,1.0,12.0,0.0,8980.0,22.0,0,6533.15,6533.15,3643.33,3643.33,2766.85,876.48,0.0,0.0,0.0,304.56,0.0,1.0,1,0.0,0.0,28820.0,3.0,2.0,1.0,2.0,8.0,19840.0,74.0,4.0,5.0,3270.0,48.0,33700.0,1.0,1.0,2.0,7.0,2402.0,17062.0,25.5,1.0,0.0,112.0,277.0,3.0,3.0,0.0,5.0,6.0,5.0,3.0,5.0,7.0,11.0,5.0,10.0,17.0,5.0,12.0,0.0,0.0,0.0,5.0,72.7,14.3,0.0,0.0,60355.0,28820.0,22900.0,26655.0,0,0
11601,12000.0,0.1171,396.92,2,52536.0,0,1,n,21.49,0.0,0.0,12.0,0.0,12492.0,29.0,0,9075.67,9075.67,3961.39,3961.39,2924.33,1037.06,0.0,0.0,0.0,396.92,0.0,1.0,1,0.0,491.0,44497.0,1.0,2.0,1.0,1.0,8.0,18751.0,77.0,2.0,3.0,4529.0,42.0,49600.0,1.0,0.0,1.0,4.0,4045.0,23332.0,33.3,0.0,0.0,166.0,277.0,2.0,2.0,3.0,2.0,8.0,0.0,3.0,5.0,5.0,13.0,5.0,9.0,21.0,5.0,12.0,0.0,0.0,0.0,3.0,100.0,0.0,0.0,0.0,126753.0,31243.0,35000.0,24500.0,0,0
68998,7000.0,0.0819,219.97,1,50000.0,0,1,n,13.27,0.0,1.0,13.0,0.0,6631.0,13.0,0,0.0,0.0,7242.98,7242.98,7000.0,242.98,0.0,0.0,0.0,6369.47,0.0,1.0,1,0.0,0.0,13964.0,1.0,1.0,0.0,1.0,24.0,7333.0,51.0,1.0,10.0,3075.0,30.0,32700.0,1.0,0.0,1.0,11.0,1074.0,23596.0,21.6,0.0,0.0,24.0,65.0,3.0,3.0,0.0,3.0,3.0,0.0,5.0,6.0,10.0,10.0,1.0,12.0,12.0,7.0,13.0,0.0,0.0,0.0,1.0,100.0,10.0,0.0,0.0,46991.0,13964.0,30100.0,14291.0,0,0
76460,35000.0,0.16949999999999998,868.9,2,175000.0,0,1,n,16.75,0.0,2.0,14.0,0.0,17292.0,46.0,0,30389.54,30389.54,10360.88,10360.88,4610.46,5750.42,0.0,0.0,0.0,868.9,0.0,1.0,1,0.0,77.0,214375.0,2.0,3.0,0.0,2.0,17.0,197083.0,70.0,3.0,4.0,972.0,48.0,43300.0,2.0,4.0,5.0,6.0,17865.0,16328.0,5.6,0.0,0.0,167.0,176.0,0.0,0.0,3.0,0.0,0.0,0.0,1.0,4.0,7.0,8.0,27.0,11.0,16.0,4.0,14.0,0.0,0.0,0.0,3.0,100.0,0.0,0.0,0.0,222976.0,214375.0,17300.0,179676.0,0,0
51553,16000.0,0.1171,529.22,2,45000.0,0,1,n,36.96,0.0,0.0,17.0,0.0,30331.0,25.0,1,0.0,0.0,16130.11,16130.11,16000.0,130.11,0.0,0.0,0.0,16140.52,0.0,1.0,1,0.0,0.0,137307.0,1.0,2.0,1.0,1.0,9.0,14516.0,63.0,4.0,4.0,10380.0,46.0,74900.0,0.0,2.0,2.0,5.0,8077.0,25764.0,52.6,0.0,0.0,141.0,219.0,6.0,6.0,3.0,10.0,9.0,0.0,4.0,5.0,9.0,11.0,5.0,14.0,17.0,5.0,17.0,0.0,0.0,0.0,5.0,100.0,33.3,0.0,0.0,201324.0,44847.0,54400.0,22924.0,0,0
67536,5000.0,0.14300000000000002,171.62,3,27000.0,0,1,n,21.87,0.0,1.0,15.0,0.0,14432.0,19.0,0,3563.85,3563.85,2051.5,2051.5,1436.15,615.35,0.0,0.0,0.0,171.62,0.0,1.0,1,0.0,0.0,43299.0,1.0,2.0,0.0,1.0,14.0,28867.0,127.0,1.0,2.0,7786.0,80.0,31400.0,0.0,0.0,1.0,3.0,2887.0,11486.0,53.5,0.0,0.0,301.0,116.0,1.0,1.0,0.0,1.0,1.0,1.0,7.0,10.0,8.0,9.0,4.0,13.0,15.0,10.0,15.0,0.0,0.0,0.0,1.0,94.7,25.0,0.0,0.0,54055.0,43299.0,24700.0,22655.0,0,0
54714,5600.0,0.0756,174.35,2,50000.0,0,1,n,31.76,0.0,1.0,30.0,0.0,7637.0,35.0,0,3872.11,3872.11,2087.5,2087.5,1727.89,359.61,0.0,0.0,0.0,174.35,0.0,1.0,1,0.0,0.0,254958.0,2.0,11.0,2.0,2.0,4.0,72585.0,97.0,1.0,2.0,1497.0,64.0,51500.0,2.0,1.0,3.0,6.0,8792.0,31301.0,13.8,0.0,0.0,65.0,83.0,3.0,3.0,2.0,3.0,4.0,0.0,6.0,10.0,10.0,13.0,13.0,17.0,20.0,10.0,30.0,0.0,0.0,0.0,3.0,100.0,0.0,0.0,0.0,303859.0,80222.0,36300.0,74610.0,0,0
65296,25000.0,0.17739999999999995,900.56,1,48000.0,1,1,n,18.6,0.0,0.0,16.0,0.0,12834.0,25.0,0,18185.15,18185.15,10782.08,10782.08,6814.85,3967.23,0.0,0.0,0.0,900.56,0.0,1.0,1,0.0,0.0,56471.0,2.0,11.0,3.0,7.0,1.0,43637.0,98.0,0.0,1.0,5456.0,97.0,13600.0,1.0,0.0,0.0,8.0,3529.0,81.0,99.4,0.0,0.0,171.0,116.0,22.0,1.0,0.0,50.0,20.0,0.0,3.0,4.0,3.0,4.0,19.0,5.0,6.0,4.0,16.0,0.0,0.0,0.0,3.0,100.0,100.0,0.0,0.0,58159.0,56471.0,12500.0,44559.0,0,0
31286,20875.0,0.17739999999999995,527.14,1,150300.0,1,1,n,22.76,0.0,1.0,25.0,0.0,56631.0,46.0,0,18321.82,18321.82,5777.97,5777.97,2553.18,3224.79,0.0,0.0,0.0,527.14,0.0,1.0,0,0.0,0.0,142214.0,1.0,5.0,1.0,4.0,3.0,85583.0,77.0,1.0,4.0,10910.0,63.0,113900.0,2.0,2.0,2.0,8.0,5689.0,36196.0,55.1,0.0,0.0,186.0,259.0,9.0,3.0,1.0,9.0,3.0,2.0,9.0,12.0,13.0,16.0,18.0,20.0,26.0,12.0,25.0,0.0,0.0,0.0,2.0,95.7,38.5,0.0,0.0,225383.0,142214.0,80700.0,111483.0,0,0
5099,16000.0,0.28800000000000003,668.76,1,60000.0,1,1,n,31.64,0.0,0.0,5.0,0.0,13780.0,13.0,0,0.0,0.0,19359.83,19359.83,16000.0,3359.83,0.0,0.0,0.0,14035.35,0.0,1.0,1,0.0,115.0,40467.0,1.0,2.0,1.0,3.0,3.0,26687.0,71.0,0.0,0.0,7429.0,74.0,17000.0,2.0,0.0,3.0,3.0,8093.0,3220.0,81.1,0.0,0.0,138.0,160.0,35.0,3.0,0.0,35.0,4.0,0.0,2.0,2.0,3.0,4.0,7.0,3.0,6.0,2.0,5.0,0.0,0.0,0.0,1.0,84.6,66.7,0.0,0.0,54503.0,40467.0,17000.0,37503.0,0,0
40641,30000.0,0.1033,972.68,2,101000.0,1,1,n,29.29,0.0,1.0,21.0,0.0,16705.0,43.0,0,21925.44,21925.44,10665.05,10665.05,8074.56,2590.49,0.0,0.0,0.0,972.68,0.0,1.0,1,0.0,0.0,341979.0,1.0,3.0,2.0,6.0,2.0,41636.0,69.0,0.0,2.0,5224.0,38.0,95600.0,4.0,0.0,2.0,8.0,16285.0,70249.0,18.2,0.0,0.0,165.0,359.0,19.0,2.0,4.0,19.0,2.0,0.0,8.0,10.0,12.0,18.0,14.0,17.0,25.0,10.0,21.0,0.0,0.0,0.0,2.0,100.0,0.0,0.0,0.0,450000.0,58341.0,85900.0,60000.0,0,0
42640,10000.0,0.0756,311.34,2,90261.0,1,1,n,29.05,0.0,0.0,15.0,0.0,27223.0,26.0,0,0.0,0.0,10591.72,10591.72,10000.0,591.72,0.0,0.0,0.0,7793.86,0.0,1.0,1,0.0,0.0,387270.0,0.0,5.0,1.0,2.0,10.0,110995.0,66.0,1.0,2.0,12786.0,48.0,84500.0,1.0,3.0,2.0,6.0,25818.0,56277.0,32.6,0.0,0.0,181.0,241.0,12.0,10.0,3.0,12.0,8.0,0.0,4.0,4.0,7.0,8.0,11.0,8.0,12.0,4.0,15.0,0.0,0.0,0.0,2.0,100.0,14.3,0.0,0.0,477069.0,138218.0,83500.0,137969.0,0,0
48112,4800.0,0.1033,155.63,2,64084.0,1,1,n,30.34,0.0,0.0,10.0,0.0,5780.0,21.0,0,3487.0,3487.0,1706.42,1706.42,1313.0,393.42,0.0,0.0,0.0,0.0,0.0,1.0,1,0.0,0.0,170801.0,1.0,3.0,2.0,2.0,12.0,38828.0,60.0,1.0,1.0,2928.0,49.0,26400.0,2.0,0.0,2.0,4.0,17080.0,19364.0,20.3,0.0,0.0,143.0,111.0,5.0,5.0,5.0,5.0,12.0,0.0,4.0,5.0,4.0,5.0,9.0,6.0,7.0,5.0,10.0,0.0,0.0,0.0,3.0,95.2,0.0,0.0,0.0,219744.0,44608.0,24300.0,64478.0,0,0
50172,28075.0,0.1524,671.45,2,111000.0,1,1,n,36.31,0.0,0.0,34.0,0.0,117592.0,64.0,0,27415.53,27415.53,4676.38,4676.38,659.47,4016.91,0.0,0.0,0.0,671.45,0.0,1.0,1,0.0,0.0,537469.0,2.0,2.0,0.0,1.0,22.0,27156.0,39.0,4.0,7.0,8211.0,45.0,198900.0,1.0,9.0,1.0,11.0,16287.0,47325.0,51.0,0.0,0.0,155.0,372.0,4.0,4.0,9.0,11.0,4.0,0.0,13.0,24.0,15.0,21.0,8.0,31.0,47.0,24.0,34.0,0.0,0.0,0.0,4.0,100.0,13.3,0.0,0.0,649176.0,144748.0,96500.0,50326.0,0,0
5097,25000.0,0.0646,765.77,2,250000.0,1,1,n,12.29,0.0,0.0,15.0,0.0,125091.0,31.0,0,18533.01,18533.01,7648.73,7648.73,6466.99,1181.74,0.0,0.0,0.0,765.77,1.0,1.0,1,0.0,85.0,774477.0,0.0,4.0,1.0,2.0,8.0,92636.0,96.0,0.0,1.0,4618.0,66.0,181400.0,3.0,8.0,3.0,3.0,51632.0,44231.0,15.8,0.0,0.0,86.0,312.0,15.0,8.0,5.0,15.0,2.0,1.0,2.0,6.0,5.0,7.0,9.0,10.0,17.0,6.0,15.0,0.0,0.0,0.0,1.0,96.8,0.0,0.0,0.0,958451.0,217727.0,52500.0,96244.0,0,0
71306,12750.0,0.1033,413.39,2,30000.0,0,1,n,83.0,1.0,2.0,10.0,0.0,89761.0,22.0,0,0.0,0.0,13597.9945833346,13597.99,12750.0,847.99,0.0,0.0,0.0,10711.58,0.0,1.0,0,0.0,0.0,233927.0,1.0,3.0,0.0,2.0,16.0,74076.0,65.0,2.0,3.0,3997.0,37.0,117900.0,0.0,5.0,2.0,5.0,23393.0,26925.0,25.0,0.0,0.0,138.0,218.0,1.0,1.0,2.0,1.0,1.0,0.0,3.0,5.0,4.0,4.0,6.0,6.0,14.0,5.0,10.0,0.0,0.0,1.0,2.0,100.0,0.0,0.0,0.0,331622.0,163837.0,35900.0,95527.0,0,0
14771,24000.0,0.124,801.74,2,156000.0,0,1,n,34.01,0.0,0.0,14.0,0.0,51529.0,25.0,0,0.0,0.0,25287.68,25287.68,24000.0,1287.68,0.0,0.0,0.0,22113.79,0.0,1.0,1,0.0,0.0,424347.0,0.0,5.0,0.0,1.0,14.0,76741.0,42.0,1.0,2.0,26628.0,56.0,63100.0,1.0,0.0,0.0,3.0,30311.0,8051.0,85.1,0.0,0.0,163.0,416.0,7.0,7.0,7.0,7.0,14.0,0.0,4.0,5.0,6.0,6.0,9.0,8.0,9.0,5.0,14.0,0.0,0.0,0.0,1.0,96.0,50.0,0.0,0.0,542025.0,128270.0,54000.0,160359.0,0,0
37343,20000.0,0.1102,435.05,2,136435.97,1,1,n,15.58,0.0,3.0,16.0,0.0,20963.0,33.0,0,17104.25,17104.25,4773.31,4773.31,2895.75,1877.56,0.0,0.0,0.0,435.05,0.0,1.0,1,0.0,0.0,296140.0,3.0,3.0,1.0,1.0,1.0,41158.0,53.0,4.0,8.0,12301.0,55.0,36100.0,0.0,1.0,8.0,9.0,18509.0,6336.0,75.3,0.0,0.0,173.0,286.0,4.0,1.0,1.0,6.0,1.0,0.0,4.0,8.0,5.0,6.0,9.0,12.0,22.0,8.0,16.0,0.0,0.0,0.0,5.0,100.0,80.0,0.0,0.0,359475.0,62121.0,25700.0,77521.0,0,0
17031,2975.0,0.16949999999999998,106.0,3,139000.0,1,1,n,15.35,0.0,0.0,14.0,0.0,22064.0,33.0,1,0.0,0.0,3051.2300000099,3051.23,2975.0,76.23,0.0,0.0,0.0,3054.03,0.0,1.0,1,0.0,0.0,329287.0,0.0,4.0,2.0,3.0,7.0,53680.0,84.0,0.0,0.0,10936.0,62.0,46000.0,2.0,7.0,3.0,4.0,23521.0,302.0,98.3,0.0,0.0,137.0,140.0,32.0,7.0,4.0,52.0,4.0,0.0,3.0,5.0,3.0,4.0,18.0,8.0,10.0,5.0,14.0,0.0,0.0,0.0,2.0,100.0,100.0,0.0,0.0,366112.0,87893.0,17800.0,58164.0,0,0
58738,3200.0,0.08810000000000001,101.48,2,200000.0,1,1,n,10.78,0.0,1.0,13.0,0.0,29044.0,31.0,0,2225.43,2225.43,1216.19,1216.19,974.57,241.62,0.0,0.0,0.0,101.48,0.0,1.0,1,0.0,0.0,376498.0,1.0,3.0,1.0,2.0,1.0,49103.0,68.0,2.0,2.0,8098.0,65.0,47300.0,1.0,5.0,2.0,5.0,28961.0,11735.0,55.4,0.0,0.0,185.0,173.0,9.0,1.0,3.0,12.0,1.0,0.0,3.0,4.0,6.0,10.0,15.0,8.0,13.0,4.0,13.0,0.0,0.0,0.0,3.0,96.4,16.7,0.0,0.0,423053.0,78147.0,26300.0,72199.0,0,0
24352,3150.0,0.1102,103.16,2,98949.0,0,1,n,12.61,0.0,1.0,10.0,0.0,25947.0,12.0,0,2294.9,2294.9,1132.83,1132.83,855.1,277.73,0.0,0.0,0.0,103.16,0.0,1.0,1,0.0,0.0,223290.0,0.0,2.0,0.0,0.0,34.0,29356.0,67.0,0.0,1.0,6792.0,73.0,32200.0,1.0,2.0,1.0,2.0,22329.0,2628.0,88.1,0.0,0.0,75.0,187.0,13.0,13.0,1.0,13.0,0.0,0.0,4.0,6.0,4.0,5.0,3.0,7.0,8.0,6.0,10.0,0.0,0.0,0.0,0.0,100.0,100.0,0.0,0.0,247621.0,55303.0,22000.0,43809.0,0,0
35182,35000.0,0.124,1169.2,2,60000.0,0,1,n,13.4,1.0,0.0,5.0,0.0,2978.0,10.0,0,25643.66,25643.66,12800.92,12800.92,9356.34,3444.58,0.0,0.0,0.0,1169.2,0.0,1.0,0,0.0,0.0,192605.0,1.0,1.0,0.0,1.0,16.0,29030.0,83.0,1.0,1.0,1449.0,76.0,7500.0,0.0,0.0,1.0,3.0,38521.0,2551.0,36.2,0.0,0.0,184.0,267.0,6.0,6.0,3.0,267.0,12.0,0.0,1.0,2.0,1.0,1.0,4.0,2.0,3.0,2.0,5.0,0.0,0.0,0.0,1.0,90.0,0.0,0.0,0.0,233881.0,32008.0,4000.0,34881.0,1,0
32085,3900.0,0.0646,119.47,1,100000.0,0,1,n,5.58,2.0,0.0,5.0,1.0,2418.0,14.0,0,2787.14,2787.14,1312.77,1312.77,1112.86,199.91,0.0,0.0,0.0,119.47,0.0,1.0,1,0.0,0.0,22703.0,1.0,1.0,1.0,1.0,12.0,20285.0,92.0,1.0,2.0,1102.0,52.0,22000.0,1.0,4.0,2.0,3.0,4541.0,18582.0,11.5,0.0,0.0,141.0,75.0,1.0,1.0,0.0,1.0,12.0,0.0,3.0,3.0,3.0,4.0,7.0,4.0,7.0,3.0,5.0,0.0,0.0,1.0,2.0,78.6,0.0,1.0,0.0,44021.0,22703.0,21000.0,22021.0,0,0
72599,20000.0,0.14300000000000002,468.49,1,55000.0,0,1,n,37.22,0.0,1.0,22.0,0.0,22059.0,34.0,0,17049.71,17049.71,5605.99,5605.99,2950.29,2655.7,0.0,0.0,0.0,468.49,0.0,1.0,1,0.0,0.0,42405.0,0.0,3.0,0.0,1.0,14.0,20346.0,49.0,0.0,2.0,5365.0,42.0,59100.0,1.0,2.0,1.0,3.0,1928.0,13205.0,59.4,0.0,0.0,82.0,69.0,21.0,14.0,0.0,22.0,1.0,0.0,10.0,16.0,10.0,14.0,6.0,19.0,28.0,16.0,22.0,0.0,0.0,0.0,0.0,100.0,30.0,0.0,0.0,101056.0,42405.0,32500.0,41956.0,0,0
59154,6500.0,0.1524,226.09,2,75000.0,1,1,n,26.1,0.0,1.0,10.0,0.0,3725.0,22.0,0,4651.96,4651.96,2707.58,2707.58,1848.04,859.54,0.0,0.0,0.0,226.09,0.0,1.0,1,0.0,0.0,244603.0,2.0,3.0,2.0,5.0,6.0,63820.0,94.0,1.0,1.0,1861.0,78.0,10700.0,4.0,0.0,2.0,7.0,24460.0,5475.0,40.5,0.0,0.0,127.0,136.0,2.0,2.0,2.0,2.0,2.0,1.0,5.0,5.0,5.0,7.0,12.0,6.0,8.0,5.0,10.0,0.0,0.0,0.0,3.0,90.9,20.0,0.0,0.0,259749.0,67545.0,9200.0,69106.0,0,0
64574,27000.0,0.1171,893.06,1,260000.0,1,1,n,11.46,2.0,2.0,16.0,0.0,23279.0,42.0,0,19026.01,19026.01,10699.16,10699.16,7973.98,2725.18,0.0,0.0,0.0,893.06,0.0,1.0,1,0.0,0.0,638085.0,0.0,4.0,0.0,0.0,38.0,228702.0,23.0,0.0,2.0,2476.0,45.0,27300.0,0.0,3.0,3.0,2.0,39880.0,1371.0,87.5,0.0,0.0,140.0,230.0,15.0,15.0,1.0,15.0,5.0,2.0,6.0,9.0,7.0,11.0,23.0,11.0,18.0,9.0,16.0,0.0,0.0,1.0,0.0,90.5,71.4,0.0,0.0,655001.0,251981.0,11000.0,237195.0,0,0
52114,9600.0,0.14300000000000002,329.51,1,35000.0,1,1,n,16.29,0.0,3.0,10.0,1.0,6573.0,20.0,0,6842.59,6842.59,3946.49,3946.49,2757.41,1189.08,0.0,0.0,0.0,329.51,0.0,1.0,1,0.0,343.0,10136.0,1.0,1.0,0.0,1.0,17.0,3563.0,59.0,1.0,3.0,3163.0,28.0,30200.0,1.0,0.0,3.0,4.0,1014.0,8155.0,40.0,0.0,0.0,17.0,91.0,2.0,2.0,0.0,2.0,2.0,0.0,4.0,7.0,5.0,8.0,1.0,9.0,19.0,7.0,10.0,0.0,0.0,0.0,1.0,100.0,0.0,1.0,0.0,36200.0,10136.0,13600.0,6000.0,0,0
58648,12000.0,0.1102,261.03,3,66300.0,0,1,n,22.99,0.0,0.0,11.0,0.0,5059.0,15.0,0,10095.76,10095.76,3125.01,3125.01,1904.24,1220.77,0.0,0.0,0.0,261.03,0.0,1.0,1,0.0,0.0,17781.0,0.0,3.0,0.0,1.0,24.0,12722.0,27.0,0.0,1.0,1268.0,26.0,21200.0,1.0,0.0,0.0,2.0,1616.0,7032.0,15.3,0.0,0.0,82.0,134.0,22.0,22.0,0.0,37.0,24.0,0.0,1.0,3.0,3.0,3.0,5.0,8.0,10.0,3.0,11.0,0.0,0.0,0.0,0.0,100.0,0.0,0.0,0.0,68602.0,17781.0,8300.0,47402.0,0,0
70367,13400.0,0.2055,501.76,1,1000000.0,1,1,n,0.92,2.0,1.0,15.0,0.0,6655.0,21.0,0,9907.99,9907.99,6005.82,6005.82,3492.01,2513.81,0.0,0.0,0.0,501.76,0.0,1.0,1,0.0,0.0,14957.0,1.0,1.0,0.0,1.0,16.0,8302.0,64.0,2.0,3.0,2835.0,41.0,23600.0,1.0,0.0,2.0,4.0,997.0,12185.0,33.8,0.0,0.0,16.0,157.0,4.0,4.0,0.0,18.0,0.0,0.0,5.0,6.0,8.0,11.0,1.0,14.0,20.0,6.0,15.0,0.0,0.0,0.0,2.0,90.5,25.0,0.0,0.0,36600.0,14957.0,18400.0,13000.0,0,0
14707,15950.0,0.1308,538.04,1,110000.0,1,1,n,25.55,0.0,0.0,10.0,0.0,16431.0,14.0,0,12124.22,12124.22,5357.22,5357.22,3825.78,1531.44,0.0,0.0,0.0,538.04,0.0,1.0,1,0.0,0.0,97772.0,0.0,3.0,1.0,4.0,7.0,81341.0,81.0,0.0,4.0,7978.0,80.0,20800.0,3.0,0.0,3.0,8.0,9777.0,2039.0,85.2,0.0,0.0,38.0,33.0,16.0,7.0,0.0,16.0,7.0,0.0,5.0,7.0,5.0,5.0,7.0,7.0,7.0,7.0,10.0,0.0,0.0,0.0,1.0,100.0,60.0,0.0,0.0,112865.0,97772.0,13800.0,92065.0,0,0
35121,5225.0,0.0646,160.05,2,124000.0,1,1,n,16.16,0.0,0.0,18.0,0.0,18512.0,27.0,0,3734.16,3734.16,1755.86,1755.86,1490.84,265.02,0.0,0.0,0.0,160.05,0.0,1.0,1,0.0,0.0,353845.0,0.0,4.0,0.0,1.0,19.0,28112.0,50.0,0.0,2.0,4600.0,36.0,71700.0,1.0,0.0,0.0,3.0,20814.0,41499.0,25.4,0.0,0.0,165.0,522.0,20.0,19.0,2.0,20.0,19.0,0.0,6.0,10.0,7.0,9.0,9.0,13.0,16.0,10.0,18.0,0.0,0.0,0.0,0.0,100.0,0.0,0.0,0.0,439675.0,46624.0,55600.0,56745.0,0,0
2330,4400.0,0.28800000000000003,183.91,1,84346.0,1,1,n,27.14,0.0,2.0,31.0,0.0,18085.0,43.0,0,0.0,0.0,4807.16,4807.16,4400.0,407.16,0.0,0.0,0.0,4262.47,0.0,1.0,1,0.0,2132.0,126390.0,5.0,5.0,2.0,4.0,3.0,108305.0,79.0,4.0,7.0,6950.0,40.0,100600.0,3.0,4.0,3.0,11.0,4077.0,40596.0,25.8,0.0,0.0,164.0,223.0,4.0,3.0,0.0,4.0,3.0,0.0,11.0,17.0,13.0,14.0,12.0,26.0,31.0,17.0,31.0,0.0,0.0,0.0,6.0,100.0,7.7,0.0,0.0,214539.0,126390.0,54700.0,113939.0,0,0
43246,16000.0,0.1171,529.22,1,45000.0,0,1,n,25.23,0.0,0.0,10.0,0.0,9041.0,17.0,0,12861.76,12861.76,4752.57,4752.57,3138.24,1614.33,0.0,0.0,0.0,529.22,0.0,1.0,1,0.0,0.0,28311.0,1.0,2.0,1.0,2.0,6.0,19270.0,84.0,0.0,1.0,4569.0,50.0,33200.0,1.0,0.0,2.0,3.0,2831.0,8453.0,40.9,0.0,0.0,158.0,168.0,21.0,6.0,0.0,21.0,7.0,1.0,3.0,7.0,3.0,5.0,4.0,8.0,12.0,7.0,10.0,0.0,0.0,0.0,1.0,88.2,33.3,0.0,0.0,56200.0,28311.0,14300.0,23000.0,0,0
40591,28650.0,0.16949999999999998,711.26,1,29000.0,1,1,n,173.92,0.0,0.0,14.0,0.0,74517.0,22.0,0,25029.08,25029.08,7769.9,7769.9,3620.92,4148.98,0.0,0.0,0.0,711.26,0.0,1.0,0,0.0,0.0,312292.0,1.0,3.0,2.0,3.0,5.0,71659.0,69.0,0.0,0.0,21157.0,83.0,81700.0,2.0,0.0,3.0,3.0,22307.0,2693.0,95.7,0.0,0.0,138.0,277.0,72.0,5.0,2.0,72.0,5.0,0.0,5.0,9.0,5.0,6.0,9.0,9.0,11.0,9.0,14.0,0.0,0.0,0.0,2.0,100.0,100.0,0.0,0.0,373127.0,146176.0,63300.0,88427.0,0,0
72326,9000.0,0.1033,192.69,2,130000.0,1,1,n,10.14,0.0,0.0,10.0,0.0,8834.0,21.0,0,7941.69,7941.69,1921.74,1921.74,1058.31,863.43,0.0,0.0,0.0,192.69,0.0,1.0,1,0.0,0.0,308775.0,1.0,2.0,1.0,1.0,10.0,42891.0,80.0,0.0,0.0,3734.0,70.0,20600.0,1.0,3.0,7.0,5.0,30878.0,6001.0,53.5,0.0,0.0,100.0,114.0,38.0,3.0,4.0,38.0,4.0,0.0,2.0,4.0,4.0,6.0,7.0,7.0,10.0,4.0,10.0,0.0,0.0,0.0,4.0,100.0,50.0,0.0,0.0,330981.0,51725.0,12900.0,53331.0,0,0
22888,21275.0,0.16949999999999998,757.99,2,89000.0,1,1,n,25.88,0.0,0.0,7.0,0.0,14319.0,19.0,0,15871.81,15871.81,8317.86,8317.86,5403.19,2914.67,0.0,0.0,0.0,757.99,0.0,1.0,1,0.0,0.0,173767.0,0.0,2.0,0.0,2.0,13.0,59539.0,71.0,0.0,1.0,4902.0,78.0,16800.0,1.0,6.0,2.0,3.0,24824.0,98.0,98.0,0.0,0.0,150.0,94.0,15.0,13.0,1.0,94.0,2.0,0.0,1.0,3.0,1.0,3.0,10.0,4.0,8.0,3.0,7.0,0.0,0.0,0.0,0.0,100.0,100.0,0.0,0.0,206560.0,73858.0,5000.0,77820.0,0,0
68745,25525.0,0.1308,581.82,2,280000.0,1,1,n,19.16,0.0,0.0,14.0,0.0,39005.0,24.0,0,21655.28,21655.28,6944.74,6944.74,3869.72,3075.02,0.0,0.0,0.0,581.82,0.0,1.0,1,0.0,0.0,509161.0,1.0,7.0,1.0,3.0,5.0,75823.0,82.0,0.0,0.0,15216.0,86.0,42200.0,3.0,0.0,4.0,3.0,36369.0,3195.0,92.4,0.0,0.0,185.0,170.0,93.0,5.0,2.0,93.0,5.0,0.0,5.0,5.0,5.0,5.0,16.0,5.0,5.0,5.0,14.0,0.0,0.0,0.0,1.0,100.0,100.0,0.0,0.0,584808.0,161794.0,42200.0,121986.0,0,0
21888,13000.0,0.0819,408.52,3,24000.0,0,1,n,46.7,0.0,0.0,8.0,0.0,22673.0,10.0,0,10390.31,10390.31,3256.33,3256.33,2609.69,646.64,0.0,0.0,0.0,0.0,0.0,1.0,0,0.0,0.0,27340.0,0.0,1.0,0.0,1.0,14.0,4667.0,67.0,0.0,0.0,8883.0,65.0,35400.0,1.0,0.0,0.0,1.0,3418.0,7023.0,68.8,0.0,0.0,164.0,352.0,57.0,14.0,0.0,177.0,14.0,0.0,5.0,6.0,5.0,5.0,2.0,7.0,8.0,6.0,8.0,0.0,0.0,0.0,0.0,100.0,60.0,0.0,0.0,42400.0,27340.0,22500.0,7000.0,1,0
53635,8000.0,0.1308,182.36,3,50000.0,0,1,n,12.51,0.0,2.0,14.0,0.0,10062.0,18.0,0,7074.49,7074.49,1911.97,1911.97,925.51,986.46,0.0,0.0,0.0,182.36,0.0,1.0,1,0.0,0.0,20062.0,2.0,1.0,1.0,2.0,1.0,10000.0,100.0,2.0,4.0,4377.0,34.0,49900.0,0.0,0.0,2.0,6.0,1433.0,25343.0,28.0,0.0,0.0,16.0,60.0,6.0,1.0,0.0,10.0,1.0,0.0,5.0,6.0,9.0,10.0,2.0,13.0,16.0,6.0,14.0,0.0,0.0,0.0,3.0,100.0,11.1,0.0,0.0,59900.0,20062.0,35200.0,10000.0,0,0
66993,6000.0,0.2305,232.42,1,72300.0,1,1,n,11.09,0.0,1.0,10.0,0.0,3152.0,15.0,0,0.0,0.0,6257.7216666677,6257.72,6000.0,257.72,0.0,0.0,0.0,6032.98,0.0,1.0,1,0.0,0.0,23826.0,3.0,2.0,2.0,2.0,5.0,20674.0,99.0,1.0,5.0,1960.0,82.0,8300.0,1.0,3.0,1.0,7.0,2383.0,1653.0,64.1,0.0,0.0,66.0,78.0,6.0,5.0,0.0,6.0,5.0,1.0,4.0,6.0,4.0,5.0,3.0,8.0,12.0,6.0,10.0,0.0,0.0,0.0,3.0,80.0,25.0,0.0,0.0,29207.0,23826.0,4600.0,20907.0,0,0
15654,10000.0,0.2305,387.36,3,72800.0,0,1,n,28.09,0.0,0.0,16.0,1.0,32758.0,21.0,0,8731.03,8731.03,3073.27,3073.27,1268.97,1804.3,0.0,0.0,0.0,387.36,0.0,1.0,1,0.0,0.0,45594.0,0.0,2.0,0.0,2.0,17.0,12836.0,64.0,1.0,8.0,6818.0,48.0,75600.0,2.0,1.0,1.0,10.0,3257.0,14530.0,65.4,0.0,0.0,107.0,149.0,11.0,11.0,0.0,11.0,12.0,2.0,7.0,11.0,9.0,12.0,3.0,13.0,17.0,11.0,16.0,0.0,0.0,0.0,1.0,94.7,37.5,1.0,0.0,95600.0,45594.0,42000.0,20000.0,0,0
73108,4000.0,0.2055,149.78,2,39600.0,0,1,n,19.91,1.0,0.0,11.0,0.0,4159.0,24.0,0,0.0,0.0,4002.9649999999,4002.96,4000.0,2.96,0.0,0.0,0.0,4007.53,0.0,1.0,1,0.0,1226.0,159341.0,0.0,3.0,0.0,0.0,35.0,13930.0,85.0,2.0,2.0,1409.0,49.0,20500.0,3.0,0.0,2.0,3.0,14486.0,14972.0,19.1,0.0,0.0,231.0,172.0,9.0,7.0,2.0,12.0,9.0,3.0,5.0,6.0,6.0,8.0,10.0,7.0,11.0,6.0,11.0,0.0,0.0,1.0,3.0,90.9,0.0,0.0,0.0,178837.0,18089.0,18500.0,16349.0,0,0
45774,26000.0,0.08810000000000001,537.33,2,116000.0,0,1,n,13.67,1.0,1.0,16.0,0.0,18959.0,60.0,0,22106.41,22106.41,5897.9,5897.9,3893.59,2004.31,0.0,0.0,0.0,537.33,0.0,1.0,1,0.0,0.0,206650.0,4.0,5.0,4.0,6.0,3.0,113856.0,97.0,3.0,4.0,17380.0,52.0,81000.0,1.0,0.0,3.0,10.0,12916.0,52741.0,26.4,0.0,0.0,223.0,338.0,0.0,0.0,1.0,0.0,4.0,0.0,3.0,3.0,8.0,12.0,40.0,10.0,19.0,3.0,16.0,0.0,0.0,0.0,7.0,96.7,12.5,0.0,0.0,335477.0,132815.0,71700.0,132477.0,0,0
55538,25000.0,0.17739999999999995,631.31,2,81000.0,1,1,n,13.72,0.0,3.0,19.0,1.0,9880.0,36.0,0,22022.35,22022.35,6919.77,6919.77,2977.65,3942.12,0.0,0.0,0.0,0.0,0.0,1.0,0,0.0,0.0,724066.0,5.0,6.0,3.0,3.0,4.0,714186.0,100.0,2.0,5.0,3053.0,86.0,23400.0,16.0,0.0,17.0,8.0,38109.0,447.0,87.2,0.0,0.0,160.0,205.0,1.0,1.0,0.0,23.0,1.0,0.0,1.0,4.0,1.0,3.0,25.0,8.0,11.0,4.0,19.0,0.0,0.0,0.0,5.0,100.0,100.0,1.0,0.0,452474.0,724066.0,3500.0,429074.0,0,0
32125,15000.0,0.0756,467.01,1,65000.0,0,1,n,11.78,0.0,2.0,8.0,0.0,6938.0,17.0,0,10770.84,10770.84,5130.81,5130.81,4229.16,901.65,0.0,0.0,0.0,467.01,0.0,1.0,1,0.0,0.0,21838.0,2.0,1.0,1.0,1.0,5.0,14900.0,90.0,3.0,3.0,6165.0,44.0,33000.0,1.0,0.0,3.0,4.0,2730.0,17635.0,25.9,0.0,0.0,210.0,103.0,3.0,3.0,0.0,3.0,5.0,0.0,1.0,2.0,4.0,5.0,8.0,7.0,9.0,2.0,8.0,0.0,0.0,0.0,4.0,100.0,0.0,0.0,0.0,49575.0,21838.0,23800.0,16575.0,0,0
68068,20000.0,0.1524,695.66,1,69500.0,0,1,n,22.55,0.0,0.0,10.0,0.0,23242.0,14.0,0,13690.6,13690.6,8814.05,8814.05,6309.4,2504.65,0.0,0.0,0.0,695.66,0.0,1.0,1,0.0,0.0,48840.0,1.0,5.0,1.0,3.0,5.0,25598.0,83.0,0.0,1.0,8431.0,82.0,29100.0,1.0,5.0,0.0,4.0,4884.0,465.0,95.8,0.0,0.0,75.0,107.0,13.0,5.0,0.0,84.0,23.0,0.0,2.0,3.0,2.0,3.0,8.0,5.0,6.0,3.0,10.0,0.0,0.0,0.0,1.0,100.0,100.0,0.0,0.0,59900.0,48840.0,11200.0,30800.0,0,0
75058,10000.0,0.0646,306.31,2,144160.0,1,1,n,11.0,0.0,1.0,11.0,0.0,10271.0,32.0,0,0.0,0.0,10551.193333332,10551.19,10000.0,551.19,0.0,0.0,0.0,7188.96,0.0,1.0,1,0.0,0.0,952024.0,2.0,3.0,1.0,1.0,4.0,62833.0,66.0,1.0,2.0,2774.0,33.0,59700.0,1.0,5.0,1.0,3.0,86548.0,45942.0,14.1,0.0,0.0,232.0,296.0,4.0,4.0,5.0,4.0,4.0,0.0,4.0,5.0,4.0,9.0,11.0,6.0,15.0,6.0,11.0,0.0,0.0,0.0,2.0,100.0,0.0,0.0,0.0,1134315.0,73104.0,53500.0,85615.0,0,0
9753,2500.0,0.0646,76.58,3,27000.0,0,1,n,14.4,0.0,1.0,5.0,1.0,5630.0,11.0,0,1859.39,1859.39,764.01,764.01,640.61,123.4,0.0,0.0,0.0,76.58,0.0,1.0,1,0.0,0.0,11098.0,1.0,1.0,0.0,0.0,28.0,5468.0,64.0,1.0,1.0,2445.0,60.0,9900.0,0.0,0.0,1.0,1.0,2220.0,1655.0,59.6,0.0,0.0,94.0,88.0,6.0,6.0,1.0,6.0,6.0,0.0,1.0,3.0,2.0,3.0,3.0,4.0,7.0,3.0,5.0,0.0,0.0,0.0,1.0,100.0,50.0,1.0,0.0,18436.0,11098.0,4100.0,8536.0,0,0
69802,15000.0,0.14300000000000002,514.86,1,40000.0,1,1,n,21.24,0.0,1.0,10.0,0.0,11985.0,18.0,0,10691.54,10691.54,6154.49,6154.49,4308.46,1846.03,0.0,0.0,0.0,514.86,0.0,1.0,1,0.0,0.0,32678.0,3.0,1.0,1.0,1.0,8.0,20693.0,87.0,6.0,6.0,5730.0,71.0,22400.0,1.0,2.0,4.0,7.0,3268.0,1048.0,91.0,0.0,0.0,100.0,88.0,2.0,2.0,0.0,2.0,3.0,0.0,4.0,7.0,4.0,6.0,3.0,8.0,15.0,7.0,10.0,0.0,0.0,0.0,7.0,100.0,100.0,0.0,0.0,46243.0,32678.0,11700.0,23843.0,0,0
426,5000.0,0.0819,157.13,2,57000.0,1,1,n,13.26,0.0,1.0,7.0,0.0,8861.0,16.0,0,3862.25,3862.25,1411.89,1411.89,1137.75,274.14,0.0,0.0,0.0,0.0,0.0,1.0,1,0.0,0.0,150708.0,1.0,1.0,1.0,1.0,7.0,9445.0,79.0,1.0,3.0,7617.0,40.0,33300.0,1.0,0.0,2.0,4.0,21530.0,24439.0,26.6,0.0,0.0,164.0,151.0,6.0,6.0,1.0,6.0,6.0,0.0,2.0,2.0,5.0,8.0,4.0,5.0,11.0,2.0,7.0,0.0,0.0,0.0,2.0,87.5,0.0,0.0,0.0,196907.0,18306.0,33300.0,12000.0,0,0
67046,2600.0,0.17739999999999995,93.66,1,53500.0,1,1,n,12.79,1.0,1.0,7.0,0.0,2524.0,11.0,0,0.0,0.0,2713.89,2713.89,2600.0,113.89,0.0,0.0,0.0,2529.13,0.0,1.0,1,0.0,991.0,28234.0,3.0,1.0,1.0,1.0,5.0,25710.0,94.0,2.0,2.0,1057.0,86.0,5400.0,2.0,0.0,5.0,3.0,4033.0,1783.0,47.6,0.0,0.0,113.0,72.0,3.0,3.0,0.0,3.0,1.0,0.0,3.0,4.0,4.0,4.0,4.0,5.0,6.0,5.0,7.0,0.0,0.0,0.0,3.0,81.8,25.0,0.0,0.0,32746.0,28234.0,3400.0,27346.0,0,0
21001,10625.0,0.1308,242.19,2,135000.0,1,1,n,15.56,0.0,3.0,21.0,0.0,22214.0,41.0,0,9156.55,9156.55,2648.65,2648.65,1468.45,1180.2,0.0,0.0,0.0,242.19,0.0,1.0,1,0.0,0.0,373967.0,3.0,1.0,2.0,3.0,1.0,10000.0,100.0,2.0,4.0,7157.0,43.0,92700.0,3.0,0.0,6.0,9.0,17808.0,38775.0,26.1,0.0,0.0,154.0,301.0,5.0,1.0,4.0,13.0,1.0,1.0,4.0,9.0,8.0,13.0,8.0,18.0,28.0,9.0,21.0,0.0,0.0,0.0,5.0,97.6,0.0,0.0,0.0,447475.0,52615.0,52500.0,10000.0,0,0
70878,14000.0,0.0756,435.88,1,53000.0,1,1,n,15.83,1.0,1.0,6.0,0.0,14119.0,15.0,1,9680.2,9680.2,5224.68,5224.68,4319.8,904.88,0.0,0.0,0.0,435.88,0.0,1.0,1,0.0,0.0,26188.0,0.0,1.0,0.0,1.0,16.0,12069.0,69.0,1.0,1.0,9903.0,66.0,22200.0,2.0,0.0,5.0,2.0,4365.0,6061.0,69.4,0.0,0.0,116.0,143.0,10.0,10.0,0.0,25.0,3.0,0.0,3.0,4.0,3.0,4.0,6.0,5.0,9.0,4.0,6.0,0.0,0.0,0.0,1.0,93.3,0.0,0.0,0.0,39755.0,26188.0,19800.0,17555.0,0,0
71341,30000.0,0.08810000000000001,951.35,1,72000.0,0,1,n,24.9,0.0,0.0,14.0,0.0,33921.0,28.0,0,22987.05,22987.05,9498.82,9498.82,7012.95,2485.87,0.0,0.0,0.0,951.35,0.0,1.0,1,0.0,0.0,201417.0,1.0,1.0,0.0,1.0,16.0,14184.0,65.0,1.0,3.0,13498.0,61.0,57100.0,0.0,1.0,2.0,4.0,15494.0,21379.0,61.3,0.0,0.0,161.0,188.0,3.0,3.0,2.0,3.0,11.0,2.0,6.0,6.0,11.0,16.0,6.0,12.0,20.0,6.0,14.0,0.0,0.0,0.0,1.0,92.6,20.0,0.0,0.0,265100.0,48105.0,55300.0,22000.0,0,0
437,16975.0,0.08810000000000001,538.31,3,52000.0,0,1,n,27.14,0.0,2.0,7.0,0.0,0.0,24.0,0,0.0,0.0,17149.33,17149.33,16975.0,174.33,0.0,0.0,0.0,17157.64,0.0,1.0,1,0.0,0.0,39143.0,1.0,3.0,2.0,5.0,3.0,39143.0,77.0,0.0,0.0,0.0,48.0,30100.0,3.0,10.0,3.0,5.0,5592.0,16600.0,0.0,0.0,0.0,162.0,190.0,32.0,3.0,0.0,32.0,0.0,0.0,0.0,0.0,2.0,4.0,18.0,4.0,6.0,0.0,7.0,0.0,0.0,0.0,2.0,95.7,0.0,0.0,0.0,81052.0,39143.0,16600.0,50952.0,0,0
75608,17000.0,0.14300000000000002,398.21,2,81000.0,1,1,n,34.68,0.0,0.0,21.0,0.0,22551.0,50.0,0,14584.65,14584.65,4751.51,4751.51,2415.35,2336.16,0.0,0.0,0.0,398.21,0.0,1.0,1,0.0,0.0,210102.0,4.0,3.0,2.0,4.0,7.0,72415.0,59.0,5.0,11.0,4192.0,45.0,66100.0,4.0,0.0,8.0,15.0,10005.0,28923.0,39.5,0.0,0.0,172.0,103.0,1.0,1.0,1.0,1.0,7.0,0.0,6.0,8.0,12.0,23.0,12.0,16.0,37.0,8.0,21.0,0.0,0.0,0.0,7.0,100.0,0.0,0.0,0.0,286957.0,94966.0,47800.0,94293.0,0,0
29068,30000.0,0.1524,717.49,2,75000.0,1,1,n,22.83,0.0,2.0,17.0,0.0,29357.0,28.0,0,26591.35,26591.35,7124.1,7124.1,3408.65,3715.45,0.0,0.0,0.0,0.0,0.0,1.0,1,0.0,0.0,253777.0,0.0,3.0,0.0,3.0,16.0,78877.0,78.0,1.0,9.0,9056.0,66.0,50700.0,3.0,5.0,3.0,13.0,14928.0,15177.0,43.8,0.0,0.0,62.0,64.0,7.0,7.0,1.0,7.0,4.0,2.0,6.0,9.0,8.0,12.0,9.0,13.0,18.0,9.0,17.0,0.0,0.0,0.0,1.0,85.7,0.0,0.0,0.0,281530.0,108234.0,27000.0,82664.0,0,0
63742,5000.0,0.1308,168.67,2,60000.0,0,1,n,16.2,0.0,0.0,12.0,0.0,7950.0,16.0,0,3544.77,3544.77,2020.41,2020.41,1455.23,565.18,0.0,0.0,0.0,168.67,0.0,1.0,1,0.0,0.0,98009.0,1.0,3.0,2.0,3.0,6.0,20512.0,89.0,0.0,3.0,3980.0,67.0,19300.0,1.0,1.0,2.0,6.0,8167.0,897.0,87.5,0.0,0.0,38.0,178.0,17.0,6.0,1.0,24.0,3.0,0.0,2.0,6.0,2.0,2.0,5.0,8.0,10.0,6.0,12.0,0.0,0.0,0.0,2.0,93.8,50.0,0.0,0.0,124829.0,28462.0,7200.0,23181.0,0,0
41716,6375.0,0.08810000000000001,202.17,2,11352.0,0,1,n,138.9,0.0,0.0,16.0,1.0,13225.0,30.0,0,4613.57,4613.57,2217.63,2217.63,1761.43,456.2,0.0,0.0,0.0,202.17,0.0,1.0,0,0.0,0.0,20935.0,0.0,2.0,0.0,1.0,22.0,7710.0,29.0,2.0,9.0,3213.0,33.0,36000.0,1.0,0.0,3.0,10.0,1308.0,10398.0,42.9,0.0,0.0,130.0,181.0,10.0,10.0,1.0,11.0,9.0,0.0,4.0,12.0,4.0,8.0,5.0,14.0,24.0,12.0,16.0,0.0,0.0,0.0,2.0,100.0,25.0,1.0,0.0,62700.0,20935.0,18200.0,26700.0,0,0
13936,7000.0,0.2055,262.12,1,33000.0,0,1,n,15.89,0.0,1.0,6.0,0.0,5002.0,10.0,0,5462.77,5462.77,2605.22,2605.22,1537.23,1067.99,0.0,0.0,0.0,262.12,0.0,1.0,1,0.0,0.0,13276.0,1.0,1.0,0.0,0.0,127.0,8274.0,39.0,2.0,3.0,1966.0,43.0,9900.0,0.0,0.0,1.0,3.0,2213.0,4597.0,48.9,0.0,0.0,140.0,52.0,4.0,4.0,1.0,8.0,4.0,1.0,3.0,5.0,3.0,4.0,3.0,5.0,6.0,5.0,6.0,0.0,0.0,0.0,2.0,88.9,66.7,0.0,0.0,30963.0,13276.0,9000.0,21063.0,0,0
58881,3650.0,0.2565,146.39,2,108000.0,0,1,n,39.02,0.0,0.0,13.0,0.0,24807.0,28.0,0,0.0,0.0,3923.47,3923.47,3650.0,273.47,0.0,0.0,0.0,3635.89,0.0,1.0,1,0.0,0.0,308329.0,1.0,5.0,4.0,5.0,4.0,101410.0,83.0,0.0,1.0,5416.0,78.0,35500.0,3.0,0.0,3.0,6.0,23718.0,1195.0,89.5,0.0,0.0,127.0,132.0,17.0,4.0,1.0,44.0,10.0,0.0,2.0,7.0,2.0,2.0,17.0,7.0,10.0,7.0,13.0,0.0,0.0,0.0,4.0,100.0,100.0,0.0,0.0,354577.0,126217.0,11400.0,117791.0,0,0
34842,35000.0,0.17739999999999995,1260.78,2,112000.0,0,1,n,26.17,0.0,2.0,22.0,0.0,74428.0,40.0,0,26190.98,26190.98,13782.34,13782.34,8809.02,4973.32,0.0,0.0,0.0,1260.78,0.0,1.0,1,0.0,0.0,263874.0,2.0,4.0,2.0,2.0,6.0,65944.0,89.0,2.0,5.0,6893.0,62.0,123600.0,3.0,1.0,11.0,7.0,11994.0,32509.0,42.1,0.0,0.0,262.0,95.0,6.0,6.0,2.0,6.0,6.0,0.0,5.0,9.0,8.0,11.0,12.0,17.0,26.0,9.0,22.0,0.0,0.0,0.0,4.0,100.0,25.0,0.0,0.0,369838.0,140372.0,56100.0,100919.0,0,0
60837,4800.0,0.0646,147.03,2,49000.0,0,1,n,11.73,0.0,0.0,10.0,0.0,7222.0,14.0,0,3301.88,3301.88,1760.05,1760.05,1498.12,261.93,0.0,0.0,0.0,147.03,0.0,1.0,1,0.0,0.0,21185.0,0.0,1.0,0.0,1.0,16.0,4222.0,60.0,0.0,1.0,2868.0,22.0,45600.0,1.0,0.0,0.0,2.0,2119.0,33057.0,14.1,0.0,0.0,74.0,81.0,15.0,15.0,1.0,25.0,15.0,0.0,6.0,7.0,6.0,6.0,4.0,8.0,9.0,7.0,10.0,0.0,0.0,0.0,0.0,100.0,0.0,0.0,0.0,119425.0,11444.0,38500.0,7000.0,0,0
43992,20000.0,0.1033,648.45,1,100000.0,0,1,n,27.31,1.0,0.0,19.0,0.0,35792.0,26.0,0,14529.46,14529.46,7121.47,7121.47,5470.54,1650.93,0.0,0.0,0.0,648.45,0.0,1.0,1,0.0,0.0,71235.0,1.0,3.0,2.0,2.0,6.0,35443.0,69.0,0.0,0.0,6674.0,63.0,59100.0,1.0,0.0,0.0,2.0,3749.0,15124.0,62.6,0.0,0.0,153.0,165.0,30.0,6.0,0.0,30.0,6.0,0.0,7.0,9.0,10.0,11.0,8.0,16.0,18.0,9.0,19.0,0.0,0.0,0.0,2.0,96.2,40.0,0.0,0.0,117058.0,71235.0,40400.0,57958.0,0,0
46279,3000.0,0.1171,99.23,2,52000.0,0,1,n,15.42,1.0,1.0,5.0,0.0,10279.0,16.0,0,2191.62,2191.62,1087.63,1087.63,808.38,279.25,0.0,0.0,0.0,0.0,0.0,1.0,1,0.0,0.0,20398.0,2.0,1.0,1.0,1.0,6.0,10119.0,87.0,1.0,2.0,8032.0,48.0,30800.0,1.0,1.0,1.0,3.0,4080.0,15121.0,40.5,0.0,0.0,157.0,330.0,3.0,3.0,1.0,3.0,6.0,1.0,2.0,2.0,3.0,7.0,3.0,4.0,11.0,2.0,5.0,0.0,0.0,0.0,2.0,86.7,0.0,0.0,0.0,42375.0,20398.0,25400.0,11575.0,0,0
10396,10000.0,0.124,224.48,2,60000.0,0,1,n,16.98,0.0,0.0,9.0,0.0,9761.0,15.0,0,8730.62,8730.62,2237.91,2237.91,1269.38,968.53,0.0,0.0,0.0,224.48,0.0,1.0,1,0.0,0.0,263439.0,1.0,2.0,1.0,3.0,6.0,39714.0,95.0,1.0,2.0,3346.0,18.0,70900.0,0.0,5.0,2.0,5.0,29271.0,23346.0,20.0,0.0,0.0,158.0,65.0,12.0,6.0,1.0,36.0,7.0,0.0,3.0,5.0,3.0,3.0,8.0,6.0,6.0,5.0,9.0,0.0,0.0,0.0,2.0,100.0,0.0,0.0,0.0,337939.0,49475.0,29200.0,46395.0,0,0
27763,40000.0,0.124,897.89,2,124999.0,0,1,n,8.63,0.0,2.0,6.0,0.0,22173.0,37.0,0,0.0,0.0,42156.5,42156.5,40000.0,2156.5,0.0,0.0,0.0,39517.94,0.0,1.0,1,0.0,0.0,695547.0,0.0,1.0,1.0,1.0,9.0,23374.0,91.0,0.0,0.0,22135.0,48.0,119000.0,0.0,1.0,2.0,2.0,115925.0,96827.0,32.1,0.0,0.0,103.0,154.0,29.0,9.0,6.0,29.0,0.0,0.0,2.0,2.0,4.0,16.0,12.0,4.0,19.0,2.0,6.0,0.0,0.0,0.0,2.0,100.0,0.0,0.0,0.0,794783.0,45547.0,119000.0,25783.0,0,0
49686,27000.0,0.2565,1082.82,1,80000.0,0,1,n,26.31,0.0,0.0,15.0,0.0,31867.0,29.0,0,0.0,0.0,31215.19,31215.19,27000.0,4215.19,0.0,0.0,0.0,23673.93,0.0,1.0,1,0.0,0.0,70862.0,1.0,7.0,1.0,2.0,8.0,38995.0,58.0,2.0,2.0,7023.0,68.0,36400.0,1.0,0.0,2.0,4.0,4724.0,3134.0,89.0,0.0,0.0,173.0,245.0,6.0,6.0,0.0,6.0,12.0,0.0,6.0,8.0,6.0,8.0,16.0,8.0,13.0,8.0,15.0,0.0,0.0,0.0,3.0,82.8,83.3,0.0,0.0,104275.0,70862.0,28400.0,67875.0,0,0
36926,33000.0,0.1102,1080.7,1,40000.0,1,1,n,35.85,0.0,0.0,18.0,0.0,33943.0,26.0,0,24208.08,24208.08,11867.5,11867.5,8791.92,3075.58,0.0,0.0,0.0,1080.7,0.0,1.0,0,0.0,0.0,35421.0,0.0,1.0,0.0,0.0,69.0,1478.0,7.0,1.0,2.0,4855.0,41.0,64400.0,0.0,2.0,0.0,2.0,1968.0,18394.0,64.3,0.0,0.0,69.0,110.0,12.0,12.0,0.0,12.0,13.0,0.0,11.0,14.0,12.0,15.0,2.0,17.0,24.0,14.0,18.0,0.0,0.0,0.0,1.0,100.0,50.0,0.0,0.0,86596.0,35421.0,51500.0,22196.0,0,0
8357,5575.0,0.0819,175.19,2,70000.0,0,1,n,27.36,0.0,1.0,17.0,0.0,49979.0,25.0,0,4160.7,4160.7,1749.36,1749.36,1414.3,335.06,0.0,0.0,0.0,175.19,0.0,1.0,1,0.0,0.0,461714.0,0.0,4.0,0.0,0.0,27.0,34279.0,65.0,0.0,1.0,23567.0,42.0,146600.0,1.0,0.0,1.0,1.0,27160.0,95621.0,34.3,0.0,0.0,113.0,213.0,19.0,19.0,3.0,19.0,0.0,0.0,5.0,5.0,11.0,14.0,7.0,12.0,15.0,5.0,17.0,0.0,0.0,0.0,0.0,100.0,18.2,0.0,0.0,616015.0,84258.0,145600.0,53165.0,0,0
32026,12000.0,0.1524,417.4,2,115000.0,0,1,n,10.18,4.0,0.0,15.0,0.0,7479.0,27.0,0,8892.66,8892.66,4581.24,4581.24,3107.34,1473.9,0.0,0.0,0.0,417.4,0.0,1.0,1,0.0,0.0,203560.0,3.0,9.0,3.0,6.0,3.0,102767.0,102.0,2.0,4.0,6484.0,96.0,13500.0,0.0,5.0,2.0,10.0,13571.0,5007.0,59.3,1.0,0.0,106.0,125.0,4.0,3.0,2.0,21.0,10.0,0.0,2.0,3.0,3.0,4.0,14.0,5.0,11.0,3.0,15.0,0.0,0.0,1.0,5.0,74.1,33.3,0.0,0.0,226535.0,110246.0,12300.0,101035.0,0,0
48919,25000.0,0.124,561.18,1,400000.0,1,1,n,3.86,0.0,1.0,8.0,0.0,14199.0,15.0,0,21152.02,21152.02,6716.94,6716.94,3847.98,2868.96,0.0,0.0,0.0,561.18,0.0,1.0,0,0.0,0.0,54993.0,1.0,3.0,2.0,3.0,6.0,40794.0,90.0,1.0,1.0,14199.0,44.0,80800.0,2.0,0.0,5.0,4.0,6874.0,66601.0,17.6,0.0,0.0,80.0,246.0,10.0,6.0,1.0,10.0,5.0,0.0,1.0,1.0,5.0,8.0,4.0,5.0,10.0,1.0,8.0,0.0,0.0,0.0,3.0,100.0,20.0,0.0,0.0,126013.0,54993.0,80800.0,45213.0,0,0
7727,27525.0,0.0646,843.12,3,68000.0,0,1,n,16.36,0.0,1.0,17.0,0.0,4311.0,23.0,0,20468.07,20468.07,8411.44,8411.44,7056.93,1354.51,0.0,0.0,0.0,843.12,0.0,1.0,1,0.0,0.0,44329.0,1.0,10.0,1.0,2.0,7.0,40018.0,79.0,1.0,3.0,2026.0,40.0,61300.0,2.0,0.0,2.0,5.0,2608.0,44497.0,6.9,0.0,0.0,137.0,228.0,5.0,5.0,0.0,19.0,5.0,0.0,2.0,3.0,4.0,8.0,12.0,7.0,11.0,3.0,17.0,0.0,0.0,0.0,2.0,100.0,0.0,0.0,0.0,112275.0,44329.0,47800.0,50975.0,0,0
3353,3000.0,0.2565,120.32,1,22000.0,1,1,n,36.17,1.0,1.0,13.0,0.0,10388.0,15.0,0,2380.8,2380.8,1194.65,1194.65,619.2,575.45,0.0,0.0,0.0,120.32,0.0,1.0,1,0.0,0.0,14643.0,1.0,1.0,1.0,1.0,8.0,4255.0,85.0,3.0,6.0,3338.0,38.0,33300.0,1.0,0.0,2.0,7.0,1126.0,17655.0,35.3,0.0,0.0,8.0,311.0,2.0,2.0,0.0,2.0,2.0,1.0,8.0,11.0,9.0,11.0,1.0,12.0,14.0,11.0,13.0,0.0,0.0,0.0,4.0,86.7,11.1,0.0,0.0,38300.0,14643.0,27300.0,5000.0,0,0
64753,20000.0,0.124,448.95,1,46500.0,1,1,n,17.75,0.0,0.0,6.0,0.0,17122.0,11.0,0,16929.26,16929.26,5373.62,5373.62,3070.74,2302.88,0.0,0.0,0.0,448.95,0.0,1.0,1,0.0,0.0,20155.0,0.0,1.0,0.0,0.0,34.0,3033.0,44.0,0.0,0.0,9997.0,57.0,28400.0,0.0,4.0,0.0,0.0,3359.0,1664.0,86.5,0.0,0.0,70.0,148.0,49.0,34.0,1.0,49.0,21.0,1.0,2.0,3.0,3.0,5.0,3.0,5.0,7.0,3.0,6.0,0.0,0.0,0.0,0.0,90.9,33.3,0.0,0.0,35374.0,20155.0,12300.0,6974.0,0,0
29397,39000.0,0.0819,794.34,2,154064.8,1,1,n,25.25,0.0,0.0,21.0,0.0,39441.0,34.0,0,32987.81,32987.81,8702.25,8702.25,6012.19,2690.06,0.0,0.0,0.0,794.34,0.0,1.0,1,0.0,0.0,482704.0,1.0,14.0,0.0,0.0,30.0,255160.0,107.0,1.0,2.0,16236.0,95.0,67800.0,0.0,1.0,1.0,3.0,22986.0,24751.0,60.6,0.0,0.0,150.0,159.0,1.0,1.0,2.0,14.0,12.0,0.0,4.0,5.0,5.0,5.0,23.0,6.0,9.0,5.0,21.0,0.0,0.0,0.0,2.0,100.0,40.0,0.0,0.0,510341.0,294601.0,62800.0,252542.0,0,0
4447,24000.0,0.0819,488.82,2,220000.0,0,1,n,16.79,0.0,0.0,30.0,0.0,63936.0,68.0,0,21354.13,21354.13,4188.72,4188.72,2645.87,1542.85,0.0,0.0,0.0,488.82,0.0,1.0,1,0.0,0.0,570179.0,2.0,15.0,2.0,5.0,6.0,38486.0,36.0,1.0,2.0,30441.0,31.0,237000.0,2.0,4.0,0.0,7.0,19661.0,105741.0,33.3,0.0,0.0,223.0,294.0,5.0,5.0,9.0,5.0,15.0,0.0,8.0,9.0,10.0,12.0,45.0,12.0,14.0,9.0,30.0,0.0,0.0,0.0,3.0,100.0,22.2,0.0,0.0,861951.0,102422.0,168000.0,105605.0,0,0
45708,24000.0,0.0702,741.27,2,151000.0,1,1,n,17.21,0.0,1.0,28.0,1.0,37822.0,37.0,0,17193.67,17193.67,8144.61,8144.61,6806.33,1338.28,0.0,0.0,0.0,741.27,0.0,1.0,1,0.0,0.0,311418.0,2.0,3.0,0.0,1.0,20.0,35115.0,35.0,4.0,9.0,6569.0,29.0,132100.0,1.0,0.0,3.0,10.0,11122.0,82942.0,25.7,0.0,0.0,236.0,241.0,2.0,2.0,1.0,2.0,1.0,0.0,17.0,20.0,19.0,23.0,7.0,24.0,29.0,20.0,28.0,0.0,0.0,0.0,4.0,100.0,10.5,1.0,0.0,444702.0,72937.0,111700.0,57227.0,0,0
58528,7000.0,0.0819,142.58,3,56000.0,1,1,n,11.77,0.0,3.0,8.0,0.0,5764.0,11.0,0,5807.02,5807.02,1707.78,1707.78,1192.98,514.8,0.0,0.0,0.0,142.58,0.0,1.0,1,0.0,0.0,13988.0,2.0,2.0,0.0,1.0,18.0,8224.0,61.0,3.0,6.0,2313.0,56.0,11600.0,0.0,0.0,5.0,7.0,1749.0,3438.0,60.5,0.0,0.0,47.0,39.0,3.0,3.0,0.0,3.0,3.0,0.0,4.0,6.0,4.0,5.0,3.0,6.0,8.0,6.0,8.0,0.0,0.0,0.0,3.0,100.0,50.0,0.0,0.0,25011.0,13988.0,8700.0,13411.0,0,0
39501,24000.0,0.2055,898.67,2,90000.0,0,1,n,29.83,0.0,2.0,17.0,1.0,21731.0,30.0,0,19123.42,19123.42,8959.3,8959.3,4876.58,4082.72,0.0,0.0,0.0,898.67,0.0,1.0,1,0.0,1261.0,418082.0,2.0,2.0,1.0,3.0,11.0,53912.0,77.0,2.0,3.0,4146.0,62.0,40900.0,4.0,2.0,8.0,8.0,24593.0,3637.0,68.1,0.0,0.0,80.0,142.0,3.0,3.0,4.0,3.0,1.0,0.0,6.0,12.0,6.0,9.0,8.0,14.0,18.0,12.0,17.0,0.0,0.0,0.0,4.0,100.0,50.0,1.0,0.0,455039.0,75643.0,11400.0,69792.0,0,0
59757,20000.0,0.2305,564.39,1,77000.0,1,1,n,23.52,0.0,1.0,9.0,0.0,21842.0,10.0,0,17593.56,17593.56,6747.07,6747.07,2406.44,4340.63,0.0,0.0,0.0,564.39,0.0,1.0,1,0.0,0.0,53105.0,0.0,3.0,0.0,2.0,18.0,31263.0,73.0,2.0,3.0,8903.0,75.0,27700.0,5.0,0.0,2.0,5.0,5901.0,3558.0,86.0,0.0,0.0,48.0,71.0,11.0,11.0,0.0,11.0,5.0,0.0,5.0,5.0,5.0,5.0,4.0,6.0,6.0,5.0,9.0,0.0,0.0,0.0,2.0,100.0,40.0,0.0,0.0,70843.0,53105.0,25400.0,43143.0,0,0
70374,12000.0,0.1033,256.92,2,109000.0,0,1,n,11.46,0.0,1.0,12.0,0.0,3417.0,17.0,0,10066.72,10066.72,3076.15,3076.15,1933.28,1142.87,0.0,0.0,0.0,256.92,0.0,1.0,1,0.0,0.0,467007.0,2.0,2.0,1.0,2.0,3.0,35655.0,62.0,0.0,3.0,963.0,45.0,30000.0,2.0,1.0,5.0,6.0,38917.0,8217.0,16.2,0.0,0.0,37.0,238.0,13.0,3.0,2.0,13.0,5.0,0.0,2.0,5.0,2.0,4.0,4.0,8.0,11.0,5.0,12.0,0.0,0.0,0.0,2.0,100.0,0.0,0.0,0.0,548166.0,39072.0,9800.0,57166.0,0,0
1870,24000.0,0.1033,513.84,2,99069.0,0,1,n,19.82,0.0,1.0,19.0,0.0,8648.0,33.0,0,20805.81,20805.81,5124.63,5124.63,3194.19,1930.44,0.0,0.0,0.0,513.84,0.0,1.0,1,0.0,508.0,290268.0,3.0,3.0,2.0,2.0,3.0,38901.0,52.0,1.0,4.0,1901.0,37.0,55500.0,3.0,0.0,8.0,7.0,15277.0,38701.0,14.0,0.0,0.0,196.0,172.0,6.0,3.0,6.0,6.0,0.0,0.0,5.0,8.0,11.0,11.0,9.0,15.0,18.0,8.0,19.0,0.0,0.0,0.0,4.0,100.0,0.0,0.0,0.0,374823.0,47549.0,45000.0,74323.0,0,0
12819,12000.0,0.124,400.87,1,54000.0,0,1,n,20.82,7.0,2.0,10.0,0.0,8101.0,33.0,1,9098.94,9098.94,4000.43,4000.43,2901.06,1099.37,0.0,0.0,0.0,400.87,0.0,1.0,1,0.0,0.0,151137.0,1.0,4.0,0.0,1.0,17.0,143036.0,63.0,1.0,1.0,2918.0,60.0,15600.0,1.0,1.0,4.0,2.0,15114.0,1958.0,68.9,0.0,0.0,191.0,295.0,4.0,4.0,0.0,4.0,2.0,1.0,3.0,5.0,3.0,6.0,20.0,6.0,13.0,5.0,10.0,0.0,0.0,1.0,1.0,78.8,33.3,0.0,0.0,155174.0,151137.0,6300.0,139574.0,0,0
42631,40000.0,0.0756,1245.36,2,137000.0,0,1,n,27.8,0.0,0.0,16.0,0.0,78754.0,44.0,0,28811.7,28811.7,13682.16,13682.16,11188.3,2493.86,0.0,0.0,0.0,1245.36,0.0,1.0,0,0.0,0.0,631086.0,0.0,5.0,0.0,1.0,14.0,76051.0,36.0,2.0,4.0,19827.0,58.0,104800.0,2.0,9.0,0.0,7.0,42072.0,6050.0,88.3,0.0,0.0,206.0,305.0,9.0,9.0,6.0,9.0,14.0,0.0,3.0,6.0,4.0,13.0,14.0,10.0,24.0,7.0,16.0,0.0,0.0,0.0,2.0,97.7,75.0,0.0,0.0,722316.0,154805.0,51600.0,128623.0,0,0
21254,4000.0,0.17739999999999995,144.09,1,75000.0,0,1,n,27.31,0.0,1.0,21.0,0.0,28775.0,33.0,0,3318.27,3318.27,1288.93,1288.93,681.73,607.2,0.0,0.0,0.0,144.09,0.0,1.0,1,0.0,0.0,62266.0,3.0,8.0,0.0,1.0,19.0,33491.0,78.0,4.0,4.0,6109.0,82.0,33200.0,1.0,0.0,1.0,5.0,3113.0,359.0,98.6,0.0,0.0,198.0,227.0,3.0,3.0,0.0,7.0,6.0,0.0,9.0,12.0,10.0,11.0,19.0,13.0,14.0,12.0,21.0,0.0,0.0,0.0,4.0,97.0,100.0,0.0,0.0,76023.0,62266.0,25700.0,42823.0,0,0
27723,12000.0,0.1308,404.79,2,55000.0,0,1,n,31.86,0.0,1.0,12.0,0.0,12987.0,16.0,0,0.0,0.0,12885.25,12885.25,12000.0,885.25,0.0,0.0,0.0,10473.95,0.0,1.0,1,0.0,0.0,166184.0,1.0,5.0,1.0,3.0,3.0,32521.0,61.0,1.0,3.0,3990.0,60.0,22200.0,0.0,3.0,1.0,6.0,13849.0,5910.0,65.0,0.0,0.0,141.0,74.0,11.0,3.0,2.0,13.0,3.0,0.0,3.0,5.0,3.0,3.0,8.0,6.0,6.0,5.0,12.0,0.0,0.0,0.0,2.0,100.0,33.3,0.0,0.0,214142.0,45508.0,16900.0,53382.0,0,0
51811,13825.0,0.1171,457.28,2,58000.0,0,1,n,18.93,0.0,0.0,7.0,0.0,6528.0,19.0,0,9742.02,9742.02,5478.37,5478.37,4082.98,1395.39,0.0,0.0,0.0,457.28,0.0,1.0,1,0.0,0.0,24863.0,1.0,2.0,0.0,1.0,20.0,18335.0,43.0,1.0,1.0,3567.0,46.0,11000.0,1.0,0.0,1.0,2.0,3552.0,3219.0,65.0,0.0,0.0,128.0,171.0,1.0,1.0,1.0,75.0,5.0,1.0,3.0,4.0,3.0,6.0,8.0,5.0,10.0,4.0,7.0,0.0,0.0,0.0,1.0,83.3,33.3,0.0,0.0,54096.0,24863.0,9200.0,43096.0,0,0
34052,7000.0,0.17739999999999995,252.16,1,35000.0,1,1,n,23.42,0.0,0.0,8.0,0.0,13589.0,10.0,0,5238.15,5238.15,2756.51,2756.51,1761.85,994.66,0.0,0.0,0.0,252.16,0.0,1.0,1,0.0,0.0,21832.0,0.0,1.0,0.0,0.0,42.0,8243.0,52.0,2.0,4.0,3794.0,60.0,20300.0,0.0,0.0,0.0,4.0,2729.0,5929.0,68.3,0.0,0.0,48.0,38.0,7.0,7.0,0.0,7.0,15.0,0.0,5.0,6.0,5.0,5.0,2.0,7.0,8.0,6.0,8.0,0.0,0.0,0.0,2.0,100.0,40.0,0.0,0.0,36200.0,21832.0,18700.0,15900.0,0,0
40915,31900.0,0.1102,693.91,1,50000.0,0,1,n,25.56,0.0,0.0,11.0,0.0,9773.0,27.0,0,27281.22,27281.22,7593.95,7593.95,4618.78,2975.17,0.0,0.0,0.0,693.91,0.0,1.0,1,0.0,1319.0,28296.0,0.0,1.0,0.0,1.0,22.0,18523.0,66.0,2.0,5.0,3969.0,44.0,35900.0,2.0,2.0,2.0,6.0,2572.0,18427.0,34.7,0.0,0.0,220.0,87.0,11.0,11.0,0.0,11.0,11.0,0.0,6.0,6.0,7.0,9.0,13.0,10.0,14.0,6.0,11.0,0.0,0.0,0.0,2.0,96.3,0.0,0.0,0.0,63900.0,28296.0,28200.0,28000.0,0,0
25340,40000.0,0.1524,956.65,2,85000.0,0,1,n,19.92,0.0,0.0,10.0,0.0,16840.0,19.0,0,0.0,0.0,41276.02,41276.02,40000.0,1276.02,0.0,0.0,0.0,40353.24,0.0,1.0,0,0.0,0.0,451335.0,0.0,2.0,1.0,1.0,11.0,12701.0,34.0,1.0,1.0,7878.0,22.0,95100.0,2.0,0.0,2.0,4.0,45134.0,78260.0,17.7,0.0,0.0,152.0,151.0,11.0,11.0,3.0,11.0,11.0,1.0,4.0,4.0,7.0,7.0,9.0,7.0,7.0,4.0,10.0,0.0,0.0,0.0,3.0,88.9,0.0,0.0,0.0,560260.0,29541.0,95100.0,37660.0,0,0
33884,20000.0,0.1308,674.65,3,55000.0,0,1,n,22.37,0.0,0.0,12.0,1.0,12277.0,24.0,0,14645.35,14645.35,7384.82,7384.82,5354.65,2030.17,0.0,0.0,0.0,674.65,0.0,1.0,1,0.0,0.0,24196.0,0.0,2.0,1.0,2.0,8.0,11919.0,70.0,0.0,0.0,6926.0,55.0,27300.0,1.0,0.0,0.0,2.0,2200.0,7988.0,56.8,0.0,0.0,59.0,228.0,27.0,8.0,0.0,31.0,15.0,0.0,3.0,5.0,5.0,11.0,5.0,10.0,19.0,5.0,11.0,0.0,0.0,0.0,1.0,100.0,60.0,1.0,0.0,44300.0,24196.0,18500.0,17000.0,0,0
76789,20425.0,0.2055,547.41,1,90000.0,1,1,n,18.45,0.0,1.0,18.0,0.0,16282.0,20.0,0,17816.79,17816.79,6522.28,6522.28,2608.21,3914.07,0.0,0.0,0.0,547.41,0.0,1.0,1,0.0,0.0,128828.0,0.0,11.0,0.0,1.0,16.0,107712.0,93.0,0.0,0.0,9939.0,87.0,23300.0,1.0,0.0,1.0,2.0,7157.0,7018.0,69.9,0.0,0.0,85.0,83.0,33.0,13.0,0.0,33.0,1.0,0.0,4.0,4.0,6.0,7.0,12.0,6.0,7.0,4.0,18.0,0.0,0.0,0.0,0.0,100.0,66.7,0.0,0.0,135398.0,128828.0,23300.0,106515.0,0,0
75016,15000.0,0.1171,496.14,2,125000.0,1,1,n,12.63,3.0,1.0,19.0,0.0,17069.0,33.0,0,10570.06,10570.06,5934.16,5934.16,4429.94,1504.22,0.0,0.0,0.0,496.14,0.0,1.0,1,0.0,0.0,380328.0,1.0,2.0,0.0,1.0,18.0,10184.0,27.0,2.0,3.0,4605.0,45.0,23800.0,0.0,0.0,1.0,5.0,20017.0,5636.0,73.9,0.0,0.0,166.0,212.0,2.0,2.0,1.0,10.0,2.0,0.0,13.0,15.0,14.0,17.0,10.0,16.0,22.0,15.0,19.0,0.0,0.0,0.0,2.0,84.8,50.0,0.0,0.0,418883.0,27253.0,21600.0,37186.0,0,0
64967,15000.0,0.0756,467.01,2,150000.0,1,1,n,28.65,0.0,1.0,33.0,0.0,74828.0,59.0,0,0.0,0.0,15328.42,15328.42,15000.0,328.42,0.0,0.0,0.0,14400.7,0.0,1.0,1,0.0,0.0,489441.0,3.0,3.0,3.0,5.0,2.0,82015.0,99.0,5.0,10.0,25422.0,34.0,282600.0,1.0,5.0,4.0,19.0,15295.0,205572.0,26.7,0.0,0.0,128.0,218.0,4.0,2.0,6.0,4.0,2.0,0.0,8.0,8.0,26.0,30.0,16.0,27.0,33.0,8.0,33.0,0.0,0.0,0.0,8.0,100.0,16.0,0.0,0.0,742677.0,159196.0,280400.0,105524.0,0,0
69671,40000.0,0.1102,870.1,2,145000.0,1,1,n,27.84,0.0,0.0,22.0,0.0,74270.0,59.0,0,33851.26,33851.26,10392.22,10392.22,6148.74,4243.48,0.0,0.0,0.0,870.1,0.0,1.0,1,0.0,0.0,130926.0,3.0,3.0,0.0,1.0,23.0,56656.0,61.0,5.0,5.0,13300.0,43.0,196700.0,1.0,1.0,2.0,6.0,6235.0,68215.0,41.3,0.0,0.0,197.0,258.0,2.0,2.0,5.0,2.0,6.0,0.0,8.0,12.0,9.0,24.0,12.0,19.0,42.0,12.0,22.0,0.0,0.0,0.0,5.0,98.3,22.2,0.0,0.0,301969.0,130926.0,116300.0,105269.0,0,0
5061,10000.0,0.0702,308.87,2,45000.0,1,1,n,25.87,0.0,1.0,17.0,0.0,24348.0,29.0,0,0.0,0.0,10152.26,10152.26,10000.0,152.26,0.0,0.0,0.0,9847.29,0.0,1.0,1,0.0,0.0,139315.0,1.0,1.0,0.0,0.0,59.0,16458.0,92.0,1.0,3.0,4660.0,51.0,61800.0,0.0,1.0,1.0,3.0,8195.0,17206.0,54.6,0.0,0.0,132.0,98.0,5.0,5.0,2.0,24.0,5.0,0.0,8.0,11.0,10.0,13.0,7.0,15.0,20.0,11.0,17.0,0.0,0.0,0.0,1.0,100.0,20.0,0.0,0.0,185962.0,40806.0,37900.0,17834.0,0,0
30654,14500.0,0.08810000000000001,459.82,1,65000.0,0,1,n,24.65,1.0,0.0,17.0,0.0,14627.0,45.0,0,10467.1,10467.1,5050.92,5050.92,4032.9,1018.02,0.0,0.0,0.0,459.82,0.0,1.0,1,0.0,162.0,18168.0,0.0,2.0,0.0,0.0,33.0,3541.0,15.0,1.0,3.0,2948.0,36.0,26500.0,1.0,0.0,0.0,3.0,1136.0,8258.0,56.8,0.0,0.0,201.0,209.0,10.0,10.0,0.0,23.0,17.0,0.0,6.0,11.0,8.0,8.0,27.0,14.0,18.0,11.0,17.0,0.0,0.0,0.0,1.0,95.1,37.5,0.0,0.0,50862.0,18168.0,19100.0,24362.0,0,0
14563,19000.0,0.1033,616.03,2,92091.0,0,1,n,22.54,1.0,0.0,15.0,0.0,14081.0,36.0,0,0.0,0.0,20338.11,20338.11,19000.0,1338.11,0.0,0.0,0.0,2631.68,0.0,1.0,1,0.0,752.0,384968.0,1.0,3.0,1.0,2.0,5.0,39271.0,72.0,0.0,3.0,4324.0,32.0,70500.0,0.0,4.0,1.0,5.0,25665.0,32254.0,20.6,0.0,0.0,177.0,105.0,13.0,5.0,4.0,13.0,3.0,0.0,4.0,8.0,5.0,5.0,20.0,11.0,12.0,8.0,15.0,0.0,0.0,0.0,1.0,93.9,0.0,0.0,0.0,488846.0,53352.0,40600.0,60873.0,0,0
21537,40000.0,0.1308,911.77,2,130000.0,0,1,n,23.52,0.0,0.0,20.0,1.0,27037.0,29.0,0,34471.77,34471.77,9971.34,9971.34,5528.23,4443.11,0.0,0.0,0.0,911.77,0.0,1.0,1,0.0,1243.0,324716.0,0.0,5.0,1.0,3.0,12.0,63060.0,75.0,0.0,1.0,7649.0,72.0,40600.0,1.0,0.0,0.0,4.0,16236.0,5263.0,81.3,0.0,0.0,143.0,90.0,15.0,12.0,2.0,28.0,15.0,0.0,6.0,11.0,6.0,8.0,7.0,14.0,20.0,11.0,20.0,0.0,0.0,0.0,1.0,93.1,83.3,1.0,0.0,378400.0,90097.0,28200.0,84000.0,0,0
2804,21275.0,0.124,710.71,2,75000.0,0,1,n,21.31,2.0,0.0,7.0,0.0,8142.0,30.0,0,16129.84,16129.84,7092.44,7092.44,5145.16,1947.28,0.0,0.0,0.0,710.71,0.0,1.0,0,0.0,0.0,307837.0,2.0,2.0,2.0,3.0,6.0,51540.0,95.0,1.0,2.0,455.0,82.0,11700.0,0.0,12.0,1.0,6.0,43977.0,245.0,65.0,0.0,0.0,195.0,200.0,9.0,5.0,3.0,9.0,7.0,4.0,1.0,3.0,1.0,7.0,17.0,4.0,10.0,3.0,7.0,0.0,0.0,2.0,4.0,82.8,0.0,0.0,0.0,328691.0,59682.0,700.0,67291.0,0,0
2938,24500.0,0.1308,558.46,1,113740.0,0,1,n,14.98,0.0,1.0,19.0,0.0,13506.0,25.0,0,21360.22,21360.22,5566.8,5566.8,3139.78,2427.02,0.0,0.0,0.0,558.46,0.0,1.0,1,0.0,0.0,132733.0,2.0,2.0,0.0,2.0,16.0,119227.0,69.0,5.0,10.0,8881.0,48.0,32400.0,1.0,0.0,2.0,12.0,6986.0,18312.0,42.9,0.0,0.0,103.0,84.0,3.0,3.0,0.0,3.0,3.0,0.0,13.0,14.0,16.0,16.0,8.0,17.0,17.0,14.0,19.0,0.0,0.0,0.0,5.0,95.8,0.0,0.0,0.0,148812.0,132733.0,31700.0,116412.0,0,0
13550,10000.0,0.1033,324.23,2,84000.0,0,1,n,14.96,0.0,0.0,7.0,1.0,14333.0,8.0,0,7524.13,7524.13,3236.56,3236.56,2475.87,760.69,0.0,0.0,0.0,324.23,0.0,1.0,1,0.0,0.0,35021.0,0.0,2.0,0.0,2.0,13.0,20688.0,74.0,0.0,2.0,4897.0,63.0,27700.0,1.0,0.0,0.0,4.0,5003.0,13367.0,51.7,0.0,0.0,20.0,82.0,13.0,13.0,1.0,13.0,13.0,0.0,4.0,4.0,5.0,5.0,2.0,5.0,5.0,4.0,7.0,0.0,0.0,0.0,0.0,100.0,20.0,1.0,0.0,55707.0,35021.0,27700.0,28007.0,0,0
72184,29500.0,0.08810000000000001,935.49,2,122446.0,1,1,n,29.86,0.0,0.0,12.0,0.0,28731.0,19.0,0,20516.06,20516.06,11211.44,11211.44,8983.94,2227.5,0.0,0.0,0.0,935.49,0.0,1.0,1,0.0,0.0,343485.0,1.0,3.0,1.0,3.0,11.0,98453.0,48.0,1.0,2.0,10595.0,46.0,63700.0,3.0,2.0,3.0,5.0,28624.0,26049.0,51.4,0.0,0.0,119.0,105.0,3.0,3.0,2.0,19.0,11.0,0.0,6.0,7.0,6.0,7.0,7.0,8.0,10.0,7.0,12.0,0.0,0.0,0.0,2.0,100.0,33.3,0.0,0.0,449719.0,127184.0,53600.0,122019.0,0,0
49532,40000.0,0.17739999999999995,1010.09,3,60000.0,0,1,n,29.56,0.0,0.0,7.0,0.0,8266.0,22.0,0,34545.52,34545.52,12081.66,12081.66,5454.48,6627.18,0.0,0.0,0.0,1010.09,0.0,1.0,0,0.0,0.0,53026.0,0.0,2.0,0.0,2.0,16.0,44760.0,72.0,0.0,0.0,6308.0,61.0,25700.0,1.0,0.0,0.0,2.0,7575.0,8234.0,50.1,0.0,0.0,157.0,176.0,26.0,16.0,0.0,56.0,16.0,0.0,2.0,2.0,2.0,2.0,5.0,5.0,17.0,2.0,7.0,0.0,0.0,0.0,0.0,95.5,50.0,0.0,0.0,87651.0,53026.0,16500.0,61951.0,0,0
36641,18825.0,0.0646,576.63,1,175000.0,0,1,n,14.31,0.0,0.0,18.0,0.0,19093.0,38.0,1,13453.8,13453.8,6336.17,6336.17,5371.2,964.97,0.0,0.0,0.0,576.63,0.0,1.0,1,0.0,0.0,255362.0,1.0,6.0,1.0,1.0,12.0,121729.0,111.0,1.0,3.0,18209.0,47.0,129500.0,0.0,0.0,1.0,4.0,14187.0,99120.0,0.6,0.0,0.0,136.0,383.0,5.0,5.0,3.0,5.0,8.0,0.0,3.0,5.0,8.0,15.0,15.0,11.0,20.0,5.0,18.0,0.0,0.0,0.0,2.0,97.3,0.0,0.0,0.0,457367.0,140822.0,117800.0,137867.0,0,0
58058,16000.0,0.0819,502.79,3,49000.0,1,1,n,34.44,0.0,1.0,22.0,0.0,5366.0,24.0,0,11095.53,11095.53,6026.2,6026.2,4904.47,1121.73,0.0,0.0,0.0,502.79,0.0,1.0,1,0.0,0.0,41096.0,3.0,3.0,2.0,2.0,3.0,35730.0,66.0,2.0,6.0,2425.0,30.0,84900.0,2.0,1.0,3.0,8.0,1868.0,72450.0,6.5,0.0,0.0,69.0,48.0,6.0,3.0,0.0,6.0,3.0,0.0,6.0,7.0,15.0,15.0,4.0,19.0,20.0,7.0,22.0,0.0,0.0,0.0,4.0,100.0,0.0,0.0,0.0,138997.0,41096.0,77500.0,54097.0,0,0
45518,5000.0,0.1033,162.12,2,38000.0,0,1,n,30.73,0.0,1.0,13.0,1.0,10207.0,16.0,0,4337.01,4337.01,1131.97,1131.97,662.99,468.98,0.0,0.0,0.0,162.12,0.0,1.0,1,0.0,0.0,23640.0,1.0,2.0,1.0,1.0,10.0,13433.0,66.0,3.0,3.0,3807.0,38.0,41900.0,2.0,0.0,3.0,4.0,1818.0,24352.0,24.8,0.0,0.0,103.0,136.0,2.0,2.0,0.0,10.0,2.0,0.0,4.0,7.0,7.0,7.0,5.0,11.0,11.0,7.0,13.0,0.0,0.0,0.0,4.0,100.0,14.3,1.0,0.0,62400.0,23640.0,32400.0,20500.0,0,0
29348,17000.0,0.2565,681.78,1,180000.0,1,1,n,20.11,0.0,3.0,18.0,0.0,15700.0,22.0,0,0.0,0.0,18169.54,18169.54,17000.0,1169.54,0.0,0.0,0.0,16854.43,0.0,1.0,1,0.0,0.0,55768.0,2.0,5.0,1.0,4.0,3.0,40068.0,55.0,2.0,4.0,9059.0,51.0,37400.0,2.0,0.0,3.0,8.0,3098.0,20100.0,42.2,0.0,0.0,153.0,96.0,5.0,3.0,0.0,5.0,0.0,1.0,8.0,9.0,12.0,13.0,8.0,13.0,14.0,9.0,18.0,0.0,0.0,0.0,3.0,100.0,16.7,0.0,0.0,110540.0,55768.0,34800.0,73140.0,0,0
71792,1625.0,0.1612,57.23,1,32000.0,1,1,n,28.62,0.0,0.0,7.0,0.0,4062.0,22.0,0,1167.35,1167.35,685.3,685.3,457.65,227.65,0.0,0.0,0.0,57.23,0.0,1.0,1,0.0,0.0,20555.0,1.0,2.0,1.0,2.0,5.0,16493.0,92.0,1.0,1.0,1806.0,76.0,8900.0,1.0,0.0,1.0,3.0,2936.0,594.0,75.3,0.0,0.0,148.0,133.0,9.0,5.0,0.0,44.0,9.0,0.0,1.0,4.0,1.0,4.0,12.0,5.0,10.0,4.0,7.0,0.0,0.0,0.0,2.0,81.8,100.0,0.0,0.0,26920.0,20555.0,2400.0,18020.0,0,0
51288,21275.0,0.14300000000000002,498.35,1,114800.0,0,1,n,25.37,0.0,0.0,16.0,0.0,38856.0,31.0,0,18520.27,18520.27,5464.95,5464.95,2754.73,2710.22,0.0,0.0,0.0,498.35,0.0,1.0,1,0.0,0.0,255666.0,2.0,4.0,3.0,6.0,4.0,48019.0,78.0,0.0,1.0,9750.0,74.0,55700.0,0.0,7.0,0.0,7.0,15979.0,7807.0,82.9,0.0,0.0,166.0,105.0,23.0,4.0,1.0,35.0,14.0,0.0,6.0,8.0,6.0,7.0,17.0,10.0,12.0,8.0,16.0,0.0,0.0,0.0,3.0,100.0,83.3,0.0,0.0,298545.0,89711.0,45600.0,61876.0,0,0
77340,40000.0,0.124,1336.23,2,113000.0,0,1,n,9.13,1.0,1.0,15.0,0.0,30887.0,54.0,1,28505.04,28505.04,16007.2,16007.2,11494.96,4512.24,0.0,0.0,0.0,1336.23,0.0,1.0,1,0.0,0.0,47406.0,1.0,1.0,1.0,4.0,9.0,16519.0,81.0,2.0,2.0,9208.0,52.0,71600.0,3.0,2.0,3.0,7.0,3160.0,34027.0,45.2,0.0,0.0,156.0,220.0,4.0,4.0,5.0,4.0,1.0,3.0,9.0,12.0,10.0,13.0,29.0,14.0,20.0,12.0,15.0,0.0,0.0,0.0,4.0,88.9,20.0,0.0,0.0,92100.0,47406.0,62100.0,20500.0,0,0
4585,15000.0,0.0819,305.52,3,68000.0,0,1,n,17.4,0.0,0.0,5.0,0.0,14933.0,14.0,0,12905.01,12905.01,3048.38,3048.38,2094.99,953.39,0.0,0.0,0.0,305.52,0.0,1.0,1,0.0,0.0,37003.0,0.0,1.0,0.0,1.0,22.0,22070.0,74.0,0.0,1.0,5344.0,51.0,42000.0,1.0,2.0,0.0,2.0,7401.0,22909.0,36.4,0.0,0.0,134.0,157.0,16.0,16.0,0.0,16.0,16.0,0.0,3.0,4.0,3.0,5.0,4.0,4.0,10.0,4.0,5.0,0.0,0.0,0.0,0.0,100.0,0.0,0.0,0.0,72000.0,37003.0,36000.0,30000.0,0,0
46736,16000.0,0.17739999999999995,576.36,1,66000.0,0,1,n,26.42,0.0,4.0,27.0,0.0,23590.0,36.0,0,11971.1,11971.1,6308.42,6308.42,4028.9,2279.52,0.0,0.0,0.0,0.0,0.0,1.0,0,0.0,0.0,47378.0,2.0,3.0,1.0,2.0,5.0,23788.0,79.0,2.0,6.0,3797.0,71.0,36900.0,1.0,1.0,7.0,8.0,1755.0,4697.0,79.0,0.0,0.0,33.0,182.0,6.0,5.0,0.0,15.0,1.0,0.0,10.0,16.0,12.0,14.0,4.0,24.0,32.0,16.0,27.0,0.0,0.0,0.0,3.0,100.0,75.0,0.0,0.0,67148.0,47378.0,22400.0,30248.0,0,0
4369,16000.0,0.2305,619.78,1,152500.0,1,1,n,36.88,0.0,4.0,46.0,0.0,25599.0,57.0,0,12591.15,12591.15,6156.82,6156.82,3408.85,2747.97,0.0,0.0,0.0,619.78,0.0,1.0,1,0.0,350.0,103772.0,3.0,7.0,1.0,5.0,7.0,78173.0,68.0,12.0,20.0,4967.0,48.0,87300.0,2.0,0.0,11.0,25.0,2256.0,15849.0,49.0,0.0,0.0,137.0,127.0,2.0,2.0,0.0,2.0,0.0,0.0,16.0,31.0,18.0,20.0,14.0,39.0,43.0,31.0,46.0,0.0,0.0,0.0,13.0,100.0,5.6,0.0,0.0,207301.0,103772.0,30900.0,120001.0,0,0
33323,10000.0,0.2305,387.36,1,109597.76,0,1,n,9.85,0.0,1.0,4.0,0.0,12731.0,6.0,1,7633.29,7633.29,4228.95,4228.95,2366.71,1862.24,0.0,0.0,0.0,387.36,0.0,1.0,1,0.0,0.0,28531.0,1.0,1.0,1.0,1.0,4.0,15800.0,93.0,0.0,0.0,5593.0,81.0,18300.0,0.0,2.0,1.0,1.0,7133.0,2108.0,78.5,0.0,0.0,126.0,51.0,30.0,4.0,0.0,30.0,4.0,0.0,2.0,3.0,2.0,2.0,3.0,3.0,3.0,3.0,4.0,0.0,0.0,0.0,1.0,100.0,50.0,0.0,0.0,35300.0,28531.0,9800.0,17000.0,0,0
9870,18000.0,0.2305,697.25,1,60000.0,0,1,n,20.48,0.0,0.0,13.0,1.0,19281.0,20.0,1,14165.07,14165.07,6949.45,6949.45,3834.93,3114.52,0.0,0.0,0.0,697.25,0.0,1.0,1,0.0,1000.0,25638.0,1.0,2.0,0.0,2.0,16.0,6357.0,57.0,2.0,3.0,6444.0,59.0,32300.0,1.0,3.0,0.0,5.0,1972.0,1504.0,90.0,0.0,0.0,80.0,82.0,5.0,5.0,0.0,5.0,16.0,0.0,4.0,9.0,5.0,7.0,5.0,11.0,15.0,9.0,13.0,0.0,0.0,0.0,2.0,100.0,80.0,1.0,0.0,43400.0,25638.0,15100.0,11100.0,0,0
51192,30400.0,0.14300000000000002,712.1,2,58000.0,1,1,n,26.75,0.0,1.0,24.0,1.0,43594.0,26.0,0,26548.23,26548.23,7808.95,7808.95,3851.77,3957.18,0.0,0.0,0.0,712.1,0.0,1.0,1,0.0,0.0,159597.0,1.0,3.0,1.0,3.0,9.0,16502.0,58.0,3.0,13.0,7021.0,58.0,74700.0,3.0,2.0,1.0,16.0,6650.0,25547.0,39.5,0.0,0.0,35.0,168.0,6.0,6.0,1.0,6.0,1.0,0.0,6.0,9.0,12.0,12.0,4.0,20.0,21.0,9.0,24.0,0.0,0.0,0.0,4.0,100.0,8.3,1.0,0.0,210339.0,60096.0,42200.0,28364.0,0,0
42346,12325.0,0.2565,366.47,2,65000.0,1,1,n,33.63,0.0,2.0,27.0,0.0,43478.0,45.0,0,11062.53,11062.53,4013.61,4013.61,1262.47,2751.14,0.0,0.0,0.0,366.47,0.0,1.0,1,0.0,0.0,75117.0,1.0,1.0,1.0,2.0,10.0,7068.0,44.0,2.0,12.0,4334.0,76.0,50400.0,2.0,0.0,3.0,14.0,2782.0,4173.0,82.7,0.0,0.0,180.0,255.0,3.0,3.0,2.0,3.0,3.0,0.0,13.0,25.0,13.0,16.0,14.0,25.0,29.0,25.0,27.0,0.0,0.0,0.0,3.0,100.0,92.3,0.0,0.0,105654.0,50546.0,24100.0,16254.0,0,0
75298,36000.0,0.0646,1102.71,1,65724.0,1,1,n,27.24,0.0,0.0,11.0,0.0,31268.0,18.0,0,24764.28,24764.28,13206.68,13206.68,11235.72,1970.96,0.0,0.0,0.0,1102.71,0.0,1.0,1,0.0,0.0,57904.0,1.0,2.0,0.0,1.0,19.0,26636.0,61.0,1.0,2.0,9386.0,45.0,85700.0,0.0,1.0,1.0,3.0,5264.0,52435.0,34.5,0.0,0.0,29.0,227.0,2.0,2.0,0.0,2.0,11.0,0.0,6.0,7.0,7.0,9.0,2.0,9.0,16.0,7.0,11.0,0.0,0.0,0.0,1.0,100.0,14.3,0.0,0.0,129449.0,57904.0,80000.0,43749.0,0,0
68664,7325.0,0.2305,283.74,1,65000.0,1,1,n,14.51,0.0,1.0,8.0,0.0,16600.0,19.0,0,5702.64,5702.64,3102.38,3102.38,1622.36,1480.02,0.0,0.0,0.0,0.0,0.0,1.0,1,0.0,0.0,57076.0,2.0,3.0,0.0,0.0,58.0,40476.0,38.0,2.0,2.0,10859.0,73.0,17400.0,0.0,1.0,1.0,2.0,7135.0,29.0,99.8,0.0,0.0,209.0,73.0,5.0,5.0,0.0,72.0,5.0,0.0,2.0,5.0,2.0,3.0,12.0,5.0,7.0,5.0,8.0,0.0,0.0,0.0,2.0,100.0,100.0,0.0,0.0,58037.0,57076.0,13900.0,40637.0,0,0
70406,8400.0,0.0756,261.53,1,50000.0,0,1,n,16.78,0.0,0.0,13.0,0.0,7464.0,23.0,0,0.0,0.0,8800.84,8800.84,8400.0,400.84,0.0,0.0,0.0,6973.66,0.0,1.0,1,0.0,0.0,26596.0,0.0,8.0,1.0,1.0,11.0,19132.0,69.0,0.0,0.0,7464.0,57.0,18800.0,1.0,0.0,1.0,1.0,2046.0,9536.0,43.9,0.0,0.0,180.0,251.0,52.0,11.0,0.0,52.0,11.0,0.0,1.0,1.0,3.0,3.0,16.0,5.0,7.0,1.0,13.0,0.0,0.0,0.0,1.0,100.0,0.0,0.0,0.0,46615.0,26596.0,17000.0,27815.0,0,0
34797,25000.0,0.1171,552.46,1,110000.0,1,1,n,10.25,0.0,2.0,9.0,0.0,9036.0,26.0,0,21498.69,21498.69,6036.4,6036.4,3501.31,2535.09,0.0,0.0,0.0,552.46,0.0,1.0,1,0.0,0.0,29836.0,5.0,2.0,1.0,2.0,11.0,20800.0,67.0,5.0,5.0,4596.0,44.0,36100.0,1.0,2.0,3.0,7.0,3315.0,13945.0,33.6,0.0,0.0,142.0,150.0,2.0,2.0,5.0,2.0,2.0,4.0,3.0,4.0,4.0,8.0,7.0,7.0,14.0,4.0,9.0,0.0,0.0,0.0,6.0,80.8,0.0,0.0,0.0,67190.0,29836.0,21000.0,31090.0,0,0
32417,5500.0,0.14300000000000002,188.78,2,79323.0,0,1,n,7.03,0.0,0.0,11.0,0.0,5271.0,24.0,1,4043.47,4043.47,2072.21,2072.21,1456.53,615.68,0.0,0.0,0.0,377.56,0.0,1.0,1,0.0,1057.0,11932.0,0.0,1.0,1.0,3.0,7.0,6661.0,83.0,2.0,6.0,2801.0,47.0,17300.0,3.0,2.0,4.0,9.0,1085.0,6001.0,42.8,0.0,0.0,94.0,135.0,7.0,7.0,0.0,7.0,7.0,4.0,2.0,6.0,2.0,6.0,5.0,10.0,19.0,6.0,11.0,0.0,0.0,0.0,3.0,90.9,50.0,0.0,0.0,25300.0,11932.0,10500.0,8000.0,0,0
3252,13525.0,0.2565,542.42,2,85624.0,0,1,n,19.55,0.0,0.0,7.0,1.0,11476.0,14.0,0,0.0,0.0,14911.4,14911.4,13525.0,1386.4,0.0,0.0,0.0,12780.27,0.0,1.0,1,0.0,0.0,45565.0,1.0,3.0,1.0,3.0,6.0,34089.0,76.0,0.0,0.0,11476.0,74.0,16400.0,1.0,0.0,0.0,3.0,6509.0,1524.0,88.3,0.0,0.0,71.0,91.0,44.0,6.0,0.0,54.0,19.0,0.0,1.0,1.0,2.0,4.0,7.0,4.0,7.0,1.0,7.0,0.0,0.0,0.0,1.0,92.9,50.0,1.0,0.0,61228.0,45565.0,13000.0,44828.0,0,0
32679,5500.0,0.0646,168.47,2,33000.0,0,1,n,10.15,0.0,0.0,6.0,0.0,2879.0,8.0,0,3930.74,3930.74,1851.2,1851.2,1569.26,281.94,0.0,0.0,0.0,168.47,0.0,1.0,1,0.0,0.0,144357.0,0.0,1.0,1.0,1.0,11.0,3963.0,72.0,0.0,0.0,1500.0,19.0,30900.0,2.0,0.0,1.0,2.0,24060.0,22021.0,11.6,0.0,0.0,68.0,79.0,34.0,11.0,1.0,40.0,11.0,0.0,3.0,3.0,3.0,3.0,2.0,4.0,5.0,3.0,6.0,0.0,0.0,0.0,1.0,100.0,0.0,0.0,0.0,176400.0,6842.0,24900.0,5500.0,0,0
23904,15000.0,0.1862,385.98,2,90000.0,1,1,n,22.62,1.0,0.0,11.0,0.0,17912.0,20.0,0,13177.42,13177.42,4230.26,4230.26,1822.58,2407.68,0.0,0.0,0.0,385.98,0.0,1.0,1,0.0,0.0,192361.0,1.0,5.0,1.0,3.0,1.0,31987.0,64.0,1.0,1.0,4572.0,69.0,22600.0,0.0,11.0,1.0,5.0,17487.0,1461.0,84.6,0.0,0.0,171.0,94.0,11.0,1.0,1.0,11.0,11.0,1.0,2.0,4.0,3.0,4.0,13.0,5.0,6.0,4.0,11.0,0.0,0.0,0.0,3.0,85.0,66.7,0.0,0.0,216338.0,49899.0,9500.0,49738.0,0,0
3424,21275.0,0.2055,796.63,1,41276.0,0,1,n,18.73,0.0,0.0,6.0,0.0,14173.0,14.0,0,17259.93,17259.93,7121.09,7121.09,4015.07,3106.02,0.0,0.0,0.0,796.63,0.0,1.0,1,0.0,0.0,21663.0,0.0,1.0,0.0,1.0,13.0,7490.0,75.0,0.0,1.0,4920.0,88.0,14700.0,1.0,0.0,0.0,2.0,4333.0,527.0,96.4,0.0,0.0,137.0,191.0,13.0,13.0,0.0,13.0,13.0,1.0,4.0,4.0,5.0,7.0,7.0,5.0,7.0,4.0,6.0,0.0,0.0,0.0,0.0,92.9,100.0,0.0,0.0,24700.0,21663.0,14700.0,10000.0,0,0
19514,30000.0,0.14300000000000002,1029.71,2,110000.0,1,1,n,10.88,0.0,0.0,8.0,0.0,21776.0,13.0,0,22905.73,22905.73,10273.27,10273.27,7094.27,3179.0,0.0,0.0,0.0,1029.71,0.0,1.0,1,0.0,0.0,480852.0,1.0,1.0,0.0,0.0,41.0,13019.0,54.0,0.0,1.0,7494.0,66.0,28400.0,0.0,5.0,1.0,2.0,60107.0,3247.0,77.8,0.0,0.0,132.0,141.0,19.0,4.0,4.0,19.0,8.0,0.0,3.0,6.0,3.0,3.0,2.0,6.0,7.0,6.0,8.0,0.0,0.0,0.0,1.0,100.0,66.7,0.0,0.0,500388.0,34795.0,14600.0,23988.0,0,0
28993,19125.0,0.1524,665.23,2,90000.0,1,1,n,28.77,0.0,0.0,8.0,0.0,2894.0,16.0,0,14172.7,14172.7,7301.34,7301.34,4952.3,2349.04,0.0,0.0,0.0,665.23,0.0,1.0,1,0.0,386.0,259025.0,1.0,4.0,3.0,3.0,5.0,21328.0,42.0,0.0,0.0,1232.0,45.0,3000.0,1.0,0.0,1.0,3.0,32378.0,106.0,96.5,0.0,0.0,154.0,146.0,30.0,5.0,2.0,30.0,9.0,0.0,3.0,3.0,3.0,3.0,10.0,3.0,4.0,3.0,8.0,0.0,0.0,0.0,3.0,93.8,100.0,0.0,0.0,314227.0,24222.0,3000.0,50427.0,0,0
69409,18075.0,0.08810000000000001,573.19,2,48000.0,0,1,n,68.83,0.0,0.0,8.0,0.0,34043.0,25.0,0,12623.11,12623.11,6860.59,6860.59,5451.89,1408.7,0.0,0.0,0.0,573.19,0.0,1.0,0,0.0,0.0,84804.0,0.0,4.0,0.0,1.0,21.0,50761.0,55.0,0.0,2.0,18298.0,69.0,35800.0,1.0,0.0,2.0,3.0,10601.0,1542.0,94.3,0.0,0.0,166.0,150.0,14.0,14.0,6.0,14.0,10.0,0.0,3.0,4.0,3.0,5.0,10.0,4.0,9.0,4.0,8.0,0.0,0.0,0.0,0.0,100.0,100.0,0.0,0.0,140057.0,84804.0,27200.0,104257.0,0,0
72913,7575.0,0.0756,235.84,1,25000.0,0,1,n,17.86,0.0,2.0,18.0,1.0,10947.0,38.0,0,5237.7,5237.7,2826.9,2826.9,2337.3,489.6,0.0,0.0,0.0,235.84,0.0,1.0,1,0.0,0.0,102424.0,2.0,13.0,1.0,1.0,6.0,91477.0,143.0,1.0,1.0,351.0,93.0,46800.0,1.0,2.0,2.0,2.0,5690.0,11149.0,3.1,0.0,0.0,151.0,294.0,4.0,4.0,0.0,37.0,4.0,0.0,1.0,2.0,1.0,2.0,28.0,5.0,10.0,2.0,18.0,0.0,0.0,0.0,2.0,100.0,0.0,1.0,0.0,110753.0,102424.0,11500.0,63953.0,0,0
23636,16000.0,0.0646,490.1,1,75000.0,1,1,n,12.67,0.0,0.0,21.0,0.0,7945.0,33.0,1,0.0,0.0,16595.87,16595.87,16000.0,595.87,0.0,0.0,0.0,13661.01,0.0,1.0,1,0.0,0.0,12852.0,0.0,1.0,0.0,0.0,26.0,4907.0,33.0,0.0,4.0,2324.0,16.0,65000.0,0.0,0.0,0.0,4.0,612.0,37291.0,16.6,0.0,0.0,26.0,323.0,15.0,15.0,0.0,15.0,15.0,0.0,6.0,9.0,12.0,19.0,1.0,20.0,32.0,9.0,21.0,0.0,0.0,0.0,0.0,97.0,0.0,0.0,0.0,80000.0,12852.0,44700.0,15000.0,0,0
49352,12000.0,0.0702,370.64,3,90000.0,1,1,n,19.19,0.0,1.0,17.0,0.0,12146.0,28.0,0,0.0,0.0,12457.38,12457.38,12000.0,457.38,0.0,0.0,0.0,10238.22,0.0,1.0,1,0.0,0.0,293238.0,3.0,2.0,2.0,6.0,1.0,48983.0,92.0,1.0,3.0,9581.0,51.0,114800.0,5.0,2.0,3.0,11.0,17249.0,89954.0,22.1,0.0,0.0,34.0,146.0,6.0,1.0,2.0,17.0,4.0,0.0,6.0,6.0,11.0,14.0,8.0,14.0,18.0,6.0,17.0,0.0,0.0,0.0,5.0,96.3,9.1,0.0,0.0,403143.0,61129.0,102100.0,53343.0,0,0
28427,14450.0,0.17739999999999995,364.9,2,90000.0,1,1,n,20.1,3.0,2.0,10.0,0.0,6060.0,26.0,0,12657.29,12657.29,3985.42,3985.42,1792.71,2192.71,0.0,0.0,0.0,364.9,0.0,1.0,0,0.0,22615.0,246115.0,4.0,4.0,3.0,4.0,5.0,51885.0,91.0,2.0,2.0,6060.0,84.0,12300.0,0.0,0.0,3.0,6.0,24612.0,3240.0,65.2,0.0,0.0,194.0,277.0,2.0,2.0,3.0,2.0,2.0,1.0,1.0,1.0,3.0,4.0,13.0,4.0,9.0,1.0,10.0,0.0,0.0,0.0,5.0,84.6,0.0,0.0,0.0,299668.0,57945.0,9300.0,56866.0,0,0
72393,30000.0,0.1524,717.49,2,47250.0,0,1,n,30.89,0.0,0.0,12.0,1.0,10981.0,29.0,0,25667.79,25667.79,8584.48,8584.48,4332.21,4252.27,0.0,0.0,0.0,717.49,0.0,1.0,0,0.0,0.0,45494.0,1.0,3.0,0.0,2.0,16.0,34513.0,73.0,3.0,4.0,4323.0,58.0,30700.0,3.0,5.0,1.0,6.0,3791.0,15840.0,40.0,0.0,0.0,137.0,314.0,4.0,4.0,2.0,4.0,9.0,0.0,5.0,7.0,6.0,9.0,9.0,9.0,18.0,7.0,12.0,0.0,0.0,0.0,3.0,96.3,16.7,1.0,0.0,78205.0,45494.0,26400.0,47505.0,0,0
37389,7500.0,0.2055,280.84,2,32500.0,0,1,n,14.48,0.0,2.0,6.0,0.0,7277.0,38.0,0,5622.08,5622.08,3080.68,3080.68,1877.92,1202.76,0.0,0.0,0.0,280.84,0.0,1.0,1,0.0,0.0,67366.0,1.0,2.0,0.0,1.0,21.0,60089.0,65.0,3.0,4.0,6559.0,56.0,14300.0,2.0,0.0,3.0,5.0,11228.0,7023.0,50.9,0.0,0.0,180.0,84.0,6.0,6.0,3.0,6.0,1.0,14.0,3.0,3.0,4.0,5.0,30.0,4.0,5.0,3.0,6.0,0.0,0.0,0.0,3.0,62.2,25.0,0.0,0.0,74150.0,67366.0,14300.0,59850.0,0,0
58452,6800.0,0.08810000000000001,215.64,2,65000.0,1,1,n,14.25,0.0,0.0,10.0,0.0,18175.0,50.0,0,4729.1,4729.1,2584.35,2584.35,2070.9,513.45,0.0,0.0,0.0,215.64,0.0,1.0,1,0.0,0.0,212466.0,0.0,3.0,0.0,1.0,16.0,127994.0,96.0,0.0,1.0,5156.0,84.0,25400.0,1.0,0.0,0.0,2.0,21247.0,7225.0,65.6,0.0,0.0,152.0,215.0,21.0,16.0,1.0,21.0,16.0,0.0,5.0,5.0,6.0,9.0,34.0,6.0,14.0,5.0,10.0,0.0,0.0,0.0,0.0,100.0,33.3,0.0,0.0,225170.0,146169.0,25400.0,121318.0,0,0
75888,6000.0,0.0646,183.79,2,21000.0,0,1,n,21.66,0.0,1.0,4.0,1.0,5919.0,8.0,0,4144.45,4144.45,2201.17,2201.17,1855.55,345.62,0.0,0.0,0.0,183.79,0.0,1.0,1,0.0,0.0,7392.0,1.0,1.0,0.0,0.0,50.0,1473.0,17.0,1.0,1.0,5446.0,31.0,15300.0,0.0,0.0,1.0,1.0,1848.0,9381.0,38.7,0.0,0.0,91.0,97.0,1.0,1.0,0.0,1.0,1.0,0.0,3.0,3.0,3.0,5.0,2.0,3.0,6.0,3.0,4.0,0.0,0.0,0.0,1.0,87.5,0.0,1.0,0.0,24064.0,7392.0,15300.0,8764.0,0,0
32485,7425.0,0.2055,199.0,2,70000.0,0,1,n,25.01,0.0,3.0,9.0,0.0,3893.0,12.0,0,6563.42,6563.42,2180.52,2180.52,861.58,1318.94,0.0,0.0,0.0,199.0,0.0,1.0,0,0.0,0.0,79520.0,2.0,6.0,0.0,4.0,14.0,75627.0,84.0,2.0,3.0,1584.0,77.0,12300.0,5.0,1.0,4.0,7.0,8836.0,4716.0,25.1,0.0,0.0,160.0,20.0,1.0,1.0,0.0,3.0,0.0,0.0,1.0,2.0,2.0,2.0,9.0,3.0,3.0,2.0,9.0,0.0,0.0,0.0,2.0,100.0,50.0,0.0,0.0,102843.0,79520.0,6300.0,90543.0,0,0
48443,3000.0,0.2055,112.34,3,45000.0,1,1,n,27.25,1.0,1.0,11.0,0.0,5072.0,13.0,0,0.0,0.0,3144.57,3144.57,3000.0,144.57,0.0,0.0,0.0,2835.65,0.0,1.0,1,0.0,0.0,35309.0,1.0,3.0,1.0,1.0,4.0,30237.0,73.0,0.0,3.0,5037.0,48.0,32700.0,2.0,2.0,6.0,4.0,3210.0,16057.0,23.9,0.0,0.0,107.0,265.0,15.0,4.0,0.0,67.0,0.0,0.0,2.0,3.0,4.0,4.0,5.0,8.0,8.0,3.0,11.0,0.0,0.0,0.0,1.0,83.3,0.0,0.0,0.0,74394.0,35309.0,21100.0,41694.0,0,0
12769,4000.0,0.0702,123.55,1,16000.0,0,1,n,14.7,0.0,0.0,4.0,0.0,859.0,14.0,0,2427.09,2427.09,1769.09,1769.09,1572.91,196.18,0.0,0.0,0.0,200.0,0.0,1.0,1,0.0,0.0,3570.0,0.0,1.0,0.0,1.0,20.0,2711.0,54.0,0.0,1.0,859.0,17.0,15600.0,1.0,1.0,0.0,2.0,893.0,10841.0,7.3,0.0,0.0,182.0,111.0,22.0,20.0,0.0,81.0,20.0,0.0,1.0,1.0,1.0,4.0,5.0,3.0,9.0,1.0,4.0,0.0,0.0,0.0,0.0,100.0,0.0,0.0,0.0,20601.0,3570.0,11700.0,5001.0,0,0
35800,8925.0,0.0756,277.87,2,28800.0,0,1,n,27.96,0.0,0.0,10.0,0.0,8582.0,22.0,0,6408.66,6408.66,3052.82,3052.82,2516.34,536.48,0.0,0.0,0.0,277.87,0.0,1.0,1,0.0,0.0,23550.0,1.0,2.0,2.0,2.0,2.0,14968.0,93.0,0.0,0.0,1987.0,44.0,38000.0,1.0,0.0,3.0,2.0,2355.0,17421.0,26.2,0.0,0.0,142.0,163.0,36.0,2.0,3.0,41.0,2.0,0.0,5.0,8.0,5.0,6.0,9.0,8.0,10.0,8.0,10.0,0.0,0.0,0.0,2.0,100.0,0.0,0.0,0.0,54169.0,23550.0,23600.0,16169.0,0,0
75765,40000.0,0.1033,1296.9,2,120000.0,1,1,n,16.82,0.0,2.0,12.0,0.0,29188.0,14.0,0,27996.92,27996.92,15516.89,15516.89,12003.08,3513.81,0.0,0.0,0.0,1296.9,0.0,1.0,1,0.0,0.0,69515.0,1.0,2.0,1.0,3.0,6.0,40327.0,69.0,1.0,2.0,11354.0,60.0,57600.0,1.0,0.0,4.0,5.0,5793.0,24523.0,54.0,0.0,0.0,40.0,157.0,12.0,6.0,0.0,12.0,1.0,0.0,6.0,7.0,8.0,8.0,4.0,10.0,10.0,7.0,12.0,0.0,0.0,0.0,2.0,100.0,50.0,0.0,0.0,115815.0,69515.0,53300.0,58215.0,0,0
61929,7200.0,0.1524,250.44,3,70000.0,0,1,n,18.0,0.0,1.0,12.0,0.0,26587.0,14.0,0,6239.47,6239.47,1988.28,1988.28,960.53,1027.75,0.0,0.0,0.0,250.44,0.0,1.0,1,0.0,0.0,33465.0,1.0,1.0,0.0,1.0,13.0,6878.0,69.0,1.0,1.0,3912.0,28.0,110900.0,1.0,0.0,2.0,2.0,2789.0,84515.0,21.2,0.0,0.0,49.0,236.0,4.0,4.0,0.0,4.0,4.0,0.0,8.0,9.0,10.0,11.0,2.0,11.0,12.0,10.0,12.0,0.0,0.0,0.0,1.0,100.0,20.0,0.0,0.0,120900.0,33465.0,107200.0,10000.0,0,0
42118,16200.0,0.17739999999999995,583.56,1,65000.0,0,1,n,30.8,0.0,0.0,10.0,0.0,9983.0,15.0,1,12122.69,12122.69,6403.19,6403.19,4077.31,2325.88,0.0,0.0,0.0,583.56,0.0,1.0,1,0.0,0.0,33060.0,0.0,2.0,1.0,1.0,7.0,23077.0,54.0,0.0,3.0,4285.0,44.0,31700.0,1.0,0.0,1.0,4.0,3306.0,15724.0,22.5,0.0,0.0,78.0,137.0,21.0,7.0,0.0,21.0,7.0,0.0,2.0,3.0,6.0,8.0,4.0,8.0,11.0,3.0,10.0,0.0,0.0,0.0,1.0,100.0,16.7,0.0,0.0,74377.0,33060.0,20300.0,42677.0,0,0
74440,5000.0,0.2305,193.68,1,52000.0,1,1,n,22.78,0.0,1.0,28.0,0.0,6454.0,38.0,0,0.0,0.0,5175.63,5175.63,5000.0,175.63,0.0,0.0,0.0,5188.44,0.0,1.0,1,0.0,0.0,181476.0,1.0,9.0,2.0,3.0,8.0,68752.0,113.0,1.0,10.0,1343.0,84.0,28000.0,1.0,3.0,8.0,14.0,6721.0,11124.0,25.8,0.0,0.0,162.0,163.0,1.0,1.0,1.0,15.0,2.0,7.0,7.0,10.0,8.0,10.0,15.0,18.0,22.0,10.0,28.0,0.0,0.0,0.0,3.0,81.6,0.0,0.0,0.0,197096.0,75206.0,15000.0,61096.0,0,0
32316,21275.0,0.1102,462.79,2,155000.0,0,1,n,21.79,0.0,1.0,25.0,0.0,24619.0,38.0,0,18194.58,18194.58,5077.66,5077.66,3080.42,1997.24,0.0,0.0,0.0,462.79,0.0,1.0,1,0.0,0.0,399289.0,3.0,5.0,3.0,6.0,2.0,80317.0,77.0,3.0,8.0,6355.0,52.0,98100.0,3.0,4.0,6.0,15.0,16637.0,70827.0,25.7,0.0,0.0,57.0,417.0,2.0,2.0,1.0,2.0,2.0,0.0,9.0,10.0,16.0,18.0,12.0,19.0,25.0,10.0,25.0,0.0,0.0,0.0,6.0,100.0,0.0,0.0,0.0,508910.0,104936.0,95300.0,104810.0,0,0
42619,15000.0,0.2565,601.57,3,80000.0,1,1,n,23.7,0.0,3.0,12.0,0.0,14826.0,30.0,0,13575.03,13575.03,4791.18,4791.18,1424.97,3366.21,0.0,0.0,0.0,0.0,0.0,1.0,1,0.0,0.0,192598.0,6.0,3.0,4.0,6.0,5.0,38386.0,95.0,2.0,2.0,3840.0,75.0,31000.0,2.0,0.0,5.0,9.0,16050.0,5712.0,50.8,0.0,0.0,123.0,236.0,2.0,2.0,3.0,3.0,2.0,0.0,4.0,7.0,5.0,5.0,18.0,8.0,9.0,7.0,12.0,0.0,0.0,0.0,7.0,93.3,40.0,0.0,0.0,210951.0,53212.0,11600.0,40301.0,0,0
60032,15950.0,0.14300000000000002,373.62,1,82000.0,0,1,n,18.32,0.0,1.0,19.0,0.0,12889.0,30.0,1,13597.16,13597.16,4451.76,4451.76,2352.84,2098.92,0.0,0.0,0.0,373.62,0.0,1.0,1,0.0,144.0,362105.0,2.0,7.0,1.0,2.0,5.0,80240.0,88.0,2.0,5.0,4746.0,52.0,89600.0,2.0,0.0,1.0,8.0,19058.0,68211.0,15.9,0.0,0.0,112.0,375.0,6.0,5.0,1.0,6.0,5.0,0.0,5.0,5.0,8.0,12.0,13.0,11.0,16.0,5.0,19.0,0.0,0.0,0.0,3.0,100.0,0.0,0.0,0.0,459439.0,93129.0,81100.0,91339.0,0,0
55855,10525.0,0.0756,327.69,2,120000.0,1,1,n,9.77,0.0,0.0,10.0,0.0,4496.0,24.0,0,0.0,0.0,10773.85,10773.85,10525.0,248.85,0.0,0.0,0.0,10122.89,0.0,1.0,1,0.0,0.0,405252.0,1.0,2.0,1.0,3.0,7.0,34530.0,84.0,0.0,0.0,2276.0,37.0,63000.0,3.0,2.0,3.0,5.0,40525.0,50704.0,8.1,0.0,0.0,136.0,155.0,26.0,2.0,6.0,26.0,1.0,0.0,3.0,3.0,5.0,7.0,5.0,7.0,13.0,3.0,10.0,0.0,0.0,0.0,2.0,100.0,0.0,0.0,0.0,471511.0,39026.0,55200.0,41241.0,0,0
18116,24000.0,0.16949999999999998,595.82,2,120627.0,0,1,n,18.93,0.0,3.0,14.0,0.0,13420.0,30.0,0,0.0,0.0,27448.13,27448.13,24000.0,3448.13,0.0,0.0,0.0,22108.35,0.0,1.0,0,0.0,0.0,225725.0,4.0,3.0,3.0,5.0,3.0,70210.0,91.0,3.0,5.0,6840.0,83.0,23100.0,5.0,0.0,10.0,11.0,16123.0,8134.0,61.8,0.0,0.0,164.0,440.0,4.0,3.0,6.0,4.0,3.0,4.0,4.0,6.0,6.0,11.0,6.0,10.0,18.0,6.0,14.0,0.0,0.0,0.0,6.0,72.4,33.3,0.0,0.0,245947.0,83630.0,21300.0,77247.0,0,0
64769,18000.0,0.0819,565.64,2,70000.0,0,1,n,15.29,0.0,0.0,9.0,0.0,34420.0,19.0,0,0.0,0.0,19015.78,19015.78,18000.0,1015.78,0.0,0.0,0.0,16195.77,0.0,1.0,1,0.0,0.0,148429.0,0.0,2.0,1.0,1.0,7.0,23443.0,66.0,1.0,4.0,1790.0,43.0,68700.0,1.0,1.0,2.0,5.0,16492.0,19710.0,8.3,0.0,0.0,118.0,162.0,9.0,7.0,2.0,21.0,7.0,2.0,1.0,4.0,3.0,4.0,7.0,6.0,10.0,4.0,9.0,0.0,0.0,0.0,2.0,89.5,0.0,0.0,0.0,238776.0,57863.0,21500.0,35701.0,0,0
44571,20000.0,0.124,668.12,2,79000.0,1,1,n,18.43,0.0,0.0,18.0,0.0,41572.0,20.0,0,14653.46,14653.46,7335.54,7335.54,5346.54,1989.0,0.0,0.0,0.0,668.12,0.0,1.0,1,0.0,0.0,160540.0,1.0,5.0,1.0,2.0,5.0,118968.0,110.0,0.0,4.0,15714.0,81.0,78600.0,0.0,0.0,2.0,6.0,8919.0,27786.0,59.1,0.0,0.0,161.0,77.0,14.0,5.0,1.0,22.0,8.0,0.0,7.0,9.0,9.0,10.0,5.0,13.0,14.0,9.0,18.0,0.0,0.0,0.0,1.0,95.0,33.3,0.0,0.0,185222.0,160540.0,67900.0,106622.0,0,0
60092,25000.0,0.1102,543.81,2,90000.0,0,1,n,24.93,0.0,1.0,22.0,0.0,5436.0,42.0,0,21032.88,21032.88,6510.41,6510.41,3967.12,2543.29,0.0,0.0,0.0,543.81,0.0,1.0,1,0.0,429.0,158238.0,1.0,4.0,0.0,1.0,24.0,75231.0,69.0,1.0,5.0,2697.0,26.0,116400.0,0.0,0.0,2.0,6.0,7193.0,81329.0,5.3,0.0,0.0,191.0,135.0,2.0,2.0,2.0,2.0,2.0,0.0,6.0,8.0,9.0,12.0,15.0,17.0,25.0,8.0,22.0,0.0,0.0,0.0,1.0,100.0,0.0,0.0,0.0,312616.0,80667.0,85900.0,105027.0,0,0
48771,8000.0,0.0702,247.09,2,40000.0,0,1,n,15.12,0.0,0.0,13.0,0.0,3994.0,27.0,0,5731.17,5731.17,2711.75,2711.75,2268.83,442.92,0.0,0.0,0.0,0.0,0.0,1.0,1,0.0,0.0,291442.0,1.0,2.0,0.0,1.0,15.0,6163.0,39.0,0.0,1.0,2514.0,20.0,35000.0,3.0,2.0,2.0,4.0,22419.0,16806.0,19.2,0.0,0.0,106.0,150.0,18.0,3.0,4.0,49.0,3.0,0.0,3.0,3.0,4.0,6.0,9.0,10.0,14.0,3.0,13.0,0.0,0.0,0.0,1.0,100.0,25.0,0.0,0.0,332765.0,10157.0,20800.0,15765.0,0,0
21081,8500.0,0.16949999999999998,302.84,1,41316.0,0,1,n,31.98,0.0,1.0,11.0,0.0,25645.0,25.0,0,6341.26,6341.26,3315.23,3315.23,2158.74,1156.49,0.0,0.0,0.0,302.84,0.0,1.0,1,0.0,0.0,42197.0,1.0,2.0,0.0,0.0,35.0,16552.0,44.0,1.0,4.0,15417.0,47.0,52700.0,0.0,0.0,1.0,4.0,3836.0,23838.0,47.5,0.0,0.0,146.0,169.0,4.0,4.0,0.0,13.0,4.0,0.0,3.0,5.0,5.0,13.0,5.0,9.0,20.0,5.0,11.0,0.0,0.0,0.0,1.0,100.0,20.0,0.0,0.0,90643.0,42197.0,45400.0,37943.0,0,0
69243,8000.0,0.2055,299.56,1,34000.0,0,1,n,17.83,0.0,0.0,10.0,0.0,5796.0,11.0,0,5585.76,5585.76,3876.01,3876.01,2414.24,1461.77,0.0,0.0,0.0,299.56,0.0,1.0,1,0.0,0.0,28113.0,1.0,6.0,1.0,1.0,8.0,22317.0,90.0,1.0,3.0,4530.0,79.0,10800.0,0.0,0.0,4.0,4.0,2811.0,3214.0,63.5,0.0,0.0,67.0,76.0,4.0,4.0,0.0,4.0,4.0,0.0,3.0,4.0,3.0,3.0,7.0,4.0,4.0,4.0,10.0,0.0,0.0,0.0,2.0,100.0,0.0,0.0,0.0,35540.0,28113.0,8800.0,24740.0,0,0
69144,7000.0,0.1524,243.49,1,29000.0,1,1,n,8.94,0.0,1.0,6.0,0.0,6370.0,8.0,0,4905.63,4905.63,3010.03,3010.03,2094.37,915.66,0.0,0.0,0.0,243.49,0.0,1.0,1,0.0,0.0,9397.0,2.0,2.0,0.0,0.0,33.0,3027.0,55.0,2.0,3.0,4774.0,51.0,12900.0,0.0,0.0,1.0,3.0,1566.0,6530.0,49.4,0.0,0.0,88.0,79.0,2.0,2.0,0.0,2.0,2.0,0.0,3.0,3.0,4.0,4.0,4.0,4.0,4.0,3.0,6.0,0.0,0.0,0.0,2.0,100.0,25.0,0.0,0.0,18400.0,9397.0,12900.0,5500.0,0,0
48877,16800.0,0.124,377.12,1,42000.0,0,1,n,18.8,0.0,3.0,17.0,0.0,7447.0,22.0,0,14441.81,14441.81,4125.17,4125.17,2358.19,1766.98,0.0,0.0,0.0,0.0,0.0,1.0,1,0.0,0.0,10207.0,1.0,1.0,0.0,0.0,62.0,2760.0,15.0,1.0,6.0,1908.0,13.0,58900.0,1.0,0.0,3.0,6.0,600.0,27403.0,17.2,0.0,0.0,145.0,66.0,3.0,3.0,0.0,3.0,2.0,1.0,8.0,12.0,9.0,9.0,3.0,16.0,19.0,12.0,17.0,0.0,0.0,0.0,1.0,95.5,0.0,0.0,0.0,77062.0,10207.0,33100.0,18162.0,0,0
39318,5000.0,0.1612,176.09,1,64000.0,1,1,n,9.49,1.0,0.0,4.0,0.0,2067.0,19.0,0,1233.75,1233.75,4080.33,4080.33,3766.25,314.08,0.0,0.0,0.0,176.09,0.0,1.0,1,0.0,0.0,73827.0,0.0,2.0,0.0,1.0,20.0,71760.0,27.0,1.0,1.0,435.0,42.0,4800.0,0.0,0.0,2.0,2.0,18457.0,765.0,36.3,0.0,0.0,145.0,33.0,7.0,7.0,0.0,33.0,1.0,12.0,1.0,2.0,1.0,1.0,17.0,2.0,2.0,2.0,4.0,0.0,0.0,1.0,1.0,87.5,0.0,0.0,0.0,65663.0,73827.0,1200.0,60863.0,0,0
72651,12000.0,0.08810000000000001,380.54,2,125000.0,1,1,n,21.26,0.0,0.0,26.0,0.0,33153.0,33.0,0,7960.77,7960.77,4941.15,4941.15,4039.23,901.92,0.0,0.0,0.0,380.54,0.0,1.0,1,0.0,0.0,243534.0,2.0,3.0,2.0,2.0,9.0,27728.0,84.0,2.0,4.0,10604.0,58.0,89300.0,1.0,0.0,2.0,7.0,9367.0,36897.0,46.9,0.0,0.0,90.0,390.0,1.0,1.0,3.0,1.0,9.0,0.0,10.0,11.0,14.0,16.0,5.0,20.0,23.0,11.0,26.0,0.0,0.0,0.0,4.0,100.0,28.6,0.0,0.0,312738.0,85545.0,69500.0,33125.0,0,0
14307,4000.0,0.1308,134.93,1,20000.0,0,1,n,21.67,0.0,0.0,3.0,0.0,3401.0,3.0,0,2041.24,2041.24,2343.49,2343.49,1958.76,384.73,0.0,0.0,0.0,134.93,0.0,1.0,1,0.0,0.0,12440.0,0.0,0.0,0.0,1.0,18.0,9039.0,79.0,0.0,0.0,1762.0,81.0,4000.0,1.0,1.0,0.0,1.0,4147.0,599.0,85.0,0.0,0.0,18.0,46.0,26.0,18.0,0.0,26.0,18.0,0.0,2.0,2.0,2.0,2.0,1.0,2.0,2.0,2.0,3.0,0.0,0.0,0.0,0.0,100.0,100.0,0.0,0.0,15392.0,12440.0,4000.0,11392.0,0,0
661,38000.0,0.0819,773.97,1,72000.0,0,1,n,19.8,0.0,0.0,12.0,1.0,35480.0,19.0,0,33239.94,33239.94,6948.44,6948.44,4760.06,2188.38,0.0,0.0,0.0,0.0,0.0,1.0,0,0.0,0.0,39722.0,1.0,2.0,0.0,0.0,51.0,4242.0,51.0,1.0,1.0,8069.0,76.0,44300.0,0.0,2.0,2.0,1.0,3310.0,4251.0,82.9,0.0,0.0,177.0,108.0,2.0,2.0,0.0,2.0,1.0,0.0,6.0,9.0,6.0,7.0,7.0,10.0,12.0,9.0,12.0,0.0,0.0,0.0,1.0,100.0,66.7,1.0,0.0,52555.0,39722.0,24800.0,8255.0,0,0
5157,40000.0,0.0819,814.7,3,64485.0,1,1,n,21.16,0.0,0.0,11.0,0.0,292.0,38.0,0,34413.57,34413.57,8128.8,8128.8,5586.43,2542.37,0.0,0.0,0.0,814.7,0.0,1.0,1,0.0,0.0,61334.0,0.0,2.0,2.0,2.0,9.0,61042.0,91.0,0.0,0.0,236.0,27.0,80000.0,0.0,0.0,0.0,3.0,5576.0,60608.0,0.5,0.0,0.0,144.0,180.0,30.0,9.0,3.0,30.0,17.0,0.0,2.0,2.0,6.0,14.0,9.0,9.0,26.0,2.0,11.0,0.0,0.0,0.0,2.0,100.0,0.0,0.0,0.0,148279.0,61334.0,60900.0,68279.0,0,0
1409,7975.0,0.08810000000000001,252.9,2,77000.0,0,1,n,34.77,0.0,0.0,16.0,0.0,24978.0,31.0,0,5966.02,5966.02,2521.19,2521.19,2008.98,512.21,0.0,0.0,0.0,252.9,0.0,1.0,1,0.0,0.0,118566.0,1.0,5.0,1.0,4.0,8.0,33112.0,65.0,1.0,2.0,4826.0,51.0,61800.0,1.0,7.0,0.0,6.0,7410.0,30368.0,38.0,0.0,0.0,108.0,152.0,5.0,5.0,2.0,5.0,13.0,0.0,6.0,9.0,7.0,8.0,16.0,10.0,13.0,9.0,16.0,0.0,0.0,0.0,2.0,100.0,0.0,0.0,0.0,178198.0,58090.0,49000.0,51318.0,0,0
53494,22800.0,0.1308,519.71,3,98000.0,0,1,n,28.48,0.0,0.0,13.0,1.0,40921.0,37.0,0,19343.36,19343.36,6203.38,6203.38,3456.64,2746.74,0.0,0.0,0.0,519.71,0.0,1.0,1,0.0,0.0,165930.0,1.0,4.0,0.0,1.0,16.0,125009.0,42.0,2.0,2.0,24244.0,55.0,61400.0,1.0,0.0,0.0,3.0,12764.0,18879.0,68.4,0.0,0.0,143.0,114.0,2.0,2.0,0.0,11.0,15.0,0.0,5.0,5.0,7.0,9.0,24.0,9.0,12.0,5.0,13.0,0.0,0.0,0.0,2.0,100.0,14.3,1.0,0.0,193774.0,165930.0,59800.0,132374.0,0,0
29926,3000.0,0.1102,98.25,1,153464.0,1,1,n,7.04,0.0,0.0,18.0,1.0,2147.0,42.0,0,0.0,0.0,3048.13,3048.13,3000.0,48.13,0.0,0.0,0.0,3049.97,0.0,1.0,1,0.0,0.0,128181.0,1.0,3.0,2.0,5.0,1.0,126034.0,87.0,2.0,4.0,718.0,61.0,19300.0,6.0,0.0,3.0,9.0,7121.0,8008.0,9.0,0.0,0.0,155.0,149.0,8.0,1.0,1.0,19.0,3.0,3.0,3.0,5.0,6.0,7.0,23.0,15.0,18.0,5.0,18.0,0.0,0.0,0.0,4.0,92.7,0.0,1.0,0.0,150123.0,128181.0,8800.0,130823.0,0,0
15901,29775.0,0.14300000000000002,697.46,2,52000.0,0,1,n,29.61,0.0,0.0,8.0,0.0,14538.0,27.0,1,0.0,0.0,32611.8000776801,32611.8,29775.0,2836.8,0.0,0.0,0.0,27753.23,0.0,1.0,0,0.0,0.0,57852.0,0.0,2.0,0.0,3.0,18.0,43314.0,84.0,1.0,2.0,8647.0,68.0,33600.0,3.0,2.0,1.0,5.0,7232.0,17062.0,46.0,0.0,0.0,138.0,241.0,9.0,9.0,0.0,9.0,12.0,0.0,2.0,2.0,5.0,12.0,11.0,6.0,16.0,2.0,8.0,0.0,0.0,0.0,1.0,100.0,40.0,0.0,0.0,85365.0,57852.0,31600.0,51765.0,0,0
992,7500.0,0.08810000000000001,237.84,2,158000.0,1,1,n,8.83,0.0,0.0,5.0,0.0,8255.0,15.0,0,5610.64,5610.64,2371.06,2371.06,1889.36,481.7,0.0,0.0,0.0,237.84,0.0,1.0,1,0.0,0.0,333803.0,0.0,3.0,0.0,2.0,21.0,23900.0,58.0,0.0,0.0,8255.0,64.0,9000.0,1.0,1.0,0.0,2.0,66761.0,745.0,91.7,0.0,0.0,212.0,173.0,41.0,21.0,4.0,41.0,23.0,0.0,1.0,1.0,1.0,3.0,7.0,1.0,4.0,1.0,5.0,0.0,0.0,0.0,0.0,93.3,100.0,0.0,0.0,415559.0,32155.0,9000.0,41559.0,0,0
22709,5300.0,0.1171,175.31,2,45000.0,0,1,n,11.25,0.0,1.0,12.0,0.0,10184.0,16.0,1,3872.19,3872.19,1924.96,1924.96,1427.81,497.15,0.0,0.0,0.0,175.31,0.0,1.0,1,0.0,106.0,172414.0,1.0,1.0,0.0,1.0,23.0,1328.0,42.0,1.0,4.0,7241.0,27.0,39900.0,3.0,0.0,3.0,7.0,14368.0,8844.0,52.2,0.0,0.0,23.0,72.0,2.0,2.0,3.0,42.0,2.0,0.0,2.0,5.0,2.0,3.0,1.0,10.0,12.0,5.0,12.0,0.0,0.0,0.0,1.0,100.0,0.0,0.0,0.0,212500.0,11512.0,18500.0,3200.0,0,0
30343,5000.0,0.0819,157.13,2,100000.0,1,1,n,17.42,0.0,0.0,15.0,1.0,7188.0,23.0,0,3599.81,3599.81,1726.15,1726.15,1400.19,325.96,0.0,0.0,0.0,157.13,0.0,1.0,1,0.0,0.0,363765.0,0.0,6.0,1.0,2.0,10.0,150774.0,85.0,0.0,0.0,5269.0,73.0,23300.0,1.0,2.0,1.0,2.0,25983.0,6527.0,44.7,0.0,0.0,224.0,100.0,41.0,10.0,1.0,45.0,10.0,0.0,2.0,5.0,3.0,3.0,13.0,8.0,9.0,5.0,15.0,0.0,0.0,0.0,1.0,100.0,33.3,1.0,0.0,377934.0,157962.0,11800.0,139534.0,0,0
8255,5000.0,0.08810000000000001,158.56,2,122298.0,0,1,n,14.2,0.0,1.0,13.0,0.0,9879.0,28.0,0,3740.43,3740.43,1580.71,1580.71,1259.57,321.14,0.0,0.0,0.0,158.56,0.0,1.0,1,0.0,0.0,389490.0,0.0,2.0,1.0,1.0,8.0,84214.0,85.0,0.0,0.0,2669.0,43.0,44700.0,1.0,0.0,3.0,1.0,38949.0,16120.0,25.7,0.0,0.0,274.0,196.0,31.0,8.0,5.0,61.0,0.0,1.0,3.0,5.0,3.0,3.0,9.0,10.0,14.0,5.0,13.0,0.0,0.0,0.0,1.0,96.3,0.0,0.0,0.0,440828.0,94093.0,21700.0,85852.0,0,0
2577,7200.0,0.2055,269.6,2,100000.0,1,1,n,13.39,0.0,1.0,8.0,0.0,3068.0,21.0,0,5618.95,5618.95,2687.78,2687.78,1581.05,1106.73,0.0,0.0,0.0,269.6,0.0,1.0,1,0.0,0.0,152369.0,4.0,2.0,4.0,5.0,2.0,47241.0,97.0,0.0,1.0,897.0,69.0,8400.0,5.0,0.0,8.0,7.0,19046.0,4093.0,36.0,0.0,0.0,119.0,42.0,24.0,2.0,1.0,25.0,2.0,0.0,4.0,5.0,4.0,6.0,12.0,5.0,7.0,5.0,8.0,0.0,0.0,0.0,5.0,95.2,0.0,0.0,0.0,158986.0,50309.0,6400.0,48081.0,0,0
67259,15950.0,0.14300000000000002,373.62,1,60000.0,0,1,n,28.48,2.0,1.0,12.0,0.0,4493.0,38.0,0,13597.16,13597.16,4470.77,4470.77,2352.84,2117.93,0.0,0.0,0.0,373.62,0.0,1.0,1,0.0,0.0,39211.0,4.0,4.0,1.0,1.0,5.0,34718.0,62.0,3.0,3.0,2860.0,52.0,20000.0,1.0,4.0,2.0,4.0,3268.0,9924.0,26.5,0.0,0.0,96.0,146.0,2.0,2.0,0.0,2.0,5.0,1.0,2.0,3.0,5.0,10.0,15.0,8.0,23.0,3.0,11.0,0.0,0.0,2.0,4.0,92.1,20.0,0.0,0.0,75969.0,39211.0,13500.0,55969.0,0,0
71993,12500.0,0.0702,386.08,1,60000.0,1,1,n,9.42,0.0,1.0,6.0,0.0,4768.0,11.0,0,8621.32,8621.32,4628.08,4628.08,3878.68,749.39,0.0,0.0,0.0,386.08,0.0,1.0,1,0.0,0.0,11775.0,1.0,1.0,0.0,2.0,14.0,7007.0,70.0,1.0,1.0,3977.0,23.0,42100.0,1.0,0.0,1.0,3.0,2355.0,37332.0,11.3,0.0,0.0,34.0,73.0,5.0,5.0,0.0,5.0,5.0,0.0,2.0,2.0,5.0,8.0,3.0,5.0,8.0,3.0,6.0,0.0,0.0,0.0,1.0,100.0,0.0,0.0,0.0,52100.0,11775.0,42100.0,10000.0,0,0
39880,9000.0,0.16949999999999998,320.66,3,100000.0,0,1,n,29.31,0.0,4.0,25.0,0.0,5999.0,56.0,0,7151.15,7151.15,3198.12,3198.12,1848.85,1349.27,0.0,0.0,0.0,320.66,0.0,1.0,1,0.0,1537.0,261135.0,4.0,7.0,3.0,7.0,6.0,103884.0,73.0,6.0,9.0,114.0,36.0,64300.0,7.0,7.0,14.0,17.0,10445.0,18286.0,0.6,0.0,0.0,116.0,106.0,1.0,1.0,1.0,1.0,1.0,0.0,1.0,5.0,4.0,9.0,16.0,17.0,39.0,5.0,25.0,0.0,0.0,0.0,9.0,100.0,0.0,0.0,0.0,343779.0,109883.0,18400.0,124341.0,0,0
68321,12000.0,0.08810000000000001,248.0,1,65000.0,0,1,n,18.76,0.0,0.0,20.0,1.0,11745.0,58.0,0,10001.8,10001.8,2964.25,2964.25,1998.2,966.05,0.0,0.0,0.0,248.0,0.0,1.0,1,0.0,0.0,109856.0,1.0,4.0,1.0,2.0,2.0,98111.0,94.0,0.0,6.0,6668.0,66.0,34700.0,2.0,3.0,4.0,8.0,5493.0,3224.0,72.2,0.0,0.0,161.0,168.0,14.0,2.0,1.0,17.0,2.0,0.0,2.0,6.0,2.0,7.0,25.0,16.0,32.0,6.0,20.0,0.0,0.0,0.0,1.0,80.8,50.0,1.0,0.0,128270.0,109856.0,11600.0,93570.0,0,0
40660,28000.0,0.1612,682.7,2,123300.0,0,1,n,12.36,0.0,0.0,11.0,0.0,33096.0,26.0,0,0.0,0.0,28613.93,28613.93,28000.0,613.93,0.0,0.0,0.0,28664.08,0.0,1.0,1,0.0,0.0,220069.0,0.0,6.0,1.0,1.0,8.0,22428.0,70.0,1.0,1.0,18015.0,84.0,34000.0,0.0,1.0,3.0,2.0,20006.0,628.0,97.5,0.0,0.0,145.0,148.0,7.0,7.0,3.0,7.0,3.0,0.0,3.0,4.0,3.0,5.0,15.0,4.0,8.0,4.0,11.0,0.0,0.0,0.0,2.0,100.0,100.0,0.0,0.0,236504.0,55524.0,25500.0,32124.0,0,0
41636,3000.0,0.0756,93.41,1,91000.0,0,1,n,13.52,0.0,0.0,5.0,0.0,20528.0,10.0,0,2160.55,2160.55,1024.99,1024.99,839.45,185.54,0.0,0.0,0.0,93.41,0.0,1.0,1,0.0,0.0,36689.0,0.0,1.0,0.0,2.0,20.0,16161.0,65.0,0.0,0.0,12473.0,43.0,61100.0,1.0,0.0,2.0,2.0,7338.0,40572.0,33.6,0.0,0.0,174.0,369.0,66.0,20.0,0.0,66.0,2.0,0.0,2.0,2.0,3.0,3.0,5.0,3.0,4.0,2.0,5.0,0.0,0.0,0.0,0.0,100.0,0.0,0.0,0.0,86103.0,36689.0,61100.0,24873.0,0,0
74695,26575.0,0.1033,861.63,2,250000.0,0,1,n,22.38,0.0,0.0,9.0,0.0,73970.0,21.0,0,18610.56,18610.56,10309.06,10309.06,7964.44,2344.62,0.0,0.0,0.0,861.63,0.0,1.0,1,0.0,0.0,786366.0,0.0,4.0,1.0,2.0,8.0,48915.0,78.0,0.0,0.0,42563.0,86.0,65000.0,0.0,0.0,2.0,2.0,87374.0,0.0,101.3,0.0,0.0,108.0,229.0,35.0,8.0,1.0,35.0,8.0,0.0,3.0,3.0,3.0,4.0,13.0,3.0,6.0,3.0,9.0,0.0,0.0,0.0,1.0,100.0,100.0,0.0,0.0,1196442.0,173601.0,65000.0,62587.0,0,0
26148,5000.0,0.1102,163.75,1,60000.0,0,1,n,24.24,0.0,1.0,15.0,0.0,21320.0,28.0,0,1594.52,1594.52,3798.19,3798.19,3405.48,392.71,0.0,0.0,0.0,163.75,0.0,1.0,1,0.0,0.0,271584.0,2.0,5.0,1.0,2.0,2.0,29404.0,57.0,1.0,2.0,7867.0,53.0,43200.0,2.0,0.0,1.0,5.0,18106.0,15840.0,56.0,0.0,0.0,182.0,274.0,6.0,2.0,3.0,6.0,2.0,0.0,4.0,6.0,6.0,9.0,10.0,9.0,15.0,6.0,15.0,0.0,0.0,0.0,2.0,100.0,16.7,0.0,0.0,316268.0,50724.0,36000.0,51728.0,0,0
19964,17850.0,0.16949999999999998,443.14,1,98000.0,1,1,n,16.5,0.0,0.0,6.0,1.0,9860.0,12.0,0,0.0,0.0,18351.2,18351.2,17850.0,501.2,0.0,0.0,0.0,17924.87,0.0,1.0,1,0.0,0.0,62010.0,2.0,2.0,2.0,3.0,9.0,52150.0,61.0,2.0,2.0,7125.0,61.0,16100.0,1.0,0.0,1.0,5.0,10335.0,3040.0,76.4,0.0,0.0,44.0,87.0,5.0,5.0,0.0,59.0,11.0,2.0,2.0,2.0,2.0,3.0,7.0,4.0,5.0,2.0,6.0,0.0,0.0,0.0,4.0,100.0,50.0,1.0,0.0,84612.0,62010.0,12900.0,68512.0,0,0
42430,18000.0,0.2565,721.88,1,94920.8,1,1,n,23.82,0.0,0.0,24.0,0.0,17897.0,30.0,0,0.0,0.0,19989.42,19989.42,18000.0,1989.42,0.0,0.0,0.0,17053.2,0.0,1.0,1,0.0,2522.0,72958.0,0.0,6.0,3.0,4.0,7.0,55061.0,90.0,4.0,6.0,2885.0,72.0,40700.0,1.0,3.0,2.0,10.0,3040.0,10348.0,30.1,0.0,0.0,96.0,79.0,7.0,7.0,0.0,7.0,7.0,1.0,5.0,13.0,9.0,9.0,11.0,18.0,19.0,13.0,24.0,0.0,0.0,0.0,7.0,96.6,22.2,0.0,0.0,101629.0,72958.0,14800.0,60929.0,0,0
4960,10625.0,0.2305,411.57,1,150000.0,1,1,n,16.85,0.0,0.0,19.0,0.0,22090.0,48.0,0,0.0,0.0,10775.44,10775.44,10625.0,150.44,0.0,0.0,0.0,10789.05,0.0,1.0,1,0.0,0.0,99956.0,1.0,10.0,1.0,3.0,11.0,77866.0,92.0,1.0,1.0,5915.0,81.0,38400.0,2.0,8.0,3.0,4.0,5261.0,6676.0,56.1,0.0,0.0,139.0,155.0,2.0,2.0,5.0,25.0,11.0,0.0,2.0,5.0,4.0,7.0,25.0,9.0,18.0,5.0,19.0,0.0,0.0,0.0,2.0,95.8,50.0,0.0,0.0,123381.0,99956.0,15200.0,84981.0,0,0
31614,3000.0,0.1524,104.35,1,30000.0,0,1,n,28.08,0.0,0.0,8.0,0.0,2844.0,10.0,0,2223.17,2223.17,1145.31,1145.31,776.83,368.48,0.0,0.0,0.0,104.35,0.0,1.0,1,0.0,186.0,27376.0,1.0,3.0,3.0,3.0,4.0,24532.0,93.0,1.0,3.0,1152.0,71.0,12500.0,2.0,0.0,7.0,6.0,3422.0,748.0,72.3,0.0,0.0,109.0,46.0,10.0,4.0,0.0,15.0,4.0,0.0,2.0,4.0,2.0,2.0,4.0,5.0,6.0,4.0,8.0,0.0,0.0,0.0,4.0,100.0,50.0,0.0,0.0,38766.0,27376.0,2700.0,26266.0,0,0
70852,13000.0,0.1102,425.73,1,154000.0,0,1,n,6.08,0.0,0.0,6.0,0.0,5539.0,15.0,1,0.0,0.0,13279.5033334144,13279.5,13000.0,279.5,0.0,0.0,0.0,10861.73,0.0,1.0,1,0.0,0.0,28174.0,0.0,1.0,1.0,1.0,7.0,15095.0,95.0,1.0,1.0,3743.0,68.0,17700.0,1.0,0.0,1.0,3.0,4696.0,1354.0,79.8,0.0,0.0,122.0,189.0,9.0,7.0,0.0,148.0,7.0,1.0,2.0,3.0,2.0,2.0,9.0,4.0,5.0,3.0,6.0,0.0,0.0,0.0,2.0,93.3,50.0,0.0,0.0,41361.0,28174.0,6700.0,15950.0,0,0
42625,1100.0,0.2305,42.61,3,17724.5,1,1,n,19.77,0.0,0.0,8.0,0.0,1701.0,10.0,0,739.59,739.59,567.3,567.3,360.41,206.89,0.0,0.0,0.0,42.61,0.0,1.0,1,0.0,79.0,6627.0,2.0,1.0,1.0,2.0,8.0,4926.0,88.0,3.0,3.0,1141.0,36.0,13100.0,1.0,0.0,1.0,5.0,828.0,8035.0,14.5,0.0,0.0,20.0,52.0,4.0,4.0,0.0,6.0,7.0,0.0,2.0,4.0,4.0,4.0,2.0,7.0,8.0,4.0,8.0,0.0,0.0,0.0,4.0,100.0,0.0,0.0,0.0,18688.0,6627.0,9400.0,5588.0,0,0
57488,6375.0,0.0819,200.33,1,32000.0,0,1,n,25.39,0.0,0.0,8.0,0.0,11867.0,10.0,0,4827.59,4827.59,2000.4,2000.4,1547.41,452.99,0.0,0.0,0.0,200.33,0.0,1.0,1,0.0,0.0,36945.0,0.0,5.0,0.0,1.0,13.0,25078.0,103.0,2.0,2.0,5553.0,69.0,29500.0,1.0,0.0,0.0,3.0,4618.0,17633.0,40.2,0.0,0.0,87.0,94.0,12.0,12.0,0.0,12.0,13.0,0.0,3.0,3.0,3.0,5.0,5.0,3.0,5.0,3.0,8.0,0.0,0.0,0.0,2.0,100.0,0.0,0.0,0.0,53802.0,36945.0,29500.0,24302.0,0,0
29541,19675.0,0.08810000000000001,623.93,1,135000.0,0,1,n,22.46,0.0,1.0,8.0,0.0,33951.0,22.0,0,0.0,0.0,20021.21,20021.21,19675.0,346.21,0.0,0.0,0.0,0.0,0.0,1.0,1,0.0,0.0,103077.0,1.0,3.0,2.0,2.0,3.0,69126.0,77.0,1.0,1.0,10879.0,57.0,90400.0,2.0,2.0,4.0,3.0,12885.0,56449.0,37.6,0.0,0.0,160.0,238.0,11.0,3.0,2.0,11.0,4.0,0.0,5.0,5.0,5.0,7.0,9.0,5.0,11.0,5.0,8.0,0.0,0.0,0.0,3.0,100.0,0.0,0.0,0.0,179946.0,103077.0,90400.0,89546.0,0,0
35046,10800.0,0.0819,339.39,1,43000.0,1,1,n,16.75,0.0,0.0,5.0,0.0,8517.0,8.0,0,7775.72,7775.72,3721.01,3721.01,3024.28,696.73,0.0,0.0,0.0,339.39,0.0,1.0,1,0.0,0.0,13965.0,0.0,1.0,0.0,1.0,16.0,5448.0,61.0,0.0,1.0,6586.0,35.0,30800.0,1.0,0.0,0.0,2.0,2793.0,19749.0,26.3,0.0,0.0,76.0,106.0,23.0,16.0,0.0,26.0,16.0,0.0,2.0,3.0,3.0,3.0,2.0,4.0,6.0,3.0,5.0,0.0,0.0,0.0,0.0,100.0,0.0,0.0,0.0,39800.0,13965.0,26800.0,9000.0,0,0
34318,7500.0,0.17739999999999995,270.17,1,60000.0,1,1,n,28.88,0.0,1.0,10.0,0.0,5809.0,10.0,0,6218.21,6218.21,2413.05,2413.05,1281.79,1131.26,0.0,0.0,0.0,270.17,0.0,1.0,1,0.0,0.0,54336.0,1.0,5.0,2.0,3.0,2.0,48527.0,58.0,0.0,1.0,5719.0,49.0,16600.0,3.0,0.0,5.0,4.0,5434.0,4991.0,53.8,0.0,0.0,28.0,69.0,13.0,2.0,0.0,49.0,2.0,0.0,2.0,2.0,3.0,3.0,5.0,5.0,5.0,2.0,10.0,0.0,0.0,0.0,2.0,100.0,33.3,0.0,0.0,78901.0,54336.0,10800.0,62301.0,0,0
25347,7325.0,0.17739999999999995,263.87,1,43584.0,1,1,n,23.27,0.0,1.0,9.0,0.0,11511.0,9.0,0,5481.32,5481.32,2895.35,2895.35,1843.68,1051.67,0.0,0.0,0.0,263.87,0.0,1.0,1,0.0,0.0,35671.0,1.0,1.0,0.0,1.0,24.0,24160.0,78.0,3.0,5.0,4692.0,73.0,18000.0,4.0,0.0,5.0,6.0,3963.0,4635.0,69.5,0.0,0.0,24.0,49.0,4.0,4.0,0.0,4.0,1.0,0.0,5.0,7.0,5.0,5.0,1.0,8.0,8.0,7.0,9.0,0.0,0.0,0.0,3.0,100.0,40.0,0.0,0.0,49119.0,35671.0,15200.0,31119.0,0,0
71355,22300.0,0.1862,813.16,1,173707.0,0,1,n,21.46,0.0,2.0,13.0,0.0,29342.0,33.0,0,16395.26,16395.26,9734.85,9734.85,5904.74,3830.11,0.0,0.0,0.0,813.16,0.0,1.0,1,0.0,0.0,102236.0,1.0,3.0,1.0,2.0,9.0,72894.0,75.0,3.0,4.0,9777.0,66.0,51100.0,2.0,0.0,4.0,6.0,7864.0,14975.0,66.0,0.0,0.0,272.0,149.0,3.0,3.0,0.0,9.0,4.0,0.0,5.0,6.0,7.0,8.0,15.0,10.0,18.0,6.0,13.0,0.0,0.0,0.0,4.0,100.0,42.9,0.0,0.0,150337.0,102236.0,44000.0,99237.0,0,0
55718,24000.0,0.08810000000000001,761.08,2,118000.0,0,1,n,10.39,0.0,3.0,13.0,1.0,61053.0,29.0,0,0.0,0.0,25318.66,25318.66,24000.0,1318.66,0.0,0.0,0.0,5591.15,0.0,1.0,1,0.0,0.0,167346.0,1.0,2.0,3.0,3.0,6.0,18746.0,89.0,4.0,4.0,9974.0,46.0,93200.0,5.0,4.0,18.0,7.0,15213.0,18071.0,36.6,0.0,0.0,123.0,359.0,9.0,6.0,3.0,9.0,0.0,0.0,3.0,5.0,3.0,7.0,11.0,10.0,15.0,5.0,11.0,0.0,0.0,0.0,7.0,100.0,33.3,1.0,0.0,212356.0,79799.0,28500.0,21156.0,0,0
6051,11000.0,0.1102,360.24,1,48425.0,1,1,n,19.85,0.0,0.0,5.0,0.0,3747.0,18.0,0,8297.98,8297.98,3595.67,3595.67,2702.02,893.65,0.0,0.0,0.0,360.24,0.0,1.0,1,0.0,0.0,28209.0,0.0,2.0,0.0,3.0,19.0,24462.0,78.0,0.0,1.0,1773.0,75.0,6300.0,2.0,0.0,1.0,4.0,5642.0,284.0,88.2,0.0,0.0,113.0,48.0,21.0,19.0,0.0,40.0,6.0,8.0,2.0,3.0,2.0,2.0,15.0,3.0,3.0,3.0,5.0,0.0,0.0,0.0,0.0,58.8,50.0,0.0,0.0,37802.0,28209.0,2400.0,31502.0,0,0
37201,6375.0,0.1308,215.05,1,30000.0,1,1,n,17.16,0.0,0.0,5.0,0.0,3964.0,5.0,0,5373.59,5373.59,1715.77,1715.77,1001.41,714.36,0.0,0.0,0.0,215.05,0.0,1.0,0,0.0,0.0,8453.0,0.0,2.0,1.0,1.0,10.0,4489.0,58.0,1.0,1.0,1839.0,70.0,4400.0,1.0,0.0,1.0,2.0,1691.0,436.0,90.1,0.0,0.0,25.0,50.0,8.0,8.0,0.0,8.0,10.0,0.0,3.0,3.0,3.0,3.0,2.0,3.0,3.0,3.0,5.0,0.0,0.0,0.0,2.0,100.0,66.7,0.0,0.0,12100.0,8453.0,4400.0,7700.0,0,0
4525,10625.0,0.1033,344.49,2,55000.0,1,1,n,16.28,0.0,3.0,30.0,0.0,31760.0,72.0,0,0.0,0.0,11119.36,11119.36,10625.0,494.36,0.0,0.0,0.0,8088.01,0.0,1.0,1,0.0,0.0,164650.0,2.0,17.0,2.0,5.0,4.0,59571.0,103.0,2.0,4.0,4510.0,67.0,78300.0,3.0,7.0,7.0,9.0,5488.0,36941.0,19.3,0.0,0.0,139.0,105.0,2.0,2.0,2.0,9.0,2.0,0.0,2.0,3.0,8.0,9.0,54.0,12.0,16.0,3.0,30.0,0.0,0.0,0.0,4.0,100.0,0.0,0.0,0.0,222730.0,91331.0,45800.0,57980.0,0,0
32254,16000.0,0.0646,490.1,2,42640.0,0,1,n,56.46,0.0,0.0,8.0,0.0,65081.0,39.0,0,11434.81,11434.81,5385.36,5385.36,4565.19,820.17,0.0,0.0,0.0,490.1,0.0,1.0,0,0.0,0.0,257007.0,1.0,2.0,0.0,2.0,21.0,55120.0,83.0,1.0,5.0,17414.0,72.0,86000.0,2.0,10.0,0.0,7.0,32126.0,11832.0,72.5,0.0,0.0,228.0,155.0,1.0,1.0,3.0,1.0,17.0,0.0,2.0,3.0,3.0,12.0,19.0,5.0,17.0,3.0,8.0,0.0,0.0,0.0,1.0,97.4,33.3,0.0,0.0,311029.0,120201.0,43000.0,69443.0,0,0
31608,25525.0,0.1612,898.9,1,53000.0,1,1,n,30.05,0.0,0.0,7.0,0.0,15753.0,18.0,0,18981.03,18981.03,9865.04,9865.04,6543.97,3321.07,0.0,0.0,0.0,898.9,0.0,1.0,1,0.0,0.0,38368.0,0.0,3.0,1.0,2.0,9.0,22615.0,53.0,0.0,1.0,11069.0,65.0,16600.0,4.0,5.0,6.0,3.0,5481.0,847.0,94.9,0.0,0.0,102.0,130.0,15.0,9.0,0.0,15.0,9.0,0.0,4.0,4.0,4.0,7.0,8.0,4.0,10.0,4.0,7.0,0.0,0.0,0.0,1.0,100.0,100.0,0.0,0.0,59100.0,38368.0,16600.0,42500.0,0,0
41959,15000.0,0.1033,321.15,2,203000.0,0,1,n,13.67,0.0,0.0,19.0,0.0,16093.0,26.0,0,12794.42,12794.42,3515.43,3515.43,2205.58,1309.85,0.0,0.0,0.0,321.15,0.0,1.0,1,0.0,0.0,262749.0,1.0,4.0,1.0,1.0,6.0,46050.0,52.0,0.0,0.0,5564.0,40.0,65300.0,1.0,2.0,3.0,1.0,13829.0,23818.0,36.1,0.0,0.0,90.0,113.0,27.0,6.0,2.0,27.0,7.0,0.0,4.0,8.0,7.0,7.0,8.0,14.0,16.0,8.0,19.0,0.0,0.0,0.0,1.0,100.0,14.3,0.0,0.0,370093.0,62143.0,37300.0,89270.0,0,0
32284,6000.0,0.16949999999999998,213.77,2,52000.0,0,1,n,13.48,0.0,0.0,10.0,0.0,5588.0,22.0,1,0.0,0.0,6314.3900007331,6314.39,6000.0,314.39,0.0,0.0,0.0,5892.5,0.0,1.0,1,0.0,0.0,73720.0,0.0,2.0,1.0,2.0,10.0,1828.0,11.0,1.0,1.0,2015.0,14.0,35600.0,1.0,3.0,1.0,3.0,7372.0,20044.0,9.7,0.0,0.0,106.0,91.0,10.0,10.0,2.0,10.0,10.0,0.0,2.0,4.0,3.0,5.0,7.0,7.0,12.0,4.0,10.0,0.0,0.0,0.0,2.0,100.0,33.3,0.0,0.0,125300.0,7416.0,22200.0,17041.0,0,0
29881,31900.0,0.1308,727.14,2,120000.0,0,1,n,23.79,1.0,0.0,10.0,0.0,29966.0,35.0,0,0.0,0.0,33651.68,33651.68,31900.0,1751.68,0.0,0.0,0.0,30766.3,0.0,1.0,1,0.0,0.0,362841.0,0.0,2.0,0.0,1.0,24.0,57337.0,67.0,0.0,0.0,16753.0,64.0,47700.0,0.0,1.0,2.0,2.0,36284.0,10367.0,70.4,0.0,0.0,160.0,394.0,41.0,19.0,6.0,41.0,2.0,0.0,4.0,6.0,5.0,7.0,18.0,7.0,11.0,6.0,10.0,0.0,0.0,0.0,0.0,97.1,40.0,0.0,0.0,413262.0,87303.0,35000.0,83562.0,0,0
34641,7325.0,0.0646,224.38,2,260000.0,0,1,n,5.78,0.0,0.0,9.0,0.0,10129.0,12.0,0,5247.41,5247.41,2461.61,2461.61,2077.59,384.02,0.0,0.0,0.0,224.38,0.0,1.0,1,0.0,0.0,434308.0,0.0,2.0,1.0,1.0,10.0,11439.0,37.0,0.0,0.0,4491.0,38.0,26500.0,1.0,0.0,1.0,1.0,54289.0,16371.0,38.2,0.0,0.0,30.0,359.0,29.0,10.0,3.0,29.0,10.0,0.0,4.0,4.0,4.0,5.0,2.0,5.0,6.0,4.0,9.0,0.0,0.0,0.0,1.0,83.3,25.0,0.0,0.0,521517.0,23067.0,26500.0,31142.0,0,0
17761,20000.0,0.0702,617.73,2,120000.0,1,1,n,20.8,0.0,1.0,9.0,0.0,23915.0,32.0,0,0.0,0.0,20384.87,20384.87,20000.0,384.87,0.0,0.0,0.0,19157.21,0.0,1.0,1,0.0,80.0,173653.0,1.0,2.0,2.0,2.0,6.0,67479.0,9.0,1.0,2.0,6936.0,44.0,35700.0,0.0,13.0,4.0,4.0,19295.0,9726.0,55.8,0.0,0.0,187.0,227.0,7.0,6.0,3.0,7.0,6.0,0.0,3.0,5.0,4.0,9.0,17.0,6.0,12.0,5.0,9.0,0.0,0.0,0.0,3.0,84.4,50.0,0.0,0.0,229286.0,91394.0,22000.0,90916.0,0,0
47649,14000.0,0.2565,416.28,2,85000.0,1,1,n,17.14,2.0,0.0,17.0,0.0,11675.0,38.0,0,0.0,0.0,14575.41,14575.41,14000.0,575.41,0.0,0.0,0.0,14199.03,1.0,1.0,1,0.0,0.0,302668.0,0.0,6.0,0.0,3.0,17.0,102305.0,104.0,0.0,1.0,5543.0,99.0,16900.0,2.0,1.0,3.0,4.0,17804.0,3613.0,73.4,0.0,0.0,152.0,184.0,17.0,17.0,2.0,52.0,0.0,3.0,5.0,8.0,6.0,9.0,10.0,10.0,25.0,8.0,17.0,0.0,0.0,2.0,0.0,75.7,50.0,0.0,0.0,346401.0,113980.0,13600.0,98768.0,0,0
14635,20775.0,0.1862,757.55,2,150000.0,1,1,n,30.81,0.0,1.0,20.0,0.0,92794.0,33.0,0,16106.29,16106.29,7532.52,7532.52,4668.71,2863.81,0.0,0.0,0.0,757.55,0.0,1.0,1,0.0,0.0,132566.0,1.0,1.0,1.0,1.0,3.0,29976.0,98.0,0.0,0.0,13345.0,75.0,132900.0,1.0,0.0,1.0,1.0,6977.0,28403.0,67.5,0.0,0.0,105.0,512.0,27.0,3.0,0.0,27.0,3.0,0.0,10.0,15.0,12.0,14.0,6.0,18.0,25.0,15.0,20.0,0.0,0.0,0.0,1.0,100.0,72.7,0.0,0.0,177627.0,132566.0,87300.0,30625.0,0,0
35067,6250.0,0.0756,194.59,1,73500.0,1,1,n,14.87,0.0,0.0,11.0,0.0,2612.0,35.0,0,4487.83,4487.83,2133.93,2133.93,1762.17,371.76,0.0,0.0,0.0,194.59,0.0,1.0,1,0.0,80.0,142284.0,0.0,3.0,0.0,1.0,20.0,139672.0,41.0,1.0,2.0,1153.0,28.0,22100.0,2.0,0.0,1.0,3.0,12935.0,12747.0,8.3,0.0,0.0,243.0,267.0,8.0,8.0,0.0,30.0,8.0,1.0,1.0,3.0,4.0,4.0,23.0,8.0,12.0,3.0,11.0,0.0,0.0,0.0,1.0,93.9,0.0,0.0,0.0,166230.0,142284.0,13900.0,144130.0,0,0
64743,18000.0,0.1612,438.88,2,85000.0,1,1,n,25.32,1.0,3.0,10.0,0.0,7552.0,28.0,0,17445.06,17445.06,3494.92,3494.92,554.94,2939.98,0.0,0.0,0.0,438.88,0.0,1.0,1,0.0,0.0,52155.0,3.0,3.0,0.0,2.0,15.0,44603.0,69.0,3.0,6.0,3438.0,62.0,19600.0,3.0,2.0,6.0,8.0,5216.0,8867.0,41.3,0.0,0.0,146.0,182.0,1.0,1.0,1.0,1.0,1.0,3.0,4.0,5.0,5.0,11.0,12.0,7.0,15.0,6.0,10.0,0.0,0.0,0.0,3.0,81.5,40.0,0.0,0.0,84049.0,52155.0,15100.0,64449.0,0,0
23518,11000.0,0.1612,387.38,1,75000.0,1,1,n,11.95,1.0,1.0,5.0,0.0,10313.0,10.0,1,8027.51,8027.51,4391.33,4391.33,2972.49,1418.84,0.0,0.0,0.0,387.38,0.0,1.0,1,0.0,0.0,15671.0,2.0,2.0,0.0,0.0,53.0,5358.0,23.0,2.0,3.0,8246.0,41.0,15000.0,0.0,1.0,1.0,3.0,3134.0,4687.0,68.8,0.0,0.0,89.0,64.0,4.0,4.0,0.0,4.0,4.0,3.0,3.0,3.0,3.0,6.0,3.0,3.0,7.0,3.0,5.0,0.0,0.0,1.0,2.0,70.0,0.0,0.0,0.0,38682.0,15671.0,15000.0,23682.0,0,0
50306,38000.0,0.14300000000000002,890.12,2,105000.0,1,1,n,28.39,0.0,0.0,10.0,0.0,29866.0,22.0,0,32257.04,32257.04,10651.25,10651.25,5742.96,4908.29,0.0,0.0,0.0,890.12,0.0,1.0,0,0.0,0.0,390867.0,1.0,3.0,1.0,1.0,5.0,147393.0,83.0,0.0,0.0,11268.0,84.0,34900.0,0.0,1.0,1.0,2.0,39087.0,2060.0,92.6,0.0,0.0,174.0,97.0,51.0,5.0,4.0,51.0,5.0,0.0,4.0,6.0,4.0,4.0,10.0,6.0,8.0,6.0,10.0,0.0,0.0,0.0,1.0,100.0,75.0,0.0,0.0,423181.0,177259.0,27700.0,164281.0,0,0
65738,37225.0,0.1862,957.88,2,110000.0,0,1,n,39.43,0.0,3.0,16.0,1.0,27810.0,30.0,0,33100.05,33100.05,10498.17,10498.17,4124.95,6373.22,0.0,0.0,0.0,0.0,0.0,1.0,0,0.0,0.0,136874.0,1.0,3.0,0.0,1.0,16.0,102326.0,17.0,1.0,1.0,4783.0,47.0,54600.0,4.0,1.0,5.0,3.0,8555.0,20877.0,51.6,0.0,0.0,171.0,102.0,6.0,6.0,0.0,6.0,2.0,0.0,8.0,11.0,9.0,10.0,10.0,12.0,19.0,11.0,16.0,0.0,0.0,0.0,1.0,100.0,66.7,1.0,0.0,211774.0,136874.0,43100.0,150234.0,0,0
31686,30000.0,0.1524,1043.49,2,112000.0,0,1,n,20.7,0.0,0.0,13.0,0.0,38074.0,28.0,0,22370.91,22370.91,11452.99,11452.99,7629.09,3823.9,0.0,0.0,0.0,1043.49,0.0,1.0,1,0.0,0.0,59764.0,0.0,2.0,1.0,1.0,10.0,21690.0,55.0,0.0,4.0,14925.0,56.0,68500.0,0.0,0.0,1.0,5.0,4980.0,9007.0,79.8,0.0,0.0,146.0,372.0,13.0,10.0,0.0,13.0,2.0,0.0,5.0,8.0,5.0,12.0,6.0,11.0,22.0,8.0,13.0,0.0,0.0,0.0,1.0,96.4,60.0,0.0,0.0,107677.0,59764.0,44600.0,39177.0,0,0
12563,15775.0,0.0756,491.14,2,55000.0,1,1,n,23.87,0.0,0.0,9.0,0.0,14104.0,22.0,0,11744.48,11744.48,4904.77,4904.77,4030.52,874.25,0.0,0.0,0.0,491.14,0.0,1.0,1,0.0,0.0,233366.0,0.0,2.0,0.0,1.0,14.0,73290.0,115.0,0.0,2.0,4494.0,79.0,30900.0,2.0,1.0,0.0,3.0,25930.0,7306.0,51.3,0.0,0.0,188.0,184.0,13.0,13.0,2.0,13.0,13.0,0.0,2.0,5.0,2.0,3.0,8.0,6.0,11.0,5.0,9.0,0.0,0.0,0.0,0.0,86.4,0.0,0.0,0.0,289243.0,87394.0,15000.0,76793.0,0,0
23312,20925.0,0.0646,640.95,2,120000.0,0,1,n,20.44,0.0,0.0,18.0,0.0,20066.0,35.0,0,16294.6,16294.6,5761.04,5761.04,4630.4,1130.64,0.0,0.0,0.0,640.95,0.0,1.0,1,0.0,0.0,200819.0,1.0,2.0,0.0,2.0,17.0,28238.0,55.0,4.0,6.0,9646.0,33.0,106700.0,1.0,0.0,0.0,8.0,11157.0,62466.0,25.6,0.0,0.0,146.0,196.0,0.0,0.0,1.0,11.0,15.0,0.0,4.0,5.0,9.0,15.0,6.0,15.0,28.0,5.0,18.0,0.0,0.0,0.0,4.0,100.0,11.1,0.0,0.0,335359.0,48304.0,80500.0,51859.0,0,0
75446,2200.0,0.14300000000000002,75.52,2,50000.0,1,1,n,48.66,0.0,0.0,21.0,0.0,9812.0,42.0,0,0.0,0.0,2430.85,2430.85,2200.0,230.85,0.0,0.0,0.0,1830.19,0.0,1.0,0,0.0,0.0,316966.0,2.0,9.0,1.0,3.0,3.0,93842.0,98.0,3.0,5.0,2863.0,83.0,24200.0,1.0,3.0,1.0,8.0,15094.0,8174.0,40.8,0.0,0.0,165.0,176.0,3.0,3.0,3.0,3.0,9.0,3.0,5.0,9.0,6.0,11.0,20.0,11.0,19.0,9.0,21.0,0.0,0.0,0.0,4.0,82.1,50.0,0.0,0.0,345733.0,103654.0,13800.0,101533.0,0,0
7017,20000.0,0.0819,628.49,1,115000.0,0,1,n,15.17,0.0,0.0,13.0,0.0,12491.0,18.0,0,14926.21,14926.21,6275.8,6275.8,5073.79,1202.01,0.0,0.0,0.0,628.49,0.0,1.0,1,0.0,0.0,43441.0,0.0,7.0,1.0,2.0,10.0,30950.0,61.0,0.0,0.0,8771.0,57.0,25700.0,1.0,1.0,3.0,2.0,3342.0,9209.0,57.6,0.0,0.0,180.0,176.0,26.0,10.0,0.0,45.0,1.0,0.0,3.0,3.0,5.0,6.0,11.0,6.0,7.0,3.0,13.0,0.0,0.0,0.0,1.0,100.0,40.0,0.0,0.0,76640.0,43441.0,21700.0,50940.0,0,0
34020,11200.0,0.2565,333.02,1,36067.0,1,1,n,22.86,0.0,0.0,6.0,0.0,7390.0,13.0,0,10111.91,10111.91,3623.32,3623.32,1088.09,2535.23,0.0,0.0,0.0,333.02,0.0,1.0,1,0.0,0.0,28099.0,0.0,2.0,2.0,3.0,9.0,20709.0,91.0,0.0,0.0,5458.0,80.0,12300.0,3.0,0.0,5.0,3.0,4683.0,4242.0,56.3,0.0,0.0,78.0,123.0,39.0,9.0,1.0,43.0,9.0,0.0,1.0,2.0,2.0,4.0,5.0,4.0,7.0,2.0,6.0,0.0,0.0,0.0,2.0,76.9,0.0,0.0,0.0,35193.0,28099.0,9700.0,22893.0,0,0
63589,4000.0,0.0819,125.7,1,50000.0,0,1,n,22.8,0.0,0.0,11.0,0.0,11188.0,14.0,0,2773.85,2773.85,1506.58,1506.58,1226.15,280.43,0.0,0.0,0.0,125.7,0.0,1.0,1,0.0,1110.0,12844.0,0.0,1.0,0.0,0.0,74.0,1656.0,6.0,2.0,6.0,4569.0,27.0,18400.0,0.0,2.0,4.0,6.0,1168.0,4605.0,61.9,0.0,0.0,87.0,59.0,7.0,7.0,0.0,14.0,1.0,0.0,5.0,10.0,5.0,5.0,3.0,10.0,11.0,10.0,11.0,0.0,0.0,0.0,2.0,100.0,20.0,0.0,0.0,47240.0,12844.0,12100.0,28840.0,0,0
41922,22000.0,0.1612,536.41,2,70000.0,0,1,n,37.2,0.0,2.0,21.0,0.0,22071.0,33.0,0,0.0,0.0,22544.78,22544.78,22000.0,544.78,0.0,0.0,0.0,2438.54,0.0,1.0,1,0.0,0.0,112073.0,1.0,9.0,1.0,3.0,12.0,89578.0,87.0,3.0,6.0,4495.0,73.0,43100.0,3.0,1.0,5.0,9.0,5337.0,11757.0,58.7,0.0,0.0,186.0,119.0,1.0,1.0,0.0,7.0,1.0,1.0,5.0,8.0,7.0,11.0,12.0,11.0,20.0,8.0,21.0,0.0,0.0,0.0,4.0,100.0,42.9,0.0,0.0,150583.0,112073.0,28500.0,107059.0,0,0
62503,21000.0,0.0819,427.72,2,80000.0,1,1,n,20.74,0.0,0.0,23.0,0.0,19536.0,54.0,0,17502.54,17502.54,5108.75,5108.75,3497.46,1611.29,0.0,0.0,0.0,427.72,0.0,1.0,1,0.0,0.0,150283.0,0.0,3.0,2.0,3.0,7.0,44330.0,90.0,2.0,4.0,8946.0,34.0,88300.0,1.0,0.0,2.0,7.0,6534.0,48864.0,28.6,0.0,0.0,196.0,173.0,9.0,7.0,2.0,9.0,7.0,0.0,4.0,4.0,13.0,22.0,17.0,19.0,34.0,4.0,23.0,0.0,0.0,0.0,4.0,98.1,7.7,0.0,0.0,235566.0,63866.0,68400.0,54824.0,0,0
9225,40000.0,0.0756,1245.36,2,30000.0,0,1,n,189.49,0.0,0.0,12.0,0.0,68618.0,19.0,0,28532.13,28532.13,13665.36,13665.36,11467.87,2197.49,0.0,0.0,0.0,2490.72,0.0,1.0,0,0.0,0.0,1072923.0,1.0,4.0,3.0,3.0,7.0,68622.0,60.0,0.0,0.0,19753.0,76.0,76600.0,3.0,0.0,6.0,8.0,97538.0,7982.0,89.8,0.0,0.0,75.0,326.0,37.0,2.0,5.0,37.0,5.0,0.0,5.0,5.0,7.0,8.0,6.0,7.0,8.0,5.0,12.0,0.0,0.0,0.0,6.0,100.0,83.3,0.0,0.0,1108521.0,137240.0,76600.0,96238.0,0,0
54922,10625.0,0.0819,333.89,1,80000.0,0,1,n,18.52,2.0,2.0,14.0,0.0,1811.0,25.0,0,7368.06,7368.06,3997.01,3997.01,3256.94,740.07,0.0,0.0,0.0,333.89,0.0,1.0,1,0.0,0.0,39391.0,4.0,2.0,1.0,3.0,1.0,37580.0,43.0,3.0,7.0,559.0,14.0,24100.0,12.0,0.0,3.0,10.0,3030.0,4711.0,25.2,0.0,0.0,155.0,43.0,0.0,0.0,0.0,1.0,0.0,1.0,4.0,5.0,4.0,6.0,7.0,12.0,18.0,5.0,14.0,0.0,0.0,1.0,4.0,100.0,0.0,0.0,0.0,64314.0,39391.0,6300.0,40214.0,0,0
33056,37150.0,0.0819,1167.41,2,500000.0,1,1,n,5.78,0.0,0.0,10.0,0.0,38464.0,12.0,0,26747.37,26747.37,12824.61,12824.61,10402.63,2421.98,0.0,0.0,0.0,1167.41,0.0,1.0,0,0.0,0.0,650700.0,0.0,2.0,0.0,1.0,22.0,21204.0,42.0,0.0,0.0,23877.0,54.0,60400.0,2.0,0.0,4.0,1.0,72300.0,21936.0,63.7,0.0,0.0,25.0,284.0,49.0,22.0,1.0,49.0,3.0,0.0,5.0,5.0,7.0,8.0,2.0,7.0,9.0,5.0,10.0,0.0,0.0,0.0,0.0,100.0,33.3,0.0,0.0,743650.0,59668.0,60400.0,50000.0,0,0
18675,20000.0,0.1033,648.45,2,85000.0,0,1,n,21.77,0.0,1.0,16.0,0.0,38758.0,26.0,0,10271.3,10271.3,11012.17,11012.17,9728.7,1283.47,0.0,0.0,0.0,648.45,0.0,1.0,1,0.0,2492.0,188292.0,2.0,4.0,0.0,1.0,16.0,64823.0,52.0,3.0,7.0,16708.0,53.0,73600.0,2.0,0.0,1.0,8.0,11768.0,12180.0,63.3,0.0,0.0,232.0,149.0,3.0,3.0,2.0,4.0,4.0,0.0,4.0,8.0,6.0,7.0,8.0,11.0,16.0,8.0,16.0,0.0,0.0,0.0,3.0,100.0,16.7,0.0,0.0,242598.0,103581.0,33200.0,78619.0,0,0
59038,40000.0,0.14300000000000002,936.97,2,96000.0,1,1,n,15.81,1.0,0.0,8.0,0.0,31729.0,35.0,1,34099.56,34099.56,11211.86,11211.86,5900.44,5311.42,0.0,0.0,0.0,936.97,0.0,1.0,1,0.0,0.0,175352.0,0.0,2.0,0.0,0.0,29.0,10817.0,55.0,0.0,0.0,18843.0,74.0,37800.0,0.0,1.0,1.0,0.0,21919.0,4002.0,88.1,0.0,0.0,183.0,166.0,51.0,29.0,2.0,61.0,7.0,0.0,2.0,3.0,3.0,11.0,16.0,5.0,17.0,3.0,8.0,0.0,0.0,0.0,0.0,82.9,66.7,0.0,0.0,212658.0,42546.0,33700.0,19720.0,0,0
63237,10000.0,0.08810000000000001,317.12,2,80004.0,1,1,n,15.19,0.0,0.0,8.0,0.0,9530.0,19.0,0,6954.54,6954.54,3800.55,3800.55,3045.46,755.09,0.0,0.0,0.0,317.12,0.0,1.0,1,0.0,337.0,31192.0,0.0,2.0,0.0,1.0,22.0,21662.0,71.0,0.0,0.0,2322.0,65.0,17100.0,1.0,0.0,0.0,1.0,3899.0,5454.0,54.9,0.0,0.0,91.0,111.0,43.0,22.0,0.0,43.0,22.0,0.0,4.0,6.0,4.0,4.0,8.0,6.0,11.0,6.0,8.0,0.0,0.0,0.0,0.0,100.0,25.0,0.0,0.0,47825.0,31192.0,12100.0,30725.0,0,0
30767,23400.0,0.1612,824.07,2,70000.0,0,1,n,27.02,0.0,0.0,10.0,0.0,19984.0,22.0,0,17400.77,17400.77,9043.81,9043.81,5999.23,3044.58,0.0,0.0,0.0,824.07,0.0,1.0,1,0.0,0.0,79104.0,1.0,4.0,0.0,3.0,18.0,22373.0,59.0,2.0,2.0,5000.0,67.0,25700.0,1.0,0.0,0.0,5.0,7910.0,4886.0,74.0,0.0,0.0,136.0,53.0,2.0,2.0,1.0,2.0,18.0,0.0,4.0,5.0,4.0,5.0,15.0,5.0,6.0,5.0,10.0,0.0,0.0,0.0,2.0,100.0,50.0,0.0,0.0,109121.0,42357.0,18800.0,37806.0,0,0
47655,31900.0,0.1102,693.91,2,96000.0,0,1,n,39.48,0.0,0.0,18.0,0.0,192148.0,21.0,0,27280.99,27280.99,7593.95,7593.95,4619.01,2974.94,0.0,0.0,0.0,0.0,0.0,1.0,0,0.0,0.0,750499.0,1.0,3.0,0.0,2.0,18.0,48004.0,73.0,3.0,4.0,12934.0,56.0,276700.0,1.0,4.0,1.0,6.0,41694.0,28545.0,58.1,0.0,0.0,57.0,338.0,3.0,3.0,1.0,3.0,10.0,0.0,6.0,8.0,8.0,8.0,6.0,14.0,14.0,8.0,18.0,0.0,0.0,0.0,3.0,100.0,25.0,0.0,0.0,877131.0,240152.0,68100.0,65431.0,0,0
64482,10000.0,0.2055,268.01,1,60000.0,0,1,n,10.6,0.0,0.0,5.0,1.0,8230.0,20.0,0,8724.46,8724.46,3204.7,3204.7,1275.54,1929.16,0.0,0.0,0.0,268.01,0.0,1.0,1,0.0,169.0,15340.0,1.0,1.0,2.0,2.0,6.0,7110.0,89.0,0.0,0.0,5243.0,79.0,11500.0,0.0,9.0,2.0,2.0,3068.0,2326.0,77.8,0.0,0.0,149.0,377.0,48.0,6.0,2.0,48.0,7.0,1.0,2.0,3.0,3.0,5.0,11.0,4.0,7.0,3.0,5.0,0.0,0.0,0.0,2.0,90.0,66.7,1.0,0.0,19500.0,15340.0,10500.0,8000.0,0,0
20194,19900.0,0.0702,614.64,2,76000.0,0,1,n,31.75,0.0,0.0,15.0,0.0,11011.0,19.0,1,14256.37,13701.16,6745.52,6482.82,5643.63,1101.89,0.0,0.0,0.0,614.64,0.0,1.0,0,0.0,0.0,233853.0,0.0,5.0,1.0,2.0,9.0,68237.0,73.0,0.0,0.0,10018.0,65.0,28800.0,1.0,0.0,1.0,2.0,15590.0,2482.0,80.1,0.0,0.0,127.0,239.0,25.0,9.0,2.0,239.0,9.0,0.0,1.0,3.0,1.0,1.0,8.0,9.0,9.0,3.0,15.0,0.0,0.0,0.0,1.0,100.0,100.0,0.0,0.0,283961.0,79248.0,12500.0,93561.0,0,0
37061,25525.0,0.16949999999999998,633.68,2,50000.0,1,1,n,19.16,0.0,0.0,20.0,0.0,20033.0,28.0,0,22299.02,22299.02,6946.44,6946.44,3225.98,3720.46,0.0,0.0,0.0,633.68,0.0,1.0,0,0.0,0.0,294619.0,1.0,13.0,0.0,0.0,35.0,46455.0,114.0,1.0,2.0,18369.0,94.0,29800.0,1.0,0.0,4.0,3.0,14731.0,7287.0,72.6,0.0,0.0,82.0,155.0,1.0,1.0,1.0,1.0,8.0,0.0,4.0,5.0,4.0,8.0,14.0,6.0,13.0,5.0,20.0,0.0,0.0,0.0,2.0,85.7,25.0,0.0,0.0,300282.0,66488.0,26600.0,40721.0,0,0
60242,18000.0,0.0646,551.36,2,126000.0,0,1,n,7.82,0.0,1.0,16.0,0.0,4884.0,37.0,0,12382.08,12382.08,6600.17,6600.17,5617.92,982.25,0.0,0.0,0.0,551.36,0.0,1.0,1,0.0,0.0,394638.0,2.0,10.0,1.0,1.0,5.0,44124.0,91.0,0.0,0.0,3816.0,40.0,72200.0,1.0,0.0,4.0,2.0,24665.0,58162.0,6.5,0.0,0.0,161.0,151.0,63.0,5.0,1.0,63.0,5.0,0.0,2.0,3.0,3.0,6.0,24.0,4.0,11.0,3.0,16.0,0.0,0.0,0.0,2.0,100.0,0.0,0.0,0.0,474516.0,50502.0,62200.0,48564.0,0,0
40329,25875.0,0.1308,872.83,2,4500.0,0,1,n,151.47,0.0,0.0,7.0,0.0,9774.0,17.0,0,0.0,0.0,26475.31,26475.31,25875.0,600.31,0.0,0.0,0.0,25640.08,0.0,1.0,0,0.0,0.0,715353.0,1.0,1.0,1.0,1.0,2.0,22017.0,101.0,0.0,0.0,5508.0,73.0,22000.0,0.0,0.0,1.0,4.0,119226.0,6992.0,44.1,0.0,0.0,171.0,199.0,43.0,2.0,6.0,43.0,8.0,0.0,1.0,3.0,2.0,3.0,4.0,5.0,7.0,3.0,7.0,0.0,0.0,0.0,2.0,100.0,0.0,0.0,0.0,732154.0,31791.0,12500.0,21754.0,0,0
1279,24000.0,0.0819,754.18,1,174000.0,1,1,n,23.74,0.0,0.0,10.0,0.0,30006.0,16.0,0,15833.88,15833.88,9519.96,9519.96,8166.12,1353.84,0.0,0.0,0.0,754.18,0.0,1.0,1,0.0,0.0,140690.0,0.0,4.0,1.0,4.0,8.0,110684.0,60.0,1.0,1.0,16205.0,53.0,67100.0,1.0,0.0,1.0,5.0,14069.0,27794.0,63.3,0.0,0.0,95.0,206.0,9.0,8.0,3.0,9.0,8.0,0.0,4.0,4.0,4.0,4.0,7.0,6.0,6.0,4.0,10.0,0.0,0.0,0.0,2.0,100.0,25.0,0.0,0.0,208429.0,140690.0,57800.0,141329.0,0,0
58065,21275.0,0.14300000000000002,498.35,2,49000.0,0,1,n,40.42,1.0,0.0,11.0,0.0,10883.0,19.0,0,18175.22,18175.22,5963.3,5963.3,3099.78,2863.52,0.0,0.0,0.0,498.35,0.0,1.0,0,0.0,0.0,118848.0,0.0,4.0,1.0,2.0,9.0,39775.0,68.0,0.0,2.0,3728.0,60.0,26400.0,1.0,4.0,1.0,4.0,10804.0,8819.0,41.6,0.0,0.0,125.0,248.0,18.0,9.0,2.0,18.0,8.0,0.0,3.0,5.0,3.0,3.0,9.0,6.0,8.0,5.0,11.0,0.0,0.0,0.0,1.0,94.7,0.0,0.0,0.0,174122.0,50658.0,15100.0,58715.0,0,0
18562,31900.0,0.1308,727.14,1,129000.0,0,1,n,15.78,0.0,2.0,23.0,0.0,22329.0,46.0,0,0.0,0.0,33769.5,33769.5,31900.0,1869.5,0.0,0.0,0.0,30884.12,0.0,1.0,1,0.0,0.0,82314.0,3.0,10.0,0.0,1.0,18.0,59418.0,91.0,3.0,5.0,8734.0,57.0,70400.0,2.0,0.0,2.0,6.0,3579.0,42687.0,34.1,0.0,0.0,175.0,99.0,2.0,2.0,1.0,2.0,3.0,0.0,7.0,9.0,8.0,9.0,29.0,12.0,15.0,9.0,23.0,0.0,0.0,0.0,3.0,100.0,25.0,0.0,0.0,144314.0,82314.0,64800.0,64995.0,0,0
34656,13000.0,0.124,291.82,3,98000.0,0,1,n,9.31,0.0,0.0,8.0,0.0,1785.0,17.0,0,11175.31,11175.31,3187.63,3187.63,1824.69,1362.94,0.0,0.0,0.0,291.82,0.0,1.0,1,0.0,0.0,48804.0,1.0,3.0,2.0,4.0,5.0,47019.0,94.0,2.0,3.0,1342.0,60.0,30900.0,1.0,1.0,4.0,7.0,6101.0,26815.0,6.2,0.0,0.0,230.0,77.0,8.0,5.0,0.0,8.0,1.0,0.0,4.0,4.0,4.0,7.0,9.0,5.0,8.0,4.0,8.0,0.0,0.0,0.0,4.0,87.5,0.0,0.0,0.0,80988.0,48804.0,28600.0,50088.0,0,0
17249,37000.0,0.0819,753.6,1,145000.0,0,1,n,15.1,0.0,0.0,11.0,0.0,36447.0,14.0,0,31832.52,31832.52,7519.16,7519.16,5167.48,2351.68,0.0,0.0,0.0,753.6,0.0,1.0,1,0.0,138.0,101529.0,0.0,6.0,0.0,1.0,15.0,65082.0,91.0,0.0,0.0,18321.0,90.0,41200.0,1.0,1.0,0.0,1.0,9230.0,3886.0,90.0,0.0,0.0,137.0,239.0,59.0,15.0,0.0,59.0,15.0,0.0,4.0,5.0,4.0,4.0,9.0,5.0,5.0,5.0,11.0,0.0,0.0,0.0,0.0,100.0,100.0,0.0,0.0,113063.0,101529.0,38700.0,71863.0,0,0
76649,16800.0,0.1102,365.45,2,83000.0,1,1,n,27.86,0.0,0.0,15.0,0.0,14397.0,20.0,0,0.0,0.0,17014.950000001,17014.95,16800.0,214.95,0.0,0.0,0.0,17035.52,0.0,1.0,1,0.0,0.0,163826.0,0.0,6.0,0.0,1.0,20.0,71602.0,47.0,1.0,1.0,1940.0,44.0,35800.0,0.0,4.0,5.0,2.0,10922.0,11096.0,19.6,0.0,0.0,152.0,287.0,7.0,7.0,3.0,7.0,1.0,0.0,5.0,7.0,6.0,7.0,8.0,8.0,9.0,7.0,15.0,0.0,0.0,0.0,1.0,100.0,0.0,0.0,0.0,234699.0,85999.0,13800.0,104412.0,0,0
3438,23400.0,0.2305,906.42,1,70000.0,1,1,n,12.45,0.0,0.0,8.0,0.0,16653.0,11.0,0,20459.64,20459.64,7191.43,7191.43,2940.36,4251.07,0.0,0.0,0.0,906.42,0.0,1.0,1,0.0,0.0,28277.0,0.0,0.0,0.0,1.0,15.0,11624.0,87.0,1.0,5.0,5232.0,83.0,20600.0,2.0,2.0,2.0,6.0,3535.0,3947.0,80.8,0.0,0.0,70.0,50.0,11.0,11.0,0.0,11.0,2.0,0.0,6.0,6.0,7.0,7.0,4.0,7.0,7.0,6.0,8.0,0.0,0.0,0.0,1.0,100.0,57.1,0.0,0.0,33907.0,28277.0,20600.0,13307.0,0,0
9482,7400.0,0.0756,230.39,2,65000.0,0,1,n,18.17,0.0,1.0,13.0,0.0,2942.0,42.0,0,0.0,0.0,7421.75,7421.75,7400.0,21.75,0.0,0.0,0.0,7427.97,0.0,1.0,1,0.0,0.0,56739.0,3.0,2.0,3.0,4.0,1.0,53797.0,92.0,4.0,5.0,1275.0,46.0,65700.0,2.0,0.0,7.0,9.0,4365.0,53758.0,5.2,0.0,0.0,117.0,184.0,5.0,1.0,0.0,5.0,1.0,0.0,3.0,3.0,9.0,15.0,15.0,11.0,27.0,3.0,13.0,0.0,0.0,0.0,7.0,100.0,0.0,0.0,0.0,124376.0,56739.0,56700.0,58676.0,0,0
23673,20000.0,0.0702,617.73,1,122712.0,0,1,n,12.75,0.0,0.0,11.0,0.0,9025.0,25.0,1,14328.0,14328.0,6787.23,6787.23,5672.0,1115.23,0.0,0.0,0.0,617.73,0.0,1.0,1,0.0,0.0,48939.0,1.0,2.0,1.0,2.0,10.0,39914.0,89.0,1.0,3.0,3836.0,32.0,57400.0,2.0,0.0,1.0,5.0,4449.0,31896.0,12.6,0.0,0.0,134.0,169.0,3.0,3.0,0.0,14.0,10.0,0.0,3.0,5.0,6.0,12.0,5.0,9.0,20.0,5.0,11.0,0.0,0.0,0.0,2.0,96.0,16.7,0.0,0.0,112565.0,48939.0,36500.0,55165.0,0,0
44974,28000.0,0.1308,638.24,2,155000.0,0,1,n,28.68,2.0,0.0,16.0,0.0,73239.0,32.0,0,24207.81,24207.81,7000.29,7000.29,3792.19,3208.1,0.0,0.0,0.0,638.24,0.0,1.0,1,0.0,0.0,359810.0,1.0,3.0,1.0,2.0,12.0,69385.0,86.0,1.0,1.0,16254.0,65.0,119500.0,1.0,4.0,2.0,3.0,22488.0,24494.0,74.4,0.0,0.0,124.0,266.0,2.0,2.0,7.0,2.0,4.0,1.0,7.0,8.0,9.0,10.0,10.0,12.0,15.0,8.0,16.0,0.0,0.0,1.0,2.0,93.8,66.7,0.0,0.0,449213.0,142624.0,95500.0,112213.0,0,0
69563,35000.0,0.1033,1134.79,2,90000.0,0,1,n,28.01,0.0,0.0,16.0,0.0,95842.0,23.0,0,24510.61,24510.61,13577.31,13577.31,10489.39,3087.92,0.0,0.0,0.0,1134.79,0.0,1.0,1,0.0,0.0,189598.0,1.0,8.0,1.0,2.0,3.0,74546.0,106.0,1.0,1.0,21643.0,87.0,119600.0,0.0,0.0,0.0,3.0,11850.0,20994.0,68.9,0.0,0.0,145.0,105.0,10.0,3.0,1.0,39.0,21.0,0.0,5.0,7.0,5.0,5.0,14.0,7.0,8.0,7.0,16.0,0.0,0.0,0.0,2.0,95.7,40.0,0.0,0.0,264878.0,170388.0,67500.0,70528.0,0,0
42147,24250.0,0.16949999999999998,602.03,2,53000.0,0,1,n,19.0,0.0,0.0,6.0,0.0,6165.0,16.0,0,21274.37,21274.37,6601.66,6601.66,2975.63,3626.03,0.0,0.0,0.0,602.03,0.0,1.0,0,0.0,0.0,282384.0,1.0,2.0,1.0,1.0,6.0,23676.0,61.0,0.0,0.0,2937.0,56.0,14600.0,2.0,2.0,4.0,2.0,47064.0,8422.0,26.8,0.0,0.0,78.0,271.0,63.0,6.0,6.0,63.0,6.0,0.0,2.0,3.0,2.0,4.0,3.0,3.0,7.0,3.0,6.0,0.0,0.0,0.0,1.0,100.0,50.0,0.0,0.0,312487.0,29841.0,11500.0,38567.0,0,0
4023,5850.0,0.1612,206.02,1,107000.0,0,1,n,12.55,0.0,1.0,13.0,1.0,9743.0,22.0,0,4495.79,4495.79,2049.72,2049.72,1354.21,695.51,0.0,0.0,0.0,206.02,0.0,1.0,1,0.0,0.0,49515.0,1.0,2.0,1.0,2.0,9.0,39772.0,62.0,1.0,6.0,3357.0,37.0,28200.0,11.0,0.0,25.0,8.0,3809.0,5779.0,57.5,0.0,0.0,85.0,84.0,3.0,3.0,0.0,3.0,3.0,0.0,5.0,6.0,7.0,11.0,7.0,11.0,15.0,6.0,13.0,0.0,0.0,0.0,2.0,100.0,42.9,1.0,0.0,72237.0,49515.0,13600.0,44037.0,0,0
3212,10625.0,0.0819,333.89,1,300000.0,1,1,n,1.61,2.0,0.0,11.0,0.0,2666.0,25.0,0,7934.64,7934.64,3329.23,3329.23,2690.36,638.87,0.0,0.0,0.0,333.89,0.0,1.0,1,0.0,0.0,5209.0,0.0,1.0,0.0,1.0,21.0,2543.0,51.0,0.0,0.0,1270.0,26.0,15000.0,1.0,0.0,0.0,1.0,474.0,5606.0,23.2,0.0,0.0,134.0,189.0,45.0,21.0,0.0,147.0,21.0,0.0,3.0,7.0,4.0,7.0,3.0,10.0,22.0,7.0,11.0,0.0,0.0,1.0,0.0,88.0,0.0,0.0,0.0,20000.0,5209.0,7300.0,5000.0,0,0
37965,5300.0,0.0819,166.55,2,60000.0,0,1,n,9.2,0.0,0.0,6.0,0.0,8089.0,13.0,0,3815.89,3815.89,1829.64,1829.64,1484.11,345.53,0.0,0.0,0.0,166.55,0.0,1.0,0,0.0,0.0,185496.0,2.0,1.0,1.0,3.0,4.0,14467.0,96.0,0.0,1.0,4690.0,53.0,27600.0,0.0,7.0,1.0,5.0,30916.0,12258.0,28.3,0.0,0.0,55.0,52.0,13.0,4.0,2.0,13.0,7.0,0.0,2.0,4.0,2.0,2.0,6.0,4.0,5.0,4.0,6.0,0.0,0.0,0.0,2.0,100.0,0.0,0.0,0.0,207600.0,22556.0,17100.0,15000.0,0,0
1979,37750.0,0.0646,1156.32,2,187000.0,1,1,n,34.9,0.0,0.0,20.0,0.0,22765.0,39.0,0,27984.77,27984.77,11549.65,11549.65,9765.23,1784.42,0.0,0.0,0.0,1156.32,0.0,1.0,1,0.0,0.0,277509.0,1.0,8.0,0.0,1.0,24.0,110177.0,38.0,1.0,2.0,7466.0,31.0,114000.0,0.0,0.0,1.0,3.0,13875.0,86035.0,20.9,0.0,0.0,199.0,307.0,5.0,5.0,2.0,20.0,2.0,0.0,8.0,8.0,9.0,9.0,25.0,11.0,12.0,8.0,20.0,0.0,0.0,0.0,1.0,100.0,0.0,0.0,0.0,507036.0,132942.0,108800.0,241836.0,0,0
36621,11000.0,0.1524,382.62,2,105000.0,1,1,n,22.76,0.0,0.0,17.0,0.0,71054.0,66.0,0,0.0,0.0,11730.39,11730.39,11000.0,730.39,0.0,0.0,0.0,10974.46,0.0,1.0,1,0.0,0.0,601706.0,3.0,5.0,3.0,6.0,2.0,128924.0,123.0,3.0,4.0,1628.0,79.0,91100.0,4.0,10.0,3.0,11.0,35394.0,4370.0,47.3,0.0,0.0,156.0,153.0,3.0,2.0,4.0,19.0,3.0,1.0,3.0,9.0,3.0,5.0,45.0,11.0,17.0,9.0,17.0,0.0,0.0,0.0,7.0,90.0,0.0,0.0,0.0,603608.0,199978.0,8300.0,106508.0,0,0
40764,10625.0,0.08810000000000001,336.94,1,86900.0,0,1,n,33.16,0.0,1.0,22.0,0.0,23125.0,33.0,0,7363.83,7363.83,4032.88,4032.88,3261.17,771.71,0.0,0.0,0.0,336.94,0.0,1.0,1,0.0,0.0,75018.0,1.0,5.0,2.0,2.0,3.0,51893.0,59.0,0.0,0.0,7145.0,59.0,39800.0,2.0,0.0,2.0,2.0,3410.0,10281.0,64.4,0.0,0.0,161.0,286.0,33.0,3.0,0.0,61.0,3.0,0.0,9.0,12.0,12.0,13.0,13.0,17.0,20.0,12.0,22.0,0.0,0.0,0.0,2.0,100.0,41.7,0.0,0.0,146305.0,75018.0,28900.0,106505.0,0,0
6385,10000.0,0.0819,314.25,1,40000.0,1,1,n,9.81,0.0,1.0,8.0,0.0,3226.0,10.0,0,5342.07,5342.07,5137.95,5137.95,4657.93,480.02,0.0,0.0,0.0,314.25,0.0,1.0,1,0.0,0.0,9998.0,1.0,1.0,0.0,1.0,16.0,6772.0,54.0,2.0,4.0,3195.0,25.0,27000.0,1.0,0.0,1.0,5.0,1250.0,21574.0,13.0,0.0,0.0,62.0,69.0,6.0,6.0,0.0,10.0,6.0,0.0,3.0,3.0,5.0,5.0,3.0,7.0,7.0,3.0,8.0,0.0,0.0,0.0,2.0,100.0,0.0,0.0,0.0,39513.0,9998.0,24800.0,12513.0,0,0
7933,11000.0,0.1171,363.84,1,47000.0,0,1,n,14.1,0.0,0.0,6.0,0.0,10798.0,10.0,0,8333.5,8333.5,3624.09,3624.09,2666.5,957.59,0.0,0.0,0.0,363.84,0.0,1.0,1,0.0,1478.0,22028.0,0.0,1.0,0.0,1.0,20.0,11230.0,75.0,0.0,0.0,6425.0,63.0,20000.0,0.0,3.0,0.0,1.0,3671.0,2605.0,79.2,0.0,0.0,96.0,167.0,27.0,20.0,0.0,27.0,20.0,0.0,3.0,4.0,3.0,5.0,3.0,5.0,7.0,4.0,6.0,0.0,0.0,0.0,0.0,100.0,33.3,0.0,0.0,34914.0,22028.0,12500.0,14914.0,0,0
24873,28000.0,0.0819,879.88,1,210000.0,1,1,n,7.18,0.0,0.0,9.0,0.0,33106.0,13.0,0,19621.14,19621.14,10165.94,10165.94,8378.86,1787.08,0.0,0.0,0.0,879.88,0.0,1.0,1,0.0,0.0,42735.0,0.0,1.0,1.0,1.0,10.0,9629.0,72.0,0.0,0.0,8905.0,64.0,53000.0,1.0,0.0,2.0,1.0,5342.0,14494.0,69.6,0.0,0.0,10.0,57.0,26.0,10.0,0.0,26.0,10.0,0.0,6.0,6.0,7.0,11.0,1.0,8.0,12.0,6.0,9.0,0.0,0.0,0.0,1.0,100.0,33.3,0.0,0.0,66332.0,42735.0,47600.0,13332.0,0,0
14012,4000.0,0.1862,145.86,1,48880.0,1,1,n,21.88,0.0,5.0,13.0,0.0,5936.0,30.0,0,0.0,0.0,4312.84,4312.84,4000.0,312.84,0.0,0.0,0.0,3737.68,0.0,1.0,1,0.0,0.0,81969.0,6.0,3.0,2.0,3.0,6.0,76033.0,83.0,5.0,6.0,1777.0,68.0,14800.0,5.0,4.0,7.0,9.0,6305.0,5027.0,40.9,0.0,0.0,128.0,105.0,1.0,1.0,0.0,3.0,1.0,4.0,3.0,7.0,4.0,9.0,15.0,10.0,15.0,7.0,13.0,0.0,0.0,0.0,7.0,83.3,0.0,0.0,0.0,89916.0,81969.0,8500.0,75116.0,0,0
49187,9000.0,0.2305,348.63,3,48000.0,0,1,n,22.1,0.0,1.0,13.0,0.0,13970.0,23.0,0,6653.23,6653.23,4172.04,4172.04,2346.77,1825.27,0.0,0.0,0.0,348.63,0.0,1.0,1,0.0,0.0,36315.0,1.0,4.0,0.0,1.0,19.0,22345.0,102.0,2.0,3.0,7089.0,82.0,22400.0,3.0,0.0,2.0,4.0,2793.0,4110.0,76.9,0.0,0.0,147.0,148.0,1.0,1.0,0.0,9.0,1.0,4.0,4.0,6.0,5.0,6.0,12.0,9.0,11.0,6.0,13.0,0.0,0.0,0.0,2.0,82.6,60.0,0.0,0.0,44367.0,36315.0,17800.0,21967.0,0,0
61751,30000.0,0.2055,1123.34,2,220000.0,0,1,n,32.75,2.0,0.0,32.0,1.0,45979.0,59.0,0,27863.58,27863.58,7608.76,7608.76,2136.42,5472.34,0.0,0.0,0.0,561.67,0.0,1.0,1,0.0,0.0,608814.0,1.0,5.0,1.0,1.0,8.0,188901.0,40.0,0.0,0.0,6262.0,44.0,101400.0,0.0,5.0,2.0,2.0,20294.0,31551.0,48.7,0.0,0.0,182.0,184.0,26.0,1.0,5.0,26.0,8.0,2.0,16.0,22.0,16.0,20.0,21.0,24.0,32.0,22.0,32.0,0.0,0.0,2.0,2.0,96.4,18.8,1.0,0.0,775300.0,234880.0,61500.0,283852.0,1,0
29462,18000.0,0.1171,595.37,3,54000.0,1,1,n,13.53,0.0,0.0,8.0,0.0,11557.0,21.0,0,14445.56,14445.56,5346.62,5346.62,3554.44,1792.18,0.0,0.0,0.0,595.37,0.0,1.0,0,0.0,780.0,181085.0,1.0,1.0,0.0,1.0,15.0,6408.0,64.0,1.0,3.0,7825.0,58.0,20800.0,1.0,2.0,0.0,6.0,22636.0,6743.0,63.2,0.0,0.0,178.0,173.0,0.0,0.0,2.0,0.0,15.0,0.0,3.0,3.0,5.0,8.0,7.0,6.0,12.0,3.0,8.0,0.0,0.0,0.0,1.0,100.0,40.0,0.0,0.0,207519.0,17965.0,18300.0,10000.0,0,0
55561,20000.0,0.14300000000000002,686.48,3,150000.0,0,1,n,28.65,1.0,0.0,17.0,0.0,67243.0,40.0,0,14255.39,14255.39,8221.87,8221.87,5744.61,2477.26,0.0,0.0,0.0,686.48,0.0,1.0,1,0.0,0.0,510393.0,0.0,6.0,0.0,1.0,20.0,119228.0,80.0,0.0,1.0,22175.0,83.0,78700.0,1.0,1.0,0.0,2.0,30023.0,5719.0,92.0,0.0,0.0,149.0,185.0,21.0,20.0,5.0,21.0,20.0,0.0,6.0,8.0,7.0,9.0,18.0,10.0,16.0,8.0,17.0,0.0,0.0,0.0,0.0,95.0,71.4,0.0,0.0,551936.0,186471.0,71200.0,137236.0,0,0
5194,31900.0,0.0819,649.73,2,59000.0,1,1,n,7.77,0.0,2.0,6.0,0.0,355.0,19.0,0,27451.25,27451.25,6482.79,6482.79,4448.75,2034.04,0.0,0.0,0.0,649.73,0.0,1.0,1,0.0,0.0,193528.0,2.0,1.0,2.0,5.0,3.0,14896.0,94.0,1.0,3.0,355.0,28.0,39000.0,4.0,1.0,2.0,8.0,32255.0,23645.0,1.5,0.0,0.0,157.0,79.0,7.0,3.0,4.0,7.0,3.0,0.0,1.0,1.0,3.0,5.0,9.0,4.0,6.0,1.0,6.0,0.0,0.0,0.0,3.0,100.0,0.0,0.0,0.0,242520.0,15251.0,24000.0,15775.0,0,0
12629,16000.0,0.0646,490.1,2,215000.0,0,1,n,4.67,0.0,0.0,13.0,1.0,11825.0,23.0,0,0.0,0.0,16526.81,16526.81,16000.0,526.81,0.0,0.0,0.0,14082.05,0.0,1.0,1,0.0,0.0,243551.0,0.0,1.0,0.0,1.0,24.0,6642.0,42.0,2.0,3.0,6780.0,18.0,88000.0,1.0,1.0,1.0,4.0,18735.0,54777.0,16.8,0.0,0.0,134.0,179.0,8.0,8.0,2.0,8.0,8.0,0.0,4.0,6.0,6.0,10.0,5.0,11.0,16.0,6.0,13.0,0.0,0.0,0.0,2.0,100.0,0.0,1.0,0.0,351500.0,18467.0,65800.0,16000.0,0,0
30651,1000.0,0.2305,38.74,1,75000.0,1,1,n,21.52,0.0,5.0,25.0,1.0,17271.0,55.0,0,0.0,0.0,1075.63,1075.63,1000.0,75.63,0.0,0.0,0.0,960.69,0.0,1.0,1,0.0,0.0,424981.0,5.0,7.0,0.0,1.0,13.0,158223.0,117.0,4.0,5.0,6032.0,75.0,58900.0,2.0,1.0,8.0,9.0,17708.0,13997.0,48.2,0.0,0.0,135.0,71.0,2.0,2.0,3.0,2.0,1.0,0.0,4.0,8.0,9.0,12.0,25.0,17.0,27.0,8.0,25.0,0.0,0.0,0.0,5.0,100.0,12.5,1.0,0.0,469998.0,175494.0,27000.0,160752.0,0,0
63581,21050.0,0.0756,655.37,1,220000.0,0,1,n,22.84,0.0,0.0,13.0,0.0,61775.0,27.0,0,14554.94,14554.94,7855.6,7855.6,6495.06,1360.55,0.0,0.0,0.0,655.37,0.0,1.0,1,0.0,0.0,140000.0,0.0,3.0,1.0,2.0,12.0,78225.0,74.0,0.0,1.0,17538.0,64.0,100800.0,1.0,0.0,2.0,3.0,11667.0,37811.0,61.8,0.0,0.0,166.0,292.0,20.0,12.0,0.0,20.0,9.0,0.0,7.0,9.0,7.0,12.0,10.0,9.0,16.0,9.0,13.0,0.0,0.0,0.0,1.0,100.0,28.6,0.0,0.0,232467.0,140000.0,99000.0,131667.0,0,0
9656,25000.0,0.2305,968.4,2,240000.0,1,1,n,24.43,0.0,1.0,20.0,0.0,100234.0,41.0,0,19673.74,19673.74,9619.97,9619.97,5326.26,4293.71,0.0,0.0,0.0,968.4,0.0,1.0,1,0.0,0.0,294382.0,1.0,3.0,1.0,2.0,2.0,60653.0,98.0,0.0,4.0,15804.0,79.0,121500.0,1.0,0.0,2.0,6.0,14719.0,15366.0,86.7,0.0,0.0,153.0,252.0,17.0,2.0,2.0,17.0,2.0,0.0,14.0,14.0,14.0,16.0,17.0,15.0,21.0,14.0,20.0,0.0,0.0,0.0,1.0,97.6,78.6,0.0,0.0,440939.0,173996.0,115600.0,91188.0,0,0
59261,7425.0,0.0819,233.33,2,69000.0,0,1,n,29.79,0.0,0.0,14.0,0.0,4654.0,29.0,0,4900.81,4900.81,3029.58,3029.58,2524.19,505.39,0.0,0.0,0.0,233.33,0.0,1.0,1,0.0,0.0,189422.0,0.0,4.0,0.0,3.0,13.0,30146.0,39.0,0.0,1.0,1855.0,32.0,30200.0,3.0,1.0,0.0,4.0,13530.0,19746.0,19.1,0.0,0.0,105.0,202.0,23.0,13.0,3.0,25.0,13.0,0.0,4.0,4.0,6.0,10.0,7.0,9.0,19.0,4.0,14.0,0.0,0.0,0.0,0.0,96.6,0.0,0.0,0.0,280628.0,34800.0,24400.0,78078.0,0,0
66562,27000.0,0.2565,1082.82,2,124000.0,0,1,n,35.04,1.0,0.0,17.0,0.0,19665.0,26.0,0,22599.62,22599.62,10789.72,10789.72,4400.38,6389.35,0.0,0.0,0.0,1082.82,0.0,1.0,1,0.0,0.0,427913.0,2.0,3.0,0.0,2.0,14.0,48243.0,79.0,3.0,3.0,3418.0,77.0,26000.0,1.0,0.0,1.0,8.0,25171.0,6135.0,76.2,0.0,0.0,153.0,166.0,4.0,4.0,4.0,4.0,1.0,1.0,10.0,10.0,11.0,12.0,7.0,12.0,13.0,10.0,17.0,0.0,0.0,0.0,3.0,92.3,72.7,0.0,0.0,461822.0,114059.0,25800.0,71671.0,0,0
56267,27000.0,0.2565,1082.82,2,115000.0,1,1,n,21.38,0.0,0.0,15.0,0.0,45844.0,16.0,0,25024.73,25024.73,8624.08,8624.08,1975.27,6648.81,0.0,0.0,0.0,1082.82,0.0,1.0,1,0.0,0.0,65167.0,0.0,6.0,0.0,1.0,19.0,19323.0,44.0,2.0,3.0,16596.0,64.0,63000.0,1.0,1.0,0.0,4.0,4344.0,5584.0,88.3,0.0,0.0,101.0,150.0,9.0,9.0,0.0,12.0,19.0,0.0,4.0,6.0,5.0,5.0,7.0,9.0,9.0,6.0,15.0,0.0,0.0,0.0,2.0,100.0,80.0,0.0,0.0,106730.0,65167.0,47600.0,43730.0,0,0
70392,29000.0,0.14300000000000002,995.39,2,117000.0,1,1,n,35.63,0.0,0.0,14.0,0.0,88283.0,25.0,0,20670.39,20670.39,11921.64,11921.64,8329.61,3592.03,0.0,0.0,0.0,995.39,0.0,1.0,0,0.0,0.0,626088.0,0.0,3.0,0.0,0.0,40.0,51975.0,125.0,0.0,0.0,49032.0,92.0,94600.0,2.0,1.0,4.0,1.0,44721.0,3296.0,94.3,0.0,0.0,55.0,234.0,55.0,8.0,4.0,81.0,8.0,0.0,6.0,7.0,6.0,10.0,3.0,10.0,18.0,7.0,14.0,0.0,0.0,0.0,1.0,100.0,100.0,0.0,0.0,674342.0,140258.0,90500.0,90220.0,0,0
33595,1600.0,0.16949999999999998,57.01,1,41600.0,0,1,n,19.13,1.0,0.0,8.0,0.0,2772.0,18.0,0,1190.12,1190.12,623.34,623.34,409.88,213.46,0.0,0.0,0.0,57.01,0.0,1.0,1,0.0,0.0,18563.0,0.0,2.0,1.0,1.0,12.0,15791.0,74.0,1.0,1.0,714.0,29.0,61600.0,1.0,0.0,1.0,2.0,2652.0,58531.0,2.0,0.0,0.0,121.0,244.0,8.0,8.0,0.0,43.0,12.0,5.0,3.0,4.0,5.0,9.0,6.0,6.0,12.0,4.0,8.0,0.0,0.0,0.0,2.0,64.7,0.0,0.0,0.0,83059.0,18563.0,60000.0,21459.0,0,0
35264,10000.0,0.17739999999999995,252.53,2,42000.0,0,1,n,26.4,1.0,0.0,20.0,1.0,10177.0,34.0,0,8770.17,8770.17,2753.19,2753.19,1229.83,1523.36,0.0,0.0,0.0,252.53,0.0,1.0,1,0.0,0.0,34661.0,2.0,2.0,1.0,2.0,12.0,24484.0,81.0,2.0,7.0,3968.0,46.0,45500.0,1.0,0.0,1.0,9.0,1733.0,13112.0,36.3,0.0,0.0,83.0,327.0,2.0,2.0,0.0,16.0,12.0,0.0,2.0,7.0,6.0,14.0,6.0,18.0,28.0,7.0,20.0,0.0,0.0,0.0,3.0,97.1,16.7,1.0,0.0,75722.0,34661.0,20600.0,30222.0,0,0
14821,25000.0,0.0646,765.77,2,140000.0,0,1,n,16.03,0.0,0.0,9.0,0.0,8737.0,33.0,0,18533.01,18533.01,7639.76,7639.76,6466.99,1172.77,0.0,0.0,0.0,765.77,0.0,1.0,1,0.0,0.0,269911.0,0.0,2.0,0.0,2.0,18.0,24098.0,52.0,0.0,3.0,5619.0,38.0,41400.0,3.0,3.0,0.0,8.0,29990.0,4381.0,56.2,0.0,0.0,134.0,179.0,17.0,17.0,6.0,17.0,18.0,1.0,1.0,4.0,1.0,7.0,10.0,5.0,16.0,4.0,9.0,0.0,0.0,0.0,0.0,97.0,0.0,0.0,0.0,333518.0,35533.0,10000.0,46564.0,0,0
56266,11700.0,0.1524,279.82,2,97000.0,0,1,n,14.36,0.0,3.0,13.0,0.0,4455.0,20.0,0,2468.75,2468.75,10847.93,10847.93,9231.25,1616.68,0.0,0.0,0.0,279.82,0.0,1.0,1,0.0,0.0,339154.0,3.0,3.0,2.0,2.0,2.0,20359.0,55.0,3.0,5.0,2606.0,39.0,45000.0,2.0,0.0,7.0,8.0,26089.0,36645.0,10.8,0.0,0.0,151.0,107.0,0.0,0.0,2.0,4.0,0.0,0.0,3.0,3.0,6.0,8.0,7.0,8.0,10.0,4.0,13.0,0.0,0.0,0.0,6.0,100.0,0.0,0.0,0.0,395025.0,36335.0,41100.0,36754.0,0,0
59884,1300.0,0.2055,48.68,1,24000.0,1,1,n,13.54,0.0,0.0,4.0,0.0,2275.0,5.0,0,951.36,951.36,582.68,582.68,348.64,234.04,0.0,0.0,0.0,48.68,0.0,1.0,1,0.0,0.0,5185.0,1.0,1.0,0.0,0.0,34.0,2910.0,36.0,2.0,2.0,808.0,39.0,5000.0,0.0,2.0,1.0,2.0,1296.0,2434.0,30.5,0.0,0.0,56.0,42.0,3.0,3.0,0.0,3.0,9.0,0.0,1.0,2.0,2.0,2.0,2.0,3.0,3.0,3.0,4.0,0.0,0.0,0.0,2.0,100.0,50.0,0.0,0.0,13167.0,5185.0,3500.0,8167.0,0,0
28388,25000.0,0.2565,743.35,3,60000.0,1,1,n,36.54,0.0,1.0,9.0,0.0,19875.0,16.0,0,24129.04,24129.04,6618.9,6618.9,870.96,5747.94,0.0,0.0,0.0,743.35,0.0,1.0,1,0.0,0.0,49190.0,2.0,3.0,1.0,4.0,9.0,29315.0,87.0,3.0,3.0,10811.0,90.0,21600.0,1.0,1.0,1.0,7.0,5466.0,487.0,96.3,0.0,0.0,214.0,167.0,5.0,5.0,0.0,5.0,5.0,0.0,4.0,6.0,4.0,5.0,9.0,6.0,7.0,6.0,9.0,0.0,0.0,0.0,4.0,100.0,75.0,0.0,0.0,85164.0,49190.0,13300.0,63564.0,0,0
48626,6000.0,0.0702,185.32,2,76000.0,1,1,n,27.25,0.0,0.0,20.0,0.0,17022.0,39.0,0,4298.35,4298.35,2033.84,2033.84,1701.65,332.19,0.0,0.0,0.0,0.0,0.0,1.0,1,0.0,0.0,248852.0,1.0,4.0,0.0,3.0,13.0,38011.0,65.0,1.0,1.0,3606.0,40.0,80800.0,2.0,1.0,0.0,4.0,13097.0,47518.0,24.0,0.0,0.0,129.0,206.0,2.0,2.0,1.0,2.0,13.0,0.0,9.0,11.0,10.0,18.0,11.0,15.0,27.0,11.0,20.0,0.0,0.0,0.0,1.0,97.4,0.0,0.0,0.0,342913.0,55033.0,62500.0,58613.0,0,0
51642,6375.0,0.124,212.97,1,44000.0,1,1,n,14.81,1.0,1.0,13.0,0.0,1360.0,22.0,0,4968.74,4968.74,2125.31,2125.31,1406.26,719.05,0.0,0.0,0.0,212.97,0.0,1.0,1,0.0,0.0,13412.0,1.0,2.0,1.0,2.0,5.0,12052.0,70.0,1.0,5.0,638.0,33.0,23500.0,1.0,1.0,2.0,8.0,1032.0,11315.0,8.0,0.0,0.0,35.0,54.0,7.0,5.0,0.0,20.0,5.0,0.0,3.0,4.0,7.0,11.0,5.0,11.0,16.0,4.0,13.0,0.0,0.0,0.0,2.0,95.2,0.0,0.0,0.0,40663.0,13412.0,12300.0,17163.0,0,0
50317,4000.0,0.0756,124.54,1,35000.0,0,1,n,23.35,0.0,1.0,9.0,0.0,4773.0,13.0,0,2765.73,2765.73,1492.8,1492.8,1234.27,258.53,0.0,0.0,0.0,124.54,0.0,1.0,1,0.0,0.0,20987.0,1.0,3.0,0.0,2.0,13.0,16214.0,66.0,2.0,3.0,2480.0,42.0,26000.0,1.0,5.0,2.0,5.0,2332.0,16227.0,22.7,0.0,0.0,70.0,144.0,4.0,4.0,0.0,11.0,2.0,0.0,3.0,3.0,4.0,5.0,6.0,6.0,7.0,3.0,9.0,0.0,0.0,0.0,2.0,100.0,0.0,0.0,0.0,50464.0,20987.0,21000.0,24464.0,0,0
35271,3500.0,0.0646,107.21,2,29500.0,0,1,n,12.29,0.0,0.0,8.0,0.0,5312.0,28.0,0,2399.67,2399.67,1276.17,1276.17,1100.33,175.84,0.0,0.0,0.0,207.21,0.0,1.0,1,0.0,0.0,119309.0,0.0,1.0,0.0,1.0,20.0,2511.0,52.0,0.0,1.0,3736.0,33.0,19100.0,1.0,1.0,0.0,2.0,14914.0,12788.0,29.3,0.0,0.0,118.0,241.0,14.0,14.0,2.0,14.0,20.0,0.0,3.0,3.0,5.0,10.0,5.0,6.0,20.0,3.0,8.0,0.0,0.0,0.0,0.0,100.0,0.0,0.0,0.0,143900.0,7823.0,18100.0,4800.0,0,0
54002,20000.0,0.0646,612.62,1,135000.0,0,1,n,12.17,0.0,1.0,28.0,0.0,21289.0,44.0,1,13757.89,13241.97,7337.08,7061.94,6242.11,1094.97,0.0,0.0,0.0,612.62,0.0,1.0,1,0.0,0.0,41154.0,1.0,1.0,1.0,1.0,3.0,19865.0,95.0,1.0,4.0,5685.0,33.0,103400.0,1.0,0.0,1.0,5.0,1470.0,52037.0,29.0,0.0,0.0,131.0,345.0,10.0,3.0,0.0,15.0,3.0,0.0,9.0,11.0,14.0,16.0,9.0,27.0,35.0,11.0,28.0,0.0,0.0,0.0,2.0,100.0,0.0,0.0,0.0,124325.0,41154.0,73300.0,20925.0,0,0
69451,1000.0,0.0756,31.14,1,45000.0,0,1,n,6.0,0.0,1.0,6.0,0.0,2994.0,19.0,0,0.0,0.0,1004.41,1004.41,1000.0,4.41,0.0,0.0,0.0,1005.25,0.0,1.0,1,0.0,0.0,6696.0,2.0,1.0,1.0,1.0,5.0,3702.0,93.0,2.0,2.0,1755.0,15.0,39800.0,1.0,0.0,1.0,3.0,1116.0,30806.0,8.9,0.0,0.0,147.0,404.0,4.0,4.0,0.0,4.0,5.0,0.0,3.0,3.0,4.0,6.0,11.0,5.0,8.0,3.0,6.0,0.0,0.0,0.0,3.0,100.0,0.0,0.0,0.0,43800.0,6696.0,33800.0,4000.0,0,0
17223,35000.0,0.08810000000000001,1109.9,2,60000.0,0,1,n,32.8,0.0,1.0,16.0,1.0,21927.0,25.0,0,26183.2,26183.2,11081.87,11081.87,8816.8,2265.07,0.0,0.0,0.0,1109.9,0.0,1.0,0,0.0,0.0,60185.0,1.0,6.0,1.0,1.0,9.0,38258.0,75.0,1.0,3.0,6589.0,69.0,36400.0,1.0,0.0,5.0,4.0,3762.0,11421.0,63.7,0.0,0.0,152.0,60.0,5.0,5.0,0.0,5.0,5.0,4.0,8.0,9.0,8.0,8.0,14.0,10.0,11.0,9.0,16.0,0.0,0.0,0.0,2.0,83.3,37.5,1.0,0.0,87135.0,60185.0,31500.0,50735.0,0,0
76569,15950.0,0.08810000000000001,505.8,3,84852.0,0,1,n,16.73,0.0,1.0,7.0,0.0,14882.0,9.0,0,11093.44,11093.44,6053.99,6053.99,4856.56,1197.43,0.0,0.0,0.0,505.8,0.0,1.0,1,0.0,0.0,16982.0,0.0,2.0,0.0,0.0,34.0,2100.0,12.0,1.0,2.0,5896.0,36.0,29100.0,0.0,0.0,2.0,2.0,2426.0,14218.0,51.1,0.0,0.0,34.0,67.0,7.0,7.0,0.0,7.0,1.0,0.0,5.0,5.0,5.0,7.0,2.0,5.0,7.0,5.0,7.0,0.0,0.0,0.0,1.0,100.0,20.0,0.0,0.0,47100.0,16982.0,29100.0,18000.0,0,0
26099,14525.0,0.124,326.05,1,53000.0,1,1,n,27.22,0.0,0.0,13.0,0.0,22531.0,24.0,0,12874.3,12874.3,3213.62,3213.62,1650.7,1562.92,0.0,0.0,0.0,326.05,0.0,1.0,1,0.0,0.0,48614.0,3.0,4.0,2.0,3.0,3.0,26083.0,91.0,1.0,3.0,5398.0,58.0,55500.0,0.0,3.0,0.0,6.0,3740.0,20002.0,21.3,0.0,0.0,119.0,322.0,1.0,1.0,0.0,1.0,15.0,0.0,1.0,5.0,4.0,7.0,9.0,9.0,15.0,5.0,13.0,0.0,0.0,0.0,3.0,100.0,0.0,0.0,0.0,84050.0,48614.0,25400.0,28550.0,0,0
29290,30000.0,0.1033,642.3,3,100000.0,0,1,n,19.28,0.0,0.0,10.0,0.0,21216.0,12.0,0,25588.84,25588.84,7030.87,7030.87,4411.16,2619.71,0.0,0.0,0.0,642.3,0.0,1.0,1,0.0,0.0,56756.0,0.0,2.0,0.0,0.0,26.0,35540.0,70.0,0.0,0.0,7058.0,60.0,39200.0,0.0,0.0,1.0,0.0,5676.0,12484.0,65.5,0.0,0.0,137.0,429.0,40.0,26.0,0.0,40.0,6.0,0.0,6.0,6.0,7.0,7.0,4.0,8.0,8.0,6.0,10.0,0.0,0.0,0.0,0.0,100.0,14.3,0.0,0.0,96300.0,56756.0,33700.0,57100.0,0,0
68900,33000.0,0.0702,1019.25,2,144000.0,1,1,n,27.65,0.0,0.0,21.0,0.0,41216.0,49.0,0,22653.45,22653.45,12305.26,12305.26,10346.55,1958.71,0.0,0.0,0.0,1019.25,0.0,1.0,1,0.0,0.0,357177.0,1.0,3.0,1.0,2.0,6.0,72328.0,69.0,0.0,0.0,11546.0,44.0,127700.0,1.0,8.0,0.0,2.0,17008.0,40889.0,40.4,0.0,0.0,142.0,174.0,33.0,6.0,4.0,34.0,20.0,0.0,4.0,6.0,9.0,12.0,15.0,17.0,30.0,6.0,21.0,0.0,0.0,0.0,1.0,100.0,22.2,0.0,0.0,514000.0,113544.0,67000.0,105000.0,0,0
77161,27000.0,0.2055,723.63,1,115000.0,0,1,n,22.35,0.0,1.0,12.0,0.0,28765.0,34.0,0,16313.08,16313.08,15821.91,15821.91,10686.92,5134.99,0.0,0.0,0.0,4323.63,0.0,1.0,1,0.0,0.0,243522.0,0.0,4.0,0.0,1.0,23.0,214757.0,43.0,1.0,2.0,10893.0,44.0,64900.0,3.0,3.0,2.0,3.0,20294.0,19635.0,58.6,0.0,0.0,179.0,179.0,12.0,12.0,0.0,12.0,0.0,0.0,5.0,6.0,6.0,8.0,20.0,8.0,14.0,6.0,12.0,0.0,0.0,0.0,1.0,100.0,33.3,0.0,0.0,303131.0,243522.0,47400.0,238231.0,0,0
59009,20000.0,0.14300000000000002,468.49,1,96000.0,0,1,n,31.16,0.0,0.0,16.0,0.0,49895.0,46.0,0,17049.71,17049.71,5605.99,5605.99,2950.29,2655.7,0.0,0.0,0.0,468.49,0.0,1.0,1,0.0,0.0,103302.0,2.0,5.0,0.0,0.0,34.0,53407.0,74.0,2.0,3.0,12258.0,75.0,65200.0,0.0,0.0,0.0,3.0,6456.0,10370.0,82.6,0.0,0.0,171.0,451.0,1.0,1.0,4.0,2.0,23.0,0.0,7.0,8.0,9.0,16.0,18.0,11.0,24.0,8.0,16.0,0.0,0.0,0.0,2.0,100.0,66.7,0.0,0.0,137541.0,103302.0,59600.0,72341.0,0,0
74575,21000.0,0.1524,502.24,2,44000.0,0,1,n,30.82,0.0,0.0,3.0,0.0,9906.0,8.0,0,17967.49,17967.49,6009.1,6009.1,3032.51,2976.59,0.0,0.0,0.0,502.24,0.0,1.0,0,0.0,0.0,65827.0,0.0,2.0,0.0,1.0,21.0,55921.0,74.0,0.0,0.0,9906.0,79.0,10800.0,2.0,0.0,0.0,1.0,21942.0,894.0,91.7,0.0,0.0,209.0,156.0,109.0,21.0,0.0,156.0,21.0,0.0,1.0,1.0,1.0,1.0,6.0,1.0,2.0,1.0,3.0,0.0,0.0,0.0,0.0,100.0,100.0,0.0,0.0,94975.0,65827.0,10800.0,84175.0,0,0
59052,7000.0,0.1612,246.52,1,63000.0,0,1,n,12.0,0.0,0.0,8.0,0.0,13521.0,9.0,1,1559.02,1391.98,5951.97,5314.26,5440.98,510.99,0.0,0.0,0.0,246.52,0.0,1.0,1,0.0,0.0,17234.0,0.0,1.0,1.0,1.0,9.0,3713.0,74.0,3.0,4.0,4740.0,61.0,23300.0,5.0,0.0,4.0,5.0,2154.0,5260.0,47.4,0.0,0.0,9.0,46.0,11.0,9.0,0.0,11.0,9.0,0.0,1.0,4.0,3.0,4.0,1.0,7.0,8.0,4.0,8.0,0.0,0.0,0.0,4.0,100.0,0.0,0.0,0.0,28300.0,17234.0,10000.0,5000.0,0,0
56680,5850.0,0.14300000000000002,200.8,2,112136.0,0,1,n,35.38,0.0,0.0,10.0,0.0,18057.0,53.0,0,0.0,0.0,6142.65,6142.65,5850.0,292.65,0.0,0.0,0.0,585.9,0.0,1.0,1,0.0,0.0,282247.0,4.0,5.0,5.0,10.0,2.0,110695.0,76.0,0.0,0.0,3363.0,74.0,40500.0,4.0,5.0,2.0,12.0,28225.0,16529.0,0.3,0.0,0.0,146.0,164.0,37.0,2.0,3.0,145.0,6.0,0.0,2.0,3.0,2.0,4.0,43.0,4.0,7.0,3.0,10.0,0.0,0.0,0.0,7.0,98.0,0.0,0.0,0.0,335555.0,128752.0,19900.0,140056.0,0,0
76880,40000.0,0.1171,883.93,2,42000.0,0,1,n,24.2,0.0,0.0,6.0,0.0,5989.0,15.0,0,33748.37,33748.37,10555.12,10555.12,6251.63,4303.49,0.0,0.0,0.0,883.93,0.0,1.0,0,0.0,0.0,400957.0,1.0,2.0,0.0,0.0,26.0,21010.0,61.0,0.0,2.0,4537.0,61.0,10000.0,0.0,2.0,1.0,3.0,80191.0,4011.0,59.9,0.0,0.0,93.0,271.0,16.0,2.0,2.0,16.0,6.0,0.0,2.0,2.0,2.0,4.0,5.0,3.0,8.0,2.0,6.0,0.0,0.0,0.0,1.0,93.3,0.0,0.0,0.0,418468.0,26999.0,10000.0,34510.0,0,0
51238,10800.0,0.1171,238.67,2,66000.0,0,1,n,27.4,0.0,1.0,10.0,0.0,2566.0,25.0,0,9111.95,9111.95,2857.01,2857.01,1688.05,1168.96,0.0,0.0,0.0,238.67,0.0,1.0,0,0.0,0.0,176496.0,1.0,4.0,1.0,2.0,2.0,66908.0,91.0,1.0,2.0,2312.0,48.0,19200.0,0.0,0.0,3.0,5.0,17650.0,14871.0,14.5,0.0,0.0,159.0,166.0,12.0,2.0,6.0,13.0,2.0,0.0,2.0,3.0,3.0,5.0,8.0,5.0,11.0,3.0,10.0,0.0,0.0,0.0,2.0,100.0,0.0,0.0,0.0,242077.0,69474.0,17400.0,91997.0,0,0
68473,10000.0,0.1308,227.95,2,62000.0,1,1,n,13.1,0.0,0.0,10.0,1.0,3827.0,15.0,0,8483.84,8483.84,2720.87,2720.87,1516.16,1204.71,0.0,0.0,0.0,227.95,0.0,1.0,1,0.0,1710.0,202603.0,3.0,2.0,4.0,4.0,3.0,26394.0,94.0,2.0,2.0,939.0,54.0,27600.0,2.0,3.0,3.0,8.0,20260.0,15631.0,5.8,0.0,0.0,34.0,81.0,5.0,3.0,2.0,5.0,5.0,0.0,4.0,6.0,5.0,5.0,6.0,7.0,7.0,6.0,10.0,0.0,0.0,0.0,6.0,100.0,0.0,1.0,0.0,230109.0,30221.0,16600.0,27950.0,0,0
23430,13600.0,0.14300000000000002,466.8,2,12500.0,0,1,n,94.69,0.0,1.0,8.0,0.0,1151.0,9.0,0,11067.02,11067.02,4073.6,4073.6,2532.98,1540.62,0.0,0.0,0.0,459.2,0.0,1.0,0,0.0,0.0,21865.0,1.0,1.0,1.0,1.0,10.0,18989.0,79.0,3.0,3.0,431.0,45.0,22900.0,2.0,0.0,2.0,6.0,2733.0,19169.0,2.2,0.0,0.0,10.0,51.0,2.0,2.0,0.0,27.0,3.0,0.0,1.0,4.0,3.0,3.0,1.0,6.0,6.0,4.0,8.0,0.0,0.0,0.0,4.0,100.0,0.0,0.0,0.0,48625.0,21865.0,19600.0,24000.0,0,0
1841,24000.0,0.2055,643.23,1,30000.0,0,1,n,23.36,0.0,1.0,7.0,0.0,2516.0,10.0,0,21490.31,21490.31,6404.9,6404.9,2509.69,3895.21,0.0,0.0,0.0,643.23,0.0,1.0,0,0.0,0.0,30006.0,1.0,1.0,1.0,2.0,1.0,27490.0,100.0,1.0,2.0,1031.0,90.0,5900.0,1.0,0.0,3.0,4.0,5001.0,2984.0,45.7,0.0,0.0,64.0,60.0,11.0,1.0,0.0,11.0,0.0,0.0,4.0,4.0,4.0,5.0,3.0,6.0,7.0,4.0,7.0,0.0,0.0,0.0,2.0,90.0,25.0,0.0,0.0,33390.0,30006.0,5500.0,27490.0,0,0
70405,10000.0,0.08810000000000001,317.12,2,120000.0,0,1,n,9.29,3.0,3.0,9.0,0.0,5508.0,26.0,0,6954.54,6954.54,3800.55,3800.55,3045.46,755.09,0.0,0.0,0.0,317.12,0.0,1.0,1,0.0,0.0,41763.0,1.0,2.0,2.0,3.0,2.0,36255.0,86.0,0.0,0.0,4509.0,45.0,51700.0,3.0,0.0,6.0,3.0,4640.0,37192.0,12.9,0.0,0.0,90.0,335.0,37.0,2.0,2.0,56.0,1.0,0.0,4.0,4.0,5.0,8.0,10.0,7.0,13.0,4.0,9.0,0.0,0.0,0.0,2.0,83.3,0.0,0.0,0.0,93745.0,41763.0,42700.0,42045.0,0,0
49438,40000.0,0.1033,856.4,2,265000.0,1,1,n,13.81,0.0,1.0,24.0,0.0,89120.0,48.0,0,34116.89,34116.89,9374.49,9374.49,5883.11,3491.38,0.0,0.0,0.0,0.0,0.0,1.0,1,0.0,0.0,630788.0,1.0,3.0,2.0,3.0,8.0,59239.0,82.0,1.0,2.0,16339.0,64.0,159800.0,4.0,1.0,13.0,6.0,26283.0,57970.0,49.6,0.0,0.0,125.0,183.0,11.0,4.0,7.0,11.0,1.0,0.0,7.0,9.0,17.0,18.0,12.0,20.0,28.0,9.0,24.0,0.0,0.0,0.0,4.0,100.0,29.4,0.0,0.0,716144.0,148359.0,115000.0,71994.0,0,0
14701,18000.0,0.08810000000000001,570.81,2,130000.0,1,1,n,9.71,0.0,1.0,19.0,1.0,8146.0,47.0,0,0.0,0.0,19118.83,19118.83,18000.0,1118.83,0.0,0.0,0.0,15711.59,0.0,1.0,1,0.0,0.0,38823.0,4.0,2.0,2.0,5.0,6.0,30677.0,80.0,3.0,8.0,3719.0,34.0,74800.0,3.0,0.0,3.0,13.0,2043.0,39841.0,13.6,0.0,0.0,136.0,171.0,3.0,3.0,0.0,5.0,4.0,0.0,5.0,7.0,8.0,18.0,13.0,17.0,34.0,7.0,19.0,0.0,0.0,0.0,5.0,100.0,0.0,1.0,0.0,113333.0,38823.0,46100.0,38533.0,0,0
27456,15000.0,0.0646,459.47,2,80000.0,1,1,n,19.19,0.0,0.0,6.0,1.0,73793.0,14.0,0,10720.12,10720.12,5043.4,5043.4,4279.88,763.52,0.0,0.0,0.0,459.47,0.0,1.0,1,0.0,0.0,114568.0,2.0,2.0,1.0,2.0,6.0,40775.0,89.0,1.0,1.0,2500.0,82.0,92000.0,2.0,0.0,9.0,3.0,19095.0,4486.0,35.9,0.0,0.0,75.0,201.0,6.0,6.0,1.0,6.0,6.0,0.0,2.0,3.0,3.0,4.0,5.0,4.0,6.0,3.0,6.0,0.0,0.0,0.0,2.0,92.9,0.0,1.0,0.0,137935.0,114568.0,7000.0,45935.0,0,0
71718,24000.0,0.2565,713.61,1,160000.0,1,1,n,25.0,0.0,2.0,18.0,0.0,59908.0,49.0,0,22912.95,22912.95,7101.9,7101.9,1087.05,6014.85,0.0,0.0,0.0,713.61,0.0,1.0,1,0.0,0.0,263728.0,2.0,5.0,2.0,3.0,6.0,133191.0,90.0,2.0,2.0,14141.0,91.0,65200.0,3.0,7.0,3.0,5.0,14652.0,792.0,98.7,0.0,0.0,206.0,222.0,1.0,1.0,2.0,1.0,1.0,0.0,10.0,10.0,10.0,10.0,33.0,11.0,14.0,10.0,18.0,0.0,0.0,0.0,4.0,100.0,90.0,0.0,0.0,292639.0,193099.0,60700.0,126117.0,0,0
59366,7000.0,0.124,157.13,1,40000.0,0,1,n,36.39,0.0,0.0,20.0,0.0,19222.0,25.0,0,5922.57,5922.57,1880.74,1880.74,1077.43,803.31,0.0,0.0,0.0,157.13,0.0,1.0,1,0.0,0.0,28696.0,0.0,1.0,0.0,0.0,47.0,9474.0,38.0,1.0,1.0,2937.0,29.0,75900.0,0.0,0.0,0.0,1.0,1510.0,45245.0,27.7,0.0,0.0,47.0,181.0,8.0,8.0,0.0,8.0,16.0,1.0,13.0,16.0,14.0,17.0,1.0,19.0,24.0,16.0,20.0,0.0,0.0,0.0,1.0,96.0,0.0,0.0,0.0,100598.0,28696.0,62600.0,24698.0,0,0
68452,5300.0,0.0819,166.55,1,60000.0,1,1,n,13.16,0.0,0.0,8.0,0.0,5947.0,23.0,0,4037.97,4037.97,1660.68,1660.68,1262.03,398.65,0.0,0.0,0.0,166.55,0.0,1.0,1,0.0,0.0,56335.0,0.0,3.0,2.0,4.0,8.0,50388.0,83.0,0.0,1.0,5130.0,57.0,20400.0,2.0,2.0,1.0,5.0,8048.0,14453.0,29.2,0.0,0.0,129.0,149.0,20.0,8.0,0.0,34.0,8.0,0.0,2.0,2.0,5.0,9.0,12.0,5.0,11.0,2.0,8.0,0.0,0.0,0.0,2.0,100.0,25.0,0.0,0.0,86338.0,56335.0,20400.0,65938.0,0,0
51474,11900.0,0.16949999999999998,295.43,1,49500.0,0,1,n,20.51,0.0,0.0,11.0,0.0,2053.0,23.0,0,10247.41,10247.41,3533.95,3533.95,1652.59,1881.36,0.0,0.0,0.0,295.43,0.0,1.0,1,0.0,0.0,31551.0,0.0,2.0,1.0,4.0,7.0,29498.0,89.0,0.0,2.0,1178.0,63.0,17000.0,1.0,0.0,1.0,6.0,2868.0,9326.0,17.5,0.0,0.0,89.0,89.0,15.0,7.0,0.0,20.0,7.0,0.0,2.0,3.0,5.0,7.0,11.0,9.0,12.0,3.0,11.0,0.0,0.0,0.0,1.0,95.7,0.0,0.0,0.0,50193.0,31551.0,11300.0,33193.0,0,0
48350,23000.0,0.17739999999999995,580.81,1,82587.0,1,1,n,15.2,0.0,1.0,10.0,0.0,14153.0,23.0,0,20144.64,20144.64,6343.57,6343.57,2855.36,3488.21,0.0,0.0,0.0,0.0,0.0,1.0,1,0.0,0.0,50696.0,2.0,2.0,0.0,4.0,13.0,36543.0,31.0,3.0,5.0,12014.0,50.0,25400.0,1.0,7.0,2.0,9.0,5633.0,7947.0,64.0,0.0,0.0,70.0,53.0,0.0,0.0,0.0,5.0,5.0,1.0,4.0,4.0,5.0,8.0,9.0,8.0,13.0,4.0,10.0,0.0,0.0,0.0,3.0,95.5,20.0,0.0,0.0,73388.0,50696.0,22100.0,47988.0,0,0
61188,40000.0,0.17739999999999995,1010.09,2,72000.0,0,1,n,23.57,0.0,0.0,18.0,0.0,14426.0,34.0,0,0.0,0.0,46274.52,46274.52,40000.0,6274.52,0.0,0.0,0.0,36272.18,0.0,1.0,0,0.0,0.0,235801.0,2.0,2.0,1.0,2.0,3.0,95244.0,70.0,1.0,3.0,8351.0,29.0,87100.0,0.0,3.0,2.0,5.0,13100.0,56509.0,15.5,0.0,0.0,178.0,297.0,4.0,3.0,4.0,4.0,4.0,0.0,2.0,3.0,8.0,9.0,7.0,15.0,23.0,3.0,18.0,0.0,0.0,0.0,2.0,100.0,12.5,0.0,0.0,340482.0,109670.0,66900.0,103282.0,0,0
47831,9450.0,0.08810000000000001,299.68,1,45000.0,1,1,n,14.16,0.0,2.0,15.0,0.0,4328.0,27.0,0,6190.78,6190.78,3887.23,3887.23,3259.22,628.01,0.0,0.0,0.0,0.0,0.0,1.0,1,0.0,0.0,16381.0,2.0,2.0,2.0,2.0,2.0,12053.0,67.0,1.0,2.0,1928.0,33.0,31800.0,2.0,0.0,3.0,4.0,1092.0,12692.0,22.1,0.0,0.0,148.0,105.0,5.0,2.0,0.0,20.0,0.0,0.0,3.0,4.0,5.0,7.0,7.0,13.0,20.0,4.0,15.0,0.0,0.0,0.0,3.0,92.6,0.0,0.0,0.0,49909.0,16381.0,16300.0,18109.0,0,0
62437,5000.0,0.2305,193.68,1,50000.0,1,1,n,18.12,0.0,1.0,9.0,0.0,4460.0,12.0,0,3696.28,3696.28,2308.15,2308.15,1303.72,1004.43,0.0,0.0,0.0,193.68,0.0,1.0,1,0.0,59.0,18709.0,3.0,3.0,2.0,2.0,1.0,14249.0,65.0,2.0,5.0,2447.0,64.0,7100.0,0.0,1.0,2.0,7.0,2079.0,1940.0,69.7,0.0,0.0,33.0,106.0,3.0,1.0,0.0,3.0,1.0,1.0,4.0,4.0,5.0,6.0,3.0,6.0,9.0,4.0,9.0,0.0,0.0,0.0,4.0,91.7,40.0,0.0,0.0,29036.0,18709.0,6400.0,21936.0,0,0
14668,3000.0,0.1102,98.25,3,33000.0,0,1,n,37.35,0.0,0.0,9.0,0.0,1815.0,27.0,0,0.0,0.0,3129.52,3129.52,3000.0,129.52,0.0,0.0,0.0,2936.69,0.0,1.0,1,0.0,0.0,32290.0,0.0,2.0,1.0,1.0,10.0,30475.0,66.0,2.0,2.0,349.0,47.0,22300.0,1.0,1.0,1.0,3.0,3588.0,13251.0,2.6,0.0,0.0,104.0,155.0,12.0,10.0,0.0,31.0,10.0,0.0,1.0,4.0,3.0,9.0,6.0,7.0,21.0,4.0,9.0,0.0,0.0,0.0,3.0,96.3,0.0,0.0,0.0,68756.0,32290.0,13600.0,46456.0,0,0
39111,10000.0,0.1033,324.23,3,70000.0,0,1,n,35.65,0.0,0.0,32.0,0.0,18392.0,49.0,0,7264.67,7264.67,3560.79,3560.79,2735.33,825.46,0.0,0.0,0.0,324.23,0.0,1.0,1,0.0,0.0,58906.0,0.0,3.0,1.0,2.0,8.0,40514.0,70.0,2.0,10.0,2267.0,32.0,125900.0,1.0,0.0,1.0,12.0,1841.0,67851.0,7.9,0.0,0.0,148.0,147.0,9.0,8.0,0.0,9.0,8.0,2.0,7.0,22.0,13.0,17.0,4.0,29.0,45.0,22.0,32.0,0.0,0.0,0.0,3.0,95.9,0.0,0.0,0.0,183769.0,58906.0,73700.0,57869.0,0,0
25362,32000.0,0.1308,1079.44,1,64000.0,1,1,n,38.03,0.0,0.0,11.0,0.0,13451.0,25.0,0,23510.3,23510.3,11850.59,11850.59,8489.7,3360.89,0.0,0.0,0.0,1079.44,0.0,1.0,0,0.0,0.0,65241.0,0.0,3.0,2.0,4.0,7.0,51790.0,87.0,0.0,0.0,7812.0,59.0,51900.0,2.0,1.0,2.0,4.0,5931.0,35316.0,26.4,0.0,0.0,153.0,218.0,48.0,7.0,0.0,48.0,4.0,0.0,4.0,5.0,7.0,10.0,14.0,8.0,11.0,5.0,11.0,0.0,0.0,0.0,2.0,100.0,14.3,0.0,0.0,111451.0,65241.0,48000.0,59551.0,0,0
56858,18075.0,0.0819,568.0,1,75000.0,0,1,n,16.21,0.0,0.0,11.0,0.0,20838.0,19.0,0,12534.43,12534.43,6807.78,6807.78,5540.57,1267.21,0.0,0.0,0.0,568.0,0.0,1.0,1,0.0,0.0,34425.0,1.0,1.0,1.0,1.0,12.0,13587.0,72.0,1.0,1.0,7765.0,30.0,96000.0,1.0,0.0,1.0,2.0,3443.0,64286.0,23.9,0.0,0.0,63.0,116.0,2.0,2.0,0.0,2.0,12.0,0.0,6.0,8.0,6.0,7.0,3.0,10.0,16.0,8.0,11.0,0.0,0.0,0.0,2.0,100.0,33.3,0.0,0.0,115000.0,34425.0,84500.0,19000.0,0,0
36319,7500.0,0.08810000000000001,237.84,2,77000.0,0,1,n,13.36,0.0,0.0,6.0,0.0,25503.0,15.0,0,5414.0,5414.0,2612.57,2612.57,2086.0,526.57,0.0,0.0,0.0,237.84,0.0,1.0,1,0.0,0.0,223805.0,0.0,2.0,1.0,1.0,7.0,23857.0,64.0,0.0,0.0,4631.0,74.0,30000.0,0.0,1.0,1.0,1.0,37301.0,369.0,92.6,0.0,0.0,176.0,135.0,27.0,7.0,3.0,65.0,7.0,0.0,1.0,2.0,1.0,2.0,4.0,3.0,8.0,2.0,6.0,0.0,0.0,0.0,1.0,93.3,100.0,0.0,0.0,252688.0,49360.0,5000.0,37173.0,0,0
38576,9000.0,0.0819,282.82,3,45000.0,1,1,n,12.96,0.0,1.0,5.0,0.0,8771.0,7.0,0,6400.22,6400.22,3183.92,3183.92,2599.78,584.14,0.0,0.0,0.0,311.82,0.0,1.0,1,0.0,0.0,22077.0,0.0,1.0,0.0,1.0,15.0,13306.0,81.0,1.0,2.0,4550.0,66.0,16800.0,1.0,0.0,2.0,3.0,4415.0,7831.0,52.5,0.0,0.0,15.0,65.0,7.0,7.0,0.0,7.0,2.0,0.0,2.0,3.0,3.0,4.0,1.0,4.0,5.0,3.0,5.0,0.0,0.0,0.0,1.0,85.7,66.7,0.0,0.0,33295.0,22077.0,16500.0,16495.0,0,0
53201,12000.0,0.0819,244.41,1,64000.0,0,1,n,35.95,0.0,0.0,20.0,0.0,11610.0,34.0,0,9974.99,9974.99,2922.0,2922.0,2025.01,896.99,0.0,0.0,0.0,244.41,0.0,1.0,1,0.0,100.0,113474.0,0.0,9.0,0.0,2.0,19.0,101864.0,95.0,1.0,2.0,3966.0,76.0,42500.0,1.0,1.0,1.0,4.0,5674.0,8913.0,32.5,0.0,0.0,151.0,376.0,12.0,12.0,0.0,55.0,12.0,0.0,3.0,7.0,3.0,7.0,12.0,11.0,22.0,7.0,20.0,0.0,0.0,0.0,1.0,100.0,0.0,0.0,0.0,149449.0,113474.0,13200.0,106949.0,0,0
61608,15000.0,0.0646,459.47,2,150000.0,1,1,n,19.37,0.0,0.0,18.0,0.0,7887.0,30.0,0,0.0,0.0,15775.65,15775.65,15000.0,775.65,0.0,0.0,0.0,12572.82,0.0,1.0,1,0.0,0.0,427184.0,1.0,11.0,3.0,5.0,3.0,111025.0,65.0,0.0,1.0,4222.0,46.0,61800.0,3.0,0.0,2.0,6.0,23732.0,45815.0,14.0,0.0,0.0,195.0,197.0,16.0,3.0,1.0,16.0,7.0,0.0,3.0,4.0,5.0,6.0,22.0,6.0,7.0,4.0,18.0,0.0,0.0,0.0,3.0,100.0,0.0,0.0,0.0,542412.0,118912.0,53300.0,150962.0,0,0
62883,10000.0,0.2055,268.01,2,108000.0,0,1,n,14.54,1.0,0.0,7.0,0.0,27071.0,11.0,0,8723.03,8723.03,3204.7,3204.7,1276.97,1927.73,0.0,0.0,0.0,268.01,0.0,1.0,1,0.0,381.0,59926.0,1.0,3.0,1.0,1.0,4.0,32855.0,53.0,1.0,1.0,2537.0,63.0,33900.0,2.0,0.0,7.0,2.0,8561.0,1026.0,79.9,0.0,0.0,179.0,107.0,8.0,4.0,1.0,8.0,4.0,0.0,2.0,3.0,2.0,2.0,6.0,4.0,4.0,3.0,7.0,0.0,0.0,0.0,2.0,72.7,50.0,0.0,0.0,95525.0,59926.0,5100.0,61625.0,0,0
29865,21275.0,0.1308,484.95,1,75000.0,1,1,n,19.39,0.0,1.0,10.0,0.0,9918.0,27.0,0,0.0,0.0,23477.77,23477.77,21275.0,2202.77,0.0,0.0,0.0,19128.68,0.0,1.0,1,0.0,0.0,161274.0,1.0,4.0,1.0,2.0,10.0,59209.0,63.0,2.0,2.0,375.0,65.0,14200.0,3.0,2.0,6.0,4.0,17919.0,625.0,37.5,0.0,0.0,127.0,139.0,6.0,6.0,4.0,6.0,6.0,4.0,1.0,3.0,1.0,5.0,10.0,4.0,13.0,3.0,10.0,0.0,0.0,0.0,3.0,85.2,0.0,0.0,0.0,206767.0,69127.0,1000.0,79038.0,0,0
11629,18000.0,0.0756,560.41,3,105000.0,0,1,n,36.74,1.0,0.0,11.0,0.0,17333.0,44.0,0,13401.02,13401.02,5596.54,5596.54,4598.98,997.56,0.0,0.0,0.0,560.41,0.0,1.0,1,0.0,0.0,76179.0,0.0,4.0,0.0,3.0,15.0,58846.0,38.0,0.0,1.0,6792.0,44.0,36000.0,2.0,0.0,0.0,4.0,7618.0,4170.0,80.2,0.0,0.0,164.0,148.0,19.0,15.0,0.0,19.0,15.0,0.0,3.0,4.0,3.0,6.0,30.0,7.0,14.0,4.0,11.0,0.0,0.0,0.0,0.0,100.0,66.7,0.0,0.0,139700.0,76179.0,21100.0,103700.0,0,0
65207,23000.0,0.124,516.29,1,60000.0,1,1,n,16.94,0.0,0.0,10.0,0.0,15566.0,14.0,0,19459.81,19459.81,6179.64,6179.64,3540.19,2639.45,0.0,0.0,0.0,516.29,0.0,1.0,1,0.0,0.0,21307.0,2.0,1.0,0.0,1.0,19.0,5741.0,57.0,2.0,2.0,4334.0,40.0,44000.0,0.0,0.0,0.0,3.0,2131.0,25051.0,36.6,0.0,0.0,143.0,170.0,2.0,2.0,0.0,2.0,19.0,0.0,6.0,9.0,6.0,6.0,4.0,9.0,10.0,9.0,10.0,0.0,0.0,0.0,2.0,85.7,0.0,0.0,0.0,54000.0,21307.0,39500.0,10000.0,0,0
75534,8000.0,0.1033,171.28,2,41750.0,1,1,n,14.63,1.0,3.0,37.0,0.0,8347.0,63.0,0,6686.58,6686.58,2096.18,2096.18,1313.42,782.76,0.0,0.0,0.0,171.28,0.0,1.0,1,0.0,944.0,278880.0,3.0,29.0,2.0,3.0,4.0,270533.0,129.0,1.0,2.0,2125.0,121.0,20100.0,1.0,0.0,6.0,5.0,7537.0,9100.0,44.8,0.0,0.0,134.0,167.0,6.0,4.0,0.0,6.0,0.0,0.0,6.0,7.0,6.0,6.0,54.0,8.0,9.0,7.0,37.0,0.0,0.0,0.0,3.0,98.4,0.0,0.0,0.0,230427.0,278880.0,16500.0,210327.0,0,0
53454,40000.0,0.124,897.89,1,160000.0,1,1,n,25.93,0.0,1.0,18.0,0.0,43317.0,39.0,0,33843.2,33843.2,10719.57,10719.57,6156.8,4562.77,0.0,0.0,0.0,897.89,0.0,1.0,1,0.0,0.0,99471.0,0.0,5.0,1.0,3.0,7.0,56154.0,66.0,0.0,0.0,17568.0,56.0,84400.0,1.0,8.0,1.0,4.0,5526.0,34613.0,44.8,0.0,0.0,155.0,250.0,34.0,7.0,3.0,54.0,6.0,0.0,4.0,6.0,8.0,12.0,16.0,12.0,19.0,6.0,18.0,0.0,0.0,0.0,1.0,100.0,25.0,0.0,0.0,221812.0,99471.0,62700.0,135262.0,0,0
1719,2000.0,0.0819,62.85,1,55368.0,1,1,n,9.95,0.0,0.0,9.0,0.0,3907.0,27.0,1,0.0,0.0,2104.59,2104.59,2000.0,104.59,0.0,0.0,0.0,1002.7,0.0,1.0,1,0.0,0.0,20421.0,0.0,1.0,1.0,2.0,7.0,16514.0,91.0,1.0,1.0,3907.0,47.0,25700.0,1.0,1.0,1.0,3.0,2269.0,13093.0,23.0,0.0,0.0,109.0,295.0,9.0,7.0,0.0,9.0,7.0,0.0,1.0,1.0,3.0,5.0,10.0,8.0,17.0,1.0,9.0,0.0,0.0,0.0,2.0,100.0,0.0,0.0,0.0,43932.0,20421.0,17000.0,18232.0,0,0
39077,12000.0,0.1612,292.59,2,138000.0,1,1,n,22.37,0.0,1.0,12.0,0.0,9391.0,47.0,0,10418.08,10418.08,3212.25,3212.25,1581.92,1630.33,0.0,0.0,0.0,293.0,0.0,1.0,1,0.0,0.0,479166.0,3.0,4.0,4.0,6.0,2.0,93514.0,93.0,2.0,5.0,3004.0,83.0,17700.0,3.0,8.0,4.0,12.0,39931.0,6678.0,54.9,0.0,0.0,160.0,310.0,2.0,2.0,5.0,5.0,2.0,7.0,5.0,7.0,5.0,12.0,24.0,7.0,18.0,7.0,12.0,0.0,0.0,0.0,7.0,80.9,60.0,0.0,0.0,497524.0,102905.0,14800.0,101009.0,0,0
42749,10550.0,0.0819,331.53,1,56000.0,1,1,n,18.58,0.0,0.0,26.0,0.0,9797.0,36.0,0,7595.77,7595.77,3642.03,3642.03,2954.23,687.8,0.0,0.0,0.0,331.53,0.0,1.0,1,0.0,0.0,102617.0,0.0,21.0,0.0,1.0,24.0,92820.0,109.0,0.0,1.0,5412.0,102.0,15100.0,0.0,0.0,1.0,2.0,3947.0,1507.0,83.3,0.0,0.0,125.0,67.0,14.0,14.0,0.0,25.0,11.0,0.0,2.0,4.0,2.0,3.0,30.0,5.0,6.0,4.0,26.0,0.0,0.0,0.0,0.0,100.0,50.0,0.0,0.0,100641.0,102617.0,9000.0,85541.0,0,0
11799,12000.0,0.08810000000000001,380.54,2,80000.0,1,1,n,17.01,0.0,3.0,13.0,1.0,10261.0,22.0,0,8992.26,8992.26,3799.53,3799.53,3007.74,791.79,0.0,0.0,0.0,380.54,0.0,1.0,1,0.0,0.0,135341.0,2.0,2.0,1.0,2.0,12.0,35394.0,74.0,3.0,3.0,5271.0,34.0,45000.0,2.0,0.0,4.0,5.0,10411.0,20417.0,25.8,0.0,0.0,62.0,103.0,3.0,3.0,1.0,3.0,0.0,0.0,3.0,5.0,6.0,9.0,6.0,10.0,15.0,5.0,13.0,0.0,0.0,0.0,4.0,100.0,16.7,1.0,0.0,193208.0,45655.0,27500.0,48208.0,0,0
38957,23000.0,0.08810000000000001,729.37,2,75000.0,0,1,n,16.34,0.0,1.0,13.0,0.0,22944.0,21.0,0,16645.37,16645.37,8011.81,8011.81,6354.63,1657.18,0.0,0.0,0.0,729.37,0.0,1.0,1,0.0,0.0,49828.0,2.0,1.0,1.0,2.0,1.0,26884.0,100.0,2.0,2.0,6453.0,75.0,39800.0,0.0,4.0,2.0,4.0,3833.0,12637.0,59.4,0.0,0.0,135.0,368.0,3.0,1.0,2.0,3.0,1.0,0.0,7.0,10.0,9.0,11.0,3.0,12.0,16.0,10.0,13.0,0.0,0.0,0.0,3.0,100.0,44.4,0.0,0.0,66684.0,49828.0,31100.0,26884.0,0,0
44404,30675.0,0.1612,747.92,1,152000.0,1,1,n,23.26,1.0,2.0,17.0,0.0,29819.0,23.0,0,26863.48,26863.48,8199.65,8199.65,3811.52,4388.13,0.0,0.0,0.0,747.92,0.0,1.0,1,0.0,0.0,119096.0,3.0,6.0,3.0,3.0,3.0,89277.0,72.0,2.0,4.0,24423.0,68.0,42500.0,4.0,0.0,5.0,7.0,7006.0,10981.0,73.1,0.0,0.0,106.0,56.0,3.0,3.0,1.0,3.0,3.0,1.0,3.0,3.0,8.0,8.0,11.0,10.0,10.0,3.0,17.0,0.0,0.0,1.0,5.0,95.7,12.5,0.0,0.0,175187.0,119096.0,40800.0,123653.0,0,0
68832,12000.0,0.17739999999999995,432.27,1,70000.0,0,1,n,26.51,1.0,0.0,17.0,0.0,12043.0,23.0,0,0.0,0.0,13323.6,13323.6,12000.0,1323.6,0.0,0.0,0.0,12050.44,0.0,1.0,1,0.0,0.0,112544.0,0.0,10.0,1.0,1.0,8.0,98822.0,111.0,0.0,0.0,8776.0,100.0,19800.0,1.0,0.0,2.0,2.0,7034.0,7457.0,61.8,0.0,0.0,136.0,107.0,33.0,8.0,0.0,33.0,8.0,0.0,4.0,4.0,4.0,5.0,14.0,6.0,8.0,4.0,17.0,0.0,0.0,0.0,2.0,95.7,25.0,0.0,0.0,113137.0,112544.0,19500.0,89210.0,0,0
9137,4800.0,0.28800000000000003,200.63,3,36108.0,0,1,n,19.04,0.0,0.0,3.0,0.0,2176.0,11.0,0,3847.28,3847.28,1990.94,1990.94,952.72,1038.22,0.0,0.0,0.0,200.63,0.0,1.0,1,0.0,0.0,34480.0,1.0,1.0,2.0,2.0,4.0,32304.0,96.0,1.0,1.0,1461.0,96.0,2300.0,3.0,0.0,3.0,3.0,11493.0,124.0,94.6,0.0,0.0,136.0,162.0,10.0,4.0,0.0,10.0,7.0,0.0,2.0,2.0,2.0,3.0,6.0,2.0,5.0,2.0,3.0,0.0,0.0,0.0,3.0,90.9,100.0,0.0,0.0,35805.0,34480.0,2300.0,33505.0,0,0
26030,20000.0,0.1033,428.2,2,68725.0,1,1,n,19.22,0.0,2.0,14.0,0.0,14366.0,36.0,0,0.0,0.0,21359.53,21359.53,20000.0,1359.53,0.0,0.0,0.0,18373.61,0.0,1.0,1,0.0,0.0,126335.0,3.0,2.0,0.0,1.0,13.0,54047.0,56.0,5.0,5.0,7654.0,36.0,56300.0,0.0,3.0,2.0,6.0,9024.0,19934.0,37.5,0.0,0.0,149.0,261.0,3.0,3.0,2.0,3.0,3.0,0.0,4.0,9.0,5.0,12.0,8.0,11.0,26.0,9.0,14.0,0.0,0.0,0.0,5.0,100.0,20.0,0.0,0.0,225068.0,68413.0,31900.0,68168.0,0,0
66476,4800.0,0.2055,179.74,2,91000.0,1,1,n,30.25,1.0,0.0,12.0,0.0,18554.0,27.0,0,3535.85,3535.85,2151.4,2151.4,1264.15,887.25,0.0,0.0,0.0,179.74,0.0,1.0,1,0.0,0.0,236024.0,1.0,6.0,0.0,3.0,19.0,75234.0,66.0,1.0,2.0,385.0,67.0,25400.0,1.0,6.0,0.0,5.0,19669.0,2115.0,15.4,0.0,0.0,121.0,273.0,2.0,2.0,2.0,2.0,24.0,0.0,1.0,3.0,1.0,5.0,15.0,5.0,10.0,3.0,12.0,0.0,0.0,0.0,1.0,96.3,0.0,0.0,0.0,314443.0,93788.0,2500.0,114543.0,0,0
44903,13000.0,0.1171,429.99,3,38819.79,1,1,n,22.91,0.0,0.0,8.0,0.0,7915.0,20.0,0,0.0,0.0,14034.23,14034.23,13000.0,1034.23,0.0,0.0,0.0,10602.77,0.0,1.0,1,0.0,0.0,37155.0,1.0,1.0,1.0,2.0,9.0,29240.0,92.0,1.0,1.0,3606.0,61.0,29700.0,1.0,2.0,2.0,3.0,5308.0,16294.0,18.1,0.0,0.0,153.0,175.0,2.0,2.0,0.0,166.0,9.0,1.0,1.0,3.0,2.0,5.0,6.0,7.0,13.0,3.0,8.0,0.0,0.0,0.0,2.0,90.0,0.0,0.0,0.0,61347.0,37155.0,19900.0,31647.0,0,0
54933,21275.0,0.08810000000000001,674.66,3,132000.0,0,1,n,29.6,0.0,0.0,12.0,0.0,63049.0,25.0,0,14795.94,14795.94,8075.09,8075.09,6479.06,1596.03,0.0,0.0,0.0,674.66,0.0,1.0,1,0.0,0.0,368908.0,0.0,3.0,0.0,1.0,19.0,27316.0,16.0,0.0,0.0,20993.0,59.0,84400.0,1.0,3.0,1.0,1.0,30742.0,21351.0,74.7,0.0,0.0,268.0,242.0,27.0,19.0,6.0,27.0,5.0,0.0,5.0,5.0,6.0,7.0,9.0,6.0,10.0,5.0,12.0,0.0,0.0,0.0,0.0,100.0,66.7,0.0,0.0,544616.0,90365.0,84400.0,70792.0,0,0
26930,24000.0,0.1033,513.84,2,60000.0,1,1,n,30.04,0.0,0.0,20.0,0.0,14556.0,27.0,0,20471.07,20471.07,5624.69,5624.69,3528.93,2095.76,0.0,0.0,0.0,513.84,0.0,1.0,0,0.0,0.0,334629.0,0.0,13.0,1.0,1.0,7.0,100896.0,95.0,0.0,0.0,6050.0,69.0,41800.0,1.0,2.0,2.0,2.0,16731.0,17936.0,41.4,0.0,0.0,115.0,147.0,30.0,7.0,4.0,30.0,7.0,0.0,3.0,4.0,4.0,6.0,13.0,6.0,10.0,4.0,20.0,0.0,0.0,0.0,2.0,100.0,0.0,0.0,0.0,370585.0,115452.0,30600.0,106785.0,0,0
5333,8000.0,0.08810000000000001,253.7,2,65000.0,0,1,n,24.98,0.0,0.0,9.0,0.0,7196.0,14.0,0,5984.64,5984.64,2533.08,2533.08,2015.36,517.72,0.0,0.0,0.0,253.7,0.0,1.0,1,0.0,0.0,272106.0,3.0,4.0,2.0,2.0,3.0,37445.0,61.0,1.0,1.0,2735.0,54.0,21000.0,2.0,4.0,5.0,4.0,30234.0,8002.0,27.3,0.0,0.0,92.0,86.0,5.0,3.0,1.0,5.0,3.0,0.0,3.0,4.0,3.0,4.0,7.0,4.0,6.0,4.0,9.0,0.0,0.0,0.0,4.0,92.9,0.0,0.0,0.0,312071.0,44641.0,11000.0,61497.0,0,0
49967,31400.0,0.0646,961.81,3,37000.0,0,1,n,25.53,0.0,0.0,17.0,0.0,20310.0,41.0,0,5444.4,5444.4,27530.45,27530.45,25955.6,1574.85,0.0,0.0,0.0,961.81,0.0,1.0,1,0.0,0.0,25230.0,0.0,1.0,0.0,1.0,20.0,4920.0,49.0,1.0,2.0,8850.0,16.0,147000.0,1.0,3.0,2.0,3.0,1484.0,64704.0,22.0,0.0,0.0,89.0,561.0,8.0,8.0,10.0,8.0,4.0,0.0,6.0,8.0,10.0,17.0,2.0,16.0,29.0,8.0,17.0,0.0,0.0,0.0,1.0,100.0,0.0,0.0,0.0,157000.0,25230.0,83000.0,10000.0,0,0
11976,20000.0,0.2055,748.89,3,56000.0,0,1,n,39.07,0.0,1.0,5.0,0.0,8544.0,10.0,0,15608.19,15608.19,7466.07,7466.07,4391.81,3074.26,0.0,0.0,0.0,748.89,0.0,1.0,0,0.0,0.0,55557.0,1.0,2.0,1.0,1.0,1.0,47013.0,100.0,0.0,0.0,4670.0,74.0,21900.0,1.0,0.0,3.0,1.0,11111.0,7847.0,48.7,0.0,0.0,143.0,75.0,34.0,1.0,0.0,34.0,0.0,0.0,2.0,3.0,2.0,2.0,7.0,3.0,3.0,3.0,5.0,0.0,0.0,0.0,1.0,100.0,0.0,0.0,0.0,90590.0,55557.0,15300.0,68690.0,0,0
13766,6000.0,0.0819,188.55,1,68500.0,1,1,n,14.23,0.0,1.0,14.0,0.0,5895.0,16.0,0,4359.19,4359.19,1994.22,1994.22,1640.81,353.41,0.0,0.0,0.0,188.55,0.0,1.0,1,0.0,54.0,27052.0,1.0,2.0,0.0,1.0,18.0,21157.0,74.0,3.0,5.0,2681.0,55.0,20800.0,4.0,0.0,1.0,6.0,1932.0,12250.0,30.4,0.0,0.0,33.0,73.0,3.0,3.0,0.0,3.0,3.0,0.0,3.0,6.0,8.0,9.0,2.0,12.0,14.0,6.0,14.0,0.0,0.0,0.0,3.0,93.8,12.5,0.0,0.0,49569.0,27052.0,17600.0,28769.0,0,0
72563,16825.0,0.0756,523.83,3,95000.0,0,1,n,10.66,0.0,0.0,13.0,0.0,15568.0,28.0,0,11667.64,11667.64,6278.89,6278.89,5157.36,1121.53,0.0,0.0,0.0,523.83,0.0,1.0,1,0.0,0.0,26370.0,3.0,3.0,1.0,1.0,1.0,10662.0,45.0,2.0,5.0,4602.0,40.0,42300.0,0.0,6.0,0.0,6.0,2028.0,19069.0,41.3,0.0,0.0,149.0,325.0,2.0,1.0,0.0,6.0,20.0,1.0,4.0,7.0,5.0,10.0,9.0,9.0,18.0,7.0,13.0,0.0,0.0,0.0,3.0,89.3,0.0,0.0,0.0,66562.0,26370.0,32500.0,23722.0,0,0
47370,21000.0,0.14300000000000002,720.8,2,150000.0,0,1,n,6.94,0.0,0.0,6.0,0.0,17622.0,19.0,0,15503.93,15503.93,7895.43,7895.43,5496.07,2399.36,0.0,0.0,0.0,0.0,0.0,1.0,1,0.0,1346.0,528696.0,2.0,1.0,0.0,1.0,23.0,3074.0,13.0,2.0,4.0,4365.0,31.0,42900.0,0.0,0.0,4.0,7.0,88116.0,24564.0,25.3,0.0,0.0,150.0,121.0,1.0,1.0,3.0,10.0,1.0,0.0,2.0,3.0,3.0,4.0,7.0,4.0,9.0,3.0,6.0,0.0,0.0,0.0,3.0,100.0,33.3,0.0,0.0,574880.0,20696.0,32900.0,23980.0,0,0
1018,11000.0,0.28800000000000003,347.83,2,150000.0,0,1,n,16.29,0.0,1.0,15.0,0.0,22973.0,26.0,0,10065.12,10065.12,3443.1,3443.1,934.88,2508.22,0.0,0.0,0.0,347.83,0.0,1.0,1,0.0,0.0,278938.0,4.0,3.0,4.0,6.0,3.0,73423.0,97.0,2.0,4.0,11854.0,69.0,49100.0,2.0,0.0,4.0,11.0,18596.0,14311.0,52.3,0.0,0.0,72.0,338.0,0.0,0.0,1.0,9.0,2.0,0.0,6.0,8.0,8.0,9.0,11.0,11.0,14.0,8.0,15.0,0.0,0.0,0.0,7.0,100.0,0.0,0.0,0.0,307458.0,96396.0,30000.0,75816.0,0,0
39233,20000.0,0.1524,478.33,2,70633.0,1,1,n,19.49,1.0,1.0,24.0,0.0,18702.0,31.0,0,0.0,0.0,21757.59,21757.59,20000.0,1757.59,0.0,0.0,0.0,19382.87,0.0,1.0,1,0.0,0.0,226445.0,2.0,2.0,0.0,0.0,43.0,23580.0,68.0,3.0,4.0,5667.0,55.0,42500.0,0.0,0.0,1.0,4.0,9435.0,9481.0,60.2,0.0,0.0,172.0,168.0,2.0,2.0,1.0,2.0,2.0,0.0,9.0,15.0,9.0,10.0,3.0,21.0,27.0,15.0,24.0,0.0,0.0,1.0,3.0,90.3,33.3,0.0,0.0,261490.0,42282.0,23800.0,34565.0,0,0
67033,2000.0,0.2305,77.48,2,90000.0,1,1,n,33.15,0.0,1.0,17.0,0.0,53980.0,28.0,0,1457.54,1457.54,927.2,927.2,542.46,384.74,0.0,0.0,0.0,0.0,0.0,1.0,1,0.0,0.0,279020.0,1.0,2.0,1.0,2.0,6.0,87273.0,72.0,0.0,0.0,14915.0,68.0,81200.0,1.0,0.0,1.0,2.0,16413.0,7667.0,85.0,0.0,0.0,213.0,154.0,27.0,6.0,1.0,56.0,6.0,0.0,6.0,10.0,6.0,6.0,12.0,13.0,15.0,10.0,17.0,0.0,0.0,0.0,1.0,100.0,83.3,0.0,0.0,336787.0,141253.0,51200.0,92147.0,0,0
31271,7000.0,0.1862,180.13,1,32240.0,0,1,n,21.63,0.0,0.0,25.0,0.0,5005.0,27.0,0,6149.39,6149.39,1974.19,1974.19,850.61,1123.58,0.0,0.0,0.0,180.13,0.0,1.0,1,0.0,148.0,51043.0,1.0,15.0,1.0,3.0,12.0,46038.0,98.0,4.0,5.0,1364.0,79.0,17400.0,0.0,1.0,2.0,8.0,2042.0,10123.0,30.7,0.0,0.0,66.0,52.0,3.0,3.0,0.0,9.0,9.0,0.0,7.0,9.0,7.0,7.0,16.0,10.0,11.0,9.0,25.0,0.0,0.0,0.0,5.0,100.0,42.9,0.0,0.0,64292.0,51043.0,14600.0,46892.0,0,0
43861,40000.0,0.124,897.89,2,95000.0,0,1,n,20.67,1.0,1.0,20.0,0.0,14912.0,35.0,0,34385.78,34385.78,9849.23,9849.23,5614.22,4235.01,0.0,0.0,0.0,897.89,0.0,1.0,0,0.0,0.0,273378.0,0.0,6.0,0.0,1.0,21.0,46790.0,68.0,2.0,2.0,9680.0,48.0,59900.0,2.0,0.0,2.0,4.0,14388.0,41388.0,26.5,0.0,0.0,109.0,114.0,8.0,8.0,1.0,11.0,2.0,0.0,6.0,6.0,11.0,18.0,11.0,13.0,23.0,6.0,20.0,0.0,0.0,0.0,2.0,88.6,20.0,0.0,0.0,347765.0,61702.0,56300.0,68684.0,0,0
50743,15000.0,0.0819,471.37,2,75000.0,0,1,n,22.96,0.0,0.0,11.0,1.0,11925.0,21.0,0,10402.01,10402.01,5649.62,5649.62,4597.99,1051.63,0.0,0.0,0.0,471.37,0.0,1.0,1,0.0,0.0,280500.0,2.0,3.0,1.0,1.0,10.0,36157.0,68.0,2.0,3.0,8737.0,65.0,20700.0,0.0,2.0,4.0,5.0,25500.0,5172.0,68.7,0.0,0.0,139.0,144.0,6.0,3.0,3.0,6.0,7.0,0.0,3.0,5.0,3.0,4.0,7.0,7.0,11.0,5.0,11.0,0.0,0.0,0.0,4.0,85.7,33.3,1.0,0.0,306550.0,48082.0,16500.0,53006.0,0,0
16080,14500.0,0.08810000000000001,459.82,1,30000.0,0,1,n,30.74,0.0,1.0,8.0,0.0,13192.0,8.0,0,11268.39,11268.39,4204.55,4204.55,3231.61,972.94,0.0,0.0,0.0,459.82,0.0,1.0,1,0.0,0.0,34347.0,1.0,1.0,0.0,0.0,25.0,21155.0,69.0,2.0,4.0,6062.0,66.0,21300.0,0.0,0.0,3.0,4.0,4293.0,5632.0,69.1,0.0,0.0,25.0,43.0,1.0,1.0,0.0,13.0,1.0,0.0,4.0,6.0,4.0,4.0,1.0,7.0,7.0,6.0,8.0,0.0,0.0,0.0,2.0,100.0,50.0,0.0,0.0,51875.0,34347.0,18200.0,30575.0,0,0
30655,7200.0,0.08810000000000001,228.33,1,34000.0,1,1,n,12.06,1.0,0.0,9.0,0.0,1707.0,28.0,0,5197.39,5197.39,2508.11,2508.11,2002.61,505.5,0.0,0.0,0.0,228.33,0.0,1.0,1,0.0,5710.0,1902.0,0.0,1.0,0.0,0.0,36.0,195.0,3.0,0.0,1.0,772.0,11.0,11400.0,1.0,0.0,1.0,1.0,211.0,1513.0,47.8,0.0,0.0,124.0,220.0,20.0,20.0,1.0,108.0,9.0,5.0,3.0,4.0,3.0,10.0,4.0,8.0,23.0,4.0,9.0,0.0,0.0,1.0,0.0,82.1,0.0,0.0,0.0,17400.0,1902.0,2900.0,6000.0,0,0
22732,32000.0,0.08810000000000001,661.33,2,100000.0,0,1,n,14.47,0.0,0.0,7.0,0.0,7143.0,20.0,0,27133.61,27133.61,7258.97,7258.97,4866.39,2392.58,0.0,0.0,0.0,661.33,0.0,1.0,1,0.0,163.0,40432.0,0.0,2.0,2.0,5.0,7.0,33289.0,67.0,1.0,3.0,6275.0,55.0,24400.0,5.0,0.0,2.0,8.0,5776.0,12225.0,33.9,0.0,0.0,257.0,88.0,7.0,7.0,0.0,21.0,7.0,0.0,1.0,3.0,2.0,2.0,15.0,5.0,5.0,3.0,7.0,0.0,0.0,0.0,3.0,100.0,0.0,0.0,0.0,74138.0,40432.0,18500.0,49738.0,0,0
62831,2200.0,0.08810000000000001,69.77,1,50000.0,1,1,n,12.05,0.0,0.0,10.0,0.0,6250.0,19.0,0,1529.95,1529.95,834.55,834.55,670.05,164.5,0.0,0.0,0.0,69.77,0.0,1.0,1,0.0,0.0,10233.0,0.0,3.0,1.0,2.0,11.0,3983.0,40.0,1.0,1.0,5953.0,31.0,23400.0,2.0,0.0,1.0,3.0,1023.0,147.0,97.6,0.0,0.0,141.0,150.0,10.0,10.0,2.0,150.0,11.0,1.0,1.0,3.0,1.0,2.0,8.0,7.0,9.0,3.0,10.0,0.0,0.0,0.0,2.0,94.7,100.0,0.0,0.0,33400.0,10233.0,6100.0,10000.0,0,0
45740,6800.0,0.0756,211.71,1,69000.0,0,1,n,15.55,0.0,2.0,8.0,0.0,834.0,11.0,0,0.0,0.0,6977.84,6977.84,6800.0,177.84,0.0,0.0,0.0,6045.57,0.0,1.0,1,0.0,0.0,21770.0,2.0,3.0,0.0,1.0,17.0,20936.0,59.0,3.0,4.0,452.0,47.0,11400.0,1.0,0.0,2.0,5.0,2721.0,10566.0,7.3,0.0,0.0,85.0,61.0,3.0,3.0,0.0,3.0,3.0,0.0,2.0,2.0,5.0,6.0,5.0,5.0,6.0,2.0,8.0,0.0,0.0,0.0,3.0,100.0,0.0,0.0,0.0,46810.0,21770.0,11400.0,35410.0,0,0
19088,1400.0,0.1171,46.31,2,109000.0,0,1,n,14.74,0.0,0.0,8.0,0.0,7823.0,16.0,0,1062.28,1062.28,462.19,462.19,337.72,124.47,0.0,0.0,0.0,46.31,0.0,1.0,1,0.0,0.0,261460.0,0.0,5.0,1.0,3.0,7.0,56959.0,82.0,0.0,0.0,7823.0,84.0,8000.0,2.0,0.0,1.0,3.0,37351.0,177.0,97.8,0.0,0.0,51.0,174.0,55.0,7.0,4.0,55.0,7.0,0.0,1.0,1.0,2.0,2.0,10.0,2.0,2.0,1.0,8.0,0.0,0.0,0.0,1.0,100.0,100.0,0.0,0.0,293418.0,64782.0,8000.0,69502.0,0,0
9202,12500.0,0.0819,254.6,2,41500.0,1,1,n,14.66,0.0,1.0,6.0,0.0,0.0,29.0,0,0.0,0.0,13062.67,13062.67,12500.0,562.67,0.0,0.0,0.0,11801.05,0.0,1.0,1,0.0,0.0,136527.0,3.0,2.0,1.0,4.0,3.0,11689.0,58.0,0.0,0.0,0.0,29.0,19800.0,1.0,5.0,3.0,6.0,22755.0,19800.0,0.0,0.0,0.0,108.0,156.0,72.0,3.0,4.0,72.0,1.0,0.0,0.0,0.0,3.0,5.0,14.0,3.0,11.0,0.0,6.0,0.0,0.0,0.0,3.0,100.0,0.0,0.0,0.0,165599.0,11689.0,19800.0,20199.0,0,0
7812,4500.0,0.08810000000000001,142.71,1,50000.0,0,1,n,11.91,0.0,1.0,7.0,0.0,2316.0,10.0,0,3366.32,3366.32,1424.9,1424.9,1133.68,291.22,0.0,0.0,0.0,142.71,0.0,1.0,1,0.0,0.0,25261.0,1.0,1.0,1.0,2.0,4.0,22945.0,97.0,1.0,3.0,1925.0,44.0,33700.0,3.0,4.0,5.0,5.0,3609.0,25384.0,8.4,0.0,0.0,71.0,73.0,10.0,4.0,0.0,10.0,4.0,0.0,4.0,4.0,4.0,4.0,4.0,6.0,6.0,4.0,7.0,0.0,0.0,0.0,2.0,100.0,0.0,0.0,0.0,57424.0,25261.0,27700.0,23724.0,0,0
46142,25525.0,0.08810000000000001,809.44,3,52000.0,1,1,n,61.6,0.0,0.0,16.0,1.0,22116.0,30.0,0,23548.13,23548.13,3925.69,3925.69,1976.87,1948.82,0.0,0.0,0.0,0.0,0.0,1.0,0,0.0,247.0,111327.0,0.0,4.0,0.0,1.0,24.0,89211.0,64.0,1.0,3.0,3907.0,54.0,49100.0,0.0,0.0,0.0,4.0,6958.0,16386.0,45.0,0.0,0.0,299.0,212.0,10.0,10.0,0.0,10.0,17.0,0.0,6.0,11.0,6.0,6.0,15.0,12.0,15.0,11.0,16.0,0.0,0.0,0.0,1.0,100.0,66.7,1.0,0.0,159946.0,111327.0,29800.0,110846.0,0,0
65333,36150.0,0.0819,736.29,2,150000.0,0,1,n,23.87,0.0,1.0,16.0,1.0,30058.0,38.0,0,30049.59,30049.59,8819.03,8819.03,6100.41,2718.62,0.0,0.0,0.0,736.29,0.0,1.0,1,0.0,0.0,115606.0,1.0,3.0,2.0,5.0,6.0,82004.0,68.0,0.0,2.0,10954.0,37.0,91600.0,3.0,1.0,4.0,7.0,7225.0,38588.0,41.1,0.0,0.0,142.0,109.0,14.0,6.0,0.0,24.0,4.0,0.0,5.0,7.0,7.0,8.0,20.0,12.0,17.0,7.0,16.0,0.0,0.0,0.0,2.0,100.0,14.3,1.0,0.0,218634.0,115606.0,65500.0,97175.0,0,0
20912,8000.0,0.1171,264.61,3,62000.0,1,1,n,8.52,0.0,0.0,4.0,0.0,4324.0,11.0,0,5844.91,5844.91,2900.3,2900.3,2155.09,745.21,0.0,0.0,0.0,264.61,0.0,1.0,1,0.0,0.0,8481.0,0.0,2.0,0.0,1.0,14.0,2753.0,20.0,0.0,0.0,4324.0,40.0,4300.0,1.0,0.0,0.0,1.0,2120.0,0.0,100.6,0.0,0.0,181.0,181.0,117.0,14.0,1.0,163.0,14.0,3.0,1.0,1.0,1.0,4.0,5.0,1.0,5.0,1.0,4.0,0.0,0.0,0.0,0.0,72.7,100.0,0.0,0.0,30883.0,7077.0,4300.0,13523.0,0,0
29239,32200.0,0.124,722.8,2,215000.0,0,1,n,15.01,0.0,0.0,12.0,0.0,12559.0,23.0,0,27680.56,27680.56,7906.44,7906.44,4519.44,3387.0,0.0,0.0,0.0,722.8,0.0,1.0,0,0.0,0.0,376954.0,0.0,4.0,0.0,2.0,15.0,67065.0,72.0,0.0,0.0,7045.0,72.0,17100.0,4.0,0.0,1.0,5.0,37695.0,1849.0,87.1,0.0,0.0,157.0,182.0,28.0,10.0,3.0,28.0,11.0,0.0,3.0,4.0,5.0,12.0,5.0,7.0,15.0,4.0,12.0,0.0,0.0,0.0,1.0,100.0,66.7,0.0,0.0,411464.0,79624.0,14300.0,93825.0,0,0
22775,6000.0,0.1612,211.3,1,109000.0,1,1,n,6.54,0.0,1.0,2.0,0.0,1519.0,9.0,0,4611.09,4611.09,2107.63,2107.63,1388.91,718.72,0.0,0.0,0.0,211.3,0.0,1.0,1,0.0,0.0,11550.0,0.0,1.0,0.0,0.0,52.0,10031.0,36.0,0.0,0.0,1519.0,33.0,7200.0,0.0,0.0,1.0,0.0,5775.0,5681.0,21.1,0.0,0.0,137.0,261.0,135.0,52.0,3.0,261.0,6.0,5.0,1.0,1.0,1.0,4.0,2.0,1.0,4.0,1.0,2.0,0.0,0.0,0.0,0.0,22.2,0.0,0.0,0.0,34820.0,11550.0,7200.0,27620.0,0,0
51206,12750.0,0.1308,290.63,2,85000.0,0,1,n,15.37,0.0,1.0,16.0,0.0,8087.0,38.0,0,10816.98,10816.98,3478.3,3478.3,1933.02,1545.28,0.0,0.0,0.0,290.63,0.0,1.0,1,0.0,0.0,372302.0,1.0,3.0,1.0,2.0,10.0,317709.0,77.0,1.0,2.0,1768.0,49.0,18900.0,3.0,2.0,2.0,4.0,24820.0,5624.0,49.8,0.0,0.0,164.0,174.0,5.0,5.0,3.0,15.0,5.0,0.0,6.0,9.0,7.0,10.0,16.0,12.0,19.0,9.0,16.0,0.0,0.0,0.0,2.0,100.0,0.0,0.0,0.0,361285.0,325796.0,11200.0,292385.0,0,0
43186,13000.0,0.2055,348.42,2,60000.0,0,1,n,21.28,0.0,2.0,7.0,0.0,11366.0,30.0,1,0.0,0.0,15194.280000474098,15194.28,13000.0,2194.28,0.0,0.0,0.0,12073.34,0.0,1.0,0,0.0,0.0,71737.0,1.0,3.0,2.0,2.0,4.0,60371.0,84.0,1.0,2.0,501.0,53.0,34300.0,0.0,8.0,6.0,4.0,10248.0,15799.0,3.1,0.0,0.0,244.0,108.0,10.0,4.0,0.0,44.0,4.0,0.0,1.0,3.0,2.0,4.0,22.0,4.0,8.0,3.0,7.0,0.0,0.0,0.0,3.0,100.0,0.0,0.0,0.0,95496.0,71737.0,16300.0,61196.0,0,0
51857,21000.0,0.0819,659.91,2,46000.0,0,1,n,41.38,0.0,1.0,9.0,0.0,12853.0,22.0,0,14541.6,14541.6,7909.36,7909.36,6458.4,1450.96,0.0,0.0,0.0,659.91,0.0,1.0,0,0.0,0.0,291420.0,1.0,3.0,1.0,2.0,5.0,51940.0,90.0,1.0,1.0,4231.0,81.0,18500.0,2.0,0.0,1.0,3.0,32380.0,2669.0,61.3,0.0,0.0,146.0,168.0,11.0,5.0,3.0,30.0,6.0,0.0,1.0,4.0,1.0,4.0,7.0,4.0,12.0,4.0,9.0,0.0,0.0,0.0,2.0,100.0,0.0,0.0,0.0,448121.0,64793.0,6900.0,78421.0,0,0
72711,2825.0,0.28800000000000003,118.08,2,53900.0,0,1,n,28.32,0.0,3.0,13.0,0.0,21593.0,18.0,0,2135.27,2135.27,1412.44,1412.44,689.73,722.71,0.0,0.0,0.0,118.08,0.0,1.0,1,0.0,0.0,344295.0,2.0,3.0,1.0,2.0,3.0,38346.0,83.0,1.0,3.0,5253.0,51.0,55100.0,4.0,1.0,5.0,5.0,26484.0,30594.0,37.7,0.0,0.0,270.0,80.0,2.0,2.0,3.0,2.0,1.0,0.0,5.0,6.0,8.0,8.0,6.0,9.0,9.0,6.0,13.0,0.0,0.0,0.0,2.0,100.0,25.0,0.0,0.0,424859.0,59939.0,49100.0,65374.0,0,0
45285,20000.0,0.0646,612.62,3,300000.0,1,1,n,9.32,0.0,0.0,12.0,0.0,6008.0,37.0,0,14293.57,14293.57,6731.64,6731.64,5706.43,1025.21,0.0,0.0,0.0,612.62,0.0,1.0,0,0.0,0.0,491516.0,2.0,7.0,0.0,0.0,27.0,94196.0,30.0,0.0,0.0,6008.0,23.0,46900.0,0.0,1.0,4.0,2.0,40960.0,40892.0,12.8,0.0,0.0,215.0,247.0,33.0,6.0,4.0,33.0,6.0,0.0,1.0,1.0,4.0,10.0,20.0,4.0,13.0,1.0,12.0,0.0,0.0,0.0,2.0,97.3,0.0,0.0,0.0,630064.0,100204.0,46900.0,183164.0,0,0
42549,16000.0,0.2565,475.74,2,76000.0,1,1,n,21.54,0.0,3.0,15.0,0.0,13535.0,22.0,0,0.0,0.0,17715.5,17715.5,16000.0,1715.5,0.0,0.0,0.0,16311.08,0.0,1.0,1,0.0,0.0,237928.0,3.0,8.0,1.0,4.0,6.0,62181.0,78.0,2.0,3.0,2019.0,80.0,15100.0,2.0,2.0,4.0,7.0,15862.0,501.0,85.7,0.0,0.0,171.0,407.0,2.0,2.0,1.0,6.0,1.0,0.0,2.0,6.0,2.0,2.0,14.0,6.0,7.0,6.0,15.0,0.0,0.0,0.0,3.0,100.0,100.0,0.0,0.0,264511.0,75716.0,3500.0,79545.0,0,0
31418,38275.0,0.16949999999999998,1363.66,2,160000.0,0,1,n,15.26,0.0,0.0,19.0,0.0,27492.0,32.0,0,28554.46,28554.46,14964.22,14964.22,9720.54,5243.68,0.0,0.0,0.0,1363.66,0.0,1.0,0,0.0,0.0,331593.0,1.0,11.0,2.0,6.0,6.0,79705.0,86.0,0.0,3.0,6727.0,77.0,42200.0,1.0,3.0,3.0,11.0,17452.0,10189.0,59.6,0.0,0.0,137.0,135.0,14.0,6.0,2.0,14.0,3.0,0.0,5.0,6.0,5.0,8.0,18.0,7.0,12.0,6.0,19.0,0.0,0.0,0.0,2.0,100.0,20.0,0.0,0.0,362407.0,107197.0,25200.0,89207.0,0,0
46062,25725.0,0.14300000000000002,882.98,1,114000.0,0,1,n,26.29,0.0,0.0,15.0,0.0,48897.0,27.0,1,19050.22,19050.22,9692.34,9692.34,6674.78,3017.56,0.0,0.0,0.0,882.98,0.0,1.0,1,0.0,0.0,74096.0,0.0,1.0,1.0,1.0,12.0,25199.0,72.0,0.0,0.0,14823.0,53.0,103900.0,1.0,0.0,1.0,1.0,4940.0,23848.0,61.8,0.0,0.0,396.0,222.0,68.0,12.0,0.0,81.0,12.0,0.0,7.0,11.0,8.0,11.0,5.0,14.0,22.0,11.0,15.0,0.0,0.0,0.0,1.0,100.0,12.5,0.0,0.0,138900.0,74096.0,62400.0,35000.0,0,0
43840,15000.0,0.0819,305.52,1,60000.0,1,1,n,27.56,0.0,1.0,13.0,0.0,15456.0,27.0,0,13062.0,13062.0,3008.08,3008.08,1938.0,1070.08,0.0,0.0,0.0,305.52,0.0,1.0,1,0.0,0.0,50287.0,0.0,2.0,1.0,1.0,11.0,34831.0,73.0,1.0,1.0,10702.0,49.0,56000.0,1.0,0.0,4.0,2.0,3868.0,34247.0,28.4,0.0,0.0,53.0,187.0,9.0,9.0,0.0,26.0,1.0,0.0,2.0,4.0,7.0,13.0,5.0,11.0,19.0,4.0,13.0,0.0,0.0,0.0,2.0,100.0,14.3,0.0,0.0,103775.0,50287.0,47800.0,47775.0,0,0
32913,30000.0,0.124,673.42,1,47995.0,0,1,n,27.63,0.0,0.0,18.0,0.0,22129.0,30.0,0,27246.21,27246.21,6040.11,6040.11,2753.79,3286.32,0.0,0.0,0.0,673.42,0.0,1.0,1,0.0,0.0,46077.0,0.0,2.0,1.0,1.0,9.0,23948.0,73.0,0.0,0.0,4508.0,58.0,46700.0,0.0,1.0,1.0,1.0,2560.0,5606.0,72.0,0.0,0.0,175.0,104.0,40.0,9.0,0.0,40.0,9.0,0.0,6.0,12.0,6.0,9.0,3.0,16.0,27.0,12.0,18.0,0.0,0.0,0.0,1.0,100.0,50.0,0.0,0.0,79509.0,46077.0,20000.0,32809.0,0,0
12115,35000.0,0.1308,797.8,2,43000.0,0,1,n,44.49,0.0,0.0,12.0,0.0,15961.0,22.0,0,30710.87,30710.87,7952.57,7952.57,4289.13,3663.44,0.0,0.0,0.0,797.8,0.0,1.0,0,0.0,0.0,54766.0,0.0,6.0,1.0,2.0,7.0,38805.0,75.0,0.0,2.0,5655.0,74.0,21700.0,2.0,3.0,2.0,4.0,4979.0,1439.0,91.4,0.0,0.0,150.0,158.0,21.0,7.0,4.0,24.0,2.0,0.0,3.0,4.0,4.0,6.0,9.0,6.0,9.0,4.0,12.0,0.0,0.0,0.0,1.0,100.0,100.0,0.0,0.0,73563.0,54766.0,16700.0,51863.0,0,0
37274,13275.0,0.16949999999999998,472.96,1,50000.0,0,1,n,26.33,0.0,0.0,8.0,0.0,8362.0,13.0,0,0.0,0.0,13900.49,13900.49,13275.0,625.49,0.0,0.0,0.0,12967.07,0.0,1.0,1,0.0,0.0,25145.0,0.0,3.0,1.0,2.0,7.0,16783.0,75.0,0.0,0.0,4909.0,64.0,16800.0,0.0,0.0,1.0,2.0,3143.0,91.0,98.2,0.0,0.0,67.0,105.0,26.0,7.0,0.0,56.0,7.0,0.0,1.0,4.0,1.0,2.0,5.0,5.0,8.0,4.0,8.0,0.0,0.0,0.0,1.0,100.0,100.0,0.0,0.0,39305.0,25145.0,5000.0,22505.0,0,0
19904,15000.0,0.16949999999999998,372.39,2,67500.0,1,1,n,27.22,0.0,0.0,8.0,0.0,19152.0,24.0,0,13288.88,13288.88,3709.78,3709.78,1711.12,1998.66,0.0,0.0,0.0,372.39,0.0,1.0,1,0.0,0.0,198806.0,0.0,3.0,1.0,3.0,10.0,33207.0,76.0,2.0,3.0,10114.0,81.0,21400.0,2.0,0.0,2.0,6.0,24851.0,814.0,95.1,0.0,0.0,156.0,151.0,8.0,8.0,4.0,11.0,10.0,2.0,3.0,4.0,3.0,6.0,10.0,4.0,10.0,4.0,8.0,0.0,0.0,0.0,3.0,79.2,100.0,0.0,0.0,290789.0,52359.0,16600.0,43606.0,0,0
20441,8375.0,0.0646,256.54,2,65000.0,0,1,n,21.21,0.0,0.0,15.0,0.0,1031.0,17.0,0,5985.37,5985.37,2815.93,2815.93,2389.63,426.3,0.0,0.0,0.0,256.54,0.0,1.0,1,0.0,0.0,162888.0,1.0,8.0,2.0,2.0,7.0,47260.0,74.0,1.0,3.0,997.0,57.0,21500.0,1.0,0.0,4.0,6.0,10859.0,17503.0,5.4,0.0,0.0,77.0,39.0,12.0,5.0,3.0,12.0,6.0,0.0,1.0,2.0,4.0,4.0,8.0,6.0,6.0,2.0,15.0,0.0,0.0,0.0,4.0,100.0,0.0,0.0,0.0,199966.0,48291.0,18500.0,63522.0,0,0
66627,17000.0,0.1308,387.5,1,100000.0,0,1,n,17.93,0.0,2.0,11.0,0.0,16970.0,13.0,0,14422.72,14422.72,4637.65,4637.65,2577.28,2060.37,0.0,0.0,0.0,387.5,0.0,1.0,1,0.0,302.0,69502.0,2.0,4.0,1.0,1.0,3.0,52532.0,78.0,1.0,2.0,3961.0,75.0,25800.0,1.0,0.0,4.0,3.0,6318.0,2628.0,75.0,0.0,0.0,209.0,189.0,3.0,3.0,0.0,42.0,1.0,0.0,2.0,7.0,2.0,2.0,6.0,7.0,7.0,7.0,11.0,0.0,0.0,0.0,2.0,100.0,50.0,0.0,0.0,93114.0,69502.0,10500.0,67314.0,0,0
38084,6375.0,0.1033,206.7,2,92000.0,0,1,n,11.34,0.0,2.0,9.0,0.0,197.0,21.0,0,4631.19,4631.19,2270.04,2270.04,1743.81,526.23,0.0,0.0,0.0,206.7,0.0,1.0,1,0.0,0.0,193997.0,0.0,4.0,2.0,4.0,10.0,24968.0,70.0,1.0,3.0,5.0,59.0,6600.0,3.0,2.0,8.0,7.0,21555.0,5095.0,0.1,0.0,0.0,209.0,56.0,7.0,7.0,3.0,7.0,0.0,0.0,1.0,2.0,3.0,3.0,13.0,4.0,5.0,2.0,9.0,0.0,0.0,0.0,3.0,95.2,0.0,0.0,0.0,218429.0,25165.0,5100.0,35875.0,0,0
75633,8500.0,0.0819,267.11,1,41000.0,1,1,n,25.44,0.0,2.0,23.0,0.0,5500.0,41.0,0,5894.46,5894.46,3197.58,3197.58,2605.54,592.04,0.0,0.0,0.0,267.11,0.0,1.0,1,0.0,0.0,7485.0,4.0,1.0,0.0,0.0,34.0,1985.0,13.0,5.0,6.0,1183.0,10.0,59400.0,0.0,1.0,3.0,6.0,325.0,31043.0,5.9,0.0,0.0,136.0,153.0,1.0,1.0,0.0,1.0,1.0,0.0,4.0,9.0,10.0,16.0,7.0,22.0,34.0,9.0,23.0,0.0,0.0,0.0,5.0,100.0,0.0,0.0,0.0,74400.0,7485.0,33000.0,15000.0,0,0
22534,4500.0,0.0756,140.11,3,35000.0,0,1,n,33.3,0.0,1.0,9.0,0.0,7540.0,27.0,0,3231.17,3231.17,1539.32,1539.32,1268.83,270.49,0.0,0.0,0.0,140.11,0.0,1.0,1,0.0,0.0,31409.0,1.0,2.0,0.0,1.0,21.0,23869.0,58.0,1.0,1.0,3010.0,52.0,19600.0,2.0,0.0,1.0,2.0,3490.0,6093.0,52.4,0.0,0.0,169.0,167.0,1.0,1.0,0.0,33.0,1.0,0.0,4.0,6.0,4.0,7.0,12.0,7.0,15.0,6.0,9.0,0.0,0.0,0.0,1.0,96.3,0.0,0.0,0.0,60485.0,31409.0,12800.0,40885.0,0,0
70504,25000.0,0.0819,785.61,1,85000.0,0,1,n,29.02,0.0,1.0,13.0,1.0,22067.0,20.0,0,17385.8,17385.8,9415.94,9415.94,7614.2,1801.74,0.0,0.0,0.0,785.61,0.0,1.0,1,0.0,0.0,68587.0,1.0,2.0,1.0,2.0,4.0,46135.0,54.0,0.0,2.0,10632.0,51.0,34600.0,2.0,0.0,2.0,5.0,5716.0,5633.0,79.7,0.0,0.0,84.0,184.0,17.0,4.0,0.0,17.0,4.0,0.0,4.0,4.0,6.0,7.0,5.0,10.0,14.0,4.0,13.0,0.0,0.0,0.0,2.0,100.0,33.3,1.0,0.0,110650.0,68587.0,27700.0,66085.0,0,0
4396,36000.0,0.0702,1111.91,3,105000.0,1,1,n,16.82,0.0,0.0,18.0,0.0,36376.0,21.0,0,26745.89,26745.89,11091.02,11091.02,9254.11,1836.91,0.0,0.0,0.0,1111.91,0.0,1.0,1,0.0,0.0,60967.0,0.0,5.0,0.0,1.0,21.0,24591.0,71.0,0.0,1.0,8915.0,55.0,75900.0,1.0,0.0,1.0,2.0,3387.0,30429.0,44.1,0.0,0.0,53.0,55.0,17.0,17.0,0.0,17.0,7.0,0.0,6.0,8.0,7.0,7.0,5.0,13.0,16.0,8.0,18.0,0.0,0.0,0.0,0.0,100.0,42.9,0.0,0.0,110400.0,60967.0,54400.0,34500.0,0,0
24011,5500.0,0.1171,121.54,1,25711.0,1,1,n,7.98,0.0,1.0,5.0,0.0,2732.0,10.0,0,5119.25,5119.25,951.88,951.88,380.75,571.13,0.0,0.0,0.0,121.54,0.0,1.0,1,0.0,0.0,5224.0,0.0,1.0,0.0,1.0,16.0,2492.0,83.0,0.0,3.0,1362.0,26.0,17100.0,2.0,0.0,1.0,4.0,1045.0,6425.0,27.0,0.0,0.0,16.0,274.0,20.0,16.0,0.0,20.0,1.0,0.0,2.0,3.0,2.0,4.0,1.0,4.0,9.0,3.0,5.0,0.0,0.0,0.0,0.0,100.0,0.0,0.0,0.0,20100.0,5224.0,8800.0,3000.0,0,0
30671,40000.0,0.124,897.89,2,90000.0,0,1,n,6.52,0.0,0.0,6.0,0.0,8172.0,17.0,0,35072.79,35072.79,8951.34,8951.34,4927.21,4024.13,0.0,0.0,0.0,0.0,0.0,1.0,1,0.0,0.0,187416.0,1.0,1.0,0.0,0.0,28.0,5523.0,49.0,1.0,1.0,4828.0,51.0,15900.0,3.0,0.0,2.0,2.0,31236.0,6991.0,49.0,0.0,0.0,50.0,164.0,8.0,4.0,5.0,8.0,5.0,0.0,2.0,3.0,3.0,5.0,3.0,4.0,9.0,3.0,6.0,0.0,0.0,0.0,2.0,88.2,33.3,0.0,0.0,201049.0,13695.0,13700.0,11188.0,0,0
9272,12800.0,0.2055,343.06,2,141800.0,1,1,n,18.48,0.0,1.0,19.0,0.0,27264.0,33.0,0,11461.46,11461.46,3401.37,3401.37,1338.54,2062.83,0.0,0.0,0.0,343.06,0.0,1.0,1,0.0,0.0,194206.0,3.0,3.0,1.0,3.0,4.0,29243.0,77.0,5.0,5.0,6371.0,79.0,33300.0,3.0,0.0,3.0,8.0,10221.0,4830.0,84.0,0.0,0.0,59.0,146.0,2.0,2.0,2.0,2.0,4.0,1.0,11.0,13.0,11.0,14.0,11.0,15.0,20.0,13.0,19.0,0.0,0.0,0.0,6.0,93.9,72.7,0.0,0.0,281543.0,56507.0,30200.0,38115.0,0,0
23189,33525.0,0.2055,898.5,2,80000.0,1,1,n,22.8,0.0,0.0,7.0,0.0,15911.0,12.0,1,29635.0,29635.0,9845.23,9845.23,3890.0,5955.23,0.0,0.0,0.0,898.5,0.0,1.0,1,0.0,0.0,307971.0,0.0,2.0,1.0,2.0,11.0,30495.0,67.0,0.0,1.0,9201.0,62.0,29200.0,1.0,2.0,1.0,4.0,43996.0,8209.0,61.6,0.0,0.0,46.0,67.0,19.0,11.0,1.0,19.0,11.0,0.0,2.0,3.0,2.0,2.0,5.0,4.0,6.0,3.0,7.0,0.0,0.0,0.0,1.0,91.7,0.0,0.0,0.0,342190.0,46406.0,21400.0,45270.0,0,0
67851,11000.0,0.14300000000000002,257.67,2,60000.0,0,1,n,20.74,0.0,0.0,10.0,0.0,11202.0,24.0,0,9377.34,9377.34,3074.56,3074.56,1622.66,1451.9,0.0,0.0,0.0,257.67,0.0,1.0,1,0.0,0.0,77631.0,0.0,6.0,1.0,2.0,10.0,24451.0,62.0,0.0,0.0,4513.0,59.0,20700.0,1.0,4.0,0.0,2.0,7763.0,9498.0,53.0,0.0,0.0,173.0,210.0,36.0,10.0,2.0,36.0,13.0,0.0,3.0,3.0,3.0,6.0,16.0,3.0,6.0,3.0,10.0,0.0,0.0,0.0,1.0,91.3,33.3,0.0,0.0,105108.0,35653.0,20700.0,39525.0,0,0
11097,8000.0,0.08810000000000001,253.7,1,58647.58,1,1,n,8.8,2.0,1.0,5.0,0.0,8076.0,14.0,0,5995.1,5995.1,2533.08,2533.08,2004.9,528.18,0.0,0.0,0.0,253.7,0.0,1.0,1,0.0,1183.0,17604.0,0.0,1.0,0.0,0.0,25.0,9528.0,77.0,1.0,1.0,8076.0,47.0,24900.0,0.0,5.0,2.0,1.0,3521.0,1924.0,80.8,0.0,0.0,25.0,223.0,12.0,12.0,3.0,64.0,6.0,1.0,1.0,1.0,1.0,7.0,1.0,4.0,10.0,1.0,5.0,0.0,0.0,0.0,1.0,78.6,100.0,0.0,0.0,37350.0,17604.0,10000.0,12450.0,0,0
12807,7000.0,0.1524,243.49,2,75000.0,1,1,n,25.39,0.0,0.0,17.0,0.0,10258.0,29.0,0,5362.69,5362.69,2428.97,2428.97,1637.31,791.66,0.0,0.0,0.0,243.49,0.0,1.0,1,0.0,3545.0,68022.0,2.0,4.0,2.0,3.0,4.0,57764.0,94.0,0.0,1.0,7580.0,75.0,29700.0,1.0,3.0,3.0,4.0,4001.0,11083.0,47.7,0.0,0.0,165.0,159.0,13.0,4.0,0.0,33.0,4.0,1.0,5.0,7.0,8.0,8.0,12.0,13.0,16.0,7.0,17.0,0.0,0.0,0.0,2.0,92.9,12.5,0.0,0.0,91305.0,68022.0,21200.0,61605.0,0,0
57705,27600.0,0.0819,562.15,2,119000.0,1,1,n,13.6,0.0,0.0,12.0,0.0,30623.0,25.0,0,22942.39,22942.39,6733.24,6733.24,4657.61,2075.63,0.0,0.0,0.0,562.15,0.0,1.0,1,0.0,0.0,182775.0,0.0,3.0,1.0,2.0,9.0,42337.0,85.0,0.0,1.0,14988.0,57.0,78500.0,2.0,0.0,2.0,3.0,15231.0,21786.0,58.1,0.0,0.0,150.0,255.0,24.0,9.0,3.0,24.0,9.0,0.0,3.0,4.0,3.0,6.0,10.0,8.0,12.0,4.0,12.0,0.0,0.0,0.0,1.0,100.0,0.0,0.0,0.0,254105.0,72960.0,52000.0,49806.0,0,0
17337,6000.0,0.2305,232.42,1,27000.0,0,1,n,15.02,0.0,0.0,6.0,0.0,4074.0,7.0,0,4625.93,4625.93,2497.16,2497.16,1374.07,1123.09,0.0,0.0,0.0,300.0,0.0,1.0,1,0.0,0.0,6113.0,0.0,2.0,0.0,2.0,19.0,2039.0,55.0,0.0,2.0,1566.0,77.0,4200.0,1.0,1.0,0.0,4.0,1019.0,126.0,97.0,0.0,0.0,113.0,34.0,18.0,18.0,0.0,18.0,19.0,0.0,4.0,4.0,4.0,4.0,3.0,4.0,4.0,4.0,6.0,0.0,0.0,0.0,0.0,100.0,100.0,0.0,0.0,7900.0,6113.0,4200.0,3700.0,0,0
55094,16000.0,0.2055,599.12,2,110000.0,1,1,n,15.38,0.0,1.0,8.0,0.0,15715.0,22.0,0,11709.28,11709.28,7152.91,7152.91,4290.72,2862.19,0.0,0.0,0.0,599.12,0.0,1.0,1,0.0,0.0,507584.0,2.0,2.0,1.0,1.0,4.0,33528.0,79.0,1.0,1.0,8150.0,84.0,16400.0,2.0,1.0,2.0,3.0,63448.0,498.0,96.8,0.0,0.0,153.0,152.0,0.0,0.0,3.0,90.0,4.0,2.0,3.0,4.0,3.0,4.0,6.0,4.0,13.0,4.0,8.0,0.0,0.0,0.0,3.0,81.8,100.0,0.0,0.0,601960.0,49243.0,15400.0,42319.0,0,0
34236,22000.0,0.0819,448.09,2,150000.0,1,1,n,11.38,1.0,1.0,12.0,0.0,21518.0,28.0,0,18608.5,18608.5,4903.97,4903.97,3391.5,1512.47,0.0,0.0,0.0,448.09,0.0,1.0,1,0.0,0.0,271733.0,2.0,2.0,1.0,1.0,1.0,28982.0,57.0,1.0,3.0,9108.0,49.0,52700.0,2.0,0.0,4.0,4.0,22644.0,18363.0,53.7,0.0,0.0,171.0,214.0,0.0,0.0,3.0,23.0,0.0,0.0,4.0,5.0,6.0,12.0,9.0,9.0,16.0,5.0,12.0,0.0,0.0,0.0,2.0,96.4,33.3,0.0,0.0,334170.0,50500.0,39700.0,50537.0,0,0
67141,12000.0,0.1612,422.6,2,45000.0,0,1,n,16.91,0.0,1.0,8.0,0.0,9949.0,28.0,0,8620.74,8620.74,5060.45,5060.45,3379.26,1681.19,0.0,0.0,0.0,422.6,0.0,1.0,0,0.0,0.0,44898.0,0.0,2.0,1.0,1.0,12.0,5558.0,42.0,1.0,1.0,4979.0,51.0,17200.0,1.0,0.0,1.0,2.0,5612.0,4552.0,66.8,0.0,0.0,211.0,110.0,11.0,11.0,3.0,11.0,1.0,0.0,3.0,4.0,3.0,5.0,13.0,5.0,12.0,4.0,8.0,0.0,0.0,0.0,2.0,100.0,66.7,0.0,0.0,100445.0,15507.0,13700.0,13245.0,0,0
71278,37675.0,0.0819,1183.91,1,100000.0,1,1,n,8.59,0.0,0.0,7.0,0.0,6444.0,13.0,0,26126.55,26126.55,14189.78,14189.78,11548.45,2641.33,0.0,0.0,0.0,1183.91,0.0,1.0,1,0.0,0.0,17665.0,0.0,1.0,1.0,2.0,12.0,11221.0,75.0,0.0,1.0,3150.0,43.0,25700.0,1.0,0.0,1.0,3.0,2524.0,19256.0,25.1,0.0,0.0,56.0,81.0,13.0,12.0,0.0,13.0,12.0,0.0,4.0,4.0,6.0,7.0,5.0,6.0,8.0,4.0,7.0,0.0,0.0,0.0,1.0,100.0,16.7,0.0,0.0,40700.0,17665.0,25700.0,15000.0,0,0
28994,10000.0,0.08810000000000001,317.12,2,117000.0,1,1,n,17.2,1.0,1.0,17.0,0.0,21071.0,50.0,0,7218.66,7218.66,3483.43,3483.43,2781.34,702.09,0.0,0.0,0.0,317.12,0.0,1.0,1,0.0,0.0,406849.0,2.0,2.0,0.0,4.0,20.0,37104.0,81.0,0.0,0.0,3699.0,66.0,42600.0,1.0,5.0,4.0,6.0,23932.0,12829.0,35.2,0.0,0.0,161.0,300.0,26.0,4.0,5.0,26.0,5.0,0.0,6.0,10.0,7.0,10.0,22.0,14.0,23.0,10.0,17.0,0.0,0.0,0.0,2.0,92.0,14.3,0.0,0.0,437813.0,58175.0,19800.0,46013.0,0,0
29608,10000.0,0.1102,327.49,1,69000.0,1,1,n,10.14,0.0,0.0,4.0,0.0,7232.0,5.0,0,7251.57,7251.57,3596.27,3596.27,2748.43,847.84,0.0,0.0,0.0,327.49,0.0,1.0,1,0.0,0.0,17501.0,0.0,1.0,1.0,1.0,7.0,10269.0,89.0,0.0,0.0,4198.0,34.0,40200.0,1.0,0.0,1.0,1.0,4375.0,32968.0,18.0,0.0,0.0,113.0,46.0,26.0,7.0,0.0,26.0,8.0,0.0,3.0,3.0,3.0,3.0,2.0,3.0,3.0,3.0,4.0,0.0,0.0,0.0,1.0,100.0,33.3,0.0,0.0,51700.0,17501.0,40200.0,11500.0,0,0
5531,8000.0,0.124,267.25,1,120000.0,0,1,n,9.19,0.0,2.0,11.0,0.0,12470.0,15.0,0,6065.93,6065.93,2666.99,2666.99,1934.07,732.92,0.0,0.0,0.0,267.25,0.0,1.0,1,0.0,109.0,31424.0,3.0,1.0,1.0,1.0,12.0,18954.0,88.0,5.0,8.0,1642.0,65.0,26600.0,0.0,1.0,3.0,9.0,2857.0,9264.0,32.9,0.0,0.0,209.0,31.0,0.0,0.0,0.0,2.0,0.0,0.0,5.0,8.0,5.0,5.0,4.0,10.0,11.0,8.0,11.0,0.0,0.0,0.0,6.0,92.9,0.0,0.0,0.0,48095.0,31424.0,13800.0,21495.0,0,0
22390,32000.0,0.1524,765.32,1,112805.77,0,1,n,16.89,0.0,0.0,9.0,0.0,20571.0,15.0,0,27791.38,27791.38,8364.33,8364.33,4208.62,4155.71,0.0,0.0,0.0,765.32,0.0,1.0,1,0.0,0.0,70078.0,1.0,2.0,0.0,1.0,18.0,49507.0,64.0,1.0,1.0,8462.0,61.0,34200.0,0.0,1.0,0.0,2.0,7786.0,8219.0,58.9,0.0,0.0,120.0,135.0,2.0,2.0,0.0,2.0,18.0,0.0,3.0,6.0,4.0,4.0,7.0,7.0,8.0,6.0,9.0,0.0,0.0,0.0,1.0,100.0,0.0,0.0,0.0,98115.0,70078.0,20000.0,63915.0,0,0
33188,37000.0,0.17739999999999995,934.34,1,45000.0,1,1,n,24.93,0.0,1.0,12.0,0.0,11449.0,35.0,0,0.0,0.0,41755.01,41755.01,37000.0,4755.01,0.0,0.0,0.0,34316.76,0.0,1.0,0,0.0,0.0,33635.0,0.0,1.0,2.0,3.0,11.0,22186.0,88.0,1.0,1.0,3556.0,37.0,66100.0,3.0,3.0,3.0,4.0,2803.0,33151.0,25.7,0.0,0.0,105.0,146.0,9.0,9.0,0.0,48.0,0.0,0.0,5.0,5.0,9.0,14.0,7.0,11.0,28.0,5.0,12.0,0.0,0.0,0.0,3.0,100.0,33.3,0.0,0.0,91200.0,33635.0,44600.0,25100.0,0,0
15198,40000.0,0.0819,814.7,2,85000.0,0,1,n,17.28,0.0,0.0,11.0,0.0,19914.0,18.0,0,34413.57,34413.57,8110.6,8110.6,5586.43,2524.17,0.0,0.0,0.0,814.7,0.0,1.0,1,0.0,0.0,99805.0,0.0,2.0,0.0,1.0,15.0,20185.0,51.0,0.0,0.0,10150.0,35.0,76400.0,1.0,2.0,0.0,1.0,9073.0,55613.0,26.3,0.0,0.0,151.0,203.0,26.0,15.0,1.0,26.0,15.0,0.0,5.0,6.0,7.0,9.0,6.0,8.0,11.0,6.0,11.0,0.0,0.0,0.0,0.0,100.0,0.0,0.0,0.0,220980.0,40099.0,75500.0,39680.0,0,0
66935,10000.0,0.0646,306.31,2,86000.0,1,1,n,22.22,0.0,0.0,7.0,0.0,6806.0,19.0,0,6878.94,6878.94,3672.13,3672.13,3121.06,551.07,0.0,0.0,0.0,306.31,0.0,1.0,1,0.0,0.0,66043.0,0.0,3.0,1.0,3.0,8.0,59237.0,82.0,0.0,1.0,0.0,48.0,43000.0,2.0,3.0,1.0,4.0,9435.0,22600.0,0.0,0.0,0.0,146.0,172.0,18.0,8.0,3.0,18.0,3.0,0.0,0.0,1.0,2.0,5.0,5.0,4.0,11.0,1.0,7.0,0.0,0.0,0.0,1.0,100.0,0.0,0.0,0.0,118977.0,66043.0,22600.0,75977.0,0,0
41843,8000.0,0.16949999999999998,285.03,2,30000.0,0,1,n,32.96,0.0,0.0,12.0,1.0,1952.0,20.0,0,5968.2,5968.2,3120.26,3120.26,2031.8,1088.46,0.0,0.0,0.0,285.03,0.0,1.0,1,0.0,2764.0,169116.0,1.0,4.0,0.0,0.0,26.0,109008.0,77.0,2.0,3.0,371.0,64.0,15100.0,0.0,1.0,1.0,3.0,14093.0,6353.0,7.9,0.0,0.0,96.0,92.0,6.0,6.0,1.0,17.0,12.0,0.0,2.0,5.0,3.0,3.0,8.0,7.0,11.0,5.0,12.0,0.0,0.0,0.0,2.0,100.0,0.0,1.0,0.0,191294.0,110960.0,6900.0,109426.0,0,0
66281,5225.0,0.0646,160.05,2,73000.0,0,1,n,22.6,0.0,1.0,12.0,0.0,24492.0,23.0,0,0.0,0.0,5480.474999999799,5480.47,5225.0,255.47,0.0,0.0,0.0,3991.9,0.0,1.0,1,0.0,0.0,272057.0,1.0,4.0,1.0,3.0,12.0,54259.0,56.0,1.0,1.0,1511.0,32.0,91300.0,4.0,3.0,4.0,4.0,22671.0,29058.0,6.9,0.0,0.0,175.0,323.0,6.0,6.0,2.0,70.0,6.0,1.0,3.0,5.0,3.0,8.0,9.0,7.0,12.0,5.0,12.0,0.0,0.0,0.0,2.0,95.7,0.0,0.0,0.0,429232.0,78751.0,31200.0,93137.0,0,0
49186,11850.0,0.1308,399.74,2,250000.0,1,1,n,23.36,0.0,1.0,35.0,0.0,64320.0,69.0,0,8705.88,8705.88,4379.92,4379.92,3144.12,1235.8,0.0,0.0,0.0,0.0,0.0,1.0,1,0.0,0.0,728465.0,3.0,4.0,2.0,2.0,3.0,134104.0,7.0,1.0,2.0,4695.0,34.0,167500.0,3.0,9.0,6.0,5.0,21425.0,82691.0,18.3,0.0,0.0,117.0,312.0,1.0,1.0,5.0,1.0,3.0,0.0,8.0,12.0,21.0,27.0,22.0,29.0,41.0,12.0,35.0,0.0,0.0,0.0,4.0,100.0,0.0,0.0,0.0,862796.0,198528.0,101200.0,161168.0,0,0
16066,3500.0,0.1033,113.48,1,60000.0,0,1,n,34.81,0.0,1.0,9.0,0.0,1867.0,41.0,1,2633.45,2633.45,1132.79,1132.79,866.55,266.24,0.0,0.0,0.0,113.48,0.0,1.0,1,0.0,0.0,28511.0,0.0,5.0,1.0,6.0,7.0,26644.0,44.0,1.0,3.0,10.0,42.0,7500.0,1.0,28.0,2.0,9.0,3168.0,3490.0,0.3,0.0,0.0,111.0,318.0,11.0,7.0,0.0,11.0,1.0,0.0,1.0,2.0,2.0,4.0,30.0,4.0,10.0,2.0,9.0,0.0,0.0,0.0,2.0,100.0,0.0,0.0,0.0,67970.0,28511.0,3500.0,60470.0,0,0
70393,15000.0,0.08810000000000001,475.68,1,40000.0,1,1,n,13.2,0.0,0.0,6.0,0.0,794.0,20.0,0,0.0,0.0,15917.46,15917.46,15000.0,917.46,0.0,0.0,0.0,12595.04,0.0,1.0,1,0.0,0.0,9139.0,0.0,1.0,0.0,3.0,14.0,8345.0,70.0,0.0,1.0,595.0,28.0,20200.0,2.0,5.0,0.0,4.0,1523.0,13906.0,5.4,0.0,0.0,158.0,92.0,13.0,13.0,2.0,13.0,13.0,2.0,2.0,2.0,3.0,5.0,9.0,5.0,8.0,2.0,6.0,0.0,0.0,0.0,0.0,90.0,0.0,0.0,0.0,32200.0,9139.0,14700.0,12000.0,0,0
61826,10000.0,0.0646,306.31,1,130000.0,0,1,n,11.74,0.0,2.0,8.0,0.0,9710.0,9.0,0,0.0,0.0,10497.91,10497.91,10000.0,497.91,0.0,0.0,0.0,7750.09,0.0,1.0,1,0.0,206.0,213083.0,2.0,3.0,0.0,1.0,23.0,52189.0,78.0,2.0,3.0,7493.0,79.0,11700.0,3.0,0.0,2.0,4.0,26635.0,1536.0,86.0,0.0,0.0,217.0,60.0,1.0,1.0,1.0,1.0,1.0,1.0,3.0,4.0,3.0,3.0,4.0,4.0,4.0,4.0,8.0,0.0,0.0,0.0,2.0,88.9,66.7,0.0,0.0,267968.0,61899.0,11000.0,66768.0,0,0
76746,3500.0,0.2305,135.58,1,45000.0,0,1,n,27.31,2.0,0.0,20.0,0.0,13842.0,36.0,0,2587.34,2587.34,1618.0,1618.0,912.66,705.34,0.0,0.0,0.0,135.58,0.0,1.0,1,0.0,0.0,128822.0,1.0,12.0,1.0,1.0,2.0,114980.0,115.0,0.0,2.0,5747.0,101.0,22200.0,0.0,1.0,0.0,3.0,6441.0,5856.0,69.8,0.0,0.0,206.0,145.0,21.0,2.0,0.0,21.0,13.0,0.0,6.0,8.0,6.0,10.0,23.0,8.0,13.0,8.0,20.0,0.0,0.0,0.0,1.0,94.1,16.7,0.0,0.0,115395.0,128822.0,19400.0,93195.0,0,0
51837,10000.0,0.0819,203.68,1,63000.0,1,1,n,24.29,0.0,0.0,23.0,0.0,6505.0,28.0,0,8312.43,8312.43,2439.61,2439.61,1687.57,752.04,0.0,0.0,0.0,203.68,0.0,1.0,1,0.0,0.0,105418.0,0.0,19.0,1.0,1.0,8.0,98913.0,96.0,1.0,2.0,3660.0,76.0,35400.0,1.0,1.0,1.0,3.0,4583.0,28895.0,18.4,0.0,0.0,144.0,207.0,9.0,8.0,0.0,9.0,8.0,0.0,3.0,3.0,4.0,5.0,23.0,4.0,5.0,3.0,23.0,0.0,0.0,0.0,2.0,96.2,0.0,0.0,0.0,138828.0,105418.0,35400.0,103428.0,0,0
36630,2000.0,0.2305,77.48,1,51000.0,1,1,n,12.61,0.0,2.0,12.0,0.0,9.0,36.0,0,1208.03,1208.03,1135.86,1135.86,791.97,343.89,0.0,0.0,0.0,100.0,0.0,1.0,1,0.0,250.0,13915.0,3.0,2.0,3.0,3.0,2.0,13906.0,93.0,1.0,2.0,9.0,27.0,37000.0,4.0,0.0,3.0,5.0,1160.0,34991.0,0.0,0.0,0.0,104.0,132.0,4.0,2.0,0.0,35.0,2.0,6.0,1.0,1.0,8.0,16.0,14.0,10.0,22.0,1.0,12.0,0.0,0.0,0.0,4.0,85.7,0.0,0.0,0.0,52000.0,13915.0,35000.0,15000.0,0,0
38554,16000.0,0.17739999999999995,576.36,1,32000.0,0,1,n,33.01,0.0,0.0,7.0,0.0,9595.0,11.0,0,8127.89,8127.89,9771.47,9771.47,7872.11,1899.36,0.0,0.0,0.0,576.36,0.0,1.0,1,0.0,315.0,25086.0,0.0,2.0,0.0,1.0,24.0,15491.0,47.0,0.0,0.0,5233.0,54.0,13500.0,0.0,0.0,1.0,1.0,3584.0,2705.0,78.0,0.0,0.0,59.0,98.0,26.0,24.0,0.0,50.0,12.0,1.0,3.0,3.0,4.0,5.0,3.0,5.0,6.0,3.0,7.0,0.0,0.0,0.0,0.0,90.9,75.0,0.0,0.0,46275.0,25086.0,12300.0,32775.0,0,0
16613,5000.0,0.124,167.03,1,28000.0,1,1,n,19.16,0.0,0.0,8.0,0.0,12247.0,31.0,0,3791.22,3791.22,1666.86,1666.86,1208.78,458.08,0.0,0.0,0.0,167.03,0.0,1.0,1,0.0,2043.0,15910.0,0.0,1.0,0.0,1.0,14.0,3663.0,73.0,2.0,2.0,4718.0,54.0,24700.0,1.0,0.0,2.0,3.0,1989.0,10018.0,42.8,0.0,0.0,136.0,161.0,7.0,7.0,0.0,9.0,7.0,0.0,4.0,5.0,5.0,12.0,10.0,7.0,21.0,5.0,8.0,0.0,0.0,0.0,2.0,100.0,40.0,0.0,0.0,29700.0,15910.0,17500.0,5000.0,0,0
14457,15000.0,0.124,501.09,3,45000.0,1,1,n,21.52,0.0,1.0,13.0,0.0,14979.0,23.0,1,0.0,0.0,15730.6000081564,15730.6,15000.0,730.6,0.0,0.0,0.0,14237.66,0.0,1.0,1,0.0,0.0,17882.0,0.0,1.0,0.0,0.0,41.0,2903.0,23.0,1.0,1.0,3103.0,47.0,25500.0,1.0,1.0,2.0,2.0,1626.0,488.0,92.7,0.0,0.0,52.0,164.0,8.0,8.0,6.0,40.0,2.0,0.0,4.0,7.0,4.0,4.0,2.0,12.0,15.0,7.0,13.0,0.0,0.0,0.0,1.0,95.5,75.0,0.0,0.0,38415.0,17882.0,6700.0,12915.0,0,0
16162,26575.0,0.28800000000000003,840.31,3,150000.0,1,1,n,9.48,1.0,2.0,11.0,0.0,6832.0,24.0,0,21999.28,21999.28,10640.58,10640.58,4575.72,6064.86,0.0,0.0,0.0,1670.31,0.0,1.0,1,0.0,0.0,650206.0,2.0,2.0,2.0,2.0,2.0,24759.0,99.0,1.0,4.0,4617.0,78.0,15600.0,1.0,0.0,2.0,6.0,59110.0,7234.0,46.4,0.0,0.0,151.0,256.0,8.0,2.0,3.0,8.0,2.0,0.0,6.0,8.0,6.0,12.0,6.0,8.0,15.0,8.0,11.0,0.0,0.0,0.0,3.0,83.3,0.0,0.0,0.0,694239.0,31591.0,13500.0,24950.0,0,0
14136,19125.0,0.1612,673.52,2,35000.0,0,1,n,46.16,0.0,1.0,14.0,1.0,20726.0,37.0,0,14652.9,14652.9,6700.94,6700.94,4472.1,2228.84,0.0,0.0,0.0,673.52,0.0,1.0,0,0.0,0.0,38218.0,2.0,2.0,0.0,1.0,24.0,17492.0,51.0,2.0,4.0,8581.0,52.0,39600.0,0.0,6.0,2.0,5.0,2730.0,6915.0,74.3,0.0,0.0,84.0,225.0,3.0,3.0,0.0,5.0,3.0,0.0,3.0,5.0,5.0,8.0,12.0,12.0,25.0,6.0,14.0,0.0,0.0,0.0,2.0,100.0,40.0,1.0,0.0,74204.0,38218.0,26900.0,34604.0,0,0
52048,33675.0,0.0819,685.88,2,107000.0,0,1,n,19.62,1.0,1.0,22.0,0.0,7811.0,31.0,0,28514.55,28514.55,7529.36,7529.36,5160.45,2368.91,0.0,0.0,0.0,685.88,0.0,1.0,1,0.0,0.0,332003.0,4.0,11.0,1.0,1.0,3.0,50586.0,58.0,3.0,5.0,6456.0,35.0,77700.0,0.0,1.0,1.0,6.0,15810.0,16944.0,27.6,0.0,0.0,165.0,441.0,0.0,0.0,3.0,0.0,0.0,0.0,1.0,3.0,4.0,6.0,16.0,10.0,12.0,3.0,22.0,0.0,0.0,0.0,4.0,96.8,25.0,0.0,0.0,451345.0,58397.0,23400.0,87645.0,0,0
52433,12000.0,0.0756,373.61,1,30000.0,0,1,n,24.36,0.0,0.0,6.0,0.0,7506.0,22.0,0,9089.02,9089.02,3731.06,3731.06,2910.98,820.08,0.0,0.0,0.0,373.61,0.0,1.0,1,0.0,0.0,26036.0,0.0,1.0,1.0,1.0,9.0,18530.0,87.0,0.0,1.0,2798.0,66.0,18400.0,1.0,0.0,3.0,2.0,4339.0,4775.0,52.3,0.0,0.0,149.0,148.0,22.0,9.0,2.0,22.0,9.0,0.0,2.0,5.0,2.0,4.0,13.0,5.0,7.0,5.0,6.0,0.0,0.0,0.0,1.0,95.5,50.0,0.0,0.0,39668.0,26036.0,10000.0,21268.0,0,0
18640,18000.0,0.17739999999999995,454.54,1,75000.0,0,1,n,29.34,0.0,0.0,8.0,0.0,9779.0,10.0,0,16116.76,16116.76,4527.66,4527.66,1883.24,2644.42,0.0,0.0,0.0,454.54,0.0,1.0,1,0.0,0.0,43410.0,0.0,3.0,1.0,2.0,7.0,33631.0,69.0,0.0,1.0,7105.0,62.0,21300.0,2.0,1.0,2.0,3.0,5426.0,10021.0,49.4,0.0,0.0,57.0,65.0,14.0,7.0,0.0,14.0,8.0,0.0,3.0,3.0,4.0,4.0,5.0,5.0,5.0,3.0,8.0,0.0,0.0,0.0,1.0,100.0,0.0,0.0,0.0,69861.0,43410.0,19800.0,48561.0,0,0
32321,38000.0,0.124,853.0,3,84000.0,1,1,n,14.89,0.0,0.0,8.0,0.0,37333.0,11.0,0,33363.26,33363.26,8503.82,8503.82,4636.74,3867.08,0.0,0.0,0.0,853.0,0.0,1.0,1,0.0,0.0,55158.0,0.0,1.0,0.0,1.0,17.0,17825.0,105.0,0.0,0.0,19117.0,63.0,70300.0,0.0,0.0,0.0,1.0,6895.0,26820.0,56.6,0.0,0.0,17.0,160.0,26.0,17.0,0.0,26.0,18.0,0.0,5.0,6.0,5.0,7.0,1.0,7.0,10.0,6.0,8.0,0.0,0.0,0.0,0.0,100.0,20.0,0.0,0.0,87300.0,55158.0,61800.0,17000.0,0,0
47843,1000.0,0.08810000000000001,31.72,2,24000.0,0,1,n,37.3,0.0,0.0,7.0,0.0,3869.0,17.0,0,721.77,721.77,347.94,347.94,278.23,69.71,0.0,0.0,0.0,0.0,0.0,1.0,1,0.0,0.0,10908.0,1.0,2.0,1.0,1.0,9.0,7039.0,45.0,1.0,1.0,868.0,40.0,11500.0,1.0,0.0,1.0,2.0,1558.0,2046.0,31.8,0.0,0.0,266.0,190.0,3.0,3.0,0.0,142.0,9.0,0.0,2.0,4.0,3.0,4.0,5.0,5.0,12.0,4.0,7.0,0.0,0.0,0.0,2.0,100.0,0.0,0.0,0.0,27068.0,10908.0,3000.0,15568.0,0,0
15060,30000.0,0.17739999999999995,1080.67,1,130000.0,0,1,n,30.49,1.0,0.0,13.0,0.0,50722.0,22.0,0,23187.27,23187.27,10747.57,10747.57,6812.73,3934.84,0.0,0.0,0.0,1080.67,0.0,1.0,1,0.0,0.0,86457.0,0.0,7.0,0.0,1.0,21.0,35735.0,37.0,0.0,0.0,28773.0,52.0,84300.0,1.0,0.0,0.0,1.0,6651.0,33578.0,60.2,0.0,0.0,150.0,144.0,31.0,21.0,0.0,31.0,21.0,0.0,6.0,6.0,6.0,7.0,12.0,6.0,10.0,6.0,13.0,0.0,0.0,0.0,0.0,95.5,33.3,0.0,0.0,168250.0,86457.0,84300.0,83950.0,0,0
57340,10625.0,0.1612,259.06,1,64000.0,1,1,n,24.1,0.0,2.0,12.0,0.0,4545.0,18.0,0,9121.13,9121.13,3099.2,3099.2,1503.87,1595.33,0.0,0.0,0.0,259.06,0.0,1.0,1,0.0,893.0,25237.0,2.0,2.0,1.0,1.0,12.0,20692.0,49.0,2.0,4.0,1542.0,39.0,22700.0,1.0,0.0,5.0,5.0,2103.0,15953.0,18.6,0.0,0.0,146.0,110.0,3.0,3.0,0.0,3.0,5.0,0.0,6.0,9.0,7.0,7.0,5.0,10.0,13.0,9.0,12.0,0.0,0.0,0.0,3.0,94.4,0.0,0.0,0.0,64557.0,25237.0,19600.0,41857.0,0,0
30338,31900.0,0.0819,1002.43,3,98000.0,1,1,n,35.39,0.0,0.0,14.0,0.0,58450.0,21.0,0,22898.07,22898.07,11012.22,11012.22,9001.93,2010.29,0.0,0.0,0.0,1002.43,0.0,1.0,1,0.0,0.0,75049.0,0.0,3.0,0.0,1.0,24.0,16599.0,10.0,0.0,3.0,26271.0,47.0,114800.0,1.0,0.0,0.0,4.0,5361.0,53850.0,52.0,0.0,0.0,160.0,149.0,13.0,13.0,0.0,13.0,13.0,0.0,5.0,5.0,9.0,9.0,7.0,11.0,14.0,5.0,14.0,0.0,0.0,0.0,0.0,100.0,22.2,0.0,0.0,165800.0,75049.0,112300.0,51000.0,0,0
74716,40000.0,0.1102,870.1,3,82000.0,1,1,n,28.49,0.0,0.0,6.0,0.0,44651.0,16.0,0,33825.83,33825.83,10392.22,10392.22,6174.17,4218.05,0.0,0.0,0.0,870.1,0.0,1.0,1,0.0,0.0,53092.0,0.0,1.0,0.0,0.0,25.0,8441.0,33.0,0.0,0.0,18425.0,61.0,62500.0,0.0,0.0,0.0,0.0,8849.0,17849.0,71.4,0.0,0.0,123.0,236.0,26.0,25.0,1.0,26.0,18.0,0.0,5.0,5.0,5.0,5.0,9.0,5.0,6.0,5.0,6.0,0.0,0.0,0.0,0.0,100.0,60.0,0.0,0.0,87825.0,53092.0,62500.0,25325.0,0,0
72532,10625.0,0.14300000000000002,248.89,1,48000.0,0,1,n,19.63,0.0,0.0,10.0,0.0,17902.0,13.0,0,9120.1,9120.1,2978.24,2978.24,1504.9,1473.34,0.0,0.0,0.0,248.89,0.0,1.0,1,0.0,378.0,93592.0,0.0,2.0,0.0,1.0,13.0,75690.0,85.0,0.0,1.0,4740.0,56.0,38100.0,1.0,0.0,0.0,2.0,9359.0,18698.0,48.9,0.0,0.0,80.0,171.0,13.0,13.0,0.0,13.0,13.0,0.0,7.0,7.0,7.0,7.0,3.0,8.0,10.0,7.0,10.0,0.0,0.0,0.0,0.0,100.0,0.0,0.0,0.0,107600.0,93592.0,36600.0,69500.0,0,0
61798,13200.0,0.124,440.96,2,60000.0,0,1,n,22.62,0.0,0.0,12.0,0.0,9594.0,24.0,0,9330.24,9330.24,5268.79,5268.79,3869.76,1399.03,0.0,0.0,0.0,440.96,0.0,1.0,1,0.0,1470.0,74362.0,1.0,6.0,1.0,2.0,11.0,32552.0,92.0,1.0,2.0,6403.0,86.0,13800.0,2.0,0.0,1.0,4.0,6197.0,2097.0,75.3,0.0,0.0,161.0,127.0,4.0,4.0,1.0,55.0,11.0,0.0,1.0,4.0,2.0,7.0,8.0,5.0,15.0,4.0,12.0,0.0,0.0,0.0,2.0,100.0,50.0,0.0,0.0,121805.0,42146.0,8500.0,35400.0,0,0
34529,15950.0,0.17739999999999995,574.56,3,42000.0,1,1,n,26.74,0.0,1.0,11.0,0.0,8488.0,29.0,0,12072.08,12072.08,6280.86,6280.86,3877.92,2402.94,0.0,0.0,0.0,574.56,0.0,1.0,1,0.0,0.0,29409.0,2.0,2.0,1.0,2.0,1.0,20921.0,74.0,2.0,3.0,3011.0,71.0,13100.0,0.0,0.0,2.0,5.0,2674.0,365.0,94.0,0.0,0.0,137.0,111.0,2.0,1.0,0.0,2.0,2.0,1.0,4.0,7.0,4.0,5.0,17.0,9.0,12.0,7.0,11.0,0.0,0.0,0.0,3.0,93.1,75.0,0.0,0.0,41522.0,29409.0,6100.0,28422.0,0,0
9650,35000.0,0.1308,797.8,1,80000.0,1,1,n,14.12,2.0,1.0,6.0,0.0,1730.0,21.0,0,30626.76,30626.76,7927.13,7927.13,4373.24,3553.89,0.0,0.0,0.0,797.8,0.0,1.0,1,0.0,2900.0,21344.0,0.0,2.0,1.0,1.0,7.0,19614.0,77.0,0.0,0.0,582.0,64.0,8200.0,1.0,0.0,4.0,1.0,3557.0,6470.0,21.1,0.0,0.0,72.0,92.0,27.0,7.0,1.0,27.0,2.0,0.0,4.0,4.0,4.0,6.0,13.0,4.0,7.0,4.0,6.0,0.0,0.0,0.0,1.0,90.5,0.0,0.0,0.0,33536.0,21344.0,8200.0,25336.0,0,0
2305,12000.0,0.0646,367.57,1,89000.0,1,1,n,22.75,0.0,1.0,9.0,0.0,8999.0,25.0,0,0.0,0.0,12423.93,12423.93,12000.0,423.93,0.0,0.0,0.0,10222.82,0.0,1.0,1,0.0,0.0,60638.0,0.0,3.0,2.0,3.0,7.0,51639.0,80.0,0.0,0.0,4201.0,51.0,53700.0,0.0,0.0,1.0,3.0,6738.0,44701.0,16.8,0.0,0.0,176.0,220.0,35.0,7.0,0.0,35.0,3.0,0.0,3.0,3.0,6.0,10.0,12.0,6.0,12.0,3.0,9.0,0.0,0.0,0.0,2.0,100.0,0.0,0.0,0.0,118439.0,60638.0,53700.0,64739.0,0,0
35403,20925.0,0.0646,640.95,3,50000.0,0,1,n,9.75,0.0,1.0,11.0,0.0,5772.0,24.0,0,14954.68,14954.68,7042.94,7042.94,5970.32,1072.62,0.0,0.0,0.0,640.95,0.0,1.0,1,0.0,0.0,11246.0,0.0,1.0,1.0,2.0,11.0,5474.0,55.0,0.0,1.0,4473.0,25.0,34500.0,3.0,5.0,4.0,3.0,1125.0,28728.0,16.7,0.0,0.0,114.0,272.0,22.0,11.0,1.0,22.0,1.0,0.0,3.0,3.0,9.0,14.0,4.0,10.0,19.0,3.0,11.0,0.0,0.0,0.0,1.0,100.0,0.0,0.0,0.0,44500.0,11246.0,34500.0,10000.0,0,0
11558,10000.0,0.2305,282.2,1,35000.0,0,1,n,19.2,0.0,1.0,11.0,0.0,10321.0,14.0,0,9130.66,9130.66,2809.19,2809.19,869.34,1939.85,0.0,0.0,0.0,282.2,0.0,1.0,1,0.0,120.0,13770.0,2.0,1.0,0.0,1.0,21.0,3449.0,52.0,3.0,4.0,4625.0,55.0,18600.0,1.0,0.0,1.0,5.0,1252.0,5094.0,62.5,0.0,0.0,27.0,48.0,2.0,2.0,0.0,2.0,2.0,0.0,6.0,8.0,7.0,8.0,2.0,10.0,12.0,8.0,11.0,0.0,0.0,0.0,3.0,100.0,42.9,0.0,0.0,25184.0,13770.0,13600.0,6584.0,0,0
61863,7000.0,0.14300000000000002,240.27,2,52000.0,0,1,n,14.72,1.0,0.0,11.0,0.0,7447.0,18.0,0,4989.37,4989.37,2869.34,2869.34,2010.63,858.71,0.0,0.0,0.0,240.27,0.0,1.0,1,0.0,266.0,217665.0,0.0,1.0,0.0,0.0,30.0,21673.0,70.0,0.0,4.0,990.0,61.0,17100.0,2.0,2.0,1.0,5.0,19788.0,1596.0,51.6,0.0,0.0,59.0,59.0,14.0,14.0,1.0,14.0,12.0,0.0,3.0,5.0,4.0,4.0,6.0,9.0,11.0,5.0,11.0,0.0,0.0,0.0,0.0,94.4,25.0,0.0,0.0,241178.0,29120.0,3300.0,30907.0,0,0
26090,8000.0,0.124,267.25,2,107100.0,0,1,n,26.99,1.0,0.0,10.0,0.0,4136.0,18.0,0,0.0,0.0,8056.0,8056.0,8000.0,56.0,0.0,0.0,0.0,8061.51,0.0,1.0,1,0.0,0.0,376309.0,1.0,3.0,2.0,2.0,9.0,71182.0,78.0,1.0,1.0,3869.0,63.0,20200.0,0.0,3.0,2.0,3.0,37631.0,7431.0,34.2,0.0,0.0,121.0,112.0,0.0,0.0,1.0,112.0,10.0,1.0,1.0,2.0,1.0,1.0,9.0,5.0,7.0,2.0,10.0,0.0,0.0,0.0,3.0,94.1,0.0,0.0,0.0,419157.0,95416.0,11300.0,93670.0,0,0
6454,7200.0,0.1171,159.11,2,75000.0,0,1,n,11.31,0.0,1.0,16.0,1.0,14505.0,35.0,0,6611.05,6611.05,1268.2,1268.2,588.95,679.25,0.0,0.0,0.0,159.11,0.0,1.0,1,0.0,0.0,19498.0,1.0,1.0,0.0,0.0,38.0,4993.0,49.0,5.0,9.0,2783.0,33.0,48600.0,2.0,2.0,1.0,9.0,1219.0,22498.0,24.0,0.0,0.0,232.0,208.0,2.0,2.0,1.0,2.0,2.0,0.0,4.0,9.0,6.0,17.0,4.0,15.0,30.0,9.0,16.0,0.0,0.0,0.0,5.0,100.0,66.7,1.0,0.0,58875.0,19498.0,29600.0,10275.0,0,0
29112,5000.0,0.0702,154.44,2,115341.0,0,1,n,35.61,0.0,0.0,8.0,0.0,3728.0,29.0,0,3566.89,3566.89,1694.94,1694.94,1433.11,261.83,0.0,0.0,0.0,154.44,0.0,1.0,0,0.0,0.0,312039.0,1.0,5.0,0.0,2.0,16.0,159540.0,75.0,0.0,0.0,2251.0,70.0,9500.0,1.0,3.0,1.0,3.0,39005.0,5772.0,39.2,0.0,0.0,167.0,218.0,41.0,2.0,4.0,41.0,11.0,0.0,2.0,2.0,2.0,3.0,20.0,2.0,5.0,2.0,8.0,0.0,0.0,0.0,1.0,96.6,0.0,0.0,0.0,375704.0,163268.0,9500.0,217433.0,0,0
16711,16000.0,0.0702,494.18,2,60000.0,0,1,n,21.04,0.0,0.0,11.0,0.0,16017.0,67.0,0,11576.46,11576.46,5235.56,5235.56,4423.54,812.02,0.0,0.0,0.0,494.18,0.0,1.0,1,0.0,516.0,342275.0,1.0,2.0,1.0,3.0,10.0,103268.0,85.0,4.0,5.0,6582.0,58.0,42200.0,1.0,2.0,6.0,10.0,34228.0,19383.0,45.2,0.0,0.0,222.0,198.0,7.0,5.0,2.0,7.0,2.0,0.0,5.0,5.0,5.0,8.0,41.0,7.0,24.0,5.0,11.0,0.0,0.0,0.0,6.0,98.4,20.0,0.0,0.0,370879.0,119285.0,35400.0,105447.0,0,0
8894,21275.0,0.2305,600.37,3,125000.0,1,1,n,28.91,1.0,0.0,7.0,0.0,58314.0,17.0,0,19183.38,19183.38,5949.21,5949.21,2091.62,3857.59,0.0,0.0,0.0,600.37,1.0,1.0,1,0.0,56.0,420565.0,0.0,2.0,0.0,0.0,35.0,41566.0,55.0,0.0,0.0,27908.0,80.0,61500.0,1.0,0.0,3.0,0.0,70094.0,3186.0,94.8,0.0,0.0,122.0,365.0,51.0,35.0,4.0,51.0,7.0,0.0,3.0,3.0,4.0,6.0,5.0,4.0,8.0,3.0,7.0,0.0,0.0,0.0,0.0,87.5,100.0,0.0,0.0,480537.0,99880.0,61500.0,77037.0,0,0
26004,6375.0,0.14300000000000002,218.82,3,98000.0,1,1,n,24.9,0.0,3.0,24.0,1.0,28251.0,41.0,0,5413.05,5413.05,1745.5,1745.5,961.95,783.55,0.0,0.0,0.0,218.82,0.0,1.0,1,0.0,99.0,89951.0,3.0,3.0,2.0,4.0,4.0,61700.0,76.0,1.0,7.0,4957.0,45.0,73500.0,2.0,0.0,4.0,12.0,3748.0,34935.0,23.7,0.0,0.0,91.0,194.0,6.0,4.0,0.0,6.0,5.0,0.0,7.0,10.0,13.0,17.0,10.0,21.0,30.0,10.0,24.0,0.0,0.0,0.0,3.0,100.0,0.0,1.0,0.0,139973.0,89951.0,45800.0,66473.0,0,0
70209,31900.0,0.1102,1044.67,1,40000.0,1,1,n,24.96,0.0,0.0,5.0,0.0,701.0,10.0,0,27320.45,27320.45,7753.89,7753.89,4579.55,3174.34,0.0,0.0,0.0,250.9,0.0,1.0,0,0.0,352.0,15074.0,0.0,1.0,0.0,1.0,15.0,14373.0,72.0,0.0,0.0,359.0,52.0,9100.0,1.0,0.0,0.0,1.0,3015.0,7799.0,8.2,0.0,0.0,25.0,196.0,54.0,15.0,0.0,54.0,15.0,0.0,2.0,2.0,2.0,3.0,2.0,4.0,8.0,2.0,5.0,0.0,0.0,0.0,0.0,80.0,0.0,0.0,0.0,29100.0,15074.0,8500.0,20000.0,1,0
46083,40000.0,0.0646,1225.24,2,55000.0,0,1,n,27.14,0.0,0.0,22.0,0.0,32362.0,34.0,0,28678.01,28678.01,13463.28,13463.28,11321.99,2141.29,0.0,0.0,0.0,1225.24,0.0,1.0,0,0.0,0.0,34325.0,0.0,1.0,0.0,0.0,28.0,1963.0,19.0,2.0,2.0,9060.0,39.0,78000.0,0.0,0.0,0.0,2.0,1560.0,26061.0,50.7,0.0,0.0,136.0,125.0,11.0,11.0,0.0,11.0,13.0,0.0,12.0,16.0,13.0,16.0,4.0,21.0,30.0,16.0,22.0,0.0,0.0,0.0,2.0,97.0,15.4,0.0,0.0,88099.0,34325.0,52900.0,10099.0,0,0
7587,18000.0,0.14300000000000002,421.64,1,60000.0,0,1,n,25.66,0.0,0.0,11.0,0.0,16836.0,16.0,0,16756.4,16756.4,3358.82,3358.82,1243.6,2115.22,0.0,0.0,0.0,421.64,0.0,1.0,1,0.0,0.0,39428.0,1.0,2.0,0.0,1.0,14.0,22592.0,63.0,1.0,1.0,4058.0,41.0,59700.0,1.0,0.0,0.0,2.0,3584.0,37984.0,27.9,0.0,0.0,72.0,85.0,5.0,5.0,0.0,5.0,14.0,0.0,7.0,8.0,7.0,8.0,4.0,9.0,12.0,9.0,11.0,0.0,0.0,0.0,1.0,100.0,0.0,0.0,0.0,95856.0,39428.0,52700.0,36156.0,0,0
69938,11700.0,0.1862,426.64,2,40860.0,0,1,n,29.22,1.0,0.0,7.0,0.0,1596.0,16.0,0,10370.17,10370.17,3401.02,3401.02,1329.84,2071.18,0.0,0.0,0.0,426.64,0.0,1.0,1,0.0,0.0,159508.0,1.0,3.0,1.0,2.0,5.0,20803.0,47.0,0.0,0.0,20.0,47.0,3500.0,2.0,5.0,2.0,2.0,22787.0,480.0,4.0,0.0,0.0,118.0,307.0,64.0,5.0,2.0,69.0,4.0,0.0,1.0,2.0,1.0,2.0,8.0,3.0,6.0,2.0,7.0,0.0,0.0,0.0,1.0,87.5,0.0,0.0,0.0,194638.0,22399.0,500.0,44643.0,0,0
55583,20925.0,0.0819,657.55,2,120000.0,0,1,n,35.98,0.0,0.0,14.0,0.0,80859.0,22.0,0,14510.94,14510.94,7881.08,7881.08,6414.06,1467.02,0.0,0.0,0.0,657.55,0.0,1.0,1,0.0,0.0,481141.0,0.0,4.0,1.0,2.0,10.0,50738.0,51.0,0.0,0.0,27396.0,52.0,152000.0,1.0,0.0,0.0,2.0,34367.0,59141.0,57.8,0.0,0.0,218.0,279.0,54.0,10.0,3.0,57.0,15.0,0.0,5.0,5.0,6.0,6.0,9.0,8.0,10.0,5.0,14.0,0.0,0.0,0.0,1.0,95.2,50.0,0.0,0.0,665559.0,131597.0,140000.0,100459.0,0,0
27413,13000.0,0.17739999999999995,468.29,1,70000.0,0,1,n,33.58,2.0,1.0,10.0,0.0,12448.0,16.0,0,0.0,0.0,13941.92,13941.92,13000.0,941.92,0.0,0.0,0.0,10867.54,0.0,1.0,1,0.0,0.0,32461.0,2.0,3.0,0.0,0.0,25.0,20013.0,31.0,2.0,2.0,2903.0,40.0,16300.0,0.0,0.0,1.0,2.0,3246.0,1451.0,88.2,0.0,0.0,85.0,148.0,3.0,3.0,0.0,54.0,4.0,0.0,5.0,6.0,5.0,7.0,5.0,7.0,11.0,6.0,10.0,0.0,0.0,0.0,2.0,81.3,100.0,0.0,0.0,80912.0,32461.0,12300.0,64612.0,0,0
16993,7425.0,0.0819,233.33,2,54515.0,0,1,n,13.23,0.0,0.0,10.0,0.0,8350.0,21.0,0,5195.24,5195.24,2679.92,2679.92,2229.76,450.16,0.0,0.0,0.0,233.33,0.0,1.0,1,0.0,0.0,136280.0,2.0,2.0,0.0,4.0,16.0,9661.0,58.0,1.0,3.0,7200.0,31.0,42200.0,1.0,1.0,4.0,8.0,13628.0,31050.0,21.2,0.0,0.0,61.0,68.0,3.0,3.0,2.0,3.0,6.0,0.0,4.0,4.0,5.0,7.0,8.0,7.0,11.0,4.0,10.0,0.0,0.0,0.0,2.0,100.0,0.0,0.0,0.0,177565.0,18011.0,39400.0,16565.0,0,0
10085,40000.0,0.08810000000000001,826.66,2,73200.0,0,1,n,41.0,0.0,3.0,21.0,0.0,37828.0,59.0,0,34491.5,34491.5,8247.02,8247.02,5508.5,2738.52,0.0,0.0,0.0,826.66,0.0,1.0,0,0.0,0.0,123616.0,4.0,3.0,2.0,2.0,2.0,85788.0,85.0,5.0,7.0,7880.0,49.0,118700.0,3.0,11.0,10.0,9.0,5886.0,41035.0,35.2,0.0,0.0,119.0,174.0,3.0,2.0,6.0,6.0,1.0,0.0,5.0,9.0,11.0,19.0,13.0,18.0,40.0,9.0,21.0,0.0,0.0,0.0,7.0,100.0,27.3,0.0,0.0,213267.0,123616.0,63300.0,94567.0,0,0
33781,20000.0,0.2055,536.02,1,60000.0,0,1,n,23.44,0.0,1.0,13.0,0.0,4963.0,26.0,0,17679.32,17679.32,5850.55,5850.55,2320.68,3529.87,0.0,0.0,0.0,536.02,0.0,1.0,1,0.0,169.0,142674.0,1.0,2.0,0.0,1.0,16.0,25921.0,71.0,1.0,1.0,1637.0,48.0,14000.0,3.0,1.0,1.0,2.0,10975.0,6583.0,40.7,0.0,0.0,83.0,62.0,6.0,6.0,0.0,6.0,6.0,2.0,6.0,9.0,6.0,10.0,5.0,10.0,19.0,9.0,13.0,0.0,0.0,0.0,1.0,92.3,0.0,0.0,0.0,169130.0,142674.0,11100.0,43340.0,0,0
42511,40000.0,0.1102,870.1,1,226000.0,0,1,n,13.32,0.0,0.0,9.0,0.0,23917.0,17.0,0,0.0,0.0,40342.84,40342.84,40000.0,342.84,0.0,0.0,0.0,40367.33,0.0,1.0,1,0.0,0.0,104309.0,0.0,2.0,0.0,1.0,14.0,79346.0,58.0,0.0,0.0,18024.0,58.0,40300.0,0.0,3.0,0.0,2.0,13039.0,14822.0,59.3,0.0,0.0,130.0,182.0,55.0,11.0,0.0,155.0,14.0,0.0,2.0,3.0,4.0,4.0,9.0,5.0,6.0,3.0,9.0,0.0,0.0,0.0,1.0,94.1,25.0,0.0,0.0,152102.0,104309.0,36400.0,109416.0,0,0
36703,17000.0,0.1102,369.8,1,40000.0,0,1,n,23.25,0.0,0.0,17.0,0.0,11286.0,29.0,0,14538.53,14538.53,4041.78,4041.78,2461.47,1580.31,0.0,0.0,0.0,369.8,0.0,1.0,1,0.0,0.0,26719.0,1.0,1.0,0.0,1.0,19.0,15433.0,81.0,3.0,3.0,5707.0,34.0,60700.0,2.0,0.0,2.0,4.0,1572.0,36691.0,18.1,0.0,0.0,47.0,394.0,4.0,4.0,1.0,12.0,8.0,0.0,5.0,7.0,11.0,14.0,2.0,16.0,26.0,7.0,17.0,0.0,0.0,0.0,3.0,100.0,0.0,0.0,0.0,79700.0,26719.0,44800.0,19000.0,0,0
38584,11900.0,0.0819,242.38,2,100000.0,0,1,n,13.78,0.0,0.0,13.0,0.0,18202.0,33.0,0,10094.44,10094.44,2660.77,2660.77,1805.56,855.21,0.0,0.0,0.0,242.38,0.0,1.0,1,0.0,0.0,450567.0,0.0,8.0,1.0,2.0,11.0,70209.0,78.0,0.0,0.0,11009.0,59.0,60000.0,2.0,0.0,1.0,4.0,34659.0,41798.0,30.3,0.0,0.0,148.0,136.0,51.0,10.0,2.0,51.0,11.0,0.0,2.0,2.0,4.0,6.0,25.0,4.0,6.0,2.0,13.0,0.0,0.0,0.0,2.0,100.0,0.0,0.0,0.0,518651.0,88411.0,60000.0,89651.0,0,0
56529,21000.0,0.2305,592.61,1,40000.0,1,1,n,28.74,0.0,0.0,6.0,0.0,19277.0,8.0,0,18556.93,18556.93,7084.43,7084.43,2443.07,4641.36,0.0,0.0,0.0,592.61,0.0,1.0,1,0.0,0.0,38502.0,0.0,2.0,0.0,1.0,14.0,19225.0,59.0,1.0,2.0,9737.0,61.0,30500.0,1.0,1.0,0.0,3.0,6417.0,11223.0,63.2,0.0,0.0,124.0,230.0,10.0,10.0,0.0,10.0,14.0,0.0,4.0,4.0,4.0,4.0,4.0,4.0,4.0,4.0,6.0,0.0,0.0,0.0,1.0,100.0,50.0,0.0,0.0,63012.0,38502.0,30500.0,32512.0,0,0
62713,5000.0,0.08810000000000001,158.56,3,62000.0,0,1,n,23.71,0.0,1.0,12.0,0.0,15590.0,20.0,0,3477.26,3477.26,1896.6,1896.6,1522.74,373.86,0.0,0.0,0.0,158.56,0.0,1.0,1,0.0,0.0,193908.0,0.0,3.0,0.0,1.0,13.0,9962.0,35.0,0.0,1.0,4899.0,41.0,33400.0,1.0,2.0,1.0,2.0,16159.0,15289.0,49.2,0.0,0.0,150.0,88.0,16.0,13.0,6.0,26.0,3.0,0.0,4.0,5.0,5.0,5.0,7.0,7.0,7.0,5.0,12.0,0.0,0.0,0.0,0.0,100.0,20.0,0.0,0.0,258210.0,25552.0,30100.0,28905.0,0,0
45427,14175.0,0.0756,441.33,2,104000.0,0,1,n,22.42,0.0,1.0,21.0,0.0,18320.0,33.0,0,10925.71,10925.71,4122.18,4122.18,3249.29,872.89,0.0,0.0,0.0,441.33,0.0,1.0,1,0.0,0.0,647055.0,2.0,4.0,2.0,3.0,6.0,73446.0,54.0,1.0,4.0,9139.0,31.0,105400.0,0.0,0.0,2.0,7.0,30812.0,83031.0,16.7,0.0,0.0,165.0,342.0,6.0,6.0,4.0,6.0,6.0,0.0,4.0,5.0,12.0,13.0,11.0,15.0,18.0,5.0,21.0,0.0,0.0,0.0,3.0,93.9,0.0,0.0,0.0,926752.0,91766.0,99700.0,111352.0,0,0
7377,4000.0,0.1862,145.86,3,140000.0,1,1,n,17.69,0.0,0.0,8.0,0.0,2148.0,11.0,1,3102.32,3102.32,1454.46,1454.46,897.68,556.78,0.0,0.0,0.0,145.86,0.0,1.0,1,0.0,210.0,88102.0,0.0,1.0,1.0,3.0,12.0,85954.0,83.0,1.0,4.0,1071.0,80.0,4400.0,2.0,0.0,8.0,7.0,11013.0,2252.0,48.8,0.0,0.0,118.0,28.0,9.0,9.0,0.0,9.0,12.0,0.0,5.0,5.0,5.0,5.0,6.0,5.0,5.0,5.0,8.0,0.0,0.0,0.0,2.0,100.0,0.0,0.0,0.0,102979.0,88102.0,4400.0,98579.0,0,0
28155,40000.0,0.0646,1225.24,2,170000.0,1,1,n,11.63,0.0,0.0,11.0,0.0,37099.0,31.0,0,28587.13,28587.13,13448.93,13448.93,11412.87,2036.06,0.0,0.0,0.0,1225.24,0.0,1.0,1,0.0,0.0,449809.0,1.0,2.0,0.0,2.0,16.0,26667.0,81.0,0.0,1.0,8819.0,57.0,75100.0,0.0,6.0,4.0,4.0,40892.0,29490.0,39.3,0.0,0.0,258.0,247.0,24.0,6.0,4.0,48.0,7.0,0.0,4.0,7.0,4.0,7.0,14.0,8.0,13.0,7.0,11.0,0.0,0.0,0.0,1.0,100.0,25.0,0.0,0.0,527652.0,63766.0,48600.0,63359.0,0,0
3809,11700.0,0.1102,254.51,2,65600.0,0,1,n,20.49,0.0,0.0,16.0,0.0,11045.0,18.0,1,10167.06,10167.06,2530.77,2530.77,1532.94,997.83,0.0,0.0,0.0,254.51,0.0,1.0,1,0.0,0.0,25775.0,1.0,2.0,0.0,1.0,21.0,14623.0,38.0,1.0,6.0,3723.0,20.0,91200.0,0.0,0.0,1.0,7.0,1611.0,80155.0,12.1,0.0,0.0,55.0,88.0,1.0,1.0,0.0,1.0,9.0,0.0,7.0,7.0,12.0,13.0,4.0,12.0,13.0,7.0,16.0,0.0,0.0,0.0,1.0,100.0,0.0,0.0,0.0,129833.0,25775.0,91200.0,38065.0,0,0
41263,12000.0,0.2565,356.81,1,86900.0,0,1,n,20.18,0.0,0.0,9.0,0.0,25948.0,9.0,0,10876.41,10876.41,3890.71,3890.71,1123.59,2767.12,0.0,0.0,0.0,356.81,0.0,1.0,1,0.0,0.0,39647.0,0.0,1.0,1.0,1.0,11.0,13699.0,86.0,0.0,0.0,14757.0,91.0,27700.0,0.0,0.0,1.0,1.0,4405.0,392.0,98.5,0.0,0.0,11.0,74.0,28.0,11.0,0.0,28.0,11.0,0.0,6.0,7.0,6.0,6.0,1.0,8.0,8.0,7.0,9.0,0.0,0.0,0.0,1.0,100.0,100.0,0.0,0.0,43700.0,39647.0,26100.0,16000.0,0,0
3144,11000.0,0.08810000000000001,348.83,1,70000.0,1,1,n,14.45,0.0,0.0,17.0,0.0,9835.0,17.0,0,0.0,0.0,11285.84,11285.84,11000.0,285.84,0.0,0.0,0.0,10593.56,0.0,1.0,1,0.0,0.0,26872.0,3.0,7.0,5.0,6.0,1.0,17037.0,62.0,1.0,3.0,4504.0,35.0,49700.0,1.0,0.0,1.0,9.0,1581.0,31490.0,21.5,0.0,0.0,53.0,88.0,8.0,1.0,0.0,8.0,11.0,0.0,5.0,6.0,8.0,8.0,7.0,10.0,10.0,6.0,17.0,0.0,0.0,0.0,6.0,94.1,0.0,0.0,0.0,77271.0,26872.0,40100.0,27571.0,0,0
69419,16750.0,0.1524,582.62,3,60000.0,0,1,n,23.46,0.0,1.0,11.0,0.0,10746.0,12.0,0,12026.82,12026.82,6963.08,6963.08,4723.18,2239.9,0.0,0.0,0.0,582.62,0.0,1.0,1,0.0,0.0,35694.0,1.0,2.0,1.0,2.0,7.0,24948.0,87.0,1.0,4.0,3290.0,59.0,31500.0,2.0,0.0,4.0,6.0,3245.0,9029.0,42.9,0.0,0.0,62.0,48.0,3.0,3.0,0.0,20.0,2.0,0.0,5.0,9.0,5.0,5.0,3.0,9.0,9.0,9.0,11.0,0.0,0.0,0.0,2.0,100.0,60.0,0.0,0.0,60307.0,35694.0,15800.0,28807.0,0,0
558,25000.0,0.08810000000000001,792.79,1,324000.0,1,1,n,6.85,0.0,0.0,13.0,0.0,11060.0,24.0,0,18669.57,18669.57,7915.66,7915.66,6330.43,1585.23,0.0,0.0,0.0,792.79,1.0,1.0,1,0.0,371.0,172063.0,1.0,6.0,0.0,2.0,18.0,161003.0,70.0,0.0,0.0,5536.0,41.0,72800.0,2.0,0.0,2.0,3.0,13236.0,61740.0,15.2,0.0,0.0,301.0,348.0,68.0,4.0,0.0,68.0,1.0,1.0,3.0,3.0,6.0,7.0,13.0,6.0,9.0,3.0,13.0,0.0,0.0,0.0,1.0,95.8,0.0,0.0,0.0,275028.0,172063.0,72800.0,197972.0,0,0
77150,8000.0,0.124,267.25,1,47152.0,1,1,n,14.69,1.0,0.0,5.0,0.0,5221.0,10.0,0,6178.77,6178.77,2732.8,2732.8,1821.23,911.57,0.0,0.0,0.0,267.25,0.0,1.0,1,0.0,0.0,18747.0,0.0,1.0,0.0,0.0,43.0,13526.0,53.0,2.0,2.0,3003.0,56.0,7600.0,0.0,1.0,2.0,2.0,3749.0,2079.0,71.5,0.0,0.0,62.0,143.0,8.0,8.0,0.0,8.0,5.0,1.0,3.0,3.0,3.0,4.0,2.0,4.0,8.0,3.0,5.0,0.0,0.0,1.0,2.0,50.0,66.7,0.0,0.0,33326.0,18747.0,7300.0,25726.0,0,0
15260,12000.0,0.0819,377.09,3,38000.0,1,1,n,26.63,0.0,2.0,5.0,0.0,0.0,11.0,0,8955.77,8955.77,3759.98,3759.98,3044.23,715.75,0.0,0.0,0.0,377.09,0.0,1.0,1,0.0,0.0,6009.0,1.0,3.0,1.0,1.0,4.0,6009.0,23.0,0.0,1.0,0.0,18.0,6800.0,0.0,4.0,2.0,2.0,1202.0,6000.0,0.0,0.0,0.0,107.0,159.0,14.0,4.0,0.0,14.0,0.0,0.0,0.0,0.0,1.0,3.0,7.0,2.0,4.0,0.0,5.0,0.0,0.0,0.0,1.0,90.9,0.0,0.0,0.0,33460.0,6009.0,6000.0,26660.0,0,0
33061,20350.0,0.17739999999999995,733.05,2,200000.0,0,1,n,36.5,0.0,1.0,20.0,0.0,104941.0,34.0,0,15292.82,15292.82,8043.49,8043.49,5057.18,2986.31,0.0,0.0,0.0,733.05,0.0,1.0,1,0.0,0.0,675683.0,2.0,5.0,3.0,4.0,1.0,126065.0,101.0,1.0,1.0,19631.0,83.0,144600.0,2.0,3.0,2.0,6.0,33784.0,28242.0,75.9,0.0,0.0,150.0,363.0,12.0,1.0,5.0,33.0,1.0,0.0,9.0,13.0,9.0,11.0,11.0,13.0,17.0,13.0,20.0,0.0,0.0,0.0,4.0,100.0,66.7,0.0,0.0,808490.0,266309.0,117000.0,176944.0,0,0
48216,11150.0,0.2055,298.83,2,65000.0,0,1,n,37.96,0.0,1.0,21.0,0.0,10468.0,32.0,1,9939.2,9939.2,3274.4,3274.4,1210.8,2063.6,0.0,0.0,0.0,298.83,0.0,1.0,1,0.0,0.0,462620.0,1.0,3.0,2.0,2.0,7.0,76241.0,81.0,2.0,6.0,5403.0,37.0,74300.0,1.0,0.0,4.0,8.0,22030.0,59032.0,15.1,0.0,0.0,162.0,278.0,2.0,2.0,3.0,2.0,2.0,0.0,3.0,3.0,12.0,14.0,8.0,17.0,21.0,3.0,21.0,0.0,0.0,0.0,4.0,90.6,0.0,0.0,0.0,619409.0,86709.0,69500.0,85909.0,0,0
44,15000.0,0.1081,489.74,2,145000.0,0,1,n,32.94,0.0,1.0,14.0,0.0,14872.0,36.0,0,11690.4,11690.4,4398.65,4398.65,3309.6,1089.05,0.0,0.0,0.0,0.0,0.0,1.0,1,0.0,0.0,101735.0,2.0,6.0,1.0,4.0,2.0,86863.0,53.0,2.0,2.0,4083.0,53.0,27400.0,3.0,0.0,2.0,6.0,9249.0,10128.0,59.5,0.0,0.0,194.0,223.0,2.0,2.0,0.0,2.0,2.0,0.0,4.0,4.0,7.0,18.0,13.0,8.0,23.0,4.0,14.0,0.0,0.0,0.0,3.0,100.0,50.0,0.0,0.0,163415.0,101735.0,25000.0,136015.0,0,0
28664,26000.0,0.2305,733.7,3,48000.0,1,1,n,25.45,0.0,0.0,4.0,0.0,16079.0,11.0,0,23160.55,23160.55,8004.11,8004.11,2839.45,5164.66,0.0,0.0,0.0,733.7,0.0,1.0,1,0.0,0.0,32162.0,0.0,2.0,0.0,2.0,15.0,16083.0,76.0,0.0,1.0,15358.0,86.0,16100.0,2.0,1.0,1.0,3.0,8041.0,21.0,99.9,0.0,0.0,175.0,210.0,17.0,15.0,1.0,17.0,7.0,0.0,2.0,2.0,2.0,2.0,7.0,2.0,3.0,2.0,4.0,0.0,0.0,0.0,0.0,90.9,100.0,0.0,0.0,37287.0,32162.0,16100.0,21187.0,0,0
39374,25000.0,0.0819,785.61,2,135000.0,0,1,n,28.06,0.0,1.0,14.0,0.0,13189.0,24.0,0,18034.29,18034.29,8630.33,8630.33,6965.71,1664.62,0.0,0.0,0.0,785.61,0.0,1.0,1,0.0,0.0,310558.0,1.0,6.0,1.0,4.0,5.0,94570.0,78.0,0.0,1.0,3784.0,63.0,50800.0,2.0,0.0,2.0,5.0,22183.0,25254.0,29.1,0.0,0.0,120.0,279.0,18.0,5.0,1.0,18.0,5.0,0.0,4.0,6.0,4.0,4.0,13.0,7.0,10.0,6.0,14.0,0.0,0.0,0.0,1.0,100.0,0.0,0.0,0.0,424813.0,107759.0,35600.0,121513.0,0,0
36111,5175.0,0.0702,159.84,2,48000.0,0,1,n,22.6,0.0,1.0,30.0,0.0,2407.0,43.0,0,3713.76,3713.76,1756.22,1756.22,1461.24,294.98,0.0,0.0,0.0,159.84,0.0,1.0,1,0.0,0.0,358382.0,2.0,20.0,0.0,1.0,19.0,97728.0,109.0,2.0,2.0,1922.0,86.0,26900.0,1.0,0.0,3.0,4.0,11946.0,12478.0,13.3,0.0,0.0,257.0,232.0,3.0,3.0,1.0,32.0,3.0,0.0,1.0,2.0,4.0,5.0,30.0,9.0,12.0,2.0,30.0,0.0,0.0,0.0,3.0,95.2,0.0,0.0,0.0,375903.0,100135.0,14400.0,90103.0,0,0
17773,22800.0,0.0819,716.47,2,55000.0,0,1,n,30.66,1.0,1.0,12.0,0.0,22748.0,25.0,0,17015.97,17015.97,7154.33,7154.33,5784.03,1370.3,0.0,0.0,0.0,716.47,0.0,1.0,0,0.0,0.0,158923.0,2.0,2.0,1.0,1.0,10.0,21949.0,67.0,2.0,4.0,11935.0,45.0,67100.0,3.0,1.0,4.0,5.0,13244.0,34352.0,39.8,0.0,0.0,159.0,245.0,4.0,4.0,3.0,4.0,2.0,0.0,5.0,5.0,7.0,9.0,8.0,9.0,14.0,5.0,12.0,0.0,0.0,0.0,3.0,92.0,14.3,0.0,0.0,270886.0,44697.0,57100.0,32709.0,0,0
32471,12800.0,0.2055,343.06,1,130000.0,1,1,n,22.65,0.0,1.0,13.0,0.0,9134.0,35.0,0,11314.68,11314.68,3759.05,3759.05,1485.32,2273.73,0.0,0.0,0.0,343.06,0.0,1.0,1,0.0,1418.0,127388.0,3.0,5.0,2.0,6.0,4.0,118254.0,77.0,1.0,2.0,4569.0,64.0,28900.0,6.0,5.0,6.0,8.0,9799.0,16270.0,34.7,0.0,0.0,123.0,98.0,4.0,4.0,0.0,4.0,4.0,0.0,4.0,5.0,6.0,9.0,24.0,8.0,11.0,5.0,13.0,0.0,0.0,0.0,3.0,93.9,0.0,0.0,0.0,164218.0,127388.0,24900.0,135318.0,0,0
23244,24000.0,0.2305,677.27,2,58000.0,1,1,n,36.83,0.0,1.0,9.0,0.0,9405.0,18.0,0,21378.86,21378.86,7419.24,7419.24,2621.14,4798.1,0.0,0.0,0.0,677.27,0.0,1.0,1,0.0,522.0,134820.0,1.0,5.0,2.0,4.0,6.0,55223.0,59.0,0.0,0.0,6459.0,57.0,17800.0,5.0,0.0,6.0,4.0,14980.0,4839.0,62.8,0.0,0.0,126.0,98.0,69.0,6.0,1.0,69.0,0.0,0.0,2.0,3.0,2.0,2.0,13.0,3.0,4.0,3.0,9.0,0.0,0.0,0.0,2.0,100.0,0.0,0.0,0.0,166660.0,64628.0,13000.0,75060.0,0,0
66545,15000.0,0.08810000000000001,475.68,2,70000.0,0,1,n,24.86,0.0,1.0,11.0,0.0,7744.0,19.0,0,0.0,0.0,15567.714999999,15567.71,15000.0,567.71,0.0,0.0,0.0,13672.33,0.0,1.0,1,0.0,0.0,241770.0,1.0,4.0,0.0,2.0,14.0,56871.0,84.0,2.0,2.0,3162.0,64.0,33500.0,2.0,1.0,2.0,5.0,21979.0,23059.0,13.0,0.0,0.0,154.0,164.0,3.0,3.0,1.0,10.0,3.0,0.0,2.0,3.0,5.0,7.0,7.0,6.0,11.0,3.0,11.0,0.0,0.0,0.0,2.0,100.0,0.0,0.0,0.0,281740.0,64615.0,26500.0,67410.0,0,0
61633,6400.0,0.08810000000000001,202.96,2,70000.0,0,1,n,5.55,0.0,0.0,9.0,0.0,3070.0,12.0,0,4450.86,4450.86,2427.69,2427.69,1949.14,478.55,0.0,0.0,0.0,202.96,0.0,1.0,1,0.0,0.0,137129.0,2.0,1.0,1.0,1.0,11.0,796.0,53.0,2.0,2.0,927.0,31.0,10900.0,1.0,0.0,2.0,4.0,15237.0,3108.0,42.4,0.0,0.0,11.0,68.0,1.0,1.0,1.0,25.0,10.0,2.0,4.0,6.0,4.0,6.0,1.0,7.0,10.0,6.0,9.0,0.0,0.0,0.0,4.0,66.7,25.0,0.0,0.0,146710.0,3866.0,5400.0,1500.0,0,0
10951,13200.0,0.14300000000000002,309.2,2,100000.0,0,1,n,3.7,1.0,0.0,4.0,0.0,7908.0,11.0,0,11596.9,11596.9,3081.51,3081.51,1603.1,1478.41,0.0,0.0,0.0,309.2,0.0,1.0,1,0.0,0.0,79852.0,0.0,1.0,1.0,1.0,9.0,4084.0,82.0,0.0,0.0,7908.0,55.0,17000.0,1.0,1.0,1.0,2.0,19963.0,9092.0,46.5,0.0,0.0,144.0,120.0,58.0,9.0,3.0,68.0,9.0,0.0,1.0,1.0,2.0,3.0,4.0,2.0,4.0,1.0,4.0,0.0,0.0,0.0,1.0,90.9,0.0,0.0,0.0,97000.0,11992.0,17000.0,5000.0,0,0
13209,31900.0,0.0819,1002.43,2,67000.0,1,1,n,26.19,0.0,0.0,14.0,0.0,6297.0,20.0,0,23807.43,23807.43,10009.79,10009.79,8092.57,1917.22,0.0,0.0,0.0,1002.43,0.0,1.0,1,0.0,0.0,203571.0,1.0,2.0,0.0,2.0,15.0,27221.0,60.0,2.0,3.0,3100.0,31.0,63100.0,1.0,0.0,3.0,5.0,16964.0,30087.0,11.5,0.0,0.0,56.0,187.0,1.0,1.0,1.0,34.0,11.0,0.0,4.0,6.0,7.0,7.0,7.0,11.0,12.0,6.0,14.0,0.0,0.0,0.0,2.0,100.0,0.0,0.0,0.0,294666.0,33518.0,34000.0,45653.0,0,0
55518,25000.0,0.14300000000000002,858.09,2,182000.0,0,1,n,26.79,0.0,1.0,23.0,0.0,36586.0,61.0,0,22218.52,22218.52,5986.77,5986.77,2781.48,3205.29,0.0,0.0,0.0,0.0,0.0,1.0,1,0.0,0.0,1432447.0,2.0,4.0,2.0,5.0,4.0,134950.0,59.0,0.0,5.0,12043.0,48.0,95000.0,4.0,2.0,3.0,12.0,62280.0,27181.0,55.4,0.0,0.0,153.0,187.0,15.0,4.0,6.0,15.0,4.0,0.0,6.0,9.0,9.0,16.0,15.0,17.0,39.0,9.0,23.0,0.0,0.0,0.0,3.0,100.0,33.3,0.0,0.0,1537018.0,171536.0,60900.0,167318.0,0,0
34679,2500.0,0.08810000000000001,79.28,2,52000.0,0,1,n,14.13,0.0,1.0,16.0,0.0,4311.0,35.0,0,1504.07,1504.07,1169.02,1169.02,995.93,173.09,0.0,0.0,0.0,79.28,0.0,1.0,1,0.0,1654.0,217619.0,1.0,2.0,2.0,3.0,7.0,3597.0,80.0,2.0,4.0,1549.0,31.0,21400.0,4.0,0.0,2.0,7.0,13601.0,11127.0,26.8,0.0,0.0,42.0,209.0,4.0,4.0,1.0,4.0,1.0,4.0,6.0,8.0,8.0,12.0,4.0,13.0,30.0,8.0,16.0,0.0,0.0,0.0,4.0,88.6,0.0,0.0,0.0,273400.0,7908.0,15200.0,4500.0,0,0
69696,12000.0,0.1862,437.58,1,75000.0,1,1,n,15.95,0.0,0.0,6.0,0.0,4314.0,10.0,0,8712.21,8712.21,5226.13,5226.13,3287.79,1938.34,0.0,0.0,0.0,437.58,0.0,1.0,1,0.0,0.0,23068.0,0.0,1.0,1.0,2.0,10.0,13592.0,85.0,0.0,0.0,3622.0,79.0,7000.0,1.0,0.0,1.0,2.0,3845.0,2586.0,62.5,0.0,0.0,42.0,67.0,37.0,10.0,0.0,57.0,10.0,0.0,3.0,3.0,3.0,3.0,5.0,4.0,4.0,3.0,6.0,0.0,0.0,0.0,1.0,100.0,33.3,0.0,0.0,29179.0,23068.0,6900.0,16000.0,0,0
51817,10625.0,0.14300000000000002,248.89,1,140000.0,0,1,n,25.47,0.0,2.0,8.0,0.0,19787.0,22.0,0,9057.6,9057.6,2978.24,2978.24,1567.4,1410.84,0.0,0.0,0.0,248.89,0.0,1.0,1,0.0,0.0,193886.0,1.0,3.0,2.0,2.0,2.0,174099.0,80.0,0.0,3.0,12886.0,68.0,31700.0,2.0,1.0,4.0,5.0,24236.0,10615.0,65.1,0.0,0.0,115.0,438.0,15.0,2.0,0.0,17.0,1.0,5.0,4.0,5.0,4.0,8.0,6.0,5.0,16.0,5.0,8.0,0.0,0.0,0.0,2.0,72.7,25.0,0.0,0.0,256335.0,193886.0,30400.0,224635.0,0,0
63362,2000.0,0.1102,65.5,1,15000.0,0,1,n,24.96,0.0,0.0,11.0,0.0,6115.0,11.0,0,680.89,680.89,1434.78,1434.78,1319.11,115.67,0.0,0.0,0.0,65.5,0.0,1.0,1,0.0,0.0,17295.0,0.0,9.0,0.0,0.0,37.0,11180.0,89.0,0.0,1.0,3182.0,70.0,12000.0,1.0,0.0,0.0,1.0,1572.0,5885.0,51.0,0.0,0.0,85.0,48.0,20.0,20.0,0.0,20.0,15.0,0.0,2.0,2.0,2.0,2.0,9.0,2.0,2.0,2.0,11.0,0.0,0.0,0.0,0.0,100.0,0.0,0.0,0.0,24550.0,17295.0,12000.0,12550.0,0,0
51191,30000.0,0.1308,683.83,3,75000.0,0,1,n,29.5,0.0,0.0,19.0,0.0,26510.0,27.0,0,25451.78,25451.78,8184.16,8184.16,4548.22,3635.94,0.0,0.0,0.0,683.83,0.0,1.0,1,0.0,0.0,70908.0,2.0,2.0,1.0,2.0,8.0,42267.0,77.0,3.0,5.0,7238.0,43.0,108100.0,1.0,0.0,1.0,8.0,3732.0,75145.0,25.2,0.0,0.0,151.0,211.0,4.0,4.0,0.0,6.0,8.0,0.0,11.0,13.0,14.0,15.0,4.0,16.0,22.0,13.0,19.0,0.0,0.0,0.0,5.0,100.0,0.0,0.0,0.0,166732.0,70908.0,100400.0,54811.0,0,0
58011,13000.0,0.16949999999999998,463.17,2,16800.0,0,1,n,56.57,0.0,0.0,5.0,0.0,15968.0,18.0,0,9780.49,9780.49,5082.63,5082.63,3219.51,1863.12,0.0,0.0,0.0,463.17,0.0,1.0,0,0.0,0.0,38362.0,1.0,1.0,0.0,0.0,38.0,22394.0,64.0,1.0,4.0,9889.0,75.0,16500.0,0.0,0.0,0.0,4.0,7672.0,229.0,98.5,0.0,0.0,170.0,158.0,2.0,2.0,0.0,13.0,13.0,0.0,3.0,4.0,3.0,3.0,13.0,4.0,5.0,4.0,5.0,0.0,0.0,0.0,1.0,100.0,100.0,0.0,0.0,51500.0,38362.0,15700.0,35000.0,0,0
32770,7500.0,0.28800000000000003,313.48,2,42000.0,0,1,n,34.89,0.0,3.0,17.0,0.0,2114.0,50.0,0,0.0,0.0,7792.02,7792.02,7500.0,292.02,0.0,0.0,0.0,1177.06,0.0,1.0,1,0.0,0.0,79873.0,4.0,3.0,3.0,9.0,1.0,77759.0,109.0,6.0,9.0,364.0,69.0,19900.0,2.0,8.0,4.0,18.0,4698.0,6286.0,8.9,0.0,0.0,163.0,327.0,2.0,1.0,1.0,2.0,2.0,4.0,3.0,9.0,3.0,9.0,18.0,14.0,31.0,9.0,17.0,0.0,0.0,0.0,9.0,90.0,0.0,0.0,0.0,97890.0,79873.0,6900.0,77990.0,0,0
4075,40000.0,0.124,897.89,2,240000.0,1,1,n,13.08,0.0,0.0,12.0,0.0,69703.0,22.0,0,35618.87,35618.87,8025.9,8025.9,4381.13,3644.77,0.0,0.0,0.0,0.0,0.0,1.0,1,0.0,0.0,517668.0,1.0,2.0,0.0,1.0,18.0,30054.0,3.0,1.0,1.0,30283.0,67.0,95100.0,1.0,0.0,0.0,2.0,43139.0,16050.0,80.9,0.0,0.0,186.0,124.0,4.0,4.0,2.0,4.0,15.0,0.0,4.0,6.0,7.0,10.0,8.0,9.0,12.0,6.0,12.0,0.0,0.0,0.0,1.0,90.9,42.9,0.0,0.0,703904.0,99757.0,84100.0,46404.0,0,0
3393,10000.0,0.17739999999999995,360.23,3,41000.0,0,1,n,35.39,0.0,0.0,12.0,0.0,8460.0,16.0,0,0.0,0.0,10887.67,10887.67,10000.0,887.67,0.0,0.0,0.0,9106.23,0.0,1.0,1,0.0,0.0,30233.0,1.0,3.0,0.0,3.0,17.0,21773.0,57.0,1.0,2.0,2267.0,58.0,14000.0,3.0,0.0,0.0,5.0,2519.0,2840.0,74.9,0.0,0.0,63.0,72.0,3.0,3.0,0.0,3.0,17.0,0.0,7.0,7.0,7.0,7.0,6.0,9.0,10.0,7.0,12.0,0.0,0.0,0.0,1.0,100.0,57.1,0.0,0.0,52088.0,30233.0,11300.0,38088.0,0,0
60775,1000.0,0.17739999999999995,36.03,1,26472.0,0,1,n,15.28,0.0,0.0,6.0,0.0,4785.0,14.0,0,729.62,729.62,429.9,429.9,270.38,159.52,0.0,0.0,0.0,36.03,0.0,1.0,1,0.0,0.0,5632.0,0.0,1.0,0.0,1.0,18.0,847.0,57.0,2.0,2.0,1433.0,41.0,12400.0,1.0,0.0,0.0,3.0,939.0,467.0,75.4,0.0,0.0,88.0,567.0,9.0,9.0,0.0,160.0,18.0,0.0,1.0,3.0,2.0,2.0,3.0,5.0,11.0,3.0,6.0,0.0,0.0,0.0,2.0,100.0,50.0,0.0,0.0,13900.0,5632.0,1900.0,1500.0,0,0
44650,16000.0,0.14300000000000002,549.18,1,80000.0,0,1,n,14.48,0.0,0.0,10.0,0.0,22620.0,19.0,0,11812.78,11812.78,6028.27,6028.27,4187.22,1841.05,0.0,0.0,0.0,549.18,0.0,1.0,1,0.0,0.0,35634.0,1.0,7.0,1.0,1.0,2.0,13014.0,61.0,0.0,1.0,19189.0,61.0,37000.0,0.0,0.0,0.0,2.0,3563.0,14380.0,61.1,0.0,0.0,149.0,57.0,13.0,2.0,0.0,13.0,13.0,0.0,3.0,3.0,3.0,4.0,15.0,3.0,4.0,3.0,10.0,0.0,0.0,0.0,1.0,100.0,33.3,0.0,0.0,58299.0,35634.0,37000.0,21299.0,0,0
9498,15000.0,0.124,336.71,2,300000.0,1,1,n,21.16,0.0,1.0,15.0,0.0,254722.0,29.0,0,13096.03,13096.03,3346.43,3346.43,1903.97,1442.46,0.0,0.0,0.0,336.71,0.0,1.0,1,0.0,0.0,770856.0,2.0,3.0,2.0,4.0,3.0,78313.0,57.0,2.0,3.0,1607.0,46.0,287600.0,5.0,0.0,5.0,7.0,59297.0,19856.0,12.8,0.0,0.0,153.0,321.0,8.0,3.0,3.0,24.0,3.0,0.0,2.0,4.0,6.0,7.0,10.0,9.0,15.0,4.0,15.0,0.0,0.0,0.0,4.0,89.3,0.0,0.0,0.0,853044.0,333035.0,22600.0,112344.0,0,0
56035,30000.0,0.1308,683.83,3,135000.0,0,1,n,39.39,0.0,1.0,29.0,0.0,55501.0,45.0,0,25451.78,25451.78,8184.16,8184.16,4548.22,3635.94,0.0,0.0,0.0,683.83,0.0,1.0,1,0.0,0.0,135397.0,1.0,7.0,2.0,3.0,7.0,79896.0,57.0,1.0,3.0,6532.0,56.0,100400.0,1.0,12.0,1.0,6.0,4669.0,31628.0,53.3,0.0,0.0,125.0,216.0,3.0,3.0,0.0,14.0,3.0,0.0,12.0,18.0,15.0,18.0,17.0,22.0,28.0,18.0,29.0,0.0,0.0,0.0,3.0,100.0,20.0,0.0,0.0,241346.0,135397.0,67700.0,140946.0,0,0
11945,10200.0,0.2055,273.37,2,40000.0,0,1,n,24.12,0.0,0.0,17.0,0.0,9634.0,33.0,0,0.0,0.0,11713.21,11713.21,10200.0,1513.21,0.0,0.0,0.0,9537.89,0.0,1.0,1,0.0,0.0,90913.0,0.0,2.0,1.0,1.0,7.0,81279.0,88.0,2.0,4.0,2652.0,18.0,84700.0,1.0,0.0,1.0,5.0,5682.0,70761.0,10.1,0.0,0.0,143.0,258.0,10.0,7.0,1.0,10.0,7.0,1.0,7.0,8.0,12.0,15.0,8.0,15.0,24.0,8.0,17.0,0.0,0.0,0.0,3.0,87.5,8.3,0.0,0.0,148458.0,90913.0,78700.0,63758.0,0,0
73210,24000.0,0.2055,643.23,1,58000.0,0,1,n,27.81,0.0,1.0,9.0,0.0,15210.0,11.0,0,20433.76,20433.76,8191.36,8191.36,3566.24,4625.12,0.0,0.0,0.0,643.23,0.0,1.0,1,0.0,0.0,37480.0,1.0,2.0,0.0,1.0,23.0,22270.0,64.0,2.0,4.0,5419.0,70.0,18400.0,0.0,0.0,2.0,5.0,4164.0,3190.0,82.7,0.0,0.0,29.0,92.0,5.0,5.0,0.0,5.0,5.0,0.0,7.0,7.0,7.0,8.0,2.0,7.0,9.0,7.0,9.0,0.0,0.0,0.0,2.0,100.0,71.4,0.0,0.0,53312.0,37480.0,18400.0,34912.0,0,0
37053,5000.0,0.2055,187.23,2,66000.0,1,1,n,14.62,0.0,1.0,21.0,0.0,13992.0,39.0,0,3781.56,3781.56,2053.82,2053.82,1218.44,835.38,0.0,0.0,0.0,187.23,0.0,1.0,1,0.0,134.0,393400.0,1.0,1.0,1.0,2.0,2.0,14400.0,100.0,3.0,5.0,4730.0,39.0,58500.0,3.0,2.0,1.0,8.0,18733.0,28603.0,25.3,0.0,0.0,164.0,108.0,11.0,2.0,1.0,12.0,2.0,0.0,3.0,6.0,11.0,14.0,11.0,19.0,27.0,6.0,21.0,0.0,0.0,0.0,4.0,100.0,18.2,0.0,0.0,440900.0,28392.0,38300.0,14400.0,0,0
9353,35500.0,0.2055,951.43,1,106000.0,1,1,n,11.86,0.0,2.0,5.0,0.0,20759.0,9.0,0,31787.91,31787.91,9433.24,9433.24,3712.09,5721.15,0.0,0.0,0.0,951.43,0.0,1.0,1,0.0,0.0,43794.0,0.0,2.0,0.0,2.0,14.0,23035.0,80.0,0.0,0.0,9585.0,69.0,34700.0,1.0,1.0,6.0,2.0,8759.0,13941.0,59.8,0.0,0.0,92.0,97.0,36.0,14.0,0.0,36.0,2.0,0.0,3.0,3.0,3.0,4.0,5.0,3.0,4.0,3.0,5.0,0.0,0.0,0.0,0.0,88.9,0.0,0.0,0.0,63651.0,43794.0,34700.0,28951.0,0,0
64655,24000.0,0.14300000000000002,823.77,1,43000.0,0,1,n,50.07,0.0,0.0,8.0,0.0,21092.0,24.0,1,17106.54,17106.54,9837.57,9837.57,6893.46,2944.11,0.0,0.0,0.0,823.77,0.0,1.0,0,0.0,0.0,38558.0,0.0,2.0,0.0,2.0,21.0,17466.0,47.0,0.0,1.0,7941.0,57.0,30900.0,1.0,1.0,0.0,3.0,5508.0,9808.0,68.3,0.0,0.0,106.0,146.0,16.0,16.0,2.0,16.0,13.0,0.0,5.0,5.0,6.0,10.0,7.0,6.0,15.0,5.0,8.0,0.0,0.0,0.0,0.0,100.0,60.0,0.0,0.0,68275.0,38558.0,30900.0,37375.0,0,0
32278,30000.0,0.1171,662.95,1,96000.0,0,1,n,16.66,0.0,1.0,13.0,0.0,22088.0,44.0,1,27684.05,27684.05,5284.08,5284.08,2315.95,2968.13,0.0,0.0,0.0,0.0,0.0,1.0,1,0.0,572.0,87677.0,1.0,2.0,0.0,0.0,29.0,50068.0,17.0,2.0,3.0,5396.0,44.0,52900.0,0.0,1.0,2.0,3.0,6744.0,17823.0,42.1,0.0,0.0,165.0,321.0,3.0,3.0,2.0,3.0,3.0,4.0,5.0,6.0,7.0,10.0,24.0,10.0,15.0,6.0,13.0,0.0,0.0,0.0,2.0,72.1,0.0,0.0,0.0,141955.0,87677.0,30800.0,73534.0,0,0
60185,24000.0,0.08810000000000001,496.0,2,52000.0,0,1,n,40.83,0.0,0.0,14.0,1.0,21916.0,34.0,0,20003.58,20003.58,5940.25,5940.25,3996.42,1943.83,0.0,0.0,0.0,496.0,0.0,1.0,0,0.0,0.0,114550.0,0.0,3.0,1.0,2.0,12.0,92634.0,65.0,1.0,3.0,6087.0,47.0,63100.0,0.0,1.0,1.0,6.0,8182.0,31484.0,41.0,0.0,0.0,117.0,109.0,11.0,11.0,2.0,11.0,4.0,0.0,8.0,8.0,8.0,8.0,21.0,11.0,11.0,8.0,14.0,0.0,0.0,0.0,2.0,94.1,12.5,1.0,0.0,171423.0,114550.0,53400.0,108323.0,0,0
66536,10000.0,0.0646,306.31,1,90000.0,1,1,n,13.39,0.0,1.0,7.0,0.0,9777.0,9.0,0,6878.94,6878.94,3672.13,3672.13,3121.06,551.07,0.0,0.0,0.0,306.31,0.0,1.0,1,0.0,0.0,14174.0,1.0,2.0,0.0,0.0,37.0,4397.0,17.0,1.0,2.0,5509.0,34.0,16300.0,1.0,1.0,2.0,3.0,2025.0,5833.0,59.2,0.0,0.0,54.0,94.0,5.0,5.0,1.0,5.0,5.0,0.0,3.0,4.0,4.0,4.0,2.0,5.0,6.0,5.0,7.0,0.0,0.0,0.0,2.0,88.9,25.0,0.0,0.0,41811.0,14174.0,14300.0,25511.0,0,0
27414,12750.0,0.08810000000000001,404.33,3,170000.0,0,1,n,7.15,0.0,2.0,4.0,0.0,15185.0,15.0,0,9203.77,9203.77,4435.15,4435.15,3546.23,888.92,0.0,0.0,0.0,404.33,0.0,1.0,1,0.0,0.0,38880.0,1.0,1.0,1.0,1.0,4.0,23695.0,95.0,0.0,3.0,14293.0,87.0,20000.0,0.0,1.0,2.0,4.0,9720.0,1815.0,89.3,0.0,0.0,344.0,318.0,15.0,4.0,1.0,18.0,3.0,2.0,2.0,2.0,2.0,3.0,8.0,3.0,5.0,2.0,4.0,0.0,0.0,0.0,1.0,86.7,50.0,0.0,0.0,44868.0,38880.0,17000.0,24868.0,0,0
26747,12000.0,0.0646,367.57,1,70000.0,1,1,n,11.86,1.0,3.0,13.0,1.0,11084.0,27.0,0,8785.06,8785.06,3796.39,3796.39,3214.94,581.45,0.0,0.0,0.0,367.57,0.0,1.0,1,0.0,1808.0,14432.0,1.0,1.0,0.0,0.0,39.0,3348.0,47.0,1.0,1.0,4190.0,41.0,27700.0,2.0,0.0,3.0,1.0,1110.0,15224.0,33.8,0.0,0.0,90.0,94.0,2.0,2.0,0.0,2.0,0.0,1.0,7.0,8.0,11.0,17.0,7.0,12.0,20.0,8.0,13.0,0.0,0.0,1.0,1.0,92.3,0.0,1.0,0.0,34844.0,14432.0,23000.0,7144.0,0,0
55454,9450.0,0.0756,294.22,1,42800.0,0,1,n,18.37,0.0,1.0,14.0,0.0,7596.0,17.0,0,6534.12,6534.12,3522.7,3522.7,2915.88,606.82,0.0,0.0,0.0,294.22,0.0,1.0,1,0.0,0.0,13205.0,2.0,1.0,0.0,1.0,19.0,5609.0,54.0,2.0,4.0,2822.0,26.0,39600.0,2.0,0.0,3.0,5.0,943.0,25078.0,19.6,0.0,0.0,56.0,226.0,2.0,2.0,0.0,2.0,1.0,0.0,3.0,8.0,6.0,6.0,3.0,13.0,14.0,8.0,14.0,0.0,0.0,0.0,2.0,94.1,0.0,0.0,0.0,50000.0,13205.0,31200.0,10400.0,0,0
52167,14000.0,0.14300000000000002,327.94,1,125000.0,0,1,n,14.49,0.0,0.0,10.0,0.0,12176.0,19.0,0,11934.84,11934.84,3924.16,3924.16,2065.16,1859.0,0.0,0.0,0.0,327.94,0.0,1.0,1,0.0,0.0,36241.0,0.0,7.0,1.0,2.0,10.0,24065.0,50.0,1.0,1.0,864.0,55.0,18100.0,1.0,3.0,2.0,3.0,3624.0,136.0,86.4,0.0,0.0,195.0,58.0,12.0,10.0,0.0,57.0,9.0,2.0,1.0,3.0,1.0,2.0,15.0,3.0,4.0,3.0,10.0,0.0,0.0,0.0,2.0,94.4,100.0,0.0,0.0,66257.0,36241.0,1000.0,48157.0,0,0
7991,27375.0,0.1308,623.99,2,145300.0,1,1,n,28.25,0.0,0.0,33.0,0.0,36239.0,55.0,0,24119.02,24119.02,6200.12,6200.12,3255.98,2944.14,0.0,0.0,0.0,623.99,0.0,1.0,1,0.0,0.0,236894.0,1.0,4.0,3.0,4.0,9.0,85613.0,88.0,2.0,5.0,7536.0,54.0,127000.0,1.0,3.0,3.0,10.0,7179.0,59223.0,32.6,0.0,0.0,202.0,408.0,7.0,5.0,2.0,8.0,8.0,0.0,10.0,17.0,15.0,19.0,12.0,27.0,40.0,17.0,33.0,0.0,0.0,0.0,6.0,100.0,13.3,0.0,0.0,374324.0,122565.0,87900.0,97135.0,0,0
47823,15500.0,0.08810000000000001,491.53,2,50000.0,1,1,n,25.95,0.0,3.0,11.0,0.0,16023.0,27.0,0,10687.56,10687.56,5861.66,5861.66,4812.44,1049.22,0.0,0.0,0.0,0.0,0.0,1.0,1,0.0,0.0,111709.0,3.0,2.0,3.0,3.0,6.0,23863.0,88.0,1.0,3.0,14035.0,48.0,55700.0,1.0,0.0,3.0,6.0,11171.0,21205.0,40.9,0.0,0.0,206.0,188.0,1.0,1.0,1.0,1.0,1.0,0.0,3.0,4.0,4.0,9.0,8.0,8.0,18.0,4.0,11.0,0.0,0.0,0.0,4.0,100.0,0.0,0.0,0.0,174754.0,39886.0,35900.0,27218.0,0,0
68146,12000.0,0.0756,373.61,1,155000.0,0,1,n,34.24,0.0,0.0,21.0,0.0,69536.0,46.0,0,8297.33,8297.33,4473.24,4473.24,3702.67,770.57,0.0,0.0,0.0,373.61,0.0,1.0,1,0.0,0.0,159287.0,0.0,5.0,1.0,1.0,11.0,89751.0,63.0,1.0,5.0,20480.0,56.0,136300.0,3.0,2.0,6.0,6.0,7964.0,62174.0,50.6,0.0,0.0,165.0,270.0,8.0,8.0,0.0,8.0,0.0,0.0,10.0,12.0,13.0,18.0,22.0,16.0,24.0,12.0,21.0,0.0,0.0,0.0,2.0,100.0,8.3,0.0,0.0,301115.0,159287.0,125900.0,164815.0,0,0
8072,12000.0,0.0702,370.64,1,67000.0,0,1,n,29.36,0.0,0.0,17.0,0.0,31607.0,26.0,0,8915.26,8915.26,3701.72,3701.72,3084.74,616.98,0.0,0.0,0.0,370.64,0.0,1.0,1,0.0,0.0,41122.0,0.0,3.0,0.0,1.0,18.0,9515.0,37.0,1.0,1.0,8672.0,35.0,92600.0,1.0,0.0,0.0,2.0,2419.0,59893.0,34.5,0.0,0.0,165.0,334.0,11.0,11.0,0.0,11.0,18.0,0.0,9.0,9.0,13.0,15.0,9.0,14.0,17.0,9.0,17.0,0.0,0.0,0.0,1.0,100.0,0.0,0.0,0.0,118600.0,41122.0,91500.0,26000.0,0,0
3327,21275.0,0.14300000000000002,498.35,2,155000.0,0,1,n,13.88,0.0,0.0,14.0,0.0,30176.0,19.0,0,18691.22,18691.22,4949.7,4949.7,2583.78,2365.92,0.0,0.0,0.0,498.35,0.0,1.0,1,0.0,0.0,320722.0,1.0,4.0,1.0,2.0,10.0,26089.0,74.0,1.0,3.0,6101.0,54.0,68600.0,1.0,0.0,3.0,6.0,22909.0,29090.0,46.4,0.0,0.0,127.0,94.0,11.0,5.0,1.0,11.0,7.0,0.0,7.0,9.0,7.0,7.0,9.0,9.0,9.0,9.0,14.0,0.0,0.0,0.0,3.0,94.4,0.0,0.0,0.0,369902.0,56265.0,54300.0,35302.0,0,0
9795,24475.0,0.0819,498.5,1,105000.0,1,1,n,21.7,0.0,3.0,19.0,0.0,24637.0,38.0,0,21056.74,21056.74,4962.73,4962.73,3418.26,1544.47,0.0,0.0,0.0,498.5,0.0,1.0,1,0.0,0.0,158895.0,5.0,3.0,0.0,0.0,25.0,134258.0,69.0,5.0,7.0,4035.0,28.0,158200.0,0.0,8.0,6.0,7.0,8828.0,82981.0,10.1,0.0,0.0,169.0,150.0,3.0,3.0,0.0,3.0,1.0,0.0,7.0,11.0,10.0,18.0,12.0,15.0,25.0,11.0,19.0,0.0,0.0,0.0,5.0,100.0,0.0,0.0,0.0,291231.0,158895.0,92300.0,133031.0,0,0
16667,20000.0,0.0819,407.35,2,85000.0,0,1,n,21.91,0.0,0.0,34.0,0.0,20379.0,52.0,0,17206.78,17206.78,4064.4,4064.4,2793.22,1271.18,0.0,0.0,0.0,407.35,0.0,1.0,1,0.0,0.0,219404.0,0.0,2.0,0.0,2.0,14.0,29467.0,76.0,1.0,6.0,4677.0,25.0,159300.0,0.0,0.0,1.0,8.0,6453.0,104440.0,14.4,0.0,0.0,70.0,294.0,7.0,7.0,1.0,7.0,8.0,0.0,10.0,16.0,18.0,21.0,5.0,30.0,45.0,16.0,34.0,0.0,0.0,0.0,1.0,100.0,0.0,0.0,0.0,403661.0,49869.0,123400.0,38691.0,0,0
2608,25000.0,0.1524,597.91,2,106000.0,1,1,n,11.0,0.0,0.0,16.0,0.0,23886.0,50.0,0,22027.17,22027.17,5957.93,5957.93,2972.83,2985.1,0.0,0.0,0.0,597.91,0.0,1.0,1,0.0,0.0,325000.0,2.0,1.0,1.0,1.0,2.0,20202.0,99.0,3.0,5.0,10124.0,39.0,94000.0,0.0,3.0,1.0,7.0,20313.0,43377.0,32.2,0.0,0.0,138.0,202.0,6.0,2.0,4.0,7.0,7.0,0.0,3.0,6.0,6.0,18.0,7.0,13.0,38.0,7.0,16.0,0.0,0.0,0.0,4.0,100.0,33.3,0.0,0.0,420934.0,44088.0,64000.0,20438.0,0,0
3643,40000.0,0.0646,1225.24,2,103000.0,1,1,n,35.52,0.0,0.0,29.0,0.0,47696.0,58.0,0,0.0,0.0,41843.36,41843.36,40000.0,1843.36,0.0,0.0,0.0,32070.15,0.0,1.0,0,0.0,0.0,647194.0,2.0,6.0,2.0,6.0,7.0,271261.0,89.0,3.0,6.0,10135.0,42.0,183900.0,1.0,6.0,2.0,13.0,22317.0,104549.0,29.1,0.0,0.0,252.0,130.0,0.0,0.0,1.0,0.0,5.0,0.0,11.0,13.0,13.0,16.0,26.0,20.0,28.0,13.0,29.0,0.0,0.0,0.0,6.0,100.0,7.7,0.0,0.0,778197.0,319745.0,147500.0,251742.0,0,0
72349,40000.0,0.124,897.89,1,140000.0,1,1,n,19.73,0.0,1.0,12.0,0.0,38804.0,14.0,0,33982.05,33982.05,10747.12,10747.12,6017.95,4729.17,0.0,0.0,0.0,897.89,0.0,1.0,1,0.0,0.0,68880.0,1.0,3.0,0.0,1.0,18.0,30076.0,63.0,1.0,1.0,8854.0,66.0,56500.0,0.0,0.0,1.0,2.0,5740.0,13338.0,67.1,0.0,0.0,53.0,262.0,4.0,4.0,0.0,4.0,4.0,0.0,5.0,8.0,6.0,6.0,4.0,9.0,10.0,9.0,12.0,0.0,0.0,0.0,1.0,100.0,66.7,0.0,0.0,104096.0,68880.0,40500.0,47596.0,0,0
34786,8000.0,0.124,267.25,1,49000.0,1,1,n,15.6,0.0,1.0,17.0,0.0,7050.0,25.0,0,5836.93,5836.93,2925.97,2925.97,2163.07,762.9,0.0,0.0,0.0,267.25,0.0,1.0,1,0.0,0.0,151440.0,3.0,7.0,1.0,1.0,11.0,20738.0,107.0,1.0,5.0,1656.0,68.0,21600.0,1.0,1.0,3.0,8.0,8908.0,8587.0,21.9,0.0,0.0,145.0,153.0,6.0,6.0,2.0,19.0,4.0,7.0,4.0,6.0,5.0,8.0,11.0,9.0,12.0,6.0,17.0,0.0,0.0,0.0,4.0,75.0,0.0,0.0,0.0,165268.0,27788.0,11000.0,19468.0,0,0
27455,21000.0,0.0819,427.72,2,141000.0,0,1,n,9.54,0.0,0.0,8.0,0.0,17858.0,15.0,0,17762.68,17762.68,4685.81,4685.81,3237.32,1448.49,0.0,0.0,0.0,427.72,0.0,1.0,1,0.0,0.0,243771.0,0.0,1.0,0.0,0.0,27.0,7241.0,33.0,0.0,1.0,17858.0,30.0,60900.0,0.0,0.0,1.0,2.0,30471.0,40642.0,30.5,0.0,0.0,143.0,325.0,20.0,17.0,1.0,20.0,1.0,0.0,1.0,1.0,5.0,7.0,3.0,6.0,11.0,1.0,8.0,0.0,0.0,0.0,0.0,100.0,0.0,0.0,0.0,305900.0,25099.0,58500.0,22000.0,0,0
2750,31900.0,0.08810000000000001,1011.6,3,81950.0,1,1,n,28.8,0.0,0.0,9.0,0.0,16655.0,18.0,0,23864.06,23864.06,10100.39,10100.39,8035.94,2064.45,0.0,0.0,0.0,1011.6,0.0,1.0,1,0.0,0.0,61149.0,0.0,4.0,0.0,1.0,18.0,44494.0,74.0,0.0,0.0,10871.0,73.0,24000.0,1.0,3.0,0.0,1.0,6794.0,529.0,95.4,0.0,0.0,164.0,382.0,51.0,18.0,1.0,107.0,18.0,0.0,1.0,5.0,1.0,2.0,9.0,5.0,8.0,5.0,9.0,0.0,0.0,0.0,0.0,94.4,100.0,0.0,0.0,84171.0,61149.0,11400.0,60171.0,0,0
68528,10000.0,0.2305,282.2,3,43000.0,1,1,n,16.02,0.0,1.0,16.0,0.0,7986.0,24.0,0,8796.72,8796.72,3360.79,3360.79,1203.28,2157.51,0.0,0.0,0.0,282.2,0.0,1.0,1,0.0,1165.0,29927.0,1.0,6.0,1.0,1.0,7.0,21941.0,114.0,4.0,4.0,2683.0,78.0,19300.0,0.0,0.0,3.0,5.0,1870.0,9236.0,46.0,0.0,0.0,245.0,160.0,2.0,2.0,0.0,8.0,2.0,6.0,7.0,8.0,7.0,10.0,9.0,10.0,15.0,8.0,16.0,0.0,0.0,0.0,5.0,66.7,14.3,0.0,0.0,38511.0,29927.0,17100.0,19211.0,0,0
76081,40000.0,0.1524,956.65,2,72000.0,1,1,n,26.95,0.0,1.0,12.0,0.0,39952.0,23.0,0,34223.75,34223.75,11412.07,11412.07,5776.25,5635.82,0.0,0.0,0.0,956.65,0.0,1.0,1,0.0,0.0,107710.0,2.0,5.0,1.0,2.0,5.0,67758.0,72.0,1.0,1.0,23387.0,72.0,55500.0,0.0,0.0,2.0,6.0,8976.0,4190.0,89.9,0.0,0.0,132.0,237.0,9.0,3.0,3.0,9.0,3.0,0.0,3.0,4.0,4.0,5.0,8.0,7.0,12.0,4.0,12.0,0.0,0.0,0.0,5.0,100.0,50.0,0.0,0.0,149807.0,107710.0,41600.0,94307.0,0,0
61464,6000.0,0.2055,224.67,2,107000.0,1,1,n,26.45,0.0,0.0,22.0,0.0,24869.0,28.0,1,4390.99,4390.99,2678.92,2678.92,1609.01,1069.91,0.0,0.0,0.0,224.67,0.0,1.0,1,0.0,0.0,181270.0,1.0,6.0,2.0,4.0,5.0,65197.0,68.0,1.0,2.0,6034.0,66.0,40400.0,0.0,1.0,1.0,6.0,10071.0,1679.0,89.8,0.0,0.0,179.0,163.0,12.0,5.0,1.0,12.0,8.0,0.0,3.0,9.0,4.0,4.0,10.0,15.0,17.0,9.0,22.0,0.0,0.0,0.0,3.0,100.0,100.0,0.0,0.0,232370.0,90066.0,16400.0,96335.0,0,0
49043,15950.0,0.1862,581.61,1,90000.0,1,1,n,15.01,1.0,0.0,11.0,0.0,21353.0,22.0,0,0.0,0.0,18389.77,18389.77,15950.0,2439.77,0.0,0.0,0.0,12606.67,0.0,1.0,1,0.0,0.0,51939.0,0.0,2.0,1.0,2.0,7.0,30586.0,82.0,0.0,2.0,8008.0,74.0,33200.0,1.0,3.0,1.0,5.0,4722.0,6352.0,71.6,0.0,0.0,135.0,357.0,20.0,7.0,2.0,20.0,7.0,2.0,3.0,5.0,4.0,6.0,5.0,9.0,14.0,5.0,11.0,0.0,0.0,1.0,1.0,76.2,75.0,0.0,0.0,70345.0,51939.0,22400.0,37145.0,0,0
67529,23000.0,0.1033,492.43,1,70000.0,0,1,n,12.74,0.0,0.0,3.0,0.0,22387.0,14.0,0,22408.59,22408.59,2821.58,2821.58,591.41,2230.17,0.0,0.0,0.0,246.22,0.0,1.0,1,0.0,0.0,25126.0,0.0,1.0,0.0,1.0,18.0,2739.0,69.0,1.0,1.0,21326.0,76.0,29000.0,1.0,2.0,0.0,2.0,8375.0,3674.0,85.3,0.0,0.0,137.0,148.0,7.0,7.0,0.0,32.0,21.0,0.0,1.0,2.0,1.0,2.0,8.0,2.0,6.0,2.0,3.0,0.0,0.0,0.0,1.0,100.0,100.0,0.0,0.0,33000.0,25126.0,25000.0,4000.0,1,0
37739,15950.0,0.08810000000000001,505.8,1,85000.0,1,1,n,14.88,0.0,0.0,11.0,0.0,21083.0,13.0,0,11513.83,11513.83,5555.99,5555.99,4436.17,1119.82,0.0,0.0,0.0,505.8,0.0,1.0,1,0.0,0.0,31236.0,1.0,1.0,0.0,1.0,16.0,10153.0,64.0,1.0,3.0,4011.0,35.0,74200.0,1.0,0.0,0.0,4.0,2840.0,53117.0,28.4,0.0,0.0,16.0,69.0,4.0,4.0,0.0,4.0,16.0,0.0,9.0,9.0,10.0,10.0,1.0,10.0,11.0,9.0,11.0,0.0,0.0,0.0,1.0,100.0,20.0,0.0,0.0,90200.0,31236.0,74200.0,16000.0,0,0
38760,5000.0,0.1171,165.38,2,165000.0,1,1,n,6.41,1.0,0.0,7.0,0.0,14585.0,18.0,1,3653.08,3653.08,1815.93,1815.93,1346.92,469.01,0.0,0.0,0.0,165.38,0.0,1.0,1,0.0,290.0,307663.0,0.0,1.0,0.0,0.0,33.0,20263.0,58.0,1.0,1.0,8019.0,48.0,38300.0,0.0,0.0,3.0,2.0,43952.0,16277.0,46.3,0.0,0.0,102.0,219.0,10.0,7.0,7.0,57.0,8.0,0.0,2.0,3.0,4.0,5.0,2.0,5.0,9.0,3.0,7.0,0.0,0.0,0.0,2.0,93.8,0.0,0.0,0.0,347389.0,34848.0,30300.0,34688.0,0,0
72912,20000.0,0.0819,407.35,3,55000.0,0,1,n,14.92,0.0,0.0,7.0,0.0,19196.0,16.0,0,16624.98,16624.98,4879.1,4879.1,3375.02,1504.08,0.0,0.0,0.0,407.35,0.0,1.0,1,0.0,0.0,27739.0,0.0,1.0,1.0,1.0,10.0,8543.0,75.0,0.0,1.0,13400.0,37.0,63100.0,0.0,0.0,0.0,2.0,3963.0,43904.0,30.4,0.0,0.0,10.0,242.0,15.0,10.0,1.0,15.0,15.0,0.0,2.0,2.0,6.0,8.0,1.0,6.0,14.0,2.0,7.0,0.0,0.0,0.0,1.0,100.0,0.0,0.0,0.0,74462.0,27739.0,63100.0,11362.0,0,0
28976,6375.0,0.14300000000000002,218.82,2,88000.0,1,1,n,18.56,0.0,0.0,8.0,0.0,14842.0,17.0,0,1892.06,1892.06,5182.96,5182.96,4482.94,700.02,0.0,0.0,0.0,218.82,0.0,1.0,0,0.0,0.0,39701.0,0.0,3.0,1.0,2.0,12.0,24859.0,58.0,0.0,4.0,7810.0,54.0,30800.0,2.0,5.0,1.0,6.0,4963.0,14404.0,50.7,0.0,0.0,156.0,158.0,14.0,12.0,0.0,14.0,12.0,1.0,3.0,4.0,4.0,4.0,8.0,5.0,9.0,4.0,8.0,0.0,0.0,0.0,1.0,88.2,0.0,0.0,0.0,73555.0,39701.0,29200.0,42755.0,0,0
28585,37000.0,0.1308,843.38,2,18000.0,1,1,n,92.27,0.0,1.0,7.0,0.0,36117.0,19.0,0,31886.47,31886.47,9223.41,9223.41,5113.53,4109.88,0.0,0.0,0.0,843.38,0.0,1.0,0,0.0,0.0,244754.0,0.0,1.0,0.0,0.0,27.0,7208.0,30.0,0.0,0.0,17733.0,70.0,38000.0,0.0,0.0,1.0,1.0,34965.0,2391.0,90.0,0.0,0.0,107.0,179.0,32.0,24.0,5.0,32.0,1.0,0.0,2.0,4.0,3.0,6.0,4.0,5.0,10.0,4.0,7.0,0.0,0.0,0.0,0.0,100.0,66.7,0.0,0.0,269985.0,43325.0,23800.0,23735.0,0,0
33956,17000.0,0.0702,525.07,2,81000.0,0,1,n,13.27,0.0,0.0,15.0,0.0,16773.0,19.0,0,12177.66,12177.66,5759.19,5759.19,4822.34,936.85,0.0,0.0,0.0,525.07,0.0,1.0,1,0.0,0.0,50735.0,1.0,10.0,0.0,1.0,21.0,33962.0,78.0,1.0,3.0,6779.0,65.0,34200.0,2.0,0.0,2.0,4.0,3382.0,13927.0,54.6,0.0,0.0,78.0,70.0,2.0,2.0,0.0,2.0,5.0,0.0,4.0,4.0,4.0,7.0,10.0,5.0,9.0,4.0,15.0,0.0,0.0,0.0,1.0,100.0,50.0,0.0,0.0,77747.0,50735.0,30700.0,43547.0,0,0
367,16000.0,0.124,359.16,3,240000.0,0,1,n,10.68,1.0,0.0,20.0,0.0,16275.0,45.0,0,0.0,0.0,16452.07,16452.07,16000.0,452.07,0.0,0.0,0.0,16103.93,0.0,1.0,1,0.0,0.0,160871.0,0.0,3.0,2.0,3.0,7.0,144596.0,77.0,1.0,3.0,2985.0,23.0,203500.0,4.0,0.0,6.0,6.0,8044.0,138401.0,4.8,0.0,0.0,178.0,285.0,12.0,7.0,3.0,21.0,2.0,0.0,7.0,8.0,10.0,11.0,19.0,17.0,23.0,8.0,20.0,0.0,0.0,0.0,3.0,95.6,0.0,0.0,0.0,363077.0,160871.0,145400.0,159577.0,0,0
40154,10625.0,0.14300000000000002,364.69,1,50000.0,0,1,n,14.67,0.0,0.0,11.0,0.0,9762.0,12.0,0,7892.75,7892.75,3994.71,3994.71,2732.25,1262.46,0.0,0.0,0.0,364.69,0.0,1.0,1,0.0,0.0,16819.0,0.0,2.0,0.0,1.0,13.0,7057.0,61.0,1.0,4.0,4376.0,33.0,39000.0,1.0,2.0,3.0,5.0,1529.0,23040.0,29.1,0.0,0.0,25.0,52.0,8.0,8.0,0.0,8.0,7.0,0.0,6.0,8.0,7.0,7.0,2.0,9.0,10.0,8.0,11.0,0.0,0.0,0.0,1.0,100.0,0.0,0.0,0.0,50641.0,16819.0,32500.0,11641.0,0,0
27840,12750.0,0.08810000000000001,404.33,1,97000.0,1,1,n,18.37,0.0,0.0,8.0,0.0,13977.0,20.0,0,9170.2,9170.2,4435.15,4435.15,3579.8,855.35,0.0,0.0,0.0,404.33,0.0,1.0,1,0.0,0.0,47687.0,0.0,3.0,0.0,1.0,24.0,33710.0,53.0,1.0,1.0,4950.0,59.0,16400.0,1.0,0.0,1.0,2.0,5961.0,527.0,96.2,0.0,0.0,124.0,112.0,10.0,10.0,0.0,35.0,10.0,0.0,4.0,5.0,4.0,5.0,14.0,5.0,6.0,5.0,8.0,0.0,0.0,0.0,1.0,100.0,100.0,0.0,0.0,80402.0,47687.0,14000.0,64002.0,0,0
31559,10725.0,0.2055,287.44,2,30000.0,0,1,n,37.84,1.0,2.0,14.0,0.0,9257.0,22.0,0,9480.54,9480.54,3149.6,3149.6,1244.46,1905.14,0.0,0.0,0.0,287.44,0.0,1.0,1,0.0,0.0,110533.0,1.0,2.0,1.0,2.0,11.0,15751.0,79.0,1.0,1.0,4136.0,30.0,63300.0,1.0,1.0,4.0,4.0,7895.0,44303.0,14.6,0.0,0.0,173.0,117.0,3.0,3.0,4.0,3.0,1.0,0.0,6.0,7.0,9.0,10.0,4.0,11.0,14.0,7.0,14.0,0.0,0.0,0.0,2.0,95.5,0.0,0.0,0.0,170300.0,25008.0,51900.0,20000.0,0,0
73201,10000.0,0.0646,306.31,2,40000.0,0,1,n,39.0,0.0,0.0,18.0,0.0,8794.0,40.0,1,6878.94,6363.02,3672.13,3396.72,3121.06,551.07,0.0,0.0,0.0,306.31,0.0,1.0,1,0.0,0.0,38674.0,0.0,4.0,1.0,2.0,10.0,22103.0,40.0,2.0,3.0,3031.0,19.0,106300.0,1.0,2.0,0.0,5.0,2275.0,71170.0,8.9,0.0,0.0,250.0,300.0,11.0,10.0,4.0,11.0,20.0,0.0,6.0,8.0,9.0,13.0,15.0,13.0,21.0,8.0,18.0,0.0,0.0,0.0,3.0,100.0,0.0,0.0,0.0,183019.0,30897.0,78100.0,55719.0,0,0
46336,35000.0,0.1862,900.62,1,100000.0,0,1,n,16.67,0.0,1.0,20.0,0.0,38876.0,29.0,0,30236.44,30236.44,10334.41,10334.41,4763.56,5570.85,0.0,0.0,0.0,0.0,0.0,1.0,1,0.0,0.0,327688.0,1.0,1.0,1.0,1.0,9.0,9134.0,43.0,4.0,8.0,8535.0,44.0,89300.0,1.0,1.0,4.0,10.0,16384.0,40980.0,45.3,0.0,0.0,61.0,92.0,5.0,5.0,1.0,5.0,5.0,0.0,7.0,10.0,12.0,18.0,4.0,17.0,23.0,10.0,20.0,0.0,0.0,0.0,5.0,100.0,8.3,0.0,0.0,393926.0,48060.0,74900.0,21076.0,0,0
3418,9600.0,0.1102,314.39,1,53000.0,0,1,n,35.02,0.0,2.0,12.0,1.0,4435.0,25.0,0,7241.88,7241.88,3132.15,3132.15,2358.12,774.03,0.0,0.0,0.0,314.39,0.0,1.0,0,0.0,0.0,61170.0,0.0,3.0,0.0,3.0,14.0,56735.0,81.0,0.0,5.0,2954.0,67.0,21400.0,4.0,1.0,3.0,8.0,5098.0,13886.0,20.7,0.0,0.0,142.0,316.0,14.0,14.0,0.0,20.0,0.0,1.0,5.0,6.0,6.0,8.0,8.0,9.0,17.0,6.0,12.0,0.0,0.0,0.0,0.0,85.7,16.7,1.0,0.0,91319.0,61170.0,17500.0,69919.0,0,0
28546,4000.0,0.2055,149.78,1,105000.0,1,1,n,4.17,1.0,0.0,7.0,0.0,945.0,21.0,0,3025.29,3025.29,1638.45,1638.45,974.71,663.74,0.0,0.0,0.0,149.78,0.0,1.0,1,0.0,0.0,13147.0,1.0,3.0,0.0,1.0,18.0,12202.0,54.0,1.0,1.0,0.0,37.0,12400.0,2.0,0.0,0.0,2.0,1878.0,1900.0,0.0,0.0,0.0,196.0,257.0,3.0,3.0,0.0,56.0,18.0,5.0,0.0,2.0,1.0,7.0,7.0,4.0,14.0,2.0,7.0,0.0,0.0,0.0,1.0,71.4,0.0,0.0,0.0,35129.0,13147.0,1900.0,22729.0,0,0
26176,14800.0,0.2055,396.66,2,52000.0,0,1,n,20.17,0.0,0.0,7.0,0.0,9258.0,11.0,0,13082.63,13082.63,4346.36,4346.36,1717.37,2628.99,0.0,0.0,0.0,396.66,0.0,1.0,1,0.0,0.0,28620.0,0.0,2.0,2.0,3.0,7.0,19362.0,85.0,1.0,2.0,4261.0,58.0,26900.0,2.0,2.0,3.0,5.0,4089.0,9462.0,35.2,0.0,0.0,18.0,685.0,10.0,7.0,1.0,10.0,7.0,0.0,3.0,5.0,3.0,3.0,3.0,5.0,7.0,5.0,7.0,0.0,0.0,0.0,3.0,90.9,0.0,0.0,0.0,49700.0,28620.0,14600.0,22800.0,0,0
61616,10625.0,0.1033,344.49,1,55000.0,1,1,n,23.72,0.0,0.0,14.0,0.0,8671.0,18.0,0,0.0,0.0,10710.37,10710.37,10625.0,85.37,0.0,0.0,0.0,10725.61,0.0,1.0,1,0.0,0.0,31519.0,0.0,3.0,1.0,1.0,8.0,22848.0,55.0,0.0,1.0,4765.0,42.0,33800.0,1.0,0.0,1.0,2.0,2251.0,20745.0,28.0,0.0,0.0,43.0,126.0,19.0,8.0,0.0,19.0,8.0,0.0,3.0,5.0,8.0,9.0,4.0,11.0,14.0,5.0,14.0,0.0,0.0,0.0,1.0,100.0,12.5,0.0,0.0,75301.0,31519.0,28800.0,41501.0,0,0
69190,22450.0,0.28800000000000003,709.88,2,165000.0,0,1,n,32.36,0.0,0.0,15.0,0.0,95855.0,34.0,0,20103.16,20103.16,8446.72,8446.72,2346.84,6099.88,0.0,0.0,0.0,709.88,0.0,1.0,1,0.0,0.0,472719.0,0.0,3.0,1.0,1.0,7.0,76978.0,88.0,0.0,1.0,14587.0,75.0,134100.0,1.0,0.0,1.0,2.0,31515.0,1197.0,98.3,0.0,0.0,244.0,281.0,20.0,7.0,3.0,20.0,7.0,0.0,7.0,9.0,7.0,11.0,15.0,10.0,16.0,9.0,15.0,0.0,0.0,0.0,1.0,100.0,100.0,0.0,0.0,604934.0,172833.0,72400.0,116034.0,0,0
63540,6150.0,0.1171,203.42,2,56520.0,0,1,n,35.63,0.0,3.0,11.0,0.0,5757.0,26.0,0,4333.69,4333.69,2437.04,2437.04,1816.31,620.73,0.0,0.0,0.0,203.42,0.0,1.0,1,0.0,0.0,78709.0,3.0,4.0,4.0,5.0,4.0,72952.0,93.0,0.0,1.0,3864.0,71.0,32200.0,2.0,5.0,7.0,6.0,7155.0,25643.0,18.3,0.0,0.0,137.0,181.0,13.0,4.0,1.0,28.0,2.0,0.0,3.0,3.0,5.0,11.0,9.0,7.0,16.0,3.0,11.0,0.0,0.0,0.0,4.0,88.5,20.0,0.0,0.0,110755.0,78709.0,31400.0,78555.0,0,0
40355,10000.0,0.2305,282.2,1,75000.0,0,1,n,30.83,0.0,0.0,21.0,0.0,16182.0,30.0,0,8969.76,8969.76,3078.59,3078.59,1030.24,2048.35,0.0,0.0,0.0,282.2,0.0,1.0,1,0.0,0.0,86154.0,3.0,11.0,5.0,8.0,5.0,69972.0,82.0,3.0,4.0,3280.0,75.0,29600.0,0.0,1.0,2.0,12.0,4103.0,2795.0,78.3,0.0,0.0,177.0,213.0,7.0,5.0,0.0,8.0,8.0,0.0,5.0,10.0,5.0,6.0,17.0,10.0,12.0,10.0,21.0,0.0,0.0,0.0,8.0,96.7,80.0,0.0,0.0,115212.0,86154.0,12900.0,85612.0,0,0
73419,15000.0,0.14300000000000002,514.86,1,41000.0,1,1,n,3.78,0.0,1.0,21.0,0.0,3827.0,26.0,0,0.0,0.0,15459.172222221201,15459.17,15000.0,459.17,0.0,0.0,0.0,3156.51,0.0,1.0,0,0.0,6751.0,33692.0,2.0,14.0,0.0,1.0,15.0,29865.0,114.0,2.0,6.0,2030.0,66.0,25200.0,0.0,0.0,1.0,7.0,1604.0,20373.0,15.8,0.0,0.0,78.0,71.0,3.0,3.0,0.0,3.0,5.0,3.0,3.0,3.0,6.0,7.0,15.0,7.0,11.0,3.0,21.0,0.0,0.0,0.0,2.0,88.5,0.0,0.0,0.0,51450.0,33692.0,24200.0,26250.0,0,0
73355,20000.0,0.0756,622.68,2,86000.0,1,1,n,33.58,0.0,0.0,12.0,0.0,18289.0,21.0,0,0.0,0.0,21327.54,21327.54,20000.0,1327.54,0.0,0.0,0.0,14486.46,0.0,1.0,1,0.0,0.0,135361.0,0.0,5.0,1.0,3.0,8.0,117072.0,70.0,2.0,2.0,6919.0,59.0,43900.0,1.0,2.0,0.0,5.0,11280.0,18757.0,43.3,0.0,0.0,166.0,108.0,9.0,8.0,0.0,9.0,19.0,0.0,3.0,5.0,4.0,4.0,11.0,7.0,10.0,5.0,12.0,0.0,0.0,0.0,3.0,100.0,0.0,0.0,0.0,194869.0,135361.0,33100.0,150969.0,0,0
73240,10525.0,0.0756,327.69,2,100000.0,0,1,n,24.74,0.0,1.0,13.0,0.0,11639.0,39.0,0,7298.73,7298.73,3927.86,3927.86,3226.27,701.59,0.0,0.0,0.0,327.69,0.0,1.0,1,0.0,0.0,378036.0,1.0,5.0,2.0,2.0,2.0,136820.0,89.0,1.0,2.0,6154.0,57.0,63500.0,2.0,0.0,2.0,4.0,29080.0,32432.0,21.1,0.0,0.0,102.0,149.0,8.0,2.0,4.0,22.0,3.0,0.0,3.0,5.0,4.0,7.0,23.0,7.0,12.0,5.0,13.0,0.0,0.0,0.0,3.0,100.0,0.0,0.0,0.0,455433.0,148459.0,41100.0,146462.0,0,0
76782,15000.0,0.1102,326.29,2,107000.0,0,1,n,14.23,1.0,0.0,8.0,0.0,14063.0,39.0,0,12199.66,12199.66,4397.11,4397.11,2800.34,1596.77,0.0,0.0,0.0,326.29,0.0,1.0,1,0.0,0.0,649118.0,1.0,2.0,2.0,3.0,6.0,468542.0,19.0,0.0,1.0,9955.0,42.0,19300.0,1.0,0.0,0.0,4.0,81140.0,4237.0,76.8,0.0,0.0,133.0,178.0,13.0,6.0,3.0,13.0,13.0,1.0,3.0,3.0,3.0,5.0,28.0,4.0,8.0,3.0,8.0,0.0,0.0,0.0,2.0,92.1,33.3,0.0,0.0,718132.0,482605.0,18300.0,480520.0,0,0
28859,32000.0,0.0702,988.36,2,202000.0,1,1,n,17.42,0.0,1.0,11.0,0.0,32363.0,32.0,0,22926.37,22926.37,10847.0,10847.0,9073.63,1773.37,0.0,0.0,0.0,988.36,0.0,1.0,1,0.0,0.0,764738.0,2.0,2.0,1.0,4.0,2.0,76803.0,100.0,1.0,2.0,17097.0,83.0,45100.0,3.0,10.0,5.0,8.0,69522.0,4737.0,87.2,0.0,0.0,130.0,266.0,6.0,2.0,7.0,6.0,5.0,0.0,5.0,5.0,6.0,8.0,14.0,7.0,11.0,5.0,11.0,0.0,0.0,0.0,3.0,96.7,50.0,0.0,0.0,810641.0,109166.0,37100.0,89535.0,0,0
22595,34000.0,0.0819,692.5,2,130000.0,0,1,n,22.42,0.0,0.0,14.0,0.0,8314.0,29.0,0,28758.62,28758.62,7602.03,7602.03,5241.38,2360.65,0.0,0.0,0.0,692.5,0.0,1.0,1,0.0,0.0,337305.0,0.0,4.0,1.0,3.0,9.0,75664.0,68.0,1.0,4.0,6096.0,42.0,62900.0,2.0,0.0,1.0,7.0,24093.0,14895.0,29.4,0.0,0.0,181.0,107.0,10.0,9.0,3.0,47.0,9.0,0.0,2.0,6.0,2.0,3.0,14.0,9.0,12.0,6.0,14.0,0.0,0.0,0.0,2.0,100.0,0.0,0.0,0.0,458581.0,83978.0,21100.0,118281.0,0,0
55227,35000.0,0.1612,853.37,2,140000.0,0,1,n,13.83,0.0,0.0,17.0,0.0,34578.0,37.0,0,30046.12,30046.12,10209.1,10209.1,4953.88,5255.22,0.0,0.0,0.0,853.37,0.0,1.0,1,0.0,0.0,156258.0,0.0,2.0,1.0,1.0,7.0,40414.0,79.0,3.0,6.0,10260.0,62.0,70500.0,0.0,8.0,12.0,7.0,9192.0,19939.0,57.4,0.0,0.0,153.0,207.0,8.0,7.0,2.0,8.0,7.0,0.0,4.0,5.0,8.0,9.0,16.0,14.0,19.0,5.0,17.0,0.0,0.0,0.0,4.0,100.0,25.0,0.0,0.0,215153.0,74992.0,46800.0,51247.0,0,0
5448,40000.0,0.1308,1349.3,1,153000.0,1,1,n,30.01,0.0,0.0,29.0,0.0,53779.0,63.0,0,30165.41,30165.41,13463.93,13463.93,9834.59,3629.34,0.0,0.0,0.0,1349.3,0.0,1.0,1,0.0,0.0,197609.0,1.0,5.0,0.0,2.0,23.0,143830.0,60.0,3.0,7.0,7741.0,57.0,99300.0,0.0,1.0,1.0,9.0,7057.0,16585.0,67.1,0.0,0.0,202.0,162.0,5.0,5.0,0.0,12.0,12.0,0.0,11.0,18.0,13.0,23.0,18.0,24.0,45.0,18.0,29.0,0.0,0.0,0.0,3.0,98.4,41.7,0.0,0.0,263542.0,197609.0,50400.0,164242.0,0,0
21246,7425.0,0.2055,278.03,2,70000.0,0,1,n,32.58,0.0,2.0,25.0,1.0,24205.0,35.0,0,5615.69,5615.69,3041.38,3041.38,1809.31,1232.07,0.0,0.0,0.0,278.03,0.0,1.0,1,0.0,0.0,37362.0,4.0,5.0,2.0,2.0,7.0,13157.0,29.0,7.0,11.0,7913.0,32.0,70800.0,2.0,0.0,7.0,13.0,1494.0,32675.0,34.0,0.0,0.0,81.0,169.0,2.0,2.0,0.0,5.0,2.0,0.0,7.0,12.0,10.0,12.0,10.0,20.0,25.0,12.0,25.0,0.0,0.0,0.0,9.0,100.0,30.0,1.0,0.0,115541.0,37362.0,49500.0,44741.0,0,0
16535,10625.0,0.17739999999999995,268.31,1,57000.0,0,1,n,34.67,0.0,2.0,26.0,0.0,11062.0,44.0,0,9435.63,9435.63,2672.63,2672.63,1189.37,1483.26,0.0,0.0,0.0,268.31,1.0,1.0,1,0.0,336.0,91991.0,2.0,7.0,0.0,1.0,22.0,80929.0,50.0,3.0,11.0,3121.0,45.0,28800.0,1.0,0.0,3.0,12.0,3538.0,13038.0,43.8,0.0,0.0,150.0,139.0,3.0,3.0,0.0,3.0,3.0,9.0,12.0,18.0,13.0,14.0,22.0,19.0,22.0,18.0,26.0,0.0,0.0,0.0,3.0,79.5,23.1,0.0,0.0,133127.0,91991.0,23200.0,104327.0,0,0
5882,24825.0,0.2565,995.6,1,209000.0,1,1,n,18.76,1.0,2.0,27.0,0.0,38562.0,85.0,0,0.0,0.0,29173.69,29173.69,24825.0,4348.69,0.0,0.0,0.0,25226.67,0.0,1.0,1,0.0,0.0,279946.0,3.0,6.0,3.0,5.0,6.0,241384.0,56.0,2.0,3.0,15769.0,50.0,86400.0,1.0,3.0,3.0,8.0,10368.0,31634.0,54.9,0.0,0.0,175.0,171.0,1.0,1.0,0.0,1.0,1.0,0.0,8.0,9.0,14.0,18.0,45.0,21.0,39.0,9.0,27.0,0.0,0.0,0.0,5.0,97.6,35.7,0.0,0.0,354307.0,279946.0,70100.0,267907.0,0,0
40890,20000.0,0.0702,617.73,3,82700.0,0,1,n,22.61,0.0,1.0,19.0,0.0,20165.0,22.0,0,14328.0,14328.0,6779.43,6779.43,5672.0,1107.43,0.0,0.0,0.0,617.73,0.0,1.0,1,0.0,0.0,69224.0,1.0,7.0,0.0,2.0,18.0,49059.0,97.0,2.0,3.0,7391.0,81.0,34900.0,0.0,1.0,1.0,5.0,3846.0,9754.0,65.2,0.0,0.0,122.0,118.0,2.0,2.0,0.0,7.0,2.0,1.0,7.0,9.0,8.0,9.0,10.0,11.0,12.0,9.0,18.0,0.0,0.0,0.0,2.0,95.5,75.0,0.0,0.0,85400.0,69224.0,28000.0,50500.0,0,0
66802,15000.0,0.17739999999999995,540.34,1,70000.0,0,1,n,7.34,0.0,0.0,16.0,0.0,14803.0,17.0,0,11958.36,11958.36,5388.62,5388.62,3041.64,2346.98,0.0,0.0,0.0,540.34,0.0,1.0,1,0.0,0.0,44406.0,0.0,9.0,0.0,0.0,37.0,29603.0,114.0,1.0,2.0,8234.0,77.0,31700.0,0.0,0.0,0.0,2.0,2775.0,15297.0,49.2,0.0,0.0,75.0,75.0,12.0,12.0,0.0,12.0,21.0,0.0,4.0,4.0,5.0,6.0,9.0,7.0,8.0,4.0,16.0,0.0,0.0,0.0,1.0,94.1,60.0,0.0,0.0,57699.0,44406.0,30100.0,25999.0,0,0
42943,5000.0,0.0702,154.44,3,33280.0,0,1,n,14.82,0.0,0.0,6.0,0.0,5456.0,9.0,0,3581.92,3581.92,1696.89,1696.89,1418.08,278.81,0.0,0.0,0.0,154.44,0.0,1.0,1,0.0,0.0,16488.0,0.0,1.0,0.0,0.0,26.0,11032.0,69.0,1.0,2.0,2080.0,49.0,17400.0,0.0,0.0,1.0,2.0,2748.0,11044.0,33.1,0.0,0.0,26.0,59.0,10.0,10.0,0.0,10.0,10.0,0.0,4.0,4.0,4.0,5.0,1.0,5.0,8.0,4.0,6.0,0.0,0.0,0.0,1.0,88.9,0.0,0.0,0.0,33483.0,16488.0,16500.0,16083.0,0,0
59641,5500.0,0.1171,181.92,1,24000.0,0,1,n,7.5,1.0,1.0,19.0,0.0,273.0,31.0,0,4037.73,4037.73,1997.54,1997.54,1462.27,535.27,0.0,0.0,0.0,0.0,0.0,1.0,1,0.0,0.0,8980.0,1.0,2.0,0.0,0.0,43.0,8707.0,41.0,1.0,3.0,128.0,20.0,25000.0,0.0,4.0,1.0,3.0,473.0,12906.0,1.5,0.0,0.0,77.0,123.0,2.0,2.0,0.0,2.0,2.0,0.0,4.0,6.0,9.0,13.0,3.0,17.0,28.0,6.0,19.0,0.0,0.0,0.0,1.0,83.9,0.0,0.0,0.0,46095.0,8980.0,13100.0,21095.0,0,0
635,38275.0,0.08810000000000001,1213.76,1,80000.0,1,1,n,34.29,0.0,0.0,14.0,0.0,37548.0,24.0,0,29629.38,29629.38,10905.11,10905.11,8645.62,2259.49,0.0,0.0,0.0,0.0,0.0,1.0,1,0.0,316.0,80515.0,0.0,3.0,0.0,1.0,19.0,42967.0,66.0,0.0,0.0,7960.0,52.0,89400.0,1.0,0.0,0.0,1.0,6193.0,51852.0,42.0,0.0,0.0,154.0,165.0,57.0,19.0,3.0,57.0,19.0,0.0,9.0,9.0,10.0,11.0,8.0,11.0,13.0,9.0,14.0,0.0,0.0,0.0,0.0,100.0,0.0,0.0,0.0,154399.0,80515.0,89400.0,64999.0,0,0
58973,8400.0,0.16949999999999998,299.28,1,40000.0,0,1,n,21.0,0.0,0.0,4.0,0.0,10118.0,20.0,0,6311.25,6311.25,3284.17,3284.17,2088.75,1195.42,0.0,0.0,0.0,0.0,0.0,1.0,1,0.0,0.0,99195.0,1.0,2.0,1.0,1.0,4.0,89077.0,98.0,0.0,0.0,10118.0,88.0,14300.0,0.0,0.0,1.0,1.0,24799.0,4182.0,70.8,0.0,0.0,124.0,122.0,28.0,4.0,0.0,28.0,4.0,0.0,1.0,1.0,2.0,5.0,15.0,2.0,5.0,1.0,4.0,0.0,0.0,0.0,1.0,100.0,50.0,0.0,0.0,93802.0,99195.0,14300.0,79502.0,0,0
58511,35000.0,0.1033,1134.79,2,75000.0,1,1,n,36.62,0.0,1.0,13.0,0.0,18748.0,26.0,0,24510.62,24510.62,13597.39,13597.39,10489.38,3108.01,0.0,0.0,0.0,1134.79,0.0,1.0,1,0.0,0.0,100198.0,3.0,4.0,1.0,2.0,1.0,81450.0,61.0,1.0,4.0,7819.0,47.0,57100.0,4.0,1.0,8.0,7.0,7708.0,18921.0,37.1,0.0,0.0,115.0,358.0,2.0,1.0,1.0,23.0,1.0,0.0,2.0,7.0,3.0,6.0,12.0,9.0,13.0,7.0,13.0,0.0,0.0,0.0,3.0,100.0,0.0,0.0,0.0,162120.0,100198.0,30100.0,105020.0,0,0
13143,20000.0,0.0819,407.35,2,85000.0,0,1,n,10.56,0.0,0.0,11.0,0.0,12161.0,18.0,0,17206.78,17206.78,4064.4,4064.4,2793.22,1271.18,0.0,0.0,0.0,407.35,0.0,1.0,1,0.0,0.0,174924.0,2.0,1.0,0.0,1.0,23.0,6130.0,47.0,2.0,3.0,5861.0,32.0,43400.0,4.0,0.0,3.0,4.0,15902.0,13996.0,40.2,0.0,0.0,157.0,79.0,4.0,4.0,2.0,6.0,3.0,0.0,4.0,6.0,4.0,6.0,2.0,9.0,14.0,6.0,11.0,0.0,0.0,0.0,2.0,100.0,0.0,0.0,0.0,253208.0,18291.0,23400.0,13000.0,0,0
37714,20000.0,0.0702,617.73,1,80000.0,0,1,n,18.36,0.0,0.0,11.0,0.0,19666.0,12.0,0,14328.0,14328.0,6787.23,6787.23,5672.0,1115.23,0.0,0.0,0.0,617.73,0.0,1.0,1,0.0,0.0,26868.0,0.0,1.0,0.0,0.0,26.0,7202.0,36.0,0.0,3.0,6630.0,37.0,52200.0,0.0,0.0,1.0,3.0,2443.0,20552.0,47.6,0.0,0.0,55.0,130.0,23.0,23.0,0.0,24.0,9.0,0.0,5.0,8.0,7.0,7.0,2.0,10.0,10.0,8.0,11.0,0.0,0.0,0.0,0.0,100.0,28.6,0.0,0.0,72200.0,26868.0,39200.0,20000.0,0,0
20643,12000.0,0.0819,377.09,1,70000.0,1,1,n,24.94,0.0,0.0,10.0,0.0,9372.0,16.0,0,0.0,0.0,12530.84,12530.84,12000.0,530.84,0.0,0.0,0.0,10279.22,0.0,1.0,1,0.0,0.0,26538.0,0.0,2.0,1.0,1.0,10.0,17166.0,47.0,0.0,0.0,4278.0,30.0,51300.0,1.0,0.0,1.0,1.0,2654.0,35928.0,20.7,0.0,0.0,132.0,262.0,42.0,10.0,0.0,42.0,10.0,0.0,3.0,3.0,7.0,8.0,4.0,8.0,12.0,3.0,10.0,0.0,0.0,0.0,1.0,100.0,0.0,0.0,0.0,87900.0,26538.0,45300.0,36600.0,0,0
46757,25000.0,0.0819,509.19,1,100000.0,0,1,n,15.52,1.0,1.0,14.0,0.0,33184.0,44.0,0,21145.32,21145.32,5578.34,5578.34,3854.68,1723.66,0.0,0.0,0.0,0.0,0.0,1.0,1,0.0,0.0,346932.0,1.0,1.0,1.0,1.0,9.0,28386.0,91.0,2.0,3.0,22138.0,54.0,82100.0,1.0,0.0,4.0,4.0,26687.0,38652.0,45.7,0.0,0.0,153.0,215.0,2.0,2.0,6.0,2.0,2.0,0.0,5.0,7.0,6.0,14.0,9.0,12.0,29.0,7.0,14.0,0.0,0.0,0.0,3.0,97.7,16.7,0.0,0.0,412506.0,61570.0,71200.0,31156.0,0,0
15868,24000.0,0.1033,778.14,2,150000.0,1,1,n,13.98,1.0,0.0,8.0,0.0,176069.0,11.0,1,18058.04,18058.04,7753.85,7753.85,5941.96,1811.89,0.0,0.0,0.0,778.14,0.0,1.0,1,0.0,0.0,596432.0,0.0,1.0,0.0,0.0,37.0,10845.0,44.0,0.0,0.0,10061.0,71.0,205300.0,0.0,0.0,1.0,0.0,74554.0,4366.0,81.3,0.0,0.0,37.0,289.0,27.0,27.0,1.0,44.0,2.0,0.0,3.0,5.0,4.0,6.0,1.0,6.0,9.0,5.0,8.0,0.0,0.0,0.0,0.0,90.9,75.0,0.0,0.0,654050.0,186914.0,23300.0,24650.0,0,0
10341,4000.0,0.2055,149.78,1,43000.0,0,1,n,26.37,1.0,0.0,8.0,0.0,11006.0,12.0,0,3121.62,3121.62,1493.23,1493.23,878.38,614.85,0.0,0.0,0.0,149.78,0.0,1.0,1,0.0,0.0,45830.0,0.0,4.0,0.0,1.0,23.0,34824.0,94.0,0.0,0.0,9768.0,87.0,15600.0,1.0,0.0,0.0,1.0,5729.0,4146.0,72.4,0.0,0.0,194.0,75.0,25.0,23.0,0.0,61.0,23.0,2.0,3.0,4.0,3.0,4.0,7.0,4.0,5.0,4.0,8.0,0.0,0.0,0.0,0.0,75.0,33.3,0.0,0.0,52850.0,45830.0,15000.0,37250.0,0,0
49231,10000.0,0.0646,306.31,3,30000.0,0,1,n,28.44,0.0,0.0,5.0,0.0,5493.0,14.0,0,7146.72,7146.72,3362.23,3362.23,2853.28,508.95,0.0,0.0,0.0,0.0,0.0,1.0,1,0.0,0.0,27320.0,0.0,2.0,0.0,3.0,17.0,21827.0,75.0,0.0,0.0,4839.0,36.0,46500.0,1.0,0.0,0.0,3.0,5464.0,29493.0,14.5,0.0,0.0,137.0,437.0,45.0,17.0,0.0,106.0,17.0,0.0,2.0,3.0,2.0,4.0,8.0,3.0,6.0,3.0,5.0,0.0,0.0,0.0,0.0,100.0,0.0,0.0,0.0,75522.0,27320.0,34500.0,29022.0,0,0
71751,16000.0,0.08810000000000001,507.39,3,43000.0,1,1,n,26.77,2.0,0.0,6.0,0.0,16035.0,17.0,0,11161.23,11161.23,6080.85,6080.85,4838.77,1242.08,0.0,0.0,0.0,507.39,0.0,1.0,1,0.0,0.0,68056.0,0.0,1.0,0.0,0.0,37.0,3646.0,51.0,0.0,0.0,6803.0,57.0,27500.0,0.0,0.0,1.0,0.0,11343.0,11465.0,58.3,0.0,0.0,143.0,211.0,33.0,33.0,1.0,33.0,3.0,0.0,4.0,4.0,4.0,10.0,2.0,4.0,14.0,4.0,6.0,0.0,0.0,0.0,0.0,88.2,50.0,0.0,0.0,88601.0,19681.0,27500.0,7129.0,0,0
12897,5500.0,0.14300000000000002,188.78,1,61000.0,0,1,n,23.06,0.0,0.0,9.0,0.0,6816.0,10.0,0,3994.59,3994.59,1874.68,1874.68,1505.41,369.27,0.0,0.0,0.0,180.03,0.0,1.0,1,0.0,302.0,56332.0,0.0,3.0,0.0,2.0,18.0,49516.0,85.0,0.0,2.0,3496.0,70.0,14600.0,0.0,1.0,1.0,4.0,7042.0,148.0,97.7,0.0,0.0,69.0,73.0,18.0,18.0,0.0,52.0,7.0,0.0,3.0,4.0,3.0,3.0,4.0,6.0,6.0,4.0,9.0,0.0,0.0,0.0,0.0,90.0,100.0,0.0,0.0,75688.0,56332.0,6500.0,61088.0,0,0
7493,17000.0,0.124,381.61,3,57000.0,0,1,n,16.34,0.0,1.0,12.0,0.0,6004.0,26.0,0,14842.12,14842.12,3804.39,3804.39,2157.88,1646.51,0.0,0.0,0.0,381.61,0.0,1.0,1,0.0,0.0,22007.0,0.0,2.0,1.0,3.0,11.0,16003.0,76.0,1.0,2.0,4941.0,41.0,33100.0,2.0,0.0,2.0,5.0,1834.0,14259.0,25.7,0.0,0.0,198.0,242.0,8.0,8.0,0.0,215.0,0.0,0.0,1.0,2.0,4.0,7.0,7.0,10.0,19.0,2.0,12.0,0.0,0.0,0.0,2.0,100.0,0.0,0.0,0.0,54100.0,22007.0,19200.0,21000.0,0,0
76994,6000.0,0.1102,196.49,2,200000.0,1,1,n,6.21,2.0,1.0,20.0,1.0,9551.0,26.0,0,4214.94,4214.94,2350.53,2350.53,1785.06,565.47,0.0,0.0,0.0,196.49,0.0,1.0,1,0.0,702.0,61291.0,1.0,11.0,1.0,3.0,8.0,51740.0,103.0,3.0,4.0,7642.0,87.0,17700.0,1.0,1.0,3.0,7.0,3065.0,3244.0,70.2,0.0,0.0,114.0,106.0,4.0,4.0,0.0,4.0,4.0,0.0,2.0,4.0,4.0,6.0,13.0,9.0,13.0,4.0,20.0,0.0,0.0,0.0,4.0,88.5,25.0,1.0,0.0,92992.0,61291.0,10900.0,75292.0,0,0
36852,21000.0,0.17739999999999995,756.47,1,50204.0,0,1,n,51.49,1.0,0.0,7.0,0.0,34349.0,18.0,0,15714.56,15714.56,8300.47,8300.47,5285.44,3015.03,0.0,0.0,0.0,756.47,0.0,1.0,0,0.0,0.0,65330.0,0.0,2.0,1.0,1.0,8.0,30981.0,68.0,0.0,0.0,16286.0,70.0,47800.0,0.0,0.0,2.0,1.0,9333.0,1251.0,96.5,0.0,0.0,134.0,107.0,37.0,8.0,2.0,37.0,8.0,0.0,3.0,3.0,3.0,4.0,10.0,5.0,6.0,3.0,7.0,0.0,0.0,0.0,1.0,94.4,100.0,0.0,0.0,93295.0,65330.0,35600.0,45495.0,0,0
71459,22000.0,0.0756,684.95,2,100000.0,0,1,n,32.73,0.0,0.0,18.0,0.0,71601.0,32.0,0,15281.1,15281.1,8210.16,8210.16,6718.9,1491.26,0.0,0.0,0.0,684.95,0.0,1.0,1,0.0,0.0,385863.0,0.0,1.0,0.0,1.0,24.0,10599.0,41.0,0.0,0.0,18986.0,57.0,118500.0,0.0,1.0,1.0,2.0,21437.0,21790.0,72.3,0.0,0.0,194.0,192.0,40.0,8.0,3.0,41.0,12.0,0.0,7.0,11.0,8.0,11.0,7.0,15.0,22.0,11.0,18.0,0.0,0.0,0.0,1.0,100.0,50.0,0.0,0.0,449964.0,82200.0,78600.0,25818.0,0,0
20333,36000.0,0.1524,860.98,1,55000.0,0,1,n,34.5,0.0,3.0,23.0,1.0,18774.0,43.0,0,36000.0,36000.0,3489.8,3489.8,0.0,3489.8,0.0,0.0,0.0,0.0,0.0,1.0,0,0.0,0.0,55757.0,3.0,4.0,2.0,3.0,11.0,36983.0,73.0,4.0,8.0,6604.0,45.0,74500.0,4.0,1.0,10.0,11.0,2424.0,38926.0,31.7,0.0,0.0,100.0,110.0,1.0,1.0,0.0,3.0,1.0,0.0,4.0,5.0,9.0,14.0,12.0,19.0,31.0,5.0,23.0,0.0,0.0,0.0,6.0,100.0,11.1,1.0,0.0,125389.0,55757.0,57000.0,50889.0,1,0
69138,27000.0,0.0819,549.93,2,110000.0,0,1,n,16.82,0.0,1.0,12.0,1.0,22450.0,18.0,0,22443.63,22443.63,6574.59,6574.59,4556.36,2018.22,0.0,0.0,0.0,549.93,0.0,1.0,1,0.0,0.0,329134.0,1.0,2.0,0.0,0.0,41.0,38010.0,47.0,2.0,2.0,8721.0,38.0,65900.0,0.0,6.0,1.0,2.0,27428.0,29002.0,42.2,0.0,0.0,150.0,86.0,6.0,6.0,2.0,6.0,3.0,0.0,4.0,5.0,7.0,7.0,7.0,9.0,9.0,5.0,12.0,0.0,0.0,0.0,2.0,100.0,28.6,1.0,0.0,426976.0,60460.0,50200.0,81239.0,0,0
74348,10000.0,0.124,334.06,2,110000.0,1,1,n,10.55,0.0,2.0,18.0,0.0,18978.0,37.0,1,7788.46,7788.46,3333.71,3333.71,2211.54,1122.17,0.0,0.0,0.0,334.06,0.0,1.0,1,0.0,0.0,450101.0,6.0,6.0,0.0,0.0,32.0,76120.0,125.0,5.0,5.0,6478.0,77.0,63400.0,1.0,3.0,4.0,6.0,25006.0,5283.0,57.0,0.0,0.0,243.0,32.0,1.0,1.0,1.0,4.0,3.0,9.0,2.0,7.0,3.0,3.0,23.0,11.0,12.0,7.0,18.0,0.0,0.0,0.0,6.0,74.3,0.0,0.0,0.0,480445.0,95098.0,12300.0,60959.0,0,0
64413,1000.0,0.124,33.41,3,40800.0,1,1,n,16.26,0.0,0.0,7.0,0.0,4193.0,25.0,0,624.4,624.4,475.23,475.23,375.6,99.63,0.0,0.0,0.0,33.41,0.0,1.0,1,0.0,0.0,23619.0,2.0,1.0,1.0,1.0,5.0,19426.0,97.0,1.0,2.0,1227.0,76.0,11100.0,0.0,1.0,0.0,3.0,3374.0,273.0,81.8,0.0,0.0,138.0,278.0,1.0,1.0,0.0,51.0,14.0,3.0,1.0,4.0,1.0,4.0,6.0,6.0,19.0,4.0,7.0,0.0,0.0,0.0,2.0,80.0,100.0,0.0,0.0,31231.0,23619.0,1500.0,20131.0,0,0
35205,15000.0,0.2565,601.57,1,72000.0,1,1,n,19.89,0.0,0.0,13.0,0.0,6040.0,17.0,0,0.0,0.0,17987.7,17987.7,15000.0,2987.7,0.0,0.0,0.0,121.12,0.0,1.0,1,0.0,0.0,44907.0,1.0,3.0,0.0,2.0,14.0,38867.0,80.0,3.0,6.0,1887.0,51.0,19700.0,0.0,1.0,0.0,8.0,3454.0,2903.0,45.2,0.0,0.0,91.0,553.0,5.0,5.0,0.0,9.0,15.0,1.0,2.0,5.0,3.0,4.0,6.0,10.0,11.0,5.0,13.0,0.0,0.0,0.0,3.0,94.1,0.0,0.0,0.0,76417.0,44907.0,5300.0,56717.0,0,0
61769,10000.0,0.1308,227.95,1,50000.0,0,1,n,19.83,0.0,0.0,7.0,1.0,4896.0,13.0,0,8968.49,8968.49,2261.33,2261.33,1031.51,1229.82,0.0,0.0,0.0,227.95,0.0,1.0,1,0.0,792.0,32999.0,0.0,2.0,1.0,2.0,8.0,28103.0,86.0,0.0,0.0,1597.0,81.0,8400.0,2.0,0.0,6.0,2.0,5500.0,1628.0,69.9,0.0,0.0,90.0,279.0,34.0,8.0,0.0,59.0,8.0,0.0,3.0,4.0,3.0,3.0,5.0,5.0,8.0,4.0,7.0,0.0,0.0,0.0,1.0,100.0,33.3,1.0,0.0,40969.0,32999.0,5400.0,32569.0,0,0
17846,12750.0,0.2055,341.72,2,65000.0,1,1,n,31.83,0.0,0.0,10.0,0.0,39447.0,25.0,0,11416.69,11416.69,3402.64,3402.64,1333.31,2069.33,0.0,0.0,0.0,341.72,0.0,1.0,1,0.0,0.0,142397.0,0.0,2.0,0.0,2.0,14.0,13252.0,32.0,0.0,1.0,14421.0,55.0,54500.0,2.0,0.0,0.0,3.0,14240.0,8958.0,80.3,0.0,0.0,175.0,134.0,22.0,14.0,1.0,22.0,14.0,0.0,5.0,6.0,5.0,7.0,10.0,7.0,14.0,6.0,10.0,0.0,0.0,0.0,0.0,100.0,80.0,0.0,0.0,204228.0,52699.0,45500.0,41578.0,0,0
31066,6375.0,0.124,212.97,2,64000.0,1,1,n,33.34,0.0,1.0,16.0,0.0,6022.0,29.0,0,4864.74,4864.74,2125.31,2125.31,1510.26,615.05,0.0,0.0,0.0,0.0,1.0,1.0,0,0.0,405.0,286421.0,6.0,6.0,6.0,7.0,4.0,72018.0,76.0,2.0,2.0,2891.0,64.0,20300.0,3.0,4.0,4.0,10.0,17901.0,9620.0,27.7,0.0,0.0,132.0,113.0,5.0,4.0,4.0,5.0,5.0,0.0,3.0,4.0,5.0,7.0,14.0,8.0,11.0,4.0,16.0,0.0,0.0,0.0,9.0,92.0,20.0,0.0,0.0,327015.0,78040.0,13300.0,97675.0,0,0
49618,17850.0,0.2305,503.72,1,144000.0,0,1,n,5.91,0.0,1.0,5.0,0.0,13785.0,7.0,0,16379.67,16379.67,5414.34,5414.34,1470.33,3944.01,0.0,0.0,0.0,503.72,0.0,1.0,1,0.0,0.0,21852.0,1.0,1.0,2.0,2.0,5.0,8067.0,92.0,0.0,0.0,11921.0,54.0,31500.0,2.0,0.0,2.0,2.0,4370.0,17715.0,43.8,0.0,0.0,11.0,81.0,30.0,5.0,0.0,30.0,5.0,0.0,3.0,3.0,4.0,4.0,2.0,4.0,5.0,3.0,5.0,0.0,0.0,0.0,2.0,100.0,25.0,0.0,0.0,40300.0,21852.0,31500.0,8800.0,0,0
23233,5400.0,0.1033,175.09,1,58000.0,0,1,n,26.71,0.0,0.0,16.0,0.0,11629.0,26.0,0,0.0,0.0,5676.41,5676.41,5400.0,276.41,0.0,0.0,0.0,2053.88,0.0,1.0,1,0.0,0.0,131778.0,1.0,12.0,2.0,2.0,5.0,120149.0,110.0,1.0,1.0,4948.0,97.0,26500.0,0.0,4.0,1.0,3.0,8236.0,14871.0,43.9,0.0,0.0,114.0,106.0,7.0,5.0,0.0,7.0,7.0,0.0,3.0,3.0,4.0,6.0,20.0,4.0,6.0,3.0,16.0,0.0,0.0,0.0,3.0,100.0,50.0,0.0,0.0,136158.0,131778.0,26500.0,109658.0,0,0
77294,10000.0,0.1862,364.65,2,60000.0,0,1,n,27.5,1.0,1.0,21.0,1.0,4462.0,45.0,0,0.0,0.0,11682.89,11682.89,10000.0,1682.89,0.0,0.0,0.0,7692.43,0.0,1.0,1,0.0,0.0,47919.0,1.0,2.0,1.0,1.0,1.0,43457.0,22.0,0.0,3.0,3643.0,14.0,42500.0,1.0,5.0,2.0,4.0,2282.0,16685.0,18.6,0.0,0.0,141.0,145.0,18.0,1.0,0.0,18.0,1.0,3.0,4.0,6.0,7.0,14.0,9.0,19.0,36.0,6.0,21.0,0.0,0.0,0.0,1.0,91.1,0.0,1.0,0.0,98041.0,47919.0,20500.0,55541.0,0,0
52326,13000.0,0.0702,401.53,2,300000.0,1,1,n,9.4,1.0,0.0,16.0,0.0,23085.0,36.0,0,3885.72,3885.72,9813.29,9813.29,9114.28,699.01,0.0,0.0,0.0,401.53,0.0,1.0,1,0.0,0.0,846603.0,2.0,3.0,1.0,6.0,7.0,40413.0,61.0,3.0,5.0,13260.0,49.0,62500.0,1.0,8.0,1.0,13.0,52913.0,31983.0,39.4,0.0,0.0,100.0,104.0,1.0,1.0,4.0,3.0,11.0,0.0,3.0,6.0,6.0,8.0,18.0,12.0,14.0,6.0,16.0,0.0,0.0,0.0,5.0,97.1,16.7,0.0,0.0,920863.0,63498.0,52800.0,66363.0,0,0
26525,13200.0,0.1612,321.85,2,130000.0,1,1,n,19.3,0.0,1.0,6.0,0.0,0.0,17.0,0,11499.12,11499.12,3528.53,3528.53,1700.88,1827.65,0.0,0.0,0.0,321.85,0.0,1.0,1,0.0,0.0,343080.0,2.0,3.0,2.0,2.0,3.0,55388.0,53.0,0.0,0.0,0.0,65.0,5000.0,1.0,0.0,1.0,2.0,57180.0,5000.0,0.0,0.0,0.0,116.0,247.0,29.0,3.0,6.0,29.0,3.0,0.0,0.0,0.0,1.0,4.0,6.0,1.0,4.0,0.0,6.0,0.0,0.0,0.0,2.0,100.0,0.0,0.0,0.0,389200.0,80417.0,5000.0,73459.0,0,0
790,4600.0,0.0756,143.22,3,65000.0,1,1,n,16.67,0.0,3.0,13.0,0.0,7897.0,17.0,1,0.0,0.0,4713.4100000195,4713.41,4600.0,113.41,0.0,0.0,0.0,64.73,0.0,1.0,1,0.0,0.0,40319.0,3.0,2.0,2.0,4.0,5.0,32422.0,90.0,3.0,4.0,4527.0,37.0,73300.0,3.0,0.0,6.0,8.0,3101.0,29592.0,20.5,0.0,0.0,113.0,51.0,2.0,2.0,0.0,2.0,4.0,0.0,4.0,5.0,5.0,5.0,5.0,11.0,12.0,5.0,13.0,0.0,0.0,0.0,5.0,100.0,0.0,0.0,0.0,109450.0,40319.0,37200.0,36150.0,0,0
15752,40000.0,0.0646,1225.24,2,150000.0,0,1,n,16.36,0.0,2.0,21.0,0.0,54520.0,35.0,0,29652.74,29652.74,12223.69,12223.69,10347.26,1876.43,0.0,0.0,0.0,1225.24,0.0,1.0,1,0.0,0.0,565057.0,3.0,2.0,2.0,2.0,2.0,16013.0,98.0,2.0,4.0,14586.0,55.0,112300.0,6.0,2.0,12.0,8.0,29740.0,53683.0,50.3,0.0,0.0,131.0,225.0,4.0,2.0,4.0,4.0,2.0,0.0,6.0,7.0,12.0,15.0,6.0,16.0,25.0,7.0,21.0,0.0,0.0,0.0,4.0,100.0,36.4,0.0,0.0,724330.0,70533.0,108000.0,16410.0,0,0
17865,12000.0,0.0819,377.09,2,79999.0,1,1,n,27.59,0.0,1.0,12.0,0.0,2970.0,20.0,0,8955.77,8955.77,3765.44,3765.44,3044.23,721.21,0.0,0.0,0.0,377.09,0.0,1.0,1,0.0,0.0,283543.0,2.0,3.0,2.0,5.0,4.0,80945.0,88.0,0.0,0.0,722.0,56.0,31600.0,3.0,4.0,5.0,5.0,23629.0,10244.0,6.9,0.0,0.0,75.0,79.0,35.0,4.0,2.0,35.0,4.0,0.0,2.0,6.0,3.0,4.0,9.0,8.0,9.0,6.0,12.0,0.0,0.0,0.0,2.0,100.0,0.0,0.0,0.0,330748.0,83915.0,11000.0,88043.0,0,0
32572,18000.0,0.08810000000000001,372.0,1,60044.0,1,1,n,17.41,0.0,1.0,11.0,1.0,18453.0,31.0,0,15262.64,15262.64,4083.19,4083.19,2737.36,1345.83,0.0,0.0,0.0,372.0,0.0,1.0,1,0.0,0.0,28342.0,2.0,2.0,1.0,1.0,6.0,9889.0,35.0,1.0,6.0,9731.0,37.0,49500.0,1.0,1.0,1.0,7.0,2577.0,23569.0,33.6,0.0,0.0,159.0,285.0,4.0,4.0,1.0,15.0,6.0,0.0,2.0,5.0,3.0,10.0,5.0,9.0,25.0,5.0,10.0,0.0,0.0,0.0,2.0,100.0,33.3,1.0,0.0,77688.0,28342.0,35500.0,28188.0,0,0
50432,36000.0,0.1308,820.59,2,73300.0,1,1,n,26.11,0.0,0.0,27.0,1.0,21630.0,53.0,0,30542.21,30542.21,9820.92,9820.92,5457.79,4363.13,0.0,0.0,0.0,820.59,0.0,1.0,1,0.0,0.0,105212.0,1.0,9.0,2.0,3.0,8.0,83582.0,100.0,2.0,4.0,232.0,65.0,79200.0,0.0,10.0,1.0,7.0,4384.0,26938.0,1.0,0.0,0.0,144.0,259.0,3.0,3.0,5.0,3.0,9.0,0.0,2.0,7.0,7.0,13.0,20.0,18.0,28.0,7.0,24.0,0.0,0.0,0.0,4.0,100.0,0.0,1.0,0.0,162863.0,105212.0,27200.0,83663.0,0,0
61342,7200.0,0.14300000000000002,247.13,2,40000.0,0,1,n,24.63,0.0,0.0,11.0,1.0,16405.0,23.0,0,5138.9,5138.9,2951.26,2951.26,2061.1,890.16,0.0,0.0,0.0,247.13,0.0,1.0,1,0.0,0.0,79115.0,1.0,3.0,4.0,7.0,7.0,34408.0,93.0,2.0,4.0,574.0,83.0,24300.0,5.0,0.0,6.0,11.0,7192.0,926.0,38.3,0.0,0.0,131.0,57.0,1.0,1.0,1.0,1.0,7.0,0.0,1.0,2.0,2.0,2.0,15.0,7.0,7.0,2.0,11.0,0.0,0.0,0.0,6.0,100.0,0.0,1.0,0.0,99754.0,50813.0,1500.0,36954.0,0,0
12501,21275.0,0.124,710.71,2,121000.0,0,1,n,22.33,0.0,1.0,14.0,1.0,22730.0,27.0,0,16209.14,16209.14,7092.44,7092.44,5065.86,2026.58,0.0,0.0,0.0,710.71,0.0,1.0,0,0.0,0.0,356282.0,2.0,5.0,1.0,2.0,5.0,21554.0,42.0,1.0,2.0,5639.0,51.0,36600.0,2.0,0.0,1.0,4.0,25449.0,276.0,97.6,0.0,0.0,282.0,235.0,2.0,2.0,1.0,73.0,5.0,0.0,2.0,7.0,2.0,2.0,13.0,8.0,13.0,7.0,14.0,0.0,0.0,0.0,2.0,92.6,100.0,1.0,0.0,486627.0,44284.0,11500.0,51027.0,0,0
58347,20000.0,0.124,448.95,1,135000.0,1,1,n,14.47,3.0,0.0,14.0,0.0,12249.0,29.0,0,16921.53,16921.53,5373.62,5373.62,3078.47,2295.15,0.0,0.0,0.0,448.95,6.0,1.0,1,0.0,0.0,59040.0,1.0,3.0,1.0,1.0,6.0,46791.0,49.0,0.0,2.0,3553.0,42.0,32900.0,1.0,2.0,2.0,3.0,4217.0,16266.0,42.7,0.0,0.0,149.0,63.0,19.0,6.0,0.0,19.0,6.0,6.0,8.0,9.0,8.0,8.0,12.0,11.0,11.0,9.0,14.0,0.0,0.0,2.0,1.0,75.0,0.0,0.0,0.0,92362.0,59040.0,28400.0,59462.0,0,0
27113,5000.0,0.2305,193.68,1,69000.0,1,1,n,33.5,1.0,0.0,13.0,1.0,10996.0,38.0,0,3891.9,3891.9,2090.31,2090.31,1108.1,982.21,0.0,0.0,0.0,303.68,0.0,1.0,1,0.0,0.0,77105.0,2.0,4.0,2.0,3.0,5.0,66109.0,84.0,0.0,7.0,2049.0,83.0,13400.0,1.0,6.0,0.0,10.0,5931.0,419.0,93.8,0.0,0.0,140.0,91.0,15.0,5.0,0.0,19.0,13.0,0.0,4.0,7.0,4.0,8.0,15.0,9.0,23.0,7.0,13.0,0.0,0.0,0.0,2.0,97.4,100.0,1.0,0.0,92611.0,77105.0,6800.0,79211.0,0,0
54113,7000.0,0.1033,226.96,2,45000.0,0,1,n,16.64,0.0,0.0,9.0,0.0,6780.0,15.0,0,0.0,0.0,7551.14,7551.14,7000.0,551.14,0.0,0.0,0.0,5516.53,0.0,1.0,1,0.0,0.0,150148.0,0.0,2.0,0.0,2.0,14.0,20536.0,73.0,1.0,2.0,3839.0,55.0,21300.0,2.0,0.0,3.0,5.0,16683.0,12520.0,35.1,0.0,0.0,43.0,153.0,8.0,8.0,2.0,8.0,2.0,1.0,3.0,3.0,5.0,5.0,5.0,6.0,8.0,3.0,9.0,0.0,0.0,0.0,1.0,93.3,40.0,0.0,0.0,174469.0,27316.0,19300.0,28169.0,0,0
41898,6825.0,0.0756,212.49,2,60000.0,1,1,n,28.54,0.0,0.0,12.0,0.0,11947.0,22.0,0,4900.73,4900.73,2331.66,2331.66,1924.27,407.39,0.0,0.0,0.0,212.49,0.0,1.0,1,0.0,0.0,200732.0,0.0,2.0,0.0,2.0,13.0,44009.0,73.0,0.0,3.0,6219.0,57.0,38100.0,1.0,2.0,1.0,8.0,16728.0,26153.0,31.4,0.0,0.0,125.0,97.0,17.0,8.0,3.0,17.0,9.0,0.0,5.0,5.0,8.0,9.0,7.0,8.0,11.0,5.0,12.0,0.0,0.0,0.0,2.0,90.9,0.0,0.0,0.0,244419.0,55956.0,38100.0,60524.0,0,0
39412,8500.0,0.16949999999999998,302.84,1,40000.0,1,1,n,16.32,1.0,0.0,11.0,0.0,13756.0,14.0,0,6341.26,6341.26,3323.24,3323.24,2158.74,1164.5,0.0,0.0,0.0,302.84,0.0,1.0,1,0.0,0.0,15651.0,0.0,1.0,0.0,1.0,22.0,1895.0,47.0,1.0,1.0,4874.0,46.0,30400.0,3.0,1.0,1.0,2.0,1423.0,11588.0,54.2,0.0,0.0,167.0,163.0,12.0,12.0,0.0,12.0,9.0,0.0,4.0,5.0,5.0,7.0,2.0,10.0,12.0,5.0,11.0,0.0,0.0,0.0,1.0,92.9,40.0,0.0,0.0,34400.0,15651.0,25300.0,4000.0,0,0
37088,40000.0,0.08810000000000001,826.66,2,101000.0,1,1,n,20.44,0.0,0.0,8.0,0.0,66981.0,18.0,0,0.0,0.0,41233.37,41233.37,40000.0,1233.37,0.0,0.0,0.0,38772.97,0.0,1.0,1,0.0,0.0,533662.0,0.0,2.0,0.0,1.0,23.0,27906.0,59.0,0.0,0.0,26796.0,65.0,98100.0,2.0,2.0,0.0,1.0,66708.0,31119.0,68.3,0.0,0.0,116.0,186.0,26.0,23.0,2.0,26.0,19.0,0.0,5.0,5.0,5.0,8.0,7.0,5.0,9.0,5.0,8.0,0.0,0.0,0.0,0.0,100.0,40.0,0.0,0.0,605326.0,94887.0,98100.0,47226.0,0,0
31621,10000.0,0.08810000000000001,317.12,2,77000.0,1,1,n,25.81,0.0,0.0,14.0,0.0,21537.0,31.0,0,7231.82,7231.82,3483.43,3483.43,2768.18,715.25,0.0,0.0,0.0,317.12,0.0,1.0,1,0.0,0.0,296545.0,2.0,4.0,1.0,4.0,11.0,48729.0,70.0,1.0,1.0,4376.0,60.0,46900.0,2.0,11.0,4.0,8.0,21182.0,19332.0,31.2,0.0,0.0,148.0,95.0,4.0,4.0,7.0,27.0,7.0,0.0,4.0,7.0,4.0,4.0,15.0,9.0,9.0,7.0,14.0,0.0,0.0,0.0,3.0,100.0,25.0,0.0,0.0,348195.0,70266.0,28100.0,70095.0,0,0
49333,30000.0,0.1171,662.95,2,84000.0,1,1,n,27.79,0.0,0.0,10.0,0.0,16095.0,21.0,1,25235.24,25235.24,7935.88,7935.88,4764.76,3171.12,0.0,0.0,0.0,662.95,0.0,1.0,1,0.0,0.0,114902.0,0.0,5.0,1.0,7.0,8.0,30000.0,51.0,1.0,1.0,6641.0,57.0,22000.0,3.0,3.0,2.0,8.0,11490.0,5905.0,73.2,0.0,0.0,87.0,54.0,11.0,8.0,1.0,11.0,8.0,0.0,4.0,4.0,4.0,4.0,16.0,4.0,4.0,4.0,10.0,0.0,0.0,0.0,2.0,100.0,50.0,0.0,0.0,159339.0,46095.0,22000.0,59249.0,0,0
71998,12225.0,0.17739999999999995,440.38,1,72000.0,1,1,n,13.52,3.0,0.0,9.0,0.0,6118.0,27.0,0,0.0,0.0,14124.14,14124.14,12225.0,1899.14,0.0,0.0,0.0,9292.01,0.0,1.0,1,0.0,0.0,124353.0,0.0,2.0,0.0,0.0,31.0,19638.0,59.0,0.0,0.0,5354.0,51.0,17400.0,0.0,0.0,1.0,0.0,13817.0,7882.0,43.7,0.0,0.0,240.0,167.0,49.0,31.0,5.0,74.0,4.0,2.0,2.0,2.0,5.0,6.0,9.0,6.0,13.0,2.0,9.0,0.0,0.0,1.0,0.0,77.8,40.0,0.0,0.0,151000.0,25756.0,14000.0,33264.0,0,0
63736,4800.0,0.1171,158.77,1,56500.0,1,1,n,27.5,1.0,2.0,14.0,0.0,3201.0,47.0,0,3046.5,3046.5,2216.12,2216.12,1753.5,462.62,0.0,0.0,0.0,158.77,0.0,1.0,1,0.0,221.0,33036.0,1.0,3.0,3.0,3.0,2.0,29835.0,98.0,1.0,1.0,698.0,64.0,14300.0,2.0,13.0,4.0,4.0,2360.0,2199.0,35.0,0.0,0.0,149.0,154.0,7.0,2.0,0.0,7.0,1.0,10.0,2.0,6.0,4.0,10.0,19.0,11.0,28.0,6.0,14.0,0.0,0.0,1.0,4.0,77.5,0.0,0.0,0.0,48307.0,33036.0,2900.0,34007.0,0,0
11656,18075.0,0.16949999999999998,448.73,1,190000.0,1,1,n,15.95,0.0,0.0,25.0,0.0,41119.0,40.0,0,16013.1,16013.1,4470.28,4470.28,2061.9,2408.38,0.0,0.0,0.0,448.73,0.0,1.0,1,0.0,0.0,55746.0,0.0,2.0,0.0,1.0,23.0,14627.0,35.0,1.0,11.0,7766.0,45.0,81300.0,2.0,0.0,2.0,13.0,2230.0,12352.0,63.9,0.0,0.0,61.0,93.0,8.0,8.0,0.0,15.0,8.0,0.0,7.0,14.0,10.0,14.0,4.0,23.0,35.0,14.0,25.0,0.0,0.0,0.0,1.0,97.4,50.0,0.0,0.0,122794.0,55746.0,34200.0,41494.0,0,0
71627,15000.0,0.2305,581.04,3,60000.0,1,1,n,17.72,0.0,0.0,9.0,0.0,21204.0,16.0,0,10399.28,10399.28,7534.31,7534.31,4600.72,2933.59,0.0,0.0,0.0,581.04,0.0,1.0,1,0.0,0.0,29304.0,0.0,2.0,1.0,1.0,12.0,8100.0,34.0,1.0,2.0,11184.0,42.0,45800.0,0.0,2.0,1.0,3.0,3256.0,0.0,100.2,0.0,0.0,162.0,160.0,10.0,10.0,0.0,36.0,10.0,1.0,2.0,4.0,2.0,2.0,4.0,7.0,12.0,4.0,9.0,0.0,0.0,0.0,2.0,93.8,100.0,0.0,0.0,69589.0,29304.0,17300.0,23789.0,0,0
62088,6375.0,0.124,212.97,1,65500.0,0,1,n,25.48,1.0,0.0,24.0,0.0,3605.0,30.0,0,4506.7,4506.7,2544.66,2544.66,1868.3,676.36,0.0,0.0,0.0,212.97,0.0,1.0,1,0.0,1541.0,33852.0,0.0,2.0,0.0,1.0,23.0,30247.0,42.0,2.0,12.0,1222.0,18.0,29000.0,2.0,0.0,2.0,13.0,1411.0,8890.0,16.9,0.0,0.0,54.0,158.0,7.0,7.0,0.0,7.0,7.0,2.0,5.0,12.0,9.0,13.0,3.0,22.0,27.0,12.0,24.0,0.0,0.0,0.0,2.0,90.0,0.0,0.0,0.0,77930.0,33852.0,10700.0,48930.0,0,0
52328,19500.0,0.1862,501.78,2,85000.0,0,1,n,21.9,0.0,0.0,10.0,1.0,17288.0,27.0,0,17177.63,17177.63,5499.41,5499.41,2322.37,3177.04,0.0,0.0,0.0,501.78,0.0,1.0,1,0.0,0.0,497527.0,1.0,3.0,1.0,3.0,9.0,34532.0,80.0,0.0,2.0,7248.0,66.0,35300.0,2.0,0.0,2.0,6.0,49753.0,3531.0,67.9,0.0,0.0,78.0,84.0,13.0,3.0,6.0,13.0,5.0,0.0,2.0,5.0,2.0,4.0,9.0,6.0,12.0,5.0,10.0,0.0,0.0,0.0,2.0,100.0,50.0,1.0,0.0,525640.0,51820.0,11000.0,43340.0,0,0
39173,8000.0,0.08810000000000001,253.7,1,60000.0,1,1,n,15.94,0.0,0.0,13.0,0.0,17110.0,17.0,0,6059.11,6059.11,2533.08,2533.08,1940.89,592.19,0.0,0.0,0.0,253.7,0.0,1.0,1,0.0,0.0,59829.0,0.0,2.0,0.0,1.0,15.0,42719.0,73.0,0.0,0.0,5272.0,83.0,19800.0,1.0,0.0,0.0,1.0,4602.0,2050.0,84.1,0.0,0.0,59.0,98.0,29.0,15.0,0.0,30.0,15.0,0.0,6.0,10.0,6.0,7.0,4.0,11.0,13.0,10.0,13.0,0.0,0.0,0.0,0.0,100.0,33.3,0.0,0.0,64207.0,59829.0,12900.0,44407.0,0,0
38938,27000.0,0.1171,893.06,1,65000.0,0,1,n,18.15,0.0,0.0,14.0,0.0,27003.0,22.0,0,19678.18,19678.18,9806.1,9806.1,7321.82,2484.28,0.0,0.0,0.0,893.06,0.0,1.0,1,0.0,0.0,59903.0,0.0,9.0,0.0,0.0,59.0,32900.0,106.0,0.0,0.0,15686.0,87.0,37800.0,0.0,0.0,0.0,0.0,4279.0,10606.0,68.2,0.0,0.0,123.0,143.0,33.0,33.0,0.0,33.0,13.0,1.0,2.0,3.0,4.0,4.0,17.0,5.0,5.0,3.0,14.0,0.0,0.0,0.0,0.0,95.2,25.0,0.0,0.0,68800.0,59903.0,33300.0,31000.0,0,0
32266,7500.0,0.2055,201.01,3,45000.0,0,1,n,21.97,0.0,1.0,12.0,0.0,8958.0,20.0,0,6778.39,6778.39,2001.54,2001.54,721.61,1279.93,0.0,0.0,0.0,0.0,0.0,1.0,1,0.0,0.0,43479.0,3.0,4.0,2.0,6.0,4.0,34521.0,84.0,1.0,2.0,4934.0,59.0,32500.0,3.0,1.0,1.0,8.0,3623.0,5424.0,54.8,0.0,0.0,138.0,46.0,5.0,4.0,0.0,5.0,5.0,0.0,3.0,4.0,5.0,5.0,12.0,8.0,8.0,4.0,12.0,0.0,0.0,0.0,3.0,100.0,40.0,0.0,0.0,73808.0,43479.0,12000.0,41308.0,0,0
52832,24000.0,0.16949999999999998,595.82,3,125000.0,1,1,n,28.54,0.0,1.0,16.0,0.0,39779.0,31.0,0,21985.9,21985.9,5913.0,5913.0,2014.1,3898.9,0.0,0.0,0.0,595.82,0.0,1.0,1,0.0,0.0,161970.0,2.0,3.0,2.0,4.0,1.0,122191.0,101.0,1.0,2.0,22752.0,48.0,94100.0,0.0,1.0,1.0,6.0,10798.0,50730.0,43.3,0.0,0.0,124.0,382.0,2.0,1.0,1.0,2.0,2.0,0.0,8.0,10.0,10.0,12.0,13.0,13.0,17.0,10.0,16.0,0.0,0.0,0.0,3.0,100.0,20.0,0.0,0.0,236571.0,161970.0,89500.0,142471.0,0,0
40917,14000.0,0.1308,319.12,2,109999.0,1,1,n,17.7,0.0,1.0,10.0,0.0,13344.0,15.0,0,12704.09,12704.09,2851.73,2851.73,1295.91,1555.82,0.0,0.0,0.0,0.0,0.0,1.0,1,0.0,124.0,593561.0,1.0,3.0,1.0,2.0,1.0,45944.0,76.0,1.0,1.0,8874.0,75.0,18500.0,4.0,0.0,8.0,3.0,59356.0,3669.0,73.6,0.0,0.0,120.0,223.0,7.0,1.0,2.0,7.0,1.0,0.0,3.0,4.0,4.0,4.0,8.0,5.0,5.0,4.0,10.0,0.0,0.0,0.0,2.0,80.0,50.0,0.0,0.0,720928.0,59288.0,13900.0,60626.0,0,0
67256,35000.0,0.1102,1146.19,2,146700.0,1,1,n,20.52,4.0,3.0,14.0,0.0,37445.0,32.0,0,0.0,0.0,36616.1,36616.1,35000.0,1616.1,0.0,0.0,0.0,8260.39,0.0,1.0,1,0.0,0.0,116211.0,1.0,3.0,0.0,0.0,27.0,33759.0,37.0,2.0,2.0,17237.0,63.0,52600.0,0.0,0.0,4.0,2.0,8301.0,4114.0,90.0,0.0,0.0,183.0,300.0,3.0,3.0,3.0,3.0,2.0,0.0,8.0,9.0,8.0,16.0,7.0,10.0,22.0,9.0,14.0,0.0,0.0,0.0,2.0,87.1,87.5,0.0,0.0,164512.0,71204.0,41000.0,56912.0,0,0
51437,2400.0,0.14300000000000002,82.38,2,95000.0,1,1,n,11.87,0.0,0.0,7.0,0.0,8733.0,10.0,0,1710.61,1710.61,986.65,986.65,689.39,297.26,0.0,0.0,0.0,82.38,1.0,1.0,1,0.0,503.0,213146.0,0.0,2.0,0.0,2.0,21.0,16307.0,64.0,0.0,0.0,6456.0,65.0,13300.0,2.0,0.0,0.0,2.0,30449.0,4567.0,65.7,0.0,0.0,24.0,371.0,25.0,21.0,2.0,25.0,21.0,0.0,3.0,3.0,4.0,4.0,2.0,4.0,6.0,3.0,7.0,0.0,0.0,0.0,0.0,90.0,50.0,0.0,0.0,238613.0,25040.0,13300.0,25313.0,0,0
10579,2500.0,0.0819,78.57,2,60000.0,1,1,n,16.88,0.0,3.0,10.0,0.0,6237.0,20.0,0,1865.69,1865.69,783.42,783.42,634.31,149.11,0.0,0.0,0.0,78.57,0.0,1.0,1,0.0,0.0,64314.0,3.0,4.0,2.0,4.0,3.0,13971.0,77.0,1.0,1.0,1334.0,58.0,16600.0,7.0,2.0,4.0,5.0,6431.0,8220.0,29.1,0.0,0.0,66.0,101.0,3.0,3.0,2.0,27.0,1.0,0.0,3.0,4.0,4.0,6.0,11.0,5.0,7.0,4.0,10.0,0.0,0.0,0.0,3.0,100.0,0.0,0.0,0.0,85121.0,20208.0,11600.0,18121.0,0,0
51680,10625.0,0.16949999999999998,263.78,2,191000.0,1,1,n,20.44,0.0,5.0,41.0,0.0,54844.0,82.0,0,0.0,0.0,10967.26,10967.26,10625.0,342.26,0.0,0.0,0.0,10713.49,0.0,1.0,1,0.0,0.0,341929.0,8.0,3.0,4.0,7.0,3.0,89259.0,85.0,5.0,7.0,7290.0,33.0,221500.0,5.0,1.0,9.0,15.0,8548.0,104060.0,27.1,0.0,0.0,118.0,165.0,3.0,3.0,6.0,3.0,3.0,0.0,13.0,18.0,22.0,30.0,21.0,37.0,55.0,18.0,41.0,0.0,0.0,0.0,9.0,100.0,0.0,0.0,0.0,556583.0,144103.0,142700.0,117135.0,0,0
46724,30000.0,0.124,673.42,2,106500.0,0,1,n,14.28,0.0,1.0,9.0,0.0,22331.0,22.0,0,25787.8,25787.8,7366.29,7366.29,4212.2,3154.09,0.0,0.0,0.0,0.0,0.0,1.0,1,0.0,0.0,197924.0,1.0,1.0,0.0,1.0,16.0,15135.0,61.0,1.0,1.0,12951.0,44.0,59700.0,1.0,2.0,1.0,3.0,21992.0,23869.0,48.3,0.0,0.0,159.0,207.0,5.0,5.0,2.0,5.0,5.0,0.0,4.0,4.0,6.0,6.0,8.0,7.0,12.0,4.0,9.0,0.0,0.0,0.0,1.0,100.0,16.7,0.0,0.0,248700.0,37466.0,46200.0,25000.0,0,0
26735,24750.0,0.2055,926.75,2,184000.0,0,1,n,29.07,0.0,2.0,13.0,0.0,49137.0,18.0,0,18719.17,18719.17,10137.74,10137.74,6030.83,4106.91,0.0,0.0,0.0,926.75,0.0,1.0,1,0.0,0.0,238752.0,1.0,3.0,1.0,1.0,12.0,79316.0,75.0,2.0,2.0,25563.0,61.0,89400.0,1.0,0.0,4.0,3.0,18366.0,30516.0,61.1,0.0,0.0,130.0,90.0,6.0,6.0,1.0,6.0,0.0,0.0,5.0,7.0,6.0,8.0,6.0,9.0,11.0,7.0,13.0,0.0,0.0,0.0,3.0,100.0,33.3,0.0,0.0,373165.0,128453.0,78400.0,150763.0,0,0
72139,2875.0,0.2055,107.66,3,8000.0,0,1,n,17.87,0.0,0.0,6.0,0.0,2438.0,11.0,0,0.0,0.0,3094.174374999,3094.17,2875.0,219.17,0.0,0.0,0.0,2774.47,0.0,1.0,1,0.0,0.0,6438.0,1.0,2.0,0.0,0.0,32.0,4000.0,89.0,1.0,1.0,1261.0,54.0,7500.0,1.0,0.0,0.0,1.0,1073.0,5062.0,32.5,0.0,0.0,107.0,171.0,5.0,5.0,0.0,5.0,18.0,2.0,3.0,3.0,4.0,5.0,4.0,4.0,7.0,3.0,6.0,0.0,0.0,0.0,1.0,88.9,50.0,0.0,0.0,12000.0,6438.0,7500.0,4500.0,0,0
48909,24000.0,0.16949999999999998,855.07,1,90000.0,1,1,n,29.15,0.0,1.0,16.0,0.0,6014.0,24.0,0,17302.67,17302.67,10238.24,10238.24,6697.33,3540.91,0.0,0.0,0.0,855.07,0.0,1.0,1,0.0,0.0,49487.0,1.0,3.0,1.0,1.0,2.0,43473.0,65.0,0.0,1.0,2171.0,49.0,34200.0,1.0,0.0,1.0,2.0,3807.0,26386.0,18.6,0.0,0.0,63.0,93.0,19.0,2.0,0.0,19.0,2.0,0.0,5.0,5.0,11.0,11.0,5.0,13.0,19.0,5.0,16.0,0.0,0.0,0.0,1.0,95.8,0.0,0.0,0.0,101359.0,49487.0,32400.0,67159.0,0,0
45456,6000.0,0.0702,185.32,1,65000.0,0,1,n,26.55,0.0,1.0,14.0,0.0,3837.0,16.0,0,4298.39,4298.39,2036.18,2036.18,1701.61,334.57,0.0,0.0,0.0,185.32,0.0,1.0,1,0.0,126.0,79693.0,1.0,12.0,0.0,0.0,28.0,75856.0,91.0,1.0,1.0,2656.0,82.0,13500.0,0.0,1.0,1.0,1.0,5692.0,9663.0,28.4,0.0,0.0,137.0,71.0,3.0,3.0,0.0,3.0,3.0,0.0,2.0,2.0,2.0,2.0,14.0,2.0,2.0,2.0,14.0,0.0,0.0,0.0,1.0,100.0,0.0,0.0,0.0,97092.0,79693.0,13500.0,83592.0,0,0
120,17500.0,0.124,584.6,1,55000.0,1,1,n,24.31,0.0,0.0,10.0,0.0,16744.0,14.0,0,13711.38,13711.38,5249.34,5249.34,3788.62,1460.72,0.0,0.0,0.0,0.0,0.0,1.0,1,0.0,0.0,77357.0,0.0,3.0,0.0,1.0,17.0,60613.0,46.0,0.0,1.0,7912.0,47.0,35000.0,1.0,0.0,0.0,2.0,7736.0,15145.0,51.9,0.0,0.0,91.0,70.0,19.0,17.0,0.0,19.0,17.0,0.0,3.0,4.0,5.0,6.0,5.0,7.0,8.0,4.0,10.0,0.0,0.0,0.0,0.0,100.0,20.0,0.0,0.0,110502.0,77357.0,31500.0,75502.0,0,0
5718,40000.0,0.0646,1225.24,2,200000.0,0,1,n,13.64,1.0,1.0,11.0,0.0,54191.0,22.0,0,29655.49,29655.49,12238.04,12238.04,10344.51,1893.53,0.0,0.0,0.0,1225.24,0.0,1.0,1,0.0,0.0,532885.0,0.0,2.0,0.0,2.0,23.0,23808.0,71.0,0.0,1.0,21934.0,77.0,67200.0,0.0,0.0,2.0,3.0,48444.0,6109.0,89.9,0.0,0.0,153.0,325.0,20.0,20.0,2.0,36.0,4.0,0.0,5.0,5.0,5.0,6.0,9.0,8.0,11.0,5.0,11.0,0.0,0.0,0.0,0.0,95.5,60.0,0.0,0.0,700707.0,77999.0,60300.0,33587.0,0,0
12215,37225.0,0.2055,997.67,1,28000.0,1,1,n,60.65,0.0,1.0,12.0,0.0,14574.0,22.0,0,33703.81,33703.81,9934.2,9934.2,3521.19,6413.01,0.0,0.0,0.0,997.67,0.0,1.0,0,0.0,0.0,33043.0,0.0,2.0,0.0,1.0,16.0,18469.0,49.0,0.0,0.0,9612.0,44.0,37400.0,0.0,3.0,2.0,1.0,2754.0,8080.0,61.0,0.0,0.0,119.0,79.0,26.0,16.0,0.0,26.0,5.0,0.0,3.0,4.0,4.0,4.0,12.0,10.0,10.0,4.0,12.0,0.0,0.0,0.0,0.0,100.0,25.0,0.0,0.0,74765.0,33043.0,20700.0,37365.0,0,0
2487,9000.0,0.1524,313.05,1,108000.0,0,1,n,15.6,0.0,1.0,13.0,0.0,6515.0,19.0,0,6894.98,6894.98,3122.88,3122.88,2105.02,1017.86,0.0,0.0,0.0,313.05,0.0,1.0,1,0.0,0.0,40543.0,1.0,3.0,1.0,1.0,7.0,34028.0,65.0,3.0,4.0,3020.0,51.0,24600.0,1.0,0.0,2.0,6.0,3119.0,12315.0,30.4,0.0,0.0,84.0,63.0,5.0,5.0,0.0,8.0,5.0,0.0,6.0,7.0,6.0,7.0,6.0,9.0,11.0,7.0,13.0,0.0,0.0,0.0,4.0,100.0,16.7,0.0,0.0,79399.0,40543.0,17700.0,52634.0,0,0
56240,3000.0,0.0819,94.28,1,52000.0,0,1,n,20.24,0.0,1.0,12.0,0.0,5459.0,19.0,0,2170.09,2170.09,1035.72,1035.72,829.91,205.81,0.0,0.0,0.0,94.28,0.0,1.0,1,0.0,0.0,18965.0,1.0,2.0,0.0,2.0,13.0,13506.0,63.0,2.0,3.0,2055.0,34.0,35100.0,1.0,1.0,2.0,5.0,1580.0,12445.0,14.2,0.0,0.0,103.0,154.0,1.0,1.0,0.0,11.0,0.0,0.0,1.0,6.0,4.0,7.0,5.0,10.0,14.0,6.0,12.0,0.0,0.0,0.0,2.0,100.0,0.0,0.0,0.0,56641.0,18965.0,14500.0,21541.0,0,0
61126,40000.0,0.0702,1235.45,2,125000.0,0,1,n,12.12,0.0,0.0,20.0,0.0,10619.0,35.0,0,27588.3,27588.3,14786.4,14786.4,12411.7,2374.7,0.0,0.0,0.0,1235.45,0.0,1.0,1,0.0,282.0,515326.0,1.0,10.0,1.0,1.0,10.0,97311.0,93.0,3.0,5.0,4055.0,77.0,34900.0,0.0,0.0,1.0,6.0,25766.0,21981.0,32.6,0.0,0.0,208.0,81.0,3.0,3.0,1.0,3.0,6.0,0.0,4.0,4.0,6.0,9.0,21.0,9.0,13.0,4.0,20.0,0.0,0.0,0.0,4.0,97.1,0.0,0.0,0.0,535826.0,107930.0,32600.0,104926.0,0,0
3980,36000.0,0.1862,926.35,2,47000.0,1,1,n,31.87,0.0,3.0,13.0,1.0,7308.0,21.0,0,32054.8,32054.8,9189.02,9189.02,3945.2,5243.82,0.0,0.0,0.0,926.35,0.0,1.0,0,0.0,0.0,239898.0,2.0,2.0,1.0,2.0,8.0,41981.0,81.0,4.0,6.0,2665.0,52.0,19700.0,1.0,2.0,5.0,9.0,18454.0,7682.0,45.1,0.0,0.0,57.0,176.0,5.0,5.0,1.0,6.0,3.0,0.0,4.0,6.0,4.0,4.0,7.0,10.0,13.0,6.0,13.0,0.0,0.0,0.0,6.0,100.0,0.0,1.0,0.0,264096.0,49289.0,14000.0,50965.0,0,0
29143,26300.0,0.1102,572.09,2,60000.0,0,1,n,52.18,0.0,1.0,13.0,0.0,15705.0,25.0,0,0.0,0.0,26660.36,26660.36,26300.0,360.36,0.0,0.0,0.0,26692.56,0.0,1.0,0,0.0,0.0,164114.0,2.0,3.0,2.0,3.0,3.0,148409.0,95.0,1.0,3.0,9680.0,25.0,109700.0,1.0,1.0,2.0,6.0,12624.0,65766.0,13.7,0.0,0.0,174.0,152.0,11.0,3.0,2.0,51.0,3.0,0.0,2.0,4.0,6.0,7.0,10.0,10.0,13.0,4.0,13.0,0.0,0.0,0.0,3.0,100.0,0.0,0.0,0.0,273610.0,164114.0,76200.0,163910.0,0,0
57897,33325.0,0.2055,893.14,2,136000.0,1,1,n,15.55,0.0,0.0,10.0,0.0,23172.0,13.0,0,30216.02,30216.02,8893.35,8893.35,3108.98,5784.37,0.0,0.0,0.0,893.14,0.0,1.0,1,0.0,0.0,288093.0,0.0,2.0,0.0,1.0,19.0,28592.0,54.0,4.0,5.0,10265.0,47.0,56300.0,0.0,0.0,1.0,8.0,28809.0,19448.0,48.1,0.0,0.0,69.0,63.0,7.0,7.0,2.0,7.0,10.0,0.0,5.0,6.0,5.0,6.0,3.0,7.0,8.0,6.0,10.0,0.0,0.0,0.0,6.0,100.0,40.0,0.0,0.0,343909.0,51764.0,37500.0,53008.0,0,0
65213,3600.0,0.0756,112.09,1,40000.0,0,1,n,4.14,0.0,0.0,8.0,0.0,3520.0,8.0,0,0.0,0.0,3756.91,3756.91,3600.0,156.91,0.0,0.0,0.0,823.79,0.0,1.0,1,0.0,0.0,28920.0,2.0,3.0,1.0,3.0,5.0,25400.0,87.0,1.0,3.0,2955.0,54.0,24500.0,0.0,0.0,0.0,6.0,3615.0,19238.0,13.7,0.0,0.0,17.0,62.0,6.0,5.0,0.0,19.0,20.0,0.0,2.0,3.0,3.0,3.0,3.0,5.0,5.0,3.0,8.0,0.0,0.0,0.0,2.0,100.0,0.0,0.0,0.0,53550.0,28920.0,22300.0,29050.0,0,0
55551,20000.0,0.2055,536.02,2,120000.0,1,1,n,16.78,0.0,0.0,11.0,0.0,7412.0,20.0,0,17446.05,17446.05,6409.41,6409.41,2553.95,3855.46,0.0,0.0,0.0,536.02,0.0,1.0,1,0.0,297.0,218234.0,1.0,2.0,0.0,2.0,15.0,64870.0,80.0,0.0,3.0,2978.0,76.0,11200.0,10.0,0.0,2.0,7.0,19839.0,3788.0,66.2,0.0,0.0,65.0,82.0,15.0,3.0,2.0,15.0,6.0,0.0,7.0,7.0,8.0,9.0,8.0,8.0,10.0,7.0,11.0,0.0,0.0,0.0,1.0,94.7,37.5,0.0,0.0,238094.0,72282.0,11200.0,80231.0,0,0
54553,25525.0,0.1308,581.82,1,125000.0,0,1,n,6.59,0.0,1.0,10.0,0.0,15192.0,31.0,0,0.0,0.0,26836.73,26836.73,25525.0,1311.73,0.0,0.0,0.0,25128.37,0.0,1.0,0,0.0,0.0,58692.0,1.0,2.0,1.0,1.0,9.0,43500.0,79.0,2.0,2.0,8103.0,40.0,42900.0,0.0,2.0,1.0,3.0,5869.0,16969.0,38.1,0.0,0.0,158.0,289.0,6.0,6.0,4.0,6.0,1.0,2.0,3.0,4.0,5.0,5.0,18.0,8.0,9.0,4.0,10.0,0.0,0.0,0.0,3.0,93.3,20.0,0.0,0.0,90056.0,58692.0,27400.0,47156.0,0,0
45761,10075.0,0.2055,377.26,1,65000.0,1,1,n,15.84,0.0,0.0,6.0,0.0,10232.0,17.0,0,7701.72,7701.72,4138.36,4138.36,2373.28,1765.08,0.0,0.0,0.0,377.26,0.0,1.0,1,0.0,0.0,42318.0,1.0,3.0,1.0,3.0,3.0,32086.0,89.0,1.0,1.0,8427.0,81.0,16000.0,1.0,2.0,0.0,5.0,7053.0,1268.0,89.0,0.0,0.0,83.0,49.0,12.0,3.0,0.0,12.0,13.0,0.0,2.0,2.0,2.0,2.0,13.0,3.0,3.0,2.0,6.0,0.0,0.0,0.0,2.0,100.0,100.0,0.0,0.0,52066.0,42318.0,11500.0,36066.0,0,0
76134,12000.0,0.1612,422.6,3,103000.0,1,1,n,14.65,0.0,1.0,20.0,1.0,10972.0,26.0,1,8620.74,8620.74,5049.71,5049.71,3379.26,1670.45,0.0,0.0,0.0,422.6,0.0,1.0,1,0.0,0.0,377216.0,3.0,2.0,0.0,1.0,17.0,4580.0,18.0,3.0,9.0,1100.0,32.0,22500.0,2.0,0.0,4.0,10.0,18861.0,6798.0,29.9,0.0,0.0,94.0,99.0,4.0,4.0,1.0,4.0,4.0,0.0,4.0,11.0,9.0,9.0,4.0,17.0,21.0,11.0,20.0,0.0,0.0,0.0,3.0,100.0,22.2,1.0,0.0,448356.0,15552.0,9700.0,25856.0,0,0
76533,19375.0,0.2305,750.51,2,85000.0,0,1,n,35.93,0.0,0.0,9.0,0.0,40124.0,34.0,0,14323.08,14323.08,8956.5,8956.5,5051.92,3904.58,0.0,0.0,0.0,0.0,0.0,1.0,1,0.0,0.0,278029.0,2.0,4.0,3.0,5.0,1.0,79574.0,88.0,1.0,1.0,9490.0,80.0,55100.0,1.0,1.0,2.0,7.0,30892.0,13876.0,42.2,0.0,0.0,150.0,218.0,11.0,1.0,4.0,157.0,12.0,0.0,2.0,3.0,2.0,3.0,25.0,4.0,5.0,3.0,9.0,0.0,0.0,0.0,5.0,100.0,0.0,0.0,0.0,312517.0,119698.0,24000.0,97417.0,1,0
47216,30000.0,0.1308,683.83,2,97000.0,1,1,n,18.0,0.0,0.0,13.0,0.0,29718.0,17.0,0,25852.19,25852.19,7478.53,7478.53,4147.81,3330.72,0.0,0.0,0.0,0.0,0.0,1.0,1,0.0,4342.0,478336.0,0.0,1.0,0.0,0.0,47.0,13612.0,48.0,0.0,0.0,6845.0,56.0,48300.0,0.0,0.0,2.0,0.0,39861.0,15396.0,63.8,0.0,0.0,153.0,55.0,30.0,30.0,3.0,30.0,10.0,0.0,7.0,10.0,7.0,7.0,3.0,11.0,11.0,10.0,13.0,0.0,0.0,0.0,0.0,94.1,14.3,0.0,0.0,535820.0,43330.0,42500.0,28505.0,0,0
74609,17000.0,0.16949999999999998,422.04,2,105000.0,1,1,n,27.73,0.0,0.0,16.0,0.0,52749.0,33.0,0,14751.26,14751.26,5032.46,5032.46,2248.74,2783.72,0.0,0.0,0.0,422.04,0.0,1.0,1,0.0,0.0,116174.0,0.0,3.0,1.0,4.0,12.0,19149.0,64.0,1.0,2.0,18279.0,74.0,66900.0,1.0,4.0,0.0,6.0,7261.0,1222.0,97.0,0.0,0.0,227.0,279.0,11.0,11.0,2.0,11.0,21.0,0.0,7.0,10.0,7.0,8.0,17.0,12.0,14.0,10.0,16.0,0.0,0.0,0.0,2.0,100.0,100.0,0.0,0.0,182862.0,71898.0,40300.0,30006.0,0,0
66194,10050.0,0.0646,307.84,1,80300.0,0,1,n,21.14,0.0,0.0,15.0,0.0,6487.0,24.0,0,6913.36,6913.36,3690.47,3690.47,3136.64,553.83,0.0,0.0,0.0,307.84,0.0,1.0,1,0.0,0.0,42061.0,1.0,2.0,1.0,2.0,10.0,34458.0,71.0,1.0,1.0,829.0,35.0,67600.0,0.0,4.0,1.0,3.0,2804.0,43403.0,5.9,0.0,0.0,134.0,299.0,3.0,3.0,0.0,3.0,10.0,0.0,7.0,10.0,9.0,12.0,4.0,12.0,19.0,10.0,15.0,0.0,0.0,0.0,2.0,100.0,0.0,0.0,0.0,119354.0,42061.0,46100.0,48380.0,0,0
70260,21600.0,0.124,484.86,1,85000.0,0,1,n,26.74,0.0,1.0,17.0,0.0,35989.0,29.0,0,18275.34,18275.34,5803.44,5803.44,3324.66,2478.78,0.0,0.0,0.0,484.86,0.0,1.0,1,0.0,0.0,70963.0,0.0,10.0,1.0,1.0,9.0,34974.0,53.0,0.0,2.0,12057.0,53.0,68400.0,0.0,0.0,1.0,3.0,4174.0,28911.0,55.5,0.0,0.0,125.0,150.0,17.0,9.0,0.0,17.0,3.0,0.0,5.0,5.0,6.0,8.0,20.0,7.0,9.0,5.0,17.0,0.0,0.0,0.0,1.0,100.0,50.0,0.0,0.0,134591.0,70963.0,64900.0,66191.0,0,0
8919,32000.0,0.0756,996.29,2,145000.0,0,1,n,29.93,0.0,0.0,25.0,0.0,100642.0,39.0,1,23823.98,23823.98,9936.02,9936.02,8176.02,1760.0,0.0,0.0,0.0,996.29,0.0,1.0,1,0.0,0.0,310016.0,0.0,5.0,0.0,2.0,19.0,30278.0,37.0,0.0,2.0,20825.0,39.0,196900.0,1.0,2.0,0.0,4.0,12401.0,80398.0,43.5,0.0,0.0,74.0,121.0,16.0,16.0,6.0,18.0,24.0,0.0,12.0,15.0,14.0,16.0,7.0,19.0,25.0,15.0,25.0,0.0,0.0,0.0,0.0,100.0,0.0,0.0,0.0,505909.0,130920.0,142300.0,81009.0,0,0
25135,1000.0,0.14300000000000002,34.33,1,46404.0,0,1,n,19.08,0.0,0.0,9.0,1.0,5591.0,20.0,1,738.23,738.23,376.84,376.84,261.77,115.07,0.0,0.0,0.0,34.33,0.0,1.0,1,0.0,0.0,26270.0,4.0,4.0,4.0,6.0,4.0,20679.0,91.0,1.0,2.0,5270.0,64.0,18600.0,1.0,6.0,2.0,8.0,2919.0,8830.0,37.4,0.0,0.0,21.0,299.0,6.0,4.0,0.0,6.0,6.0,0.0,1.0,4.0,2.0,5.0,6.0,5.0,14.0,4.0,9.0,0.0,0.0,0.0,5.0,100.0,0.0,1.0,0.0,41397.0,26270.0,14100.0,22797.0,0,0
56156,5500.0,0.16949999999999998,195.96,2,72000.0,0,1,n,31.25,0.0,0.0,19.0,0.0,7142.0,25.0,0,3965.11,3965.11,2346.34,2346.34,1534.89,811.45,0.0,0.0,0.0,195.96,0.0,1.0,1,0.0,0.0,360810.0,5.0,3.0,2.0,4.0,5.0,88448.0,96.0,5.0,10.0,4325.0,58.0,56300.0,1.0,2.0,4.0,16.0,20045.0,47858.0,14.6,0.0,0.0,98.0,86.0,3.0,3.0,3.0,3.0,8.0,0.0,3.0,3.0,12.0,13.0,7.0,13.0,14.0,3.0,19.0,0.0,0.0,0.0,8.0,100.0,0.0,0.0,0.0,425424.0,95590.0,55000.0,98638.0,0,0
19231,25525.0,0.1102,555.23,2,75000.0,1,1,n,24.9,0.0,1.0,22.0,0.0,50847.0,35.0,0,0.0,0.0,25945.85,25945.85,25525.0,420.85,0.0,0.0,0.0,25961.48,0.0,1.0,1,0.0,0.0,241658.0,1.0,7.0,2.0,5.0,2.0,58827.0,87.0,1.0,4.0,7879.0,64.0,103100.0,0.0,0.0,1.0,9.0,10984.0,36457.0,32.9,0.0,0.0,77.0,327.0,10.0,2.0,2.0,10.0,4.0,0.0,5.0,8.0,9.0,10.0,12.0,14.0,21.0,8.0,22.0,0.0,0.0,0.0,3.0,100.0,22.2,0.0,0.0,354716.0,109674.0,54300.0,67616.0,0,0
38995,21600.0,0.0702,667.15,2,56000.0,1,1,n,34.23,0.0,1.0,15.0,0.0,30036.0,35.0,0,15474.22,15474.22,7330.23,7330.23,6125.78,1204.45,0.0,0.0,0.0,667.15,0.0,1.0,1,0.0,0.0,153027.0,1.0,3.0,0.0,0.0,25.0,28945.0,60.0,1.0,2.0,6476.0,39.0,90800.0,0.0,3.0,1.0,3.0,10202.0,49013.0,38.0,0.0,0.0,102.0,270.0,6.0,6.0,3.0,6.0,6.0,0.0,8.0,9.0,9.0,17.0,11.0,11.0,21.0,9.0,15.0,0.0,0.0,0.0,1.0,100.0,11.1,0.0,0.0,246192.0,58981.0,79000.0,58423.0,0,0
52386,20000.0,0.1102,654.97,1,100000.0,1,1,n,24.91,0.0,2.0,9.0,0.0,19698.0,24.0,0,14596.06,14596.06,7192.43,7192.43,5403.94,1788.49,0.0,0.0,0.0,0.0,0.0,1.0,1,0.0,0.0,157162.0,1.0,6.0,2.0,3.0,6.0,137464.0,99.0,0.0,0.0,14121.0,98.0,19400.0,0.0,0.0,2.0,3.0,17462.0,0.0,101.5,0.0,0.0,161.0,138.0,47.0,6.0,0.0,47.0,5.0,0.0,2.0,2.0,2.0,5.0,18.0,2.0,5.0,2.0,9.0,0.0,0.0,0.0,2.0,100.0,100.0,0.0,0.0,172276.0,157162.0,19400.0,151176.0,0,0
72741,29300.0,0.1308,988.37,2,64671.0,0,1,n,32.03,0.0,0.0,8.0,0.0,21504.0,14.0,0,20772.8,20772.8,11839.15,11839.15,8527.2,3311.95,0.0,0.0,0.0,988.37,0.0,1.0,1,0.0,0.0,116875.0,0.0,1.0,0.0,2.0,16.0,22401.0,69.0,0.0,0.0,6349.0,51.0,54400.0,1.0,1.0,0.0,2.0,14609.0,30422.0,36.0,0.0,0.0,57.0,86.0,44.0,16.0,1.0,44.0,16.0,2.0,4.0,5.0,5.0,5.0,4.0,6.0,7.0,5.0,8.0,0.0,0.0,0.0,0.0,85.7,0.0,0.0,0.0,199469.0,43905.0,47500.0,32500.0,0,0
8629,30000.0,0.1102,982.45,1,98000.0,1,1,n,32.33,0.0,2.0,14.0,0.0,11155.0,25.0,0,22631.08,22631.08,9787.77,9787.77,7368.92,2418.85,0.0,0.0,0.0,982.45,0.0,1.0,1,0.0,0.0,115244.0,3.0,4.0,2.0,3.0,5.0,104089.0,87.0,3.0,3.0,4856.0,63.0,40400.0,3.0,3.0,4.0,6.0,8232.0,25146.0,29.0,0.0,0.0,108.0,180.0,4.0,4.0,3.0,4.0,4.0,0.0,5.0,6.0,7.0,10.0,7.0,10.0,15.0,6.0,14.0,0.0,0.0,0.0,5.0,88.0,0.0,0.0,0.0,155283.0,115244.0,35400.0,114883.0,0,0
51032,31900.0,0.08810000000000001,1011.6,2,84000.0,0,1,n,22.29,0.0,0.0,17.0,0.0,17759.0,23.0,0,22185.13,22185.13,12123.59,12123.59,9714.87,2408.72,0.0,0.0,0.0,1011.6,0.0,1.0,1,0.0,0.0,81562.0,0.0,2.0,0.0,0.0,31.0,8580.0,20.0,1.0,2.0,5149.0,35.0,33100.0,0.0,2.0,0.0,2.0,4798.0,13084.0,57.5,0.0,0.0,130.0,142.0,11.0,11.0,3.0,11.0,16.0,0.0,10.0,11.0,12.0,13.0,4.0,14.0,16.0,11.0,17.0,0.0,0.0,0.0,1.0,82.6,50.0,0.0,0.0,151957.0,26339.0,30800.0,42357.0,0,0
43690,40000.0,0.0646,1225.24,1,103605.0,0,1,n,19.51,0.0,1.0,8.0,0.0,21440.0,27.0,0,28587.13,28587.13,13463.28,13463.28,11412.87,2050.41,0.0,0.0,0.0,1225.24,0.0,1.0,1,0.0,0.0,55395.0,0.0,2.0,1.0,4.0,12.0,33955.0,75.0,1.0,2.0,0.0,60.0,47800.0,1.0,9.0,1.0,6.0,6924.0,14100.0,0.0,0.0,0.0,136.0,158.0,10.0,10.0,0.0,36.0,0.0,0.0,0.0,1.0,3.0,7.0,12.0,6.0,15.0,1.0,8.0,0.0,0.0,0.0,2.0,100.0,0.0,0.0,0.0,92958.0,55395.0,14100.0,45158.0,0,0
4846,16000.0,0.1612,390.11,2,90000.0,1,1,n,8.56,0.0,1.0,11.0,0.0,15666.0,12.0,0,14138.45,14138.45,3886.77,3886.77,1861.55,2025.22,0.0,0.0,0.0,390.11,0.0,1.0,1,0.0,0.0,312325.0,3.0,1.0,0.0,1.0,18.0,4474.0,64.0,2.0,3.0,5417.0,51.0,32400.0,2.0,0.0,3.0,5.0,28393.0,11947.0,45.4,0.0,0.0,58.0,51.0,4.0,4.0,1.0,14.0,0.0,0.0,3.0,5.0,6.0,6.0,2.0,9.0,9.0,5.0,11.0,0.0,0.0,0.0,3.0,100.0,33.3,0.0,0.0,333916.0,20140.0,21900.0,7000.0,0,0
53465,36000.0,0.0819,733.23,1,85000.0,0,1,n,25.29,0.0,0.0,20.0,0.0,10855.0,43.0,0,29924.96,29924.96,8766.0,8766.0,6075.04,2690.96,0.0,0.0,0.0,733.23,0.0,1.0,1,0.0,0.0,208747.0,0.0,13.0,0.0,1.0,17.0,197892.0,123.0,0.0,0.0,10111.0,82.0,58600.0,1.0,3.0,0.0,1.0,10987.0,45989.0,18.0,0.0,0.0,154.0,181.0,48.0,17.0,2.0,48.0,17.0,0.0,1.0,2.0,5.0,5.0,32.0,6.0,9.0,2.0,20.0,0.0,0.0,0.0,0.0,100.0,0.0,0.0,0.0,236735.0,208747.0,56100.0,178135.0,0,0
49847,40000.0,0.1524,956.65,2,89280.0,1,1,n,23.67,0.0,0.0,9.0,1.0,26372.0,11.0,0,38318.43,38318.43,7619.33,7619.33,1681.57,5937.76,0.0,0.0,0.0,956.65,0.0,1.0,1,0.0,0.0,266050.0,0.0,1.0,1.0,1.0,10.0,26601.0,82.0,1.0,3.0,13356.0,70.0,43000.0,0.0,1.0,1.0,4.0,29561.0,13633.0,65.9,0.0,0.0,10.0,154.0,7.0,7.0,2.0,7.0,7.0,0.0,4.0,5.0,5.0,6.0,1.0,7.0,8.0,5.0,9.0,0.0,0.0,0.0,2.0,100.0,60.0,1.0,0.0,298732.0,52973.0,40000.0,32500.0,0,0
74747,1500.0,0.0702,46.33,1,74000.0,0,1,n,9.18,0.0,0.0,11.0,0.0,9000.0,12.0,0,1003.42,1003.42,584.79,584.79,496.57,88.22,0.0,0.0,0.0,46.33,0.0,1.0,1,0.0,0.0,18397.0,0.0,2.0,0.0,0.0,30.0,9397.0,54.0,0.0,2.0,2840.0,42.0,26500.0,0.0,0.0,1.0,2.0,1672.0,12500.0,41.9,0.0,0.0,37.0,118.0,14.0,14.0,0.0,14.0,11.0,0.0,6.0,6.0,7.0,7.0,2.0,9.0,10.0,6.0,11.0,0.0,0.0,0.0,0.0,100.0,14.3,0.0,0.0,43929.0,18397.0,21500.0,17429.0,0,0
31652,11275.0,0.0819,354.31,2,50000.0,1,1,n,9.36,0.0,1.0,8.0,0.0,974.0,15.0,0,8117.79,8117.79,3892.28,3892.28,3157.21,735.07,0.0,0.0,0.0,354.31,0.0,1.0,1,0.0,0.0,18173.0,1.0,2.0,2.0,2.0,3.0,17199.0,97.0,0.0,2.0,918.0,48.0,20000.0,5.0,1.0,5.0,4.0,2272.0,14026.0,6.5,0.0,0.0,139.0,283.0,21.0,3.0,0.0,21.0,3.0,0.0,2.0,2.0,5.0,7.0,5.0,6.0,10.0,2.0,8.0,0.0,0.0,0.0,2.0,93.3,0.0,0.0,0.0,37818.0,18173.0,15000.0,17818.0,0,0
17510,15000.0,0.124,336.71,2,86000.0,1,1,n,35.25,0.0,0.0,19.0,0.0,18159.0,30.0,0,13160.15,13160.15,3356.77,3356.77,1839.85,1516.92,0.0,0.0,0.0,336.71,0.0,1.0,0,0.0,0.0,294568.0,0.0,3.0,0.0,4.0,13.0,58542.0,73.0,1.0,2.0,7404.0,53.0,63000.0,1.0,0.0,2.0,7.0,15504.0,31211.0,35.8,0.0,0.0,128.0,185.0,7.0,7.0,1.0,7.0,4.0,0.0,5.0,8.0,10.0,11.0,10.0,15.0,19.0,8.0,19.0,0.0,0.0,0.0,2.0,100.0,10.0,0.0,0.0,364338.0,76701.0,48600.0,80513.0,0,0
47230,3300.0,0.16949999999999998,117.58,3,39000.0,0,1,n,16.03,0.0,0.0,8.0,1.0,2589.0,20.0,1,0.0,0.0,3615.100000596,3615.1,3300.0,315.1,0.0,0.0,0.0,2915.84,0.0,1.0,1,0.0,0.0,22487.0,0.0,1.0,0.0,2.0,22.0,19898.0,76.0,4.0,6.0,1682.0,66.0,7800.0,3.0,1.0,3.0,8.0,2811.0,3791.0,33.5,0.0,0.0,30.0,88.0,8.0,8.0,0.0,8.0,8.0,0.0,2.0,3.0,3.0,7.0,3.0,7.0,17.0,3.0,8.0,0.0,0.0,0.0,4.0,100.0,0.0,1.0,0.0,34115.0,22487.0,5700.0,26315.0,0,0
20898,12750.0,0.17739999999999995,459.29,2,145000.0,0,1,n,17.5,0.0,0.0,11.0,0.0,36639.0,16.0,0,9540.93,9540.93,5027.06,5027.06,3209.07,1817.99,0.0,0.0,0.0,459.29,0.0,1.0,1,0.0,0.0,62240.0,1.0,2.0,1.0,2.0,6.0,25601.0,78.0,0.0,1.0,10632.0,68.0,58600.0,1.0,0.0,0.0,3.0,5658.0,17132.0,67.1,0.0,0.0,146.0,243.0,18.0,6.0,0.0,18.0,13.0,0.0,7.0,8.0,8.0,9.0,6.0,9.0,10.0,8.0,11.0,0.0,0.0,0.0,1.0,100.0,37.5,0.0,0.0,91487.0,62240.0,52100.0,32887.0,0,0
58292,26400.0,0.124,592.61,1,145000.0,1,1,n,10.56,1.0,0.0,7.0,0.0,16024.0,23.0,0,22336.48,22336.48,7093.13,7093.13,4063.52,3029.61,0.0,0.0,0.0,592.61,0.0,1.0,1,0.0,0.0,40560.0,0.0,3.0,0.0,0.0,26.0,24536.0,56.0,0.0,1.0,8053.0,62.0,21700.0,0.0,10.0,0.0,1.0,5794.0,4947.0,61.9,0.0,0.0,141.0,146.0,18.0,18.0,0.0,86.0,15.0,0.0,1.0,4.0,1.0,2.0,14.0,4.0,9.0,4.0,7.0,0.0,0.0,0.0,0.0,95.7,0.0,0.0,0.0,65872.0,40560.0,13000.0,44172.0,0,0
61904,4000.0,0.1612,140.87,2,60000.0,1,1,n,24.62,0.0,0.0,12.0,0.0,8505.0,27.0,0,0.0,0.0,4428.25,4428.25,4000.0,428.25,0.0,0.0,0.0,3451.12,0.0,1.0,1,0.0,248.0,200929.0,1.0,3.0,1.0,4.0,12.0,28842.0,77.0,0.0,2.0,2308.0,74.0,13000.0,3.0,7.0,3.0,8.0,16744.0,1172.0,87.3,0.0,0.0,292.0,58.0,17.0,4.0,2.0,17.0,5.0,0.0,5.0,6.0,5.0,6.0,16.0,8.0,9.0,6.0,12.0,0.0,0.0,0.0,2.0,100.0,100.0,0.0,0.0,214622.0,37347.0,9200.0,37296.0,0,0
63595,40000.0,0.0702,1235.45,2,135000.0,0,1,n,25.14,0.0,0.0,20.0,0.0,47801.0,29.0,0,27513.45,27513.45,14809.8,14809.8,12486.55,2323.25,0.0,0.0,0.0,1235.45,0.0,1.0,1,0.0,0.0,373251.0,1.0,5.0,1.0,3.0,4.0,68329.0,66.0,1.0,3.0,13168.0,67.0,69600.0,0.0,0.0,1.0,6.0,18663.0,10696.0,78.8,0.0,0.0,131.0,316.0,9.0,4.0,3.0,17.0,9.0,0.0,8.0,13.0,9.0,10.0,6.0,14.0,20.0,13.0,20.0,0.0,0.0,0.0,2.0,96.6,44.4,0.0,0.0,486445.0,116130.0,50400.0,104395.0,0,0
51799,3200.0,0.08810000000000001,101.48,1,68000.0,0,1,n,11.81,0.0,0.0,24.0,1.0,6940.0,54.0,0,0.0,0.0,3444.14,3444.14,3200.0,244.14,0.0,0.0,0.0,2430.91,0.0,1.0,1,0.0,0.0,92224.0,0.0,11.0,1.0,1.0,8.0,85284.0,130.0,1.0,5.0,2592.0,96.0,30300.0,1.0,5.0,2.0,6.0,4192.0,18847.0,26.7,0.0,0.0,338.0,322.0,7.0,7.0,0.0,7.0,7.0,0.0,4.0,5.0,7.0,11.0,29.0,13.0,24.0,5.0,23.0,0.0,0.0,0.0,2.0,100.0,0.0,1.0,0.0,96061.0,92224.0,25700.0,65761.0,0,0
60022,9675.0,0.1102,316.84,2,58000.0,0,1,n,39.54,0.0,0.0,13.0,0.0,114363.0,25.0,0,6451.91,6451.91,4121.16,4121.16,3223.09,898.07,0.0,0.0,0.0,316.84,0.0,1.0,1,0.0,0.0,267325.0,0.0,7.0,1.0,1.0,10.0,14933.0,43.0,1.0,1.0,22910.0,72.0,122000.0,1.0,1.0,2.0,2.0,20563.0,3700.0,92.1,0.0,0.0,233.0,322.0,7.0,7.0,2.0,7.0,10.0,0.0,4.0,5.0,4.0,5.0,15.0,5.0,8.0,5.0,13.0,0.0,0.0,0.0,2.0,100.0,100.0,0.0,0.0,328641.0,129296.0,47000.0,34493.0,0,0
14876,2800.0,0.2565,112.3,2,54000.0,1,1,n,27.53,0.0,0.0,12.0,0.0,21210.0,19.0,0,2222.06,2222.06,1115.02,1115.02,577.94,537.08,0.0,0.0,0.0,112.3,0.0,1.0,1,0.0,0.0,297967.0,1.0,2.0,0.0,2.0,14.0,21574.0,62.0,1.0,5.0,3865.0,68.0,28100.0,0.0,5.0,4.0,10.0,24831.0,2904.0,72.6,0.0,0.0,67.0,69.0,7.0,5.0,3.0,7.0,6.0,1.0,4.0,7.0,5.0,5.0,6.0,9.0,9.0,7.0,12.0,0.0,0.0,0.0,2.0,89.5,80.0,0.0,0.0,318893.0,42784.0,10600.0,34887.0,0,0
71585,3300.0,0.16949999999999998,117.58,1,60000.0,1,1,n,13.98,0.0,1.0,8.0,0.0,4850.0,9.0,0,0.0,0.0,3724.5625,3724.56,3300.0,424.56,0.0,0.0,0.0,2787.03,0.0,1.0,1,0.0,0.0,18274.0,1.0,2.0,0.0,1.0,22.0,13424.0,59.0,1.0,4.0,2339.0,62.0,6500.0,10.0,0.0,14.0,5.0,2284.0,245.0,92.8,0.0,0.0,35.0,129.0,3.0,3.0,0.0,27.0,0.0,0.0,2.0,5.0,2.0,3.0,2.0,6.0,7.0,5.0,8.0,0.0,0.0,0.0,1.0,100.0,100.0,0.0,0.0,29440.0,18274.0,3400.0,22940.0,0,0
10093,10000.0,0.1171,220.99,1,40000.0,0,1,n,38.64,0.0,1.0,17.0,0.0,7875.0,39.0,0,9620.73,9620.73,1319.43,1319.43,379.27,940.16,0.0,0.0,0.0,220.99,0.0,1.0,1,0.0,0.0,48927.0,2.0,2.0,0.0,2.0,14.0,41052.0,69.0,4.0,6.0,4219.0,20.0,62500.0,3.0,0.0,3.0,8.0,2878.0,48225.0,14.0,0.0,0.0,73.0,359.0,3.0,3.0,0.0,3.0,1.0,1.0,7.0,7.0,12.0,18.0,8.0,15.0,31.0,7.0,17.0,0.0,0.0,0.0,4.0,97.4,0.0,0.0,0.0,114709.0,48927.0,56100.0,52209.0,0,0
34203,6950.0,0.0646,212.89,3,63000.0,0,1,n,15.75,0.0,0.0,6.0,1.0,29389.0,7.0,0,4966.97,4966.97,2335.55,2335.55,1983.03,352.52,0.0,0.0,0.0,212.89,0.0,1.0,1,0.0,0.0,38880.0,0.0,2.0,1.0,1.0,12.0,9491.0,40.0,0.0,2.0,0.0,63.0,37800.0,1.0,1.0,1.0,3.0,6480.0,2300.0,0.0,0.0,0.0,129.0,58.0,20.0,12.0,0.0,58.0,12.0,0.0,0.0,2.0,1.0,1.0,3.0,4.0,4.0,2.0,6.0,0.0,0.0,0.0,1.0,100.0,0.0,1.0,0.0,61343.0,38880.0,2300.0,23543.0,0,0
54556,10525.0,0.1171,232.59,2,60000.0,1,1,n,28.08,0.0,0.0,13.0,0.0,106003.0,19.0,0,8879.96,8879.96,2777.39,2777.39,1645.04,1132.35,0.0,0.0,0.0,232.59,0.0,1.0,0,0.0,0.0,333204.0,3.0,3.0,1.0,2.0,5.0,47533.0,83.0,3.0,3.0,4751.0,33.0,152600.0,0.0,3.0,1.0,5.0,25631.0,33103.0,14.7,0.0,0.0,135.0,213.0,4.0,4.0,4.0,4.0,8.0,0.0,2.0,4.0,4.0,4.0,5.0,8.0,10.0,4.0,13.0,0.0,0.0,0.0,4.0,94.7,0.0,0.0,0.0,465100.0,153536.0,38800.0,62500.0,0,0
36070,10625.0,0.08810000000000001,336.94,1,90000.0,0,1,n,12.53,0.0,0.0,12.0,0.0,8446.0,17.0,0,0.0,0.0,11163.46,11163.46,10625.0,538.46,0.0,0.0,0.0,9147.02,0.0,1.0,1,0.0,0.0,23049.0,0.0,2.0,0.0,3.0,13.0,14603.0,62.0,1.0,2.0,2030.0,42.0,31000.0,3.0,0.0,0.0,5.0,1921.0,16800.0,19.2,0.0,0.0,49.0,60.0,8.0,8.0,0.0,23.0,13.0,0.0,3.0,5.0,7.0,7.0,6.0,10.0,11.0,5.0,12.0,0.0,0.0,0.0,1.0,100.0,14.3,0.0,0.0,54561.0,23049.0,20800.0,23561.0,0,0
4982,12000.0,0.0819,377.09,1,31000.0,1,1,n,22.53,0.0,0.0,16.0,0.0,5397.0,18.0,0,8983.89,8983.89,3765.44,3765.44,3016.11,749.33,0.0,0.0,0.0,377.09,0.0,1.0,1,0.0,0.0,11319.0,1.0,1.0,1.0,1.0,11.0,5922.0,79.0,4.0,7.0,2887.0,24.0,38800.0,2.0,0.0,2.0,8.0,707.0,21817.0,18.0,0.0,0.0,68.0,84.0,4.0,4.0,0.0,8.0,11.0,0.0,6.0,11.0,8.0,9.0,2.0,15.0,16.0,11.0,16.0,0.0,0.0,0.0,5.0,100.0,0.0,0.0,0.0,46300.0,11319.0,26600.0,7500.0,0,0
725,15000.0,0.0819,471.37,2,84500.0,0,1,n,42.47,0.0,2.0,17.0,0.0,15355.0,43.0,0,11586.92,11586.92,4235.51,4235.51,3413.08,822.43,0.0,0.0,0.0,0.0,0.0,1.0,0,0.0,0.0,171375.0,3.0,5.0,1.0,5.0,10.0,58102.0,53.0,3.0,4.0,7989.0,44.0,57900.0,2.0,6.0,5.0,9.0,10081.0,34626.0,26.2,0.0,0.0,168.0,203.0,4.0,4.0,4.0,4.0,2.0,0.0,5.0,7.0,6.0,11.0,21.0,10.0,18.0,7.0,17.0,0.0,0.0,0.0,4.0,90.7,16.7,0.0,0.0,302213.0,73457.0,46900.0,109313.0,0,0
28926,29000.0,0.1033,940.25,2,300000.0,1,1,n,6.03,2.0,0.0,7.0,0.0,9122.0,10.0,0,0.0,0.0,31059.86,31059.86,29000.0,2059.86,0.0,0.0,0.0,23571.15,0.0,1.0,1,0.0,0.0,903042.0,0.0,2.0,0.0,0.0,27.0,9509.0,26.0,0.0,0.0,9017.0,35.0,25500.0,0.0,0.0,2.0,1.0,129006.0,16378.0,35.8,0.0,0.0,74.0,257.0,26.0,13.0,1.0,26.0,1.0,1.0,2.0,2.0,2.0,3.0,3.0,2.0,4.0,2.0,7.0,0.0,0.0,1.0,0.0,70.0,0.0,0.0,0.0,1034843.0,33374.0,25500.0,37004.0,0,0
21993,6000.0,0.0646,183.79,2,80000.0,0,1,n,18.77,0.0,1.0,24.0,0.0,5077.0,31.0,0,4288.02,4288.02,2017.38,2017.38,1711.98,305.4,0.0,0.0,0.0,183.79,0.0,1.0,1,0.0,0.0,172196.0,3.0,4.0,1.0,3.0,5.0,24566.0,68.0,2.0,6.0,1300.0,24.0,88300.0,2.0,1.0,1.0,9.0,7175.0,66794.0,6.7,0.0,0.0,173.0,133.0,2.0,2.0,2.0,2.0,5.0,0.0,6.0,8.0,12.0,12.0,10.0,19.0,19.0,8.0,24.0,0.0,0.0,0.0,3.0,100.0,0.0,0.0,0.0,280506.0,29643.0,71600.0,36124.0,0,0
32761,40000.0,0.0756,1245.36,1,100000.0,1,1,n,22.06,0.0,1.0,9.0,0.0,27316.0,22.0,0,0.0,0.0,41969.01,41969.01,40000.0,1969.01,0.0,0.0,0.0,33268.29,0.0,1.0,1,0.0,0.0,146392.0,1.0,6.0,1.0,4.0,6.0,117344.0,90.0,0.0,0.0,27316.0,88.0,33500.0,1.0,1.0,1.0,4.0,16266.0,6184.0,81.5,0.0,0.0,204.0,199.0,32.0,6.0,5.0,32.0,4.0,0.0,1.0,1.0,2.0,3.0,12.0,2.0,4.0,1.0,9.0,0.0,0.0,0.0,1.0,100.0,50.0,0.0,0.0,253221.0,146392.0,33500.0,130487.0,0,0
50507,11700.0,0.08810000000000001,371.03,1,42000.0,0,1,n,32.57,0.0,0.0,5.0,0.0,13163.0,7.0,0,8104.82,8104.82,4446.63,4446.63,3595.18,851.45,0.0,0.0,0.0,371.03,0.0,1.0,1,0.0,0.0,37514.0,0.0,2.0,1.0,1.0,8.0,24351.0,67.0,0.0,0.0,6427.0,75.0,13600.0,0.0,0.0,2.0,1.0,7503.0,190.0,98.3,0.0,0.0,66.0,367.0,74.0,8.0,0.0,74.0,8.0,0.0,2.0,3.0,2.0,2.0,4.0,3.0,3.0,3.0,5.0,0.0,0.0,0.0,1.0,100.0,100.0,0.0,0.0,49861.0,37514.0,11000.0,36261.0,0,0
58922,12000.0,0.1524,287.0,1,80080.0,1,1,n,25.09,2.0,4.0,23.0,0.0,11699.0,41.0,0,10267.06,10267.06,3433.84,3433.84,1732.94,1700.9,0.0,0.0,0.0,287.0,0.0,1.0,1,0.0,0.0,55362.0,7.0,5.0,1.0,1.0,7.0,43663.0,90.0,8.0,9.0,4471.0,82.0,19000.0,5.0,0.0,12.0,10.0,2407.0,2429.0,77.7,0.0,0.0,161.0,129.0,2.0,2.0,0.0,3.0,0.0,0.0,7.0,11.0,9.0,9.0,16.0,18.0,25.0,11.0,23.0,0.0,0.0,0.0,9.0,85.0,44.4,0.0,0.0,67637.0,55362.0,10900.0,48637.0,0,0
64243,29000.0,0.0819,590.66,2,91000.0,0,1,n,16.08,0.0,2.0,10.0,0.0,24245.0,38.0,0,24106.19,24106.19,7074.72,7074.72,4893.81,2180.91,0.0,0.0,0.0,590.66,0.0,1.0,1,0.0,0.0,237298.0,1.0,4.0,1.0,4.0,5.0,84943.0,93.0,0.0,0.0,11767.0,75.0,44000.0,2.0,6.0,2.0,5.0,26366.0,17230.0,55.2,0.0,0.0,166.0,162.0,29.0,5.0,4.0,48.0,6.0,0.0,2.0,3.0,3.0,12.0,18.0,5.0,16.0,3.0,10.0,0.0,0.0,0.0,1.0,100.0,0.0,0.0,0.0,272454.0,109188.0,38500.0,98854.0,0,0
23036,31900.0,0.14300000000000002,747.23,2,140000.0,0,1,n,10.36,0.0,1.0,9.0,0.0,11301.0,19.0,0,27612.62,27612.62,8194.19,8194.19,4287.38,3906.81,0.0,0.0,0.0,747.23,0.0,1.0,1,0.0,0.0,46390.0,2.0,2.0,1.0,2.0,1.0,12141.0,55.0,1.0,2.0,1671.0,52.0,23000.0,2.0,3.0,1.0,4.0,5154.0,8248.0,17.5,0.0,0.0,32.0,228.0,6.0,1.0,4.0,32.0,1.0,1.0,2.0,3.0,3.0,7.0,3.0,6.0,12.0,3.0,9.0,0.0,0.0,0.0,2.0,94.1,0.0,0.0,0.0,155100.0,23442.0,10000.0,22000.0,0,0
26750,26575.0,0.1308,605.76,2,125000.0,0,1,n,23.86,0.0,1.0,24.0,0.0,16605.0,43.0,0,22902.15,22902.15,6624.74,6624.74,3672.85,2951.89,0.0,0.0,0.0,605.76,0.0,1.0,1,0.0,0.0,88424.0,1.0,4.0,2.0,3.0,7.0,71819.0,77.0,2.0,8.0,5705.0,38.0,84100.0,0.0,5.0,2.0,11.0,3845.0,31607.0,16.6,0.0,0.0,173.0,104.0,4.0,4.0,3.0,12.0,0.0,0.0,4.0,10.0,8.0,10.0,14.0,20.0,26.0,10.0,24.0,0.0,0.0,0.0,4.0,100.0,0.0,0.0,0.0,172484.0,88424.0,37900.0,88384.0,0,0
43023,10000.0,0.0646,306.31,2,50000.0,0,1,n,20.43,0.0,0.0,13.0,1.0,13777.0,16.0,0,7146.78,7146.78,3365.82,3365.82,2853.22,512.6,0.0,0.0,0.0,306.31,0.0,1.0,1,0.0,180.0,28443.0,1.0,1.0,0.0,1.0,16.0,14666.0,59.0,1.0,2.0,4060.0,39.0,47500.0,0.0,1.0,0.0,3.0,2188.0,21433.0,38.1,0.0,0.0,111.0,99.0,1.0,1.0,0.0,15.0,17.0,0.0,6.0,8.0,6.0,6.0,3.0,12.0,13.0,8.0,13.0,0.0,0.0,0.0,1.0,100.0,0.0,1.0,0.0,72497.0,28443.0,34600.0,24997.0,0,0
28511,25000.0,0.0646,765.77,1,100000.0,1,1,n,25.41,0.0,0.0,24.0,0.0,24740.0,32.0,0,19467.87,19467.87,6873.99,6873.99,5532.13,1341.86,0.0,0.0,0.0,765.77,0.0,1.0,1,0.0,0.0,90765.0,1.0,8.0,0.0,0.0,35.0,66025.0,60.0,1.0,2.0,5791.0,37.0,119900.0,0.0,0.0,1.0,2.0,3782.0,91608.0,21.2,0.0,0.0,221.0,154.0,3.0,3.0,0.0,3.0,10.0,0.0,8.0,9.0,14.0,15.0,12.0,16.0,20.0,9.0,24.0,0.0,0.0,0.0,1.0,100.0,0.0,0.0,0.0,242290.0,90765.0,116200.0,122390.0,0,0
62448,20000.0,0.28800000000000003,632.41,1,60000.0,0,1,n,26.84,0.0,0.0,12.0,0.0,12024.0,31.0,0,19353.71,19353.71,6244.1,6244.1,646.29,5597.81,0.0,0.0,0.0,632.41,0.0,1.0,1,0.0,0.0,43139.0,0.0,2.0,0.0,1.0,15.0,31115.0,68.0,4.0,9.0,3785.0,54.0,24800.0,1.0,2.0,0.0,10.0,3595.0,2357.0,78.6,0.0,0.0,95.0,62.0,7.0,7.0,0.0,12.0,13.0,0.0,5.0,9.0,5.0,6.0,10.0,10.0,21.0,9.0,12.0,0.0,0.0,0.0,4.0,100.0,60.0,0.0,0.0,73691.0,43139.0,11000.0,48891.0,0,0
50092,24000.0,0.1524,834.8,2,90000.0,1,1,n,38.95,0.0,1.0,20.0,0.0,29357.0,36.0,0,17176.4,17176.4,9997.28,9997.28,6823.6,3173.68,0.0,0.0,0.0,834.8,0.0,1.0,1,0.0,0.0,155651.0,2.0,4.0,1.0,2.0,7.0,126294.0,54.0,3.0,6.0,5926.0,39.0,96600.0,1.0,1.0,1.0,8.0,7783.0,45265.0,30.9,0.0,0.0,177.0,208.0,3.0,3.0,0.0,4.0,4.0,0.0,6.0,9.0,8.0,12.0,10.0,16.0,26.0,9.0,20.0,0.0,0.0,0.0,4.0,100.0,25.0,0.0,0.0,254716.0,155651.0,65500.0,158116.0,0,0
52434,21275.0,0.0819,433.32,2,90000.0,0,1,n,12.4,0.0,0.0,19.0,0.0,885.0,41.0,0,13665.04,13665.04,9161.49,9161.49,7609.96,1551.53,0.0,0.0,0.0,433.32,0.0,1.0,1,0.0,0.0,261608.0,2.0,3.0,1.0,2.0,3.0,34512.0,63.0,0.0,0.0,704.0,30.0,63900.0,0.0,0.0,1.0,3.0,13769.0,56396.0,1.2,0.0,0.0,146.0,172.0,30.0,3.0,1.0,30.0,7.0,0.0,1.0,2.0,13.0,20.0,9.0,15.0,29.0,2.0,19.0,0.0,0.0,0.0,2.0,97.6,0.0,0.0,0.0,346703.0,35397.0,57100.0,54803.0,0,0
1119,12750.0,0.08810000000000001,404.33,1,150000.0,0,1,n,14.89,0.0,0.0,14.0,0.0,24845.0,19.0,0,9538.07,9538.07,4030.82,4030.82,3211.93,818.89,0.0,0.0,0.0,404.33,0.0,1.0,1,0.0,0.0,63515.0,0.0,3.0,1.0,2.0,10.0,38670.0,75.0,1.0,3.0,8161.0,53.0,69600.0,2.0,2.0,1.0,5.0,5293.0,31463.0,42.4,0.0,0.0,64.0,151.0,9.0,9.0,0.0,9.0,9.0,0.0,3.0,5.0,6.0,6.0,6.0,11.0,13.0,5.0,14.0,0.0,0.0,0.0,2.0,89.5,0.0,0.0,0.0,121040.0,63515.0,54600.0,51440.0,0,0
56798,30000.0,0.124,1002.18,2,69000.0,0,1,n,25.53,1.0,0.0,11.0,0.0,12673.0,20.0,0,0.0,0.0,33104.62,33104.62,30000.0,3104.62,0.0,0.0,0.0,23103.49,0.0,1.0,1,0.0,0.0,190341.0,0.0,3.0,0.0,1.0,16.0,25923.0,66.0,0.0,0.0,5441.0,61.0,24400.0,1.0,0.0,0.0,1.0,17304.0,7168.0,62.9,0.0,0.0,90.0,117.0,44.0,16.0,1.0,62.0,16.0,2.0,3.0,4.0,4.0,6.0,4.0,6.0,14.0,4.0,11.0,0.0,0.0,0.0,0.0,78.9,25.0,0.0,0.0,269440.0,38596.0,19300.0,39300.0,0,0
5286,17000.0,0.1612,414.5,3,83000.0,1,1,n,29.89,1.0,1.0,13.0,0.0,7839.0,23.0,1,15022.02,15022.02,4129.78,4129.78,1977.98,2151.8,0.0,0.0,0.0,414.5,1.0,1.0,1,0.0,0.0,92375.0,1.0,4.0,1.0,4.0,5.0,84536.0,82.0,0.0,1.0,2356.0,76.0,14100.0,1.0,2.0,1.0,5.0,7106.0,2861.0,73.3,0.0,0.0,101.0,67.0,16.0,5.0,0.0,16.0,5.0,2.0,7.0,7.0,7.0,7.0,12.0,9.0,10.0,7.0,13.0,0.0,0.0,1.0,1.0,87.0,42.9,0.0,0.0,112563.0,92375.0,10700.0,98463.0,0,0
50853,6800.0,0.17739999999999995,244.96,2,27000.0,1,1,n,16.67,0.0,0.0,6.0,0.0,4278.0,13.0,0,6028.87,6028.87,1769.14,1769.14,771.13,998.01,0.0,0.0,0.0,244.96,0.0,1.0,1,0.0,683.0,24202.0,0.0,4.0,0.0,1.0,14.0,19924.0,147.0,0.0,0.0,2318.0,135.0,4400.0,1.0,0.0,0.0,1.0,4034.0,122.0,97.2,0.0,0.0,272.0,172.0,113.0,14.0,0.0,128.0,14.0,0.0,2.0,2.0,2.0,2.0,9.0,2.0,4.0,2.0,6.0,0.0,0.0,0.0,0.0,92.3,100.0,0.0,0.0,17921.0,24202.0,4400.0,13521.0,0,0
31672,32000.0,0.0819,651.76,1,185000.0,1,1,n,13.66,0.0,0.0,14.0,0.0,39452.0,21.0,0,27066.99,27066.99,7154.8,7154.8,4933.01,2221.79,0.0,0.0,0.0,651.76,0.0,1.0,1,0.0,0.0,63474.0,0.0,2.0,1.0,1.0,8.0,23745.0,70.0,0.0,1.0,6849.0,68.0,55900.0,1.0,1.0,4.0,3.0,4534.0,9499.0,80.2,0.0,0.0,94.0,95.0,22.0,8.0,0.0,22.0,9.0,0.0,9.0,10.0,9.0,10.0,7.0,11.0,13.0,10.0,14.0,0.0,0.0,0.0,1.0,100.0,66.7,0.0,0.0,93417.0,63474.0,47900.0,33944.0,0,0
77288,3000.0,0.17739999999999995,108.07,2,50000.0,0,1,n,19.9,1.0,1.0,11.0,0.0,2836.0,16.0,0,2170.02,2170.02,1290.93,1290.93,829.98,460.95,0.0,0.0,0.0,108.07,0.0,1.0,1,0.0,0.0,267190.0,2.0,1.0,0.0,2.0,19.0,24354.0,81.0,1.0,6.0,717.0,64.0,11900.0,6.0,0.0,3.0,11.0,24290.0,5035.0,31.0,0.0,0.0,22.0,39.0,4.0,2.0,3.0,4.0,3.0,0.0,5.0,7.0,5.0,6.0,2.0,8.0,10.0,7.0,11.0,0.0,0.0,0.0,2.0,93.8,0.0,0.0,0.0,282205.0,27190.0,7300.0,30207.0,0,0
65926,31000.0,0.1171,1025.36,2,107000.0,1,1,n,19.28,0.0,1.0,6.0,0.0,28674.0,28.0,0,21844.75,21844.75,12284.15,12284.15,9155.25,3128.9,0.0,0.0,0.0,1025.36,0.0,1.0,1,0.0,0.0,405865.0,1.0,3.0,1.0,1.0,2.0,117070.0,89.0,0.0,0.0,19267.0,94.0,29000.0,0.0,0.0,1.0,3.0,67644.0,326.0,98.9,0.0,0.0,184.0,186.0,29.0,2.0,2.0,29.0,2.0,1.0,2.0,2.0,2.0,2.0,24.0,2.0,2.0,2.0,6.0,0.0,0.0,0.0,1.0,92.6,100.0,0.0,0.0,406800.0,145744.0,29000.0,112691.0,0,0
11023,32275.0,0.1171,1067.53,3,202000.0,0,1,n,10.43,2.0,0.0,7.0,0.0,18973.0,16.0,0,24411.98,24411.98,10654.3,10654.3,7863.02,2791.28,0.0,0.0,0.0,1067.53,0.0,1.0,1,0.0,0.0,661485.0,1.0,4.0,0.0,0.0,31.0,107617.0,41.0,0.0,0.0,175.0,55.0,20500.0,0.0,4.0,1.0,1.0,94498.0,325.0,35.0,0.0,0.0,134.0,186.0,66.0,4.0,3.0,66.0,5.0,0.0,1.0,2.0,1.0,2.0,7.0,2.0,6.0,2.0,7.0,0.0,0.0,0.0,1.0,81.3,0.0,0.0,0.0,695592.0,126590.0,500.0,137670.0,0,0
25004,30000.0,0.1102,652.58,2,70000.0,0,1,n,23.57,0.0,1.0,13.0,0.0,45553.0,22.0,0,0.0,0.0,32672.69,32672.69,30000.0,2672.69,0.0,0.0,0.0,26817.84,0.0,1.0,1,0.0,0.0,298033.0,1.0,2.0,2.0,3.0,6.0,33171.0,90.0,1.0,1.0,3790.0,52.0,79300.0,2.0,3.0,2.0,4.0,22926.0,20771.0,15.9,0.0,0.0,72.0,119.0,9.0,6.0,3.0,35.0,6.0,0.0,2.0,5.0,6.0,7.0,7.0,10.0,12.0,5.0,13.0,0.0,0.0,0.0,3.0,100.0,16.7,0.0,0.0,352168.0,78724.0,24700.0,36868.0,0,0
71524,10000.0,0.1612,352.17,3,72000.0,1,1,n,11.58,1.0,1.0,12.0,0.0,5681.0,16.0,0,7183.9,7183.9,4217.08,4217.08,2816.1,1400.98,0.0,0.0,0.0,352.17,0.0,1.0,1,0.0,0.0,10629.0,3.0,2.0,1.0,1.0,4.0,4948.0,58.0,2.0,2.0,1073.0,52.0,12100.0,1.0,0.0,1.0,3.0,886.0,3490.0,54.1,0.0,0.0,60.0,101.0,3.0,3.0,0.0,6.0,3.0,2.0,6.0,9.0,6.0,8.0,3.0,10.0,13.0,9.0,12.0,0.0,0.0,0.0,3.0,81.3,50.0,0.0,0.0,20639.0,10629.0,7600.0,8539.0,0,0
14730,7000.0,0.1102,229.24,2,105000.0,0,1,n,15.03,0.0,1.0,12.0,0.0,22376.0,39.0,0,0.0,0.0,7124.61,7124.61,7000.0,124.61,0.0,0.0,0.0,6.13,0.0,1.0,1,0.0,0.0,244030.0,2.0,2.0,0.0,0.0,29.0,13723.0,53.0,2.0,5.0,8873.0,61.0,35900.0,0.0,9.0,2.0,5.0,20336.0,1933.0,87.3,0.0,0.0,146.0,158.0,6.0,6.0,3.0,31.0,1.0,0.0,4.0,9.0,4.0,9.0,10.0,9.0,26.0,9.0,12.0,0.0,0.0,0.0,2.0,84.6,75.0,0.0,0.0,296412.0,36099.0,15200.0,39715.0,0,0
28815,10800.0,0.1171,357.23,1,49850.0,1,1,n,33.94,0.0,0.0,8.0,0.0,344.0,26.0,0,0.0,0.0,11544.33,11544.33,10800.0,744.33,0.0,0.0,0.0,10129.46,0.0,1.0,1,0.0,0.0,45286.0,1.0,3.0,2.0,3.0,5.0,44942.0,78.0,1.0,3.0,343.0,65.0,12300.0,3.0,1.0,7.0,6.0,5661.0,7656.0,4.3,0.0,0.0,142.0,135.0,9.0,5.0,0.0,9.0,5.0,5.0,2.0,2.0,4.0,10.0,12.0,5.0,14.0,2.0,8.0,0.0,0.0,0.0,3.0,69.2,0.0,0.0,0.0,69978.0,45286.0,8000.0,57678.0,0,0
47696,9000.0,0.1612,219.44,1,41000.0,0,1,n,21.08,0.0,2.0,8.0,0.0,7543.0,10.0,0,8321.56,8321.56,1958.84,1958.84,678.44,1280.4,0.0,0.0,0.0,0.0,0.0,1.0,1,0.0,0.0,12619.0,0.0,3.0,1.0,2.0,9.0,5076.0,30.0,0.0,2.0,1880.0,40.0,14200.0,3.0,0.0,9.0,4.0,1577.0,1750.0,52.7,0.0,0.0,33.0,46.0,22.0,9.0,0.0,22.0,0.0,0.0,2.0,5.0,2.0,3.0,3.0,5.0,7.0,5.0,8.0,0.0,0.0,0.0,1.0,100.0,0.0,0.0,0.0,31342.0,12619.0,3700.0,17142.0,0,0
48520,37850.0,0.0819,1189.41,1,68000.0,0,1,n,22.75,0.0,0.0,6.0,0.0,27673.0,19.0,0,23214.42,23214.42,17255.7,17255.7,14635.58,2620.12,0.0,0.0,0.0,1189.41,0.0,1.0,0,0.0,0.0,47076.0,0.0,2.0,2.0,3.0,9.0,19403.0,72.0,0.0,0.0,13009.0,61.0,50800.0,2.0,0.0,2.0,3.0,7846.0,23127.0,54.5,0.0,0.0,147.0,208.0,29.0,9.0,0.0,29.0,9.0,0.0,3.0,3.0,4.0,8.0,9.0,4.0,10.0,3.0,6.0,0.0,0.0,0.0,2.0,100.0,50.0,0.0,0.0,77622.0,47076.0,50800.0,26822.0,0,0
71760,4000.0,0.1524,139.14,2,46000.0,0,1,n,22.85,0.0,0.0,9.0,0.0,31588.0,24.0,0,0.0,0.0,4527.68,4527.68,4000.0,527.68,0.0,0.0,0.0,3139.67,0.0,1.0,1,0.0,0.0,171088.0,0.0,1.0,0.0,1.0,14.0,1487.0,74.0,0.0,1.0,5708.0,92.0,34000.0,1.0,1.0,0.0,2.0,19010.0,1388.0,93.0,0.0,0.0,130.0,315.0,22.0,14.0,1.0,22.0,13.0,0.0,5.0,6.0,5.0,10.0,10.0,7.0,13.0,6.0,9.0,0.0,0.0,0.0,0.0,100.0,100.0,0.0,0.0,188000.0,33075.0,19700.0,2000.0,0,0
47716,3500.0,0.2305,135.58,1,66009.0,0,1,n,39.05,0.0,1.0,11.0,0.0,29273.0,26.0,0,2671.51,2671.51,1482.42,1482.42,828.49,653.93,0.0,0.0,0.0,0.0,0.0,1.0,1,0.0,0.0,62022.0,3.0,2.0,4.0,4.0,1.0,32749.0,73.0,0.0,1.0,7754.0,82.0,31200.0,2.0,0.0,2.0,5.0,5638.0,1731.0,93.6,0.0,0.0,74.0,161.0,17.0,1.0,0.0,17.0,4.0,0.0,7.0,8.0,8.0,8.0,15.0,9.0,11.0,8.0,11.0,0.0,0.0,0.0,4.0,100.0,87.5,0.0,0.0,76015.0,62022.0,27100.0,44815.0,0,0
62405,26575.0,0.2055,995.09,2,96000.0,0,1,n,37.96,1.0,1.0,12.0,0.0,12852.0,23.0,0,19448.54,19448.54,11865.23,11865.23,7126.46,4738.77,0.0,0.0,0.0,995.09,0.0,1.0,0,0.0,495.0,348809.0,1.0,6.0,1.0,2.0,4.0,83405.0,73.0,0.0,0.0,12648.0,69.0,25900.0,2.0,0.0,1.0,2.0,29067.0,13048.0,49.6,0.0,0.0,148.0,117.0,51.0,4.0,2.0,51.0,4.0,1.0,3.0,3.0,5.0,5.0,15.0,5.0,6.0,3.0,12.0,0.0,0.0,1.0,1.0,95.7,20.0,0.0,0.0,411344.0,96257.0,25900.0,114044.0,0,0
3509,30000.0,0.0819,611.03,1,202290.0,1,1,n,12.52,0.0,2.0,24.0,0.0,8425.0,43.0,0,25810.12,25810.12,6083.0,6083.0,4189.88,1893.12,0.0,0.0,0.0,611.03,0.0,1.0,1,0.0,0.0,43501.0,2.0,1.0,0.0,2.0,18.0,33960.0,58.0,6.0,6.0,4392.0,14.0,124000.0,1.0,0.0,3.0,11.0,1891.0,99845.0,6.6,0.0,0.0,158.0,195.0,5.0,5.0,0.0,6.0,5.0,0.0,7.0,8.0,13.0,14.0,14.0,19.0,26.0,8.0,24.0,0.0,0.0,0.0,7.0,97.6,0.0,0.0,0.0,190228.0,43501.0,106900.0,61199.0,0,0
2565,14400.0,0.1033,308.31,1,36000.0,0,1,n,14.8,0.0,0.0,10.0,0.0,2142.0,14.0,0,12483.42,12483.42,3074.84,3074.84,1916.58,1158.26,0.0,0.0,0.0,308.31,0.0,1.0,1,0.0,0.0,14256.0,0.0,5.0,0.0,1.0,22.0,12114.0,69.0,3.0,3.0,1761.0,38.0,19500.0,1.0,0.0,1.0,4.0,1426.0,17358.0,11.0,0.0,0.0,70.0,43.0,12.0,12.0,0.0,12.0,12.0,0.0,3.0,3.0,5.0,6.0,8.0,5.0,6.0,3.0,10.0,0.0,0.0,0.0,3.0,100.0,20.0,0.0,0.0,37166.0,14256.0,19500.0,17666.0,0,0
14991,19125.0,0.1033,620.08,1,45000.0,0,1,n,29.97,1.0,0.0,7.0,0.0,15156.0,14.0,0,14390.0,14390.0,6178.85,6178.85,4735.0,1443.85,0.0,0.0,0.0,620.08,0.0,1.0,0,0.0,0.0,45510.0,1.0,2.0,2.0,2.0,5.0,30354.0,91.0,0.0,1.0,6350.0,57.0,46200.0,2.0,1.0,2.0,3.0,6501.0,27966.0,33.7,0.0,0.0,25.0,260.0,17.0,5.0,0.0,17.0,5.0,0.0,3.0,4.0,4.0,7.0,3.0,5.0,11.0,4.0,7.0,0.0,0.0,0.0,2.0,92.9,0.0,0.0,0.0,79665.0,45510.0,42200.0,33465.0,0,0
69865,12000.0,0.1524,287.0,2,125000.0,1,1,n,20.02,0.0,3.0,14.0,0.0,2744.0,21.0,0,10653.79,10653.79,3152.58,3152.58,1346.21,1806.37,0.0,0.0,0.0,287.0,0.0,1.0,1,0.0,0.0,449284.0,2.0,6.0,3.0,7.0,2.0,74540.0,84.0,2.0,7.0,950.0,79.0,9300.0,9.0,1.0,15.0,16.0,32092.0,5318.0,27.2,0.0,0.0,139.0,302.0,12.0,2.0,3.0,12.0,1.0,1.0,5.0,6.0,6.0,6.0,9.0,7.0,9.0,6.0,14.0,0.0,0.0,0.0,7.0,95.2,0.0,0.0,0.0,469741.0,77284.0,7300.0,88441.0,0,0
55682,21275.0,0.1102,696.72,1,62000.0,0,1,n,26.11,0.0,1.0,13.0,0.0,16289.0,24.0,0,14945.5,14945.5,8347.61,8347.61,6329.5,2018.11,0.0,0.0,0.0,696.72,0.0,1.0,0,0.0,1730.0,483746.0,5.0,3.0,2.0,3.0,1.0,38570.0,82.0,1.0,2.0,2730.0,67.0,34200.0,1.0,0.0,3.0,7.0,37211.0,11588.0,46.6,0.0,0.0,267.0,253.0,1.0,1.0,2.0,1.0,3.0,0.0,5.0,7.0,5.0,7.0,11.0,8.0,11.0,7.0,13.0,0.0,0.0,0.0,5.0,91.7,20.0,0.0,0.0,510434.0,54859.0,21700.0,47347.0,0,0
61160,30000.0,0.1612,1056.49,2,175000.0,1,1,n,26.71,0.0,2.0,24.0,0.0,50662.0,37.0,0,23900.23,23900.23,10497.73,10497.73,6099.77,4397.96,0.0,0.0,0.0,1056.49,0.0,1.0,1,0.0,0.0,488807.0,1.0,8.0,2.0,5.0,4.0,123069.0,79.0,1.0,3.0,12100.0,78.0,67500.0,5.0,0.0,4.0,8.0,20367.0,11451.0,80.8,0.0,0.0,138.0,117.0,12.0,4.0,3.0,12.0,1.0,0.0,11.0,12.0,12.0,14.0,16.0,14.0,18.0,12.0,24.0,0.0,0.0,0.0,3.0,100.0,66.7,0.0,0.0,615846.0,173731.0,59600.0,156170.0,0,0
7942,10000.0,0.124,224.48,2,35000.0,0,1,n,30.62,0.0,0.0,9.0,0.0,8787.0,25.0,0,8779.74,8779.74,2231.02,2231.02,1220.26,1010.76,0.0,0.0,0.0,224.48,0.0,1.0,1,0.0,0.0,109327.0,0.0,4.0,0.0,2.0,14.0,22510.0,63.0,0.0,2.0,6023.0,46.0,32000.0,1.0,0.0,0.0,4.0,12147.0,13977.0,30.1,0.0,0.0,76.0,76.0,24.0,14.0,3.0,71.0,14.0,0.0,1.0,2.0,1.0,3.0,9.0,4.0,13.0,2.0,9.0,0.0,0.0,0.0,0.0,100.0,0.0,0.0,0.0,152203.0,31297.0,20000.0,35878.0,0,0
48117,12750.0,0.1524,304.94,1,42000.0,0,1,n,10.06,0.0,3.0,9.0,0.0,3271.0,14.0,0,8285.28,8285.28,6103.1,6103.1,4464.72,1638.38,0.0,0.0,0.0,304.94,0.0,1.0,1,0.0,987.0,7144.0,2.0,2.0,1.0,1.0,9.0,3873.0,57.0,2.0,6.0,975.0,31.0,16400.0,1.0,0.0,4.0,7.0,794.0,6202.0,19.5,0.0,0.0,122.0,32.0,1.0,1.0,0.0,16.0,1.0,1.0,3.0,5.0,3.0,3.0,6.0,7.0,7.0,5.0,9.0,0.0,0.0,0.0,3.0,92.9,0.0,0.0,0.0,23150.0,7144.0,7700.0,6750.0,0,0
54282,34025.0,0.1612,829.6,3,70000.0,1,1,n,30.17,0.0,0.0,11.0,0.0,14192.0,30.0,0,29209.1,29209.1,9894.26,9894.26,4815.9,5078.36,0.0,0.0,0.0,829.6,0.0,1.0,1,0.0,0.0,32587.0,0.0,3.0,0.0,1.0,18.0,18395.0,49.0,2.0,2.0,4051.0,46.0,33700.0,1.0,0.0,1.0,3.0,2962.0,15240.0,29.8,0.0,0.0,245.0,175.0,9.0,9.0,0.0,10.0,9.0,0.0,3.0,6.0,5.0,11.0,13.0,8.0,17.0,6.0,11.0,0.0,0.0,0.0,2.0,96.7,0.0,0.0,0.0,71169.0,32587.0,21700.0,37469.0,0,0
14410,25000.0,0.1308,569.86,2,85000.0,1,1,n,21.35,0.0,0.0,12.0,0.0,28594.0,25.0,0,21876.22,21876.22,5662.27,5662.27,3123.78,2538.49,0.0,0.0,0.0,569.86,0.0,1.0,1,0.0,0.0,188718.0,0.0,1.0,0.0,1.0,17.0,12063.0,60.0,0.0,1.0,18159.0,50.0,61700.0,1.0,4.0,1.0,3.0,18872.0,12879.0,67.7,0.0,0.0,220.0,208.0,22.0,9.0,3.0,22.0,10.0,0.0,3.0,7.0,5.0,5.0,9.0,10.0,13.0,7.0,12.0,0.0,0.0,0.0,1.0,92.0,33.3,0.0,0.0,230850.0,40657.0,39900.0,20000.0,0,0
44029,8000.0,0.2305,309.89,1,95000.0,1,1,n,22.26,0.0,0.0,12.0,0.0,36154.0,23.0,0,6106.61,6106.61,3398.55,3398.55,1893.39,1505.16,0.0,0.0,0.0,309.89,0.0,1.0,1,0.0,0.0,49903.0,1.0,1.0,0.0,1.0,16.0,13749.0,69.0,1.0,7.0,10899.0,81.0,41900.0,1.0,0.0,0.0,8.0,4159.0,162.0,99.5,0.0,0.0,162.0,227.0,1.0,1.0,0.0,13.0,16.0,1.0,5.0,10.0,5.0,7.0,9.0,11.0,14.0,10.0,12.0,0.0,0.0,0.0,1.0,95.7,100.0,0.0,0.0,61900.0,49903.0,31600.0,20000.0,0,0
41016,40000.0,0.08810000000000001,1268.46,1,95000.0,0,1,n,17.81,0.0,0.0,7.0,0.0,4104.0,24.0,0,31552.05,31552.05,11376.98,11376.98,8447.95,2929.03,0.0,0.0,0.0,1268.46,0.0,1.0,1,0.0,3985.0,34143.0,0.0,3.0,0.0,3.0,19.0,30039.0,71.0,0.0,0.0,1520.0,67.0,8500.0,1.0,4.0,0.0,3.0,4878.0,4396.0,48.3,0.0,0.0,165.0,76.0,29.0,19.0,0.0,29.0,21.0,0.0,4.0,4.0,4.0,5.0,18.0,4.0,6.0,4.0,7.0,0.0,0.0,0.0,0.0,95.7,0.0,0.0,0.0,50772.0,34143.0,8500.0,42272.0,0,0
55180,26000.0,0.1308,592.65,2,75000.0,1,1,n,32.3,0.0,1.0,15.0,0.0,25904.0,30.0,0,22058.24,22058.24,7074.01,7074.01,3941.76,3132.25,0.0,0.0,0.0,592.65,0.0,1.0,1,0.0,0.0,188503.0,0.0,8.0,0.0,5.0,18.0,74767.0,71.0,0.0,1.0,13981.0,63.0,53500.0,2.0,6.0,1.0,6.0,12567.0,25796.0,50.1,0.0,0.0,249.0,284.0,18.0,18.0,3.0,18.0,1.0,0.0,3.0,3.0,5.0,6.0,18.0,6.0,9.0,3.0,15.0,0.0,0.0,0.0,0.0,100.0,20.0,0.0,0.0,269387.0,100671.0,51700.0,105887.0,0,0
45358,35000.0,0.08810000000000001,723.32,2,90000.0,1,1,n,17.69,0.0,2.0,17.0,0.0,22365.0,45.0,0,29833.37,29833.37,7939.39,7939.39,5166.63,2772.76,0.0,0.0,0.0,719.96,0.0,1.0,1,0.0,0.0,354471.0,3.0,2.0,2.0,2.0,6.0,51020.0,87.0,2.0,3.0,6977.0,34.0,87600.0,2.0,0.0,6.0,6.0,20851.0,58235.0,27.7,0.0,0.0,145.0,154.0,2.0,2.0,5.0,2.0,2.0,0.0,5.0,5.0,12.0,18.0,17.0,13.0,22.0,5.0,17.0,0.0,0.0,0.0,5.0,97.8,16.7,0.0,0.0,425765.0,73385.0,80600.0,55229.0,0,0
20185,13000.0,0.1308,438.53,2,50000.0,0,1,n,20.33,0.0,0.0,9.0,0.0,168.0,23.0,0,0.0,0.0,14193.65,14193.65,13000.0,1193.65,0.0,0.0,0.0,10694.86,0.0,1.0,0,0.0,0.0,430754.0,2.0,6.0,1.0,2.0,2.0,115420.0,132.0,0.0,0.0,168.0,124.0,3100.0,0.0,2.0,1.0,3.0,47862.0,2932.0,5.4,0.0,0.0,126.0,168.0,42.0,2.0,3.0,42.0,6.0,1.0,1.0,1.0,2.0,4.0,15.0,2.0,5.0,1.0,9.0,0.0,0.0,0.0,2.0,91.3,0.0,0.0,0.0,420089.0,115588.0,3100.0,100989.0,0,0
62320,5000.0,0.0819,157.13,1,95000.0,1,1,n,19.13,0.0,1.0,23.0,0.0,5557.0,37.0,0,3467.25,3467.25,1879.87,1879.87,1532.75,347.12,0.0,0.0,0.0,157.13,0.0,1.0,1,0.0,7730.0,55951.0,0.0,3.0,1.0,2.0,8.0,50394.0,47.0,1.0,2.0,1844.0,26.0,49500.0,1.0,0.0,2.0,4.0,2433.0,19983.0,20.4,0.0,0.0,166.0,501.0,8.0,8.0,0.0,8.0,1.0,0.0,9.0,12.0,12.0,13.0,9.0,20.0,28.0,12.0,23.0,0.0,0.0,0.0,2.0,97.3,8.3,0.0,0.0,121942.0,55951.0,25100.0,72442.0,0,0
17374,36000.0,0.17739999999999995,909.08,2,160000.0,0,1,n,13.93,0.0,1.0,12.0,0.0,28208.0,24.0,0,31970.34,31970.34,9055.32,9055.32,4029.66,5025.66,0.0,0.0,0.0,909.08,0.0,1.0,1,0.0,954.0,212619.0,3.0,2.0,1.0,2.0,3.0,30086.0,81.0,2.0,3.0,19525.0,67.0,51900.0,2.0,2.0,2.0,5.0,17718.0,22477.0,56.4,0.0,0.0,151.0,41.0,3.0,3.0,6.0,3.0,3.0,1.0,6.0,7.0,8.0,9.0,8.0,9.0,10.0,7.0,12.0,0.0,0.0,0.0,3.0,86.4,12.5,0.0,0.0,253995.0,58294.0,48300.0,37110.0,0,0
8556,10000.0,0.1308,227.95,1,62000.0,0,1,n,4.55,0.0,0.0,9.0,0.0,4985.0,10.0,0,987.33,987.33,9564.97,9564.97,9012.67,552.3,0.0,0.0,0.0,227.95,0.0,1.0,1,0.0,0.0,12135.0,0.0,5.0,0.0,1.0,15.0,7150.0,72.0,0.0,1.0,3631.0,46.0,16500.0,1.0,0.0,1.0,2.0,1348.0,6280.0,40.2,0.0,0.0,77.0,87.0,13.0,13.0,0.0,13.0,10.0,0.0,2.0,4.0,2.0,2.0,6.0,4.0,4.0,4.0,9.0,0.0,0.0,0.0,0.0,100.0,50.0,0.0,0.0,26500.0,12135.0,10500.0,10000.0,0,0
64133,7500.0,0.14300000000000002,257.43,1,29568.0,0,1,n,31.62,0.0,1.0,9.0,0.0,7240.0,11.0,0,5839.35,5839.35,2611.34,2611.34,1660.65,950.69,0.0,0.0,0.0,257.43,0.0,1.0,1,0.0,0.0,35592.0,2.0,5.0,1.0,1.0,4.0,28352.0,91.0,2.0,3.0,2750.0,80.0,13300.0,1.0,1.0,2.0,4.0,3955.0,3677.0,49.6,0.0,0.0,41.0,33.0,1.0,1.0,0.0,1.0,4.0,0.0,3.0,4.0,3.0,3.0,7.0,4.0,4.0,4.0,9.0,0.0,0.0,0.0,3.0,100.0,33.3,0.0,0.0,44358.0,35592.0,7300.0,31058.0,0,0
56263,8500.0,0.16949999999999998,302.84,2,45000.0,0,1,n,60.03,0.0,0.0,12.0,0.0,19293.0,19.0,0,6127.99,6127.99,3626.08,3626.08,2372.01,1254.07,0.0,0.0,0.0,302.84,0.0,1.0,0,0.0,0.0,67825.0,0.0,3.0,0.0,2.0,14.0,48532.0,61.0,2.0,5.0,4777.0,67.0,21700.0,1.0,0.0,1.0,7.0,5652.0,474.0,96.6,0.0,0.0,190.0,112.0,10.0,10.0,1.0,10.0,10.0,0.0,5.0,8.0,5.0,5.0,7.0,9.0,11.0,8.0,12.0,0.0,0.0,0.0,2.0,100.0,100.0,0.0,0.0,101587.0,67825.0,13900.0,79887.0,0,0
30597,18000.0,0.1102,589.47,2,51000.0,0,1,n,39.51,0.0,0.0,16.0,0.0,18737.0,24.0,0,0.0,0.0,18315.16,18315.16,18000.0,315.16,0.0,0.0,0.0,17747.73,0.0,1.0,0,0.0,0.0,321850.0,1.0,3.0,3.0,3.0,8.0,52937.0,74.0,1.0,2.0,10088.0,49.0,73700.0,3.0,4.0,3.0,6.0,20116.0,37702.0,31.5,0.0,0.0,139.0,197.0,2.0,2.0,3.0,2.0,10.0,0.0,2.0,4.0,7.0,8.0,6.0,12.0,15.0,4.0,16.0,0.0,0.0,0.0,5.0,100.0,14.3,0.0,0.0,398261.0,71674.0,55000.0,71861.0,0,0
43350,11000.0,0.1524,263.08,2,39999.0,0,1,n,34.56,0.0,0.0,14.0,0.0,10798.0,21.0,0,9553.27,9553.27,2884.57,2884.57,1446.73,1437.84,0.0,0.0,0.0,263.08,0.0,1.0,1,0.0,0.0,179835.0,1.0,1.0,0.0,1.0,22.0,25139.0,79.0,2.0,6.0,3636.0,49.0,42100.0,2.0,0.0,2.0,7.0,12845.0,20808.0,33.7,0.0,0.0,56.0,68.0,6.0,6.0,1.0,6.0,7.0,0.0,5.0,6.0,8.0,8.0,7.0,12.0,13.0,6.0,14.0,0.0,0.0,0.0,2.0,100.0,25.0,0.0,0.0,226292.0,35937.0,31400.0,32000.0,0,0
23426,17000.0,0.28800000000000003,710.55,1,89000.0,1,1,n,24.19,0.0,2.0,5.0,0.0,16237.0,17.0,1,0.0,0.0,19209.6900018792,19209.69,17000.0,2209.69,0.0,0.0,0.0,16394.69,0.0,1.0,1,0.0,0.0,60428.0,0.0,2.0,1.0,3.0,12.0,44191.0,72.0,1.0,1.0,16237.0,69.0,24300.0,0.0,1.0,2.0,4.0,12086.0,6663.0,70.9,0.0,0.0,131.0,318.0,11.0,11.0,0.0,87.0,0.0,0.0,1.0,1.0,2.0,6.0,8.0,3.0,9.0,1.0,5.0,0.0,0.0,0.0,2.0,100.0,50.0,0.0,0.0,80300.0,60428.0,22900.0,56000.0,0,0
36232,15000.0,0.0646,459.47,2,130000.0,0,1,n,12.52,0.0,0.0,9.0,0.0,9181.0,17.0,0,10720.12,10720.12,5048.79,5048.79,4279.88,768.91,0.0,0.0,0.0,459.47,0.0,1.0,1,0.0,0.0,28694.0,0.0,2.0,0.0,1.0,17.0,19513.0,50.0,0.0,2.0,6231.0,34.0,46600.0,1.0,1.0,2.0,3.0,3188.0,33119.0,21.7,0.0,0.0,61.0,131.0,19.0,17.0,3.0,19.0,1.0,0.0,4.0,4.0,4.0,6.0,5.0,7.0,9.0,4.0,9.0,0.0,0.0,0.0,0.0,94.1,0.0,0.0,0.0,85344.0,28694.0,42300.0,38744.0,0,0
42914,40000.0,0.0819,814.7,2,88000.0,1,1,n,34.72,0.0,1.0,11.0,0.0,18265.0,23.0,0,33333.74,33333.74,9443.5,9443.5,6666.26,2777.24,0.0,0.0,0.0,1314.7,0.0,1.0,0,0.0,0.0,311981.0,2.0,7.0,3.0,5.0,2.0,125547.0,69.0,0.0,1.0,10357.0,69.0,26500.0,0.0,3.0,1.0,6.0,28362.0,2235.0,89.1,0.0,0.0,158.0,323.0,21.0,2.0,2.0,21.0,4.0,0.0,2.0,2.0,2.0,3.0,17.0,3.0,4.0,2.0,11.0,0.0,0.0,0.0,3.0,100.0,100.0,0.0,0.0,385675.0,143812.0,20500.0,154369.0,0,0
51443,30000.0,0.124,1002.18,1,83000.0,0,1,n,20.84,0.0,0.0,8.0,0.0,20466.0,17.0,0,22004.58,22004.58,11003.31,11003.31,7995.42,3007.89,0.0,0.0,0.0,0.0,0.0,1.0,1,0.0,0.0,39506.0,0.0,1.0,1.0,1.0,11.0,19040.0,76.0,0.0,0.0,2840.0,72.0,29900.0,1.0,0.0,1.0,1.0,5644.0,3683.0,62.4,0.0,0.0,128.0,207.0,31.0,11.0,0.0,102.0,11.0,0.0,3.0,6.0,3.0,4.0,9.0,7.0,8.0,6.0,8.0,0.0,0.0,0.0,1.0,100.0,66.7,0.0,0.0,54900.0,39506.0,9800.0,25000.0,0,0
19138,10000.0,0.2055,374.45,1,75000.0,0,1,n,14.02,0.0,3.0,13.0,0.0,7543.0,23.0,0,7870.81,7870.81,3733.08,3733.08,2129.19,1603.89,0.0,0.0,0.0,374.45,0.0,1.0,1,0.0,0.0,32357.0,7.0,2.0,1.0,4.0,10.0,24814.0,87.0,8.0,11.0,755.0,69.0,18400.0,0.0,6.0,5.0,15.0,2489.0,1546.0,40.5,0.0,0.0,100.0,93.0,0.0,0.0,0.0,2.0,0.0,0.0,3.0,7.0,4.0,5.0,11.0,11.0,12.0,7.0,13.0,0.0,0.0,0.0,9.0,100.0,25.0,0.0,0.0,46856.0,32357.0,2600.0,28456.0,0,0
76811,10000.0,0.124,334.06,1,60000.0,1,1,n,26.78,0.0,1.0,6.0,0.0,6806.0,6.0,0,7068.37,7068.37,3994.94,3994.94,2931.63,1063.31,0.0,0.0,0.0,334.06,0.0,1.0,1,0.0,0.0,34367.0,1.0,2.0,0.0,1.0,15.0,27561.0,61.0,1.0,2.0,4183.0,63.0,9400.0,1.0,0.0,1.0,3.0,5728.0,2594.0,72.4,0.0,0.0,27.0,73.0,3.0,3.0,0.0,3.0,3.0,0.0,4.0,4.0,4.0,4.0,2.0,4.0,4.0,4.0,6.0,0.0,0.0,0.0,1.0,100.0,25.0,0.0,0.0,54552.0,34367.0,9400.0,45152.0,0,0
4544,30000.0,0.124,673.42,3,87000.0,1,1,n,25.13,0.0,0.0,19.0,0.0,34457.0,39.0,0,26282.75,26282.75,6713.53,6713.53,3717.25,2996.28,0.0,0.0,0.0,673.42,0.0,1.0,1,0.0,0.0,101210.0,3.0,4.0,3.0,3.0,2.0,66753.0,71.0,3.0,3.0,5999.0,64.0,57600.0,0.0,10.0,1.0,6.0,5327.0,19522.0,62.8,0.0,0.0,121.0,166.0,7.0,2.0,0.0,7.0,7.0,0.0,13.0,14.0,13.0,20.0,12.0,15.0,26.0,14.0,19.0,0.0,0.0,0.0,6.0,100.0,38.5,0.0,0.0,138627.0,101210.0,52500.0,81027.0,0,0
34869,35000.0,0.1524,1217.41,3,120000.0,1,1,n,25.88,1.0,0.0,24.0,0.0,26656.0,46.0,0,26073.16,26073.16,13317.43,13317.43,8926.84,4390.59,0.0,0.0,0.0,1217.41,0.0,1.0,1,0.0,0.0,230284.0,0.0,6.0,0.0,3.0,17.0,68355.0,62.0,0.0,2.0,4578.0,57.0,52200.0,0.0,8.0,0.0,5.0,9595.0,17187.0,49.9,0.0,0.0,148.0,158.0,13.0,13.0,3.0,13.0,17.0,0.0,6.0,12.0,8.0,10.0,17.0,17.0,26.0,12.0,24.0,0.0,0.0,0.0,0.0,97.8,50.0,0.0,0.0,307388.0,95011.0,34300.0,104788.0,0,0
27138,14875.0,0.14300000000000002,510.57,1,63200.0,0,1,n,19.32,1.0,0.0,17.0,0.0,9218.0,36.0,0,0.0,0.0,15829.43,15829.43,14875.0,954.43,0.0,0.0,0.0,13810.78,1.0,1.0,1,0.0,4467.0,122681.0,0.0,5.0,0.0,2.0,18.0,113463.0,72.0,2.0,9.0,916.0,60.0,22900.0,0.0,3.0,0.0,11.0,7217.0,1508.0,52.9,0.0,0.0,165.0,252.0,10.0,10.0,0.0,10.0,14.0,6.0,3.0,7.0,3.0,6.0,16.0,12.0,19.0,7.0,17.0,0.0,0.0,1.0,2.0,89.7,0.0,0.0,0.0,141191.0,122681.0,3200.0,118291.0,0,0
56654,10000.0,0.124,334.06,2,120000.0,1,1,n,16.16,1.0,1.0,23.0,0.0,6106.0,36.0,0,0.0,0.0,10545.65,10545.65,10000.0,545.65,0.0,0.0,0.0,9223.19,0.0,1.0,1,0.0,0.0,279614.0,6.0,3.0,2.0,4.0,1.0,66359.0,97.0,5.0,8.0,3086.0,37.0,70700.0,4.0,4.0,5.0,13.0,12157.0,35558.0,8.1,0.0,0.0,149.0,87.0,2.0,1.0,3.0,2.0,1.0,0.0,2.0,4.0,8.0,9.0,10.0,19.0,23.0,4.0,23.0,0.0,0.0,0.0,8.0,91.7,0.0,0.0,0.0,370351.0,72465.0,38700.0,90555.0,0,0
59848,7000.0,0.0646,214.42,2,48000.0,1,1,n,30.08,0.0,0.0,8.0,0.0,9250.0,8.0,0,4815.22,4815.22,2570.53,2570.53,2184.78,385.75,0.0,0.0,0.0,214.42,0.0,1.0,1,0.0,0.0,227112.0,2.0,3.0,1.0,1.0,6.0,59670.0,108.0,1.0,2.0,5186.0,90.0,21200.0,5.0,1.0,6.0,4.0,28389.0,4804.0,55.1,0.0,0.0,100.0,36.0,2.0,2.0,1.0,18.0,6.0,0.0,2.0,4.0,2.0,2.0,3.0,4.0,4.0,4.0,8.0,0.0,0.0,0.0,3.0,100.0,50.0,0.0,0.0,236469.0,68920.0,10700.0,55219.0,0,0
55775,13000.0,0.124,291.82,1,42624.0,1,1,n,13.79,0.0,0.0,5.0,0.0,4150.0,13.0,0,10998.97,10998.97,3492.88,3492.88,2001.03,1491.85,0.0,0.0,0.0,291.82,0.0,1.0,0,0.0,0.0,17603.0,0.0,1.0,1.0,1.0,9.0,13453.0,92.0,1.0,2.0,3929.0,52.0,19500.0,0.0,0.0,1.0,3.0,3521.0,7971.0,33.0,0.0,0.0,9.0,136.0,10.0,9.0,2.0,59.0,10.0,1.0,1.0,2.0,2.0,5.0,1.0,4.0,10.0,2.0,5.0,0.0,0.0,0.0,2.0,46.2,0.0,0.0,0.0,34072.0,17603.0,11900.0,14572.0,0,0
5892,11000.0,0.16949999999999998,391.91,2,185000.0,1,1,n,11.04,3.0,2.0,18.0,0.0,8222.0,30.0,0,0.0,0.0,11406.4,11406.4,11000.0,406.4,0.0,0.0,0.0,2950.03,0.0,1.0,1,0.0,0.0,442093.0,5.0,3.0,4.0,4.0,1.0,62192.0,89.0,7.0,9.0,2784.0,60.0,46800.0,2.0,5.0,6.0,13.0,26005.0,38197.0,17.7,0.0,0.0,69.0,91.0,1.0,1.0,2.0,1.0,1.0,3.0,10.0,11.0,13.0,17.0,9.0,14.0,19.0,11.0,18.0,0.0,0.0,0.0,11.0,80.0,16.7,0.0,0.0,524137.0,70414.0,46400.0,70237.0,0,0
11908,21050.0,0.0702,650.16,2,90000.0,0,1,n,15.96,1.0,1.0,8.0,0.0,955.0,21.0,0,15638.9,15638.9,6493.39,6493.39,5411.1,1082.29,0.0,0.0,0.0,650.16,0.0,1.0,1,0.0,0.0,81612.0,1.0,2.0,1.0,2.0,4.0,42993.0,86.0,0.0,0.0,955.0,56.0,28100.0,1.0,0.0,1.0,2.0,10202.0,23045.0,4.0,0.0,0.0,149.0,294.0,27.0,4.0,1.0,35.0,4.0,0.0,1.0,1.0,3.0,8.0,6.0,5.0,14.0,1.0,8.0,0.0,0.0,0.0,1.0,95.2,0.0,0.0,0.0,126292.0,43948.0,24000.0,50272.0,0,0
36643,10000.0,0.17739999999999995,360.23,2,85000.0,1,1,n,16.98,1.0,1.0,18.0,0.0,8684.0,22.0,0,7483.05,7483.05,3952.67,3952.67,2516.95,1435.72,0.0,0.0,0.0,360.23,0.0,1.0,1,0.0,1447.0,153076.0,1.0,6.0,2.0,3.0,8.0,21011.0,56.0,1.0,4.0,4479.0,38.0,41500.0,2.0,0.0,3.0,7.0,8504.0,11029.0,44.0,0.0,0.0,69.0,212.0,3.0,3.0,1.0,22.0,1.0,0.0,3.0,4.0,4.0,4.0,8.0,11.0,13.0,4.0,18.0,0.0,0.0,0.0,3.0,95.5,50.0,0.0,0.0,211764.0,29695.0,19700.0,37710.0,0,0
71749,27000.0,0.1033,578.07,2,100000.0,1,1,n,17.41,0.0,1.0,9.0,1.0,16720.0,21.0,0,22650.15,22650.15,6921.34,6921.34,4349.85,2571.49,0.0,0.0,0.0,578.07,0.0,1.0,1,0.0,0.0,160895.0,1.0,2.0,1.0,3.0,6.0,29973.0,54.0,0.0,0.0,8679.0,36.0,51300.0,3.0,0.0,1.0,3.0,17877.0,33380.0,33.4,0.0,0.0,180.0,87.0,36.0,6.0,3.0,36.0,6.0,0.0,5.0,5.0,5.0,6.0,9.0,6.0,9.0,5.0,9.0,0.0,0.0,0.0,1.0,100.0,20.0,1.0,0.0,252234.0,46693.0,50100.0,49327.0,0,0
73351,6375.0,0.1612,224.51,1,20000.0,0,1,n,38.12,0.0,0.0,3.0,0.0,3822.0,6.0,0,4579.73,4579.73,2688.41,2688.41,1795.27,893.14,0.0,0.0,0.0,224.51,0.0,1.0,1,0.0,0.0,15620.0,0.0,1.0,1.0,1.0,11.0,11798.0,79.0,0.0,0.0,3342.0,58.0,11900.0,1.0,0.0,1.0,1.0,5207.0,8078.0,32.1,0.0,0.0,11.0,73.0,32.0,11.0,0.0,32.0,11.0,0.0,2.0,2.0,2.0,4.0,1.0,2.0,5.0,2.0,3.0,0.0,0.0,0.0,1.0,100.0,0.0,0.0,0.0,26900.0,15620.0,11900.0,15000.0,0,0
21800,3000.0,0.0819,94.28,2,40000.0,0,1,n,28.29,0.0,2.0,10.0,0.0,3828.0,24.0,0,2159.87,2159.87,1034.35,1034.35,840.13,194.22,0.0,0.0,0.0,94.28,0.0,1.0,1,0.0,151.0,38737.0,2.0,5.0,2.0,2.0,6.0,34909.0,78.0,1.0,3.0,2172.0,54.0,26200.0,1.0,1.0,2.0,5.0,3874.0,14328.0,13.2,0.0,0.0,150.0,147.0,5.0,5.0,0.0,24.0,5.0,0.0,1.0,2.0,3.0,8.0,10.0,5.0,14.0,2.0,10.0,0.0,0.0,0.0,3.0,100.0,0.0,0.0,0.0,71157.0,38737.0,16500.0,44957.0,0,0
50371,40000.0,0.1033,856.4,2,270000.0,0,1,n,19.9,0.0,0.0,24.0,0.0,56970.0,58.0,0,33555.76,33555.76,10253.84,10253.84,6444.24,3809.6,0.0,0.0,0.0,856.4,0.0,1.0,1,0.0,0.0,527866.0,1.0,8.0,1.0,2.0,6.0,239941.0,54.0,0.0,1.0,20461.0,53.0,110500.0,1.0,0.0,0.0,3.0,22951.0,40230.0,58.6,0.0,0.0,197.0,151.0,21.0,6.0,1.0,21.0,18.0,0.0,8.0,8.0,11.0,11.0,37.0,15.0,20.0,8.0,24.0,0.0,0.0,0.0,1.0,98.0,10.0,0.0,0.0,613559.0,296911.0,97200.0,251696.0,0,0
75013,26575.0,0.14300000000000002,622.5,1,90000.0,1,1,n,15.09,0.0,3.0,28.0,0.0,4714.0,47.0,0,22835.27,22835.27,7427.78,7427.78,3739.73,3688.05,0.0,0.0,0.0,622.5,0.0,1.0,1,0.0,1046.0,93671.0,5.0,3.0,2.0,4.0,4.0,88957.0,81.0,5.0,8.0,1497.0,33.0,61500.0,4.0,0.0,7.0,12.0,3345.0,43275.0,8.5,0.0,0.0,140.0,87.0,2.0,2.0,1.0,2.0,2.0,0.0,4.0,9.0,12.0,12.0,19.0,25.0,27.0,9.0,28.0,0.0,0.0,0.0,7.0,97.9,0.0,0.0,0.0,151347.0,93671.0,47300.0,89847.0,0,0
66763,25000.0,0.08810000000000001,792.79,2,165000.0,1,1,n,14.24,0.0,0.0,20.0,0.0,56786.0,33.0,0,17281.99,17281.99,9601.24,9601.24,7718.01,1883.23,0.0,0.0,0.0,792.79,0.0,1.0,1,0.0,0.0,247905.0,1.0,1.0,0.0,0.0,41.0,7266.0,47.0,1.0,2.0,9910.0,68.0,78300.0,0.0,0.0,0.0,2.0,12395.0,5712.0,86.5,0.0,0.0,86.0,259.0,6.0,6.0,5.0,21.0,21.0,0.0,9.0,14.0,9.0,10.0,4.0,17.0,24.0,14.0,20.0,0.0,0.0,0.0,1.0,100.0,88.9,0.0,0.0,321794.0,64052.0,42200.0,15316.0,0,0
39132,12000.0,0.17739999999999995,303.03,1,67000.0,0,1,n,18.41,0.0,1.0,17.0,0.0,6544.0,51.0,0,10366.38,10366.38,3521.5,3521.5,1633.62,1887.88,0.0,0.0,0.0,303.03,0.0,1.0,1,0.0,0.0,108587.0,1.0,3.0,3.0,7.0,2.0,102043.0,58.0,5.0,7.0,932.0,47.0,17600.0,5.0,0.0,7.0,14.0,6387.0,4776.0,39.5,0.0,0.0,177.0,182.0,7.0,2.0,2.0,7.0,1.0,5.0,5.0,12.0,6.0,8.0,27.0,14.0,22.0,12.0,17.0,0.0,0.0,0.0,8.0,89.6,0.0,0.0,0.0,122125.0,108587.0,7900.0,104525.0,0,0
13871,21000.0,0.0702,648.62,2,125000.0,0,1,n,28.71,0.0,0.0,39.0,0.0,48805.0,53.0,0,15644.87,15644.87,6478.01,6478.01,5355.13,1122.88,0.0,0.0,0.0,648.62,0.0,1.0,1,0.0,0.0,453879.0,0.0,18.0,1.0,3.0,7.0,112821.0,79.0,1.0,2.0,9652.0,46.0,181700.0,1.0,0.0,1.0,5.0,11638.0,107731.0,29.2,0.0,0.0,163.0,174.0,7.0,7.0,5.0,7.0,2.0,0.0,12.0,16.0,15.0,19.0,23.0,20.0,25.0,16.0,39.0,0.0,0.0,0.0,2.0,100.0,6.7,0.0,0.0,636999.0,161626.0,152200.0,149209.0,0,0
31947,10200.0,0.0819,207.75,2,70000.0,0,1,n,36.57,1.0,1.0,18.0,0.0,30890.0,33.0,0,0.0,0.0,10828.01,10828.01,10200.0,628.01,0.0,0.0,0.0,9170.65,0.0,1.0,0,0.0,0.0,357242.0,1.0,3.0,1.0,3.0,12.0,26826.0,52.0,1.0,3.0,2244.0,31.0,132000.0,1.0,3.0,2.0,6.0,21014.0,81082.0,4.8,0.0,0.0,124.0,117.0,3.0,3.0,4.0,3.0,6.0,0.0,6.0,10.0,9.0,11.0,10.0,14.0,19.0,10.0,18.0,0.0,0.0,0.0,2.0,93.9,12.5,0.0,0.0,502485.0,57716.0,85200.0,51735.0,0,0
13264,30000.0,0.17739999999999995,1080.67,2,75000.0,1,1,n,37.57,0.0,0.0,21.0,1.0,23300.0,39.0,0,24630.93,24630.93,9445.45,9445.45,5369.07,4076.38,0.0,0.0,0.0,1080.67,0.0,1.0,0,0.0,0.0,400905.0,1.0,5.0,4.0,4.0,8.0,71462.0,93.0,2.0,5.0,6408.0,63.0,52500.0,3.0,10.0,3.0,12.0,19091.0,8969.0,50.4,0.0,0.0,145.0,159.0,9.0,2.0,3.0,9.0,2.0,1.0,4.0,11.0,5.0,5.0,15.0,15.0,20.0,11.0,21.0,0.0,0.0,0.0,7.0,97.4,40.0,1.0,0.0,436974.0,94762.0,18100.0,78331.0,0,0
72839,16000.0,0.14300000000000002,374.79,2,81000.0,0,1,n,28.39,0.0,0.0,12.0,0.0,20110.0,39.0,0,13639.8,13639.8,4484.77,4484.77,2360.2,2124.57,0.0,0.0,0.0,374.79,0.0,1.0,0,0.0,0.0,257671.0,2.0,2.0,2.0,2.0,2.0,58094.0,86.0,0.0,1.0,10935.0,77.0,34300.0,0.0,19.0,1.0,4.0,21473.0,2346.0,82.4,0.0,0.0,136.0,232.0,15.0,2.0,3.0,61.0,5.0,0.0,2.0,6.0,2.0,6.0,18.0,8.0,18.0,6.0,12.0,0.0,0.0,0.0,3.0,97.4,50.0,0.0,0.0,281913.0,78204.0,13300.0,67613.0,0,0
4861,22000.0,0.0702,679.5,2,105000.0,1,1,n,16.66,1.0,0.0,13.0,0.0,22597.0,18.0,0,16344.72,16344.72,6786.42,6786.42,5655.28,1131.14,0.0,0.0,0.0,679.5,0.0,1.0,1,0.0,0.0,246788.0,1.0,3.0,1.0,2.0,4.0,33834.0,78.0,0.0,0.0,752.0,75.0,32000.0,0.0,6.0,0.0,2.0,20566.0,2193.0,26.9,0.0,0.0,73.0,99.0,27.0,4.0,1.0,27.0,20.0,2.0,2.0,5.0,3.0,4.0,5.0,9.0,12.0,5.0,13.0,0.0,0.0,1.0,1.0,83.3,0.0,0.0,0.0,272543.0,56431.0,3000.0,43394.0,0,0
21398,29000.0,0.0819,590.66,1,65000.0,1,1,n,36.28,0.0,0.0,19.0,0.0,20835.0,43.0,0,24529.43,24529.43,6470.87,6470.87,4470.57,2000.3,0.0,0.0,0.0,590.66,0.0,1.0,1,0.0,0.0,52495.0,0.0,3.0,1.0,2.0,12.0,31660.0,16.0,0.0,0.0,2952.0,32.0,50200.0,2.0,0.0,1.0,2.0,2916.0,12404.0,52.7,0.0,0.0,130.0,167.0,31.0,12.0,0.0,31.0,12.0,0.0,7.0,13.0,8.0,9.0,21.0,16.0,22.0,13.0,19.0,0.0,0.0,0.0,1.0,100.0,12.5,0.0,0.0,115725.0,52495.0,26200.0,65525.0,0,0
73839,6000.0,0.2305,232.42,1,50000.0,1,1,n,33.27,0.0,0.0,8.0,0.0,15775.0,21.0,0,4962.64,4962.64,2316.52,2316.52,1037.36,1279.16,0.0,0.0,0.0,232.42,0.0,1.0,1,0.0,0.0,40302.0,1.0,3.0,1.0,3.0,2.0,24527.0,55.0,0.0,0.0,8834.0,60.0,22300.0,1.0,0.0,0.0,3.0,5038.0,2178.0,86.4,0.0,0.0,137.0,120.0,51.0,2.0,0.0,51.0,15.0,0.0,3.0,5.0,3.0,5.0,12.0,5.0,9.0,5.0,8.0,0.0,0.0,0.0,1.0,100.0,66.7,0.0,0.0,66845.0,40302.0,16000.0,44545.0,0,0
9942,24200.0,0.1171,800.44,2,250000.0,1,1,n,46.61,0.0,0.0,12.0,0.0,119741.0,19.0,1,18302.76,18302.76,7988.66,7988.66,5897.24,2091.42,0.0,0.0,0.0,800.44,0.0,1.0,0,0.0,0.0,2336999.0,0.0,3.0,2.0,2.0,12.0,88251.0,100.0,1.0,1.0,55491.0,65.0,148300.0,2.0,2.0,0.0,5.0,194750.0,21342.0,54.3,0.0,0.0,76.0,331.0,8.0,8.0,2.0,8.0,14.0,0.0,5.0,6.0,5.0,8.0,5.0,6.0,10.0,6.0,12.0,0.0,0.0,0.0,3.0,100.0,40.0,0.0,0.0,2450518.0,392396.0,136700.0,108546.0,0,0
31386,30000.0,0.1171,992.28,1,98000.0,0,1,n,18.87,0.0,1.0,13.0,0.0,1756.0,19.0,0,21918.52,21918.52,10895.56,10895.56,8081.48,2814.08,0.0,0.0,0.0,992.28,0.0,1.0,1,0.0,1259.0,49480.0,2.0,3.0,1.0,3.0,4.0,47724.0,87.0,2.0,7.0,1424.0,71.0,14600.0,4.0,0.0,1.0,10.0,3806.0,11344.0,13.4,0.0,0.0,139.0,46.0,2.0,2.0,2.0,2.0,4.0,2.0,6.0,6.0,7.0,7.0,6.0,10.0,11.0,6.0,13.0,0.0,0.0,0.0,3.0,78.9,0.0,0.0,0.0,69795.0,49480.0,13100.0,55195.0,0,0
38917,35000.0,0.1171,1157.66,2,120000.0,0,1,n,20.94,0.0,0.0,12.0,0.0,51895.0,25.0,0,25646.87,25646.87,12711.49,12711.49,9353.13,3358.36,0.0,0.0,0.0,1157.66,0.0,1.0,1,0.0,0.0,228161.0,3.0,1.0,1.0,1.0,10.0,25543.0,93.0,3.0,6.0,10223.0,64.0,76400.0,4.0,1.0,9.0,8.0,19013.0,24505.0,67.9,0.0,0.0,79.0,332.0,4.0,4.0,3.0,4.0,2.0,1.0,9.0,9.0,9.0,14.0,2.0,9.0,19.0,9.0,12.0,0.0,0.0,0.0,5.0,95.8,44.4,0.0,0.0,278376.0,84815.0,76400.0,27334.0,0,0
42263,20000.0,0.28800000000000003,835.94,1,100000.0,1,1,n,17.54,0.0,0.0,4.0,0.0,11691.0,8.0,0,0.0,0.0,20542.29,20542.29,20000.0,542.29,0.0,0.0,0.0,20574.29,0.0,1.0,1,0.0,0.0,56214.0,0.0,2.0,1.0,2.0,9.0,44523.0,89.0,0.0,0.0,8945.0,86.0,15800.0,1.0,0.0,3.0,2.0,14054.0,3855.0,69.9,0.0,0.0,62.0,238.0,105.0,9.0,0.0,105.0,9.0,0.0,1.0,2.0,1.0,1.0,6.0,2.0,2.0,2.0,4.0,0.0,0.0,0.0,1.0,75.0,0.0,0.0,0.0,65738.0,56214.0,12800.0,49938.0,0,0
58118,5000.0,0.2055,187.23,1,46000.0,0,1,n,26.14,0.0,0.0,13.0,0.0,5992.0,13.0,0,3659.08,3659.08,2241.05,2241.05,1340.92,900.13,0.0,0.0,0.0,187.23,0.0,1.0,1,0.0,0.0,32645.0,0.0,3.0,1.0,2.0,7.0,26653.0,80.0,0.0,3.0,4265.0,53.0,28100.0,3.0,0.0,1.0,5.0,2511.0,5187.0,52.0,0.0,0.0,44.0,47.0,13.0,7.0,0.0,13.0,7.0,0.0,4.0,7.0,5.0,5.0,3.0,10.0,10.0,7.0,13.0,0.0,0.0,0.0,1.0,100.0,20.0,0.0,0.0,61265.0,32645.0,10800.0,33165.0,0,0
29172,12000.0,0.0646,367.57,1,54999.0,1,1,n,17.02,0.0,0.0,10.0,0.0,11702.0,12.0,0,8576.16,8576.16,4034.66,4034.66,3423.84,610.82,0.0,0.0,0.0,367.57,0.0,1.0,1,0.0,0.0,32453.0,1.0,2.0,0.0,2.0,15.0,20751.0,77.0,2.0,3.0,4846.0,47.0,42500.0,0.0,2.0,0.0,5.0,3245.0,24298.0,32.5,0.0,0.0,82.0,72.0,3.0,3.0,0.0,3.0,22.0,0.0,5.0,5.0,6.0,6.0,4.0,8.0,8.0,5.0,10.0,0.0,0.0,0.0,2.0,100.0,0.0,0.0,0.0,69411.0,32453.0,36000.0,26911.0,0,0
24124,3600.0,0.1033,116.73,1,32000.0,1,1,n,20.93,0.0,0.0,14.0,0.0,3975.0,17.0,0,2384.48,2384.48,1498.69,1498.69,1215.52,283.17,0.0,0.0,0.0,116.73,0.0,1.0,1,0.0,0.0,35691.0,0.0,9.0,1.0,1.0,10.0,31716.0,89.0,0.0,1.0,2606.0,61.0,22900.0,1.0,0.0,1.0,2.0,2549.0,14007.0,17.6,0.0,0.0,76.0,90.0,21.0,10.0,0.0,46.0,10.0,0.0,3.0,4.0,3.0,3.0,11.0,5.0,6.0,4.0,14.0,0.0,0.0,0.0,1.0,100.0,0.0,0.0,0.0,58501.0,35691.0,17000.0,35601.0,0,0
75656,15000.0,0.2305,423.29,1,42000.0,1,1,n,23.4,0.0,0.0,19.0,0.0,14463.0,33.0,0,0.0,0.0,16156.3,16156.3,15000.0,1156.3,0.0,0.0,0.0,15348.14,0.0,1.0,1,0.0,0.0,88275.0,0.0,6.0,0.0,0.0,28.0,73812.0,148.0,1.0,6.0,1950.0,134.0,16000.0,2.0,0.0,0.0,6.0,4646.0,286.0,95.9,0.0,0.0,290.0,44.0,8.0,8.0,0.0,8.0,14.0,3.0,6.0,12.0,6.0,7.0,18.0,13.0,15.0,12.0,19.0,0.0,0.0,0.0,1.0,90.6,100.0,0.0,0.0,65958.0,88275.0,6900.0,49958.0,0,0
74643,20000.0,0.2565,802.09,1,106000.0,1,1,n,22.02,0.0,0.0,26.0,1.0,23865.0,38.0,0,14936.94,14936.94,9568.08,9568.08,5063.06,4505.02,0.0,0.0,0.0,802.09,0.0,1.0,1,0.0,398.0,78255.0,5.0,7.0,4.0,5.0,5.0,54390.0,81.0,2.0,8.0,4219.0,71.0,43800.0,3.0,0.0,2.0,13.0,3010.0,15694.0,58.0,0.0,0.0,85.0,80.0,4.0,4.0,0.0,4.0,7.0,0.0,12.0,15.0,13.0,18.0,10.0,19.0,28.0,15.0,26.0,0.0,0.0,0.0,6.0,100.0,30.8,1.0,0.0,110788.0,78255.0,37400.0,66988.0,0,0
8941,36975.0,0.0756,1151.18,2,95000.0,1,1,n,27.46,0.0,0.0,11.0,0.0,24518.0,16.0,0,27527.88,27527.88,11480.74,11480.74,9447.12,2033.62,0.0,0.0,0.0,1151.18,0.0,1.0,0,0.0,0.0,450582.0,1.0,4.0,0.0,0.0,35.0,39801.0,43.0,0.0,0.0,8095.0,59.0,26800.0,0.0,2.0,2.0,1.0,40962.0,2282.0,91.5,0.0,0.0,115.0,146.0,49.0,1.0,2.0,55.0,2.0,0.0,5.0,5.0,5.0,5.0,5.0,5.0,9.0,5.0,11.0,0.0,0.0,0.0,1.0,100.0,100.0,0.0,0.0,514048.0,64319.0,26800.0,96314.0,0,0
45526,35000.0,0.16949999999999998,868.9,1,200000.0,1,1,n,11.65,0.0,1.0,12.0,0.0,22312.0,13.0,0,30576.58,30576.58,9524.94,9524.94,4423.42,5101.52,0.0,0.0,0.0,868.9,0.0,1.0,1,0.0,2254.0,55857.0,2.0,2.0,0.0,2.0,16.0,33545.0,67.0,3.0,6.0,7472.0,40.0,90300.0,3.0,0.0,2.0,8.0,4655.0,67488.0,24.8,0.0,0.0,23.0,168.0,1.0,1.0,0.0,1.0,1.0,0.0,7.0,7.0,9.0,10.0,2.0,10.0,11.0,7.0,12.0,0.0,0.0,0.0,3.0,100.0,0.0,0.0,0.0,140300.0,55857.0,89800.0,50000.0,0,0
25556,16000.0,0.0702,494.18,2,95000.0,0,1,n,23.67,0.0,0.0,30.0,0.0,15018.0,39.0,0,11462.44,11462.44,5429.74,5429.74,4537.56,892.18,0.0,0.0,0.0,494.18,0.0,1.0,1,0.0,0.0,405731.0,0.0,22.0,0.0,2.0,13.0,161687.0,110.0,2.0,2.0,6034.0,104.0,23400.0,0.0,4.0,1.0,4.0,13524.0,5056.0,73.8,0.0,0.0,177.0,155.0,8.0,8.0,3.0,11.0,8.0,0.0,4.0,5.0,4.0,4.0,29.0,7.0,7.0,5.0,30.0,0.0,0.0,0.0,2.0,100.0,75.0,0.0,0.0,420217.0,176705.0,19300.0,147025.0,0,0
51365,33925.0,0.08810000000000001,1075.81,2,95000.0,1,1,n,33.31,0.0,0.0,12.0,0.0,4261.0,19.0,0,23593.5,23593.5,12893.12,12893.12,10331.5,2561.62,0.0,0.0,0.0,1075.81,0.0,1.0,0,0.0,0.0,280140.0,0.0,5.0,0.0,0.0,25.0,68824.0,61.0,0.0,1.0,4152.0,46.0,45600.0,0.0,0.0,0.0,1.0,23345.0,41339.0,9.3,0.0,0.0,161.0,156.0,21.0,21.0,2.0,21.0,21.0,0.0,3.0,3.0,6.0,6.0,9.0,6.0,8.0,3.0,12.0,0.0,0.0,0.0,0.0,100.0,0.0,0.0,0.0,377064.0,73085.0,45600.0,113214.0,0,0
22902,10000.0,0.1102,217.53,3,14775.48,0,1,n,17.47,0.0,0.0,5.0,0.0,1556.0,8.0,0,8552.07,8552.07,2386.71,2386.71,1447.93,938.78,0.0,0.0,0.0,217.53,0.0,1.0,1,0.0,0.0,4177.0,0.0,1.0,0.0,1.0,20.0,2621.0,52.0,0.0,1.0,1556.0,29.0,9600.0,1.0,0.0,0.0,2.0,835.0,6244.0,19.9,0.0,0.0,51.0,82.0,16.0,16.0,0.0,31.0,20.0,0.0,1.0,1.0,3.0,5.0,2.0,4.0,6.0,1.0,5.0,0.0,0.0,0.0,0.0,100.0,0.0,0.0,0.0,14600.0,4177.0,7800.0,5000.0,0,0
10062,6375.0,0.1102,208.77,2,83000.0,0,1,n,17.94,0.0,3.0,12.0,0.0,9608.0,28.0,0,4809.11,4809.11,2083.8,2083.8,1565.89,517.91,0.0,0.0,0.0,208.77,0.0,1.0,1,0.0,0.0,22800.0,1.0,5.0,2.0,5.0,1.0,13192.0,45.0,0.0,1.0,2450.0,49.0,16700.0,5.0,0.0,5.0,6.0,1900.0,462.0,92.7,0.0,0.0,119.0,71.0,15.0,1.0,0.0,35.0,0.0,0.0,3.0,6.0,3.0,5.0,19.0,7.0,9.0,6.0,12.0,0.0,0.0,0.0,2.0,100.0,100.0,0.0,0.0,46213.0,22800.0,6300.0,29513.0,0,0
10551,4000.0,0.1171,132.31,2,25000.0,0,1,n,18.1,0.0,2.0,14.0,0.0,2684.0,21.0,0,3025.19,3025.19,1320.5,1320.5,974.81,345.69,0.0,0.0,0.0,132.31,0.0,1.0,1,0.0,0.0,98051.0,3.0,1.0,1.0,1.0,4.0,3808.0,95.0,3.0,8.0,626.0,21.0,26900.0,1.0,0.0,3.0,10.0,7004.0,17885.0,10.1,0.0,0.0,120.0,61.0,3.0,3.0,1.0,3.0,4.0,1.0,8.0,9.0,9.0,10.0,7.0,12.0,13.0,9.0,14.0,0.0,0.0,0.0,4.0,95.2,0.0,0.0,0.0,125500.0,6492.0,19900.0,4000.0,0,0
43279,10000.0,0.1033,324.23,2,90000.0,0,1,n,16.28,0.0,0.0,11.0,0.0,11235.0,15.0,0,0.0,0.0,10862.98,10862.98,10000.0,862.98,0.0,0.0,0.0,7626.42,1.0,1.0,1,0.0,196.0,25084.0,3.0,2.0,0.0,2.0,20.0,13849.0,44.0,3.0,5.0,3041.0,41.0,29500.0,1.0,0.0,0.0,7.0,2280.0,6768.0,57.2,0.0,0.0,111.0,160.0,1.0,1.0,0.0,6.0,16.0,0.0,4.0,7.0,4.0,4.0,5.0,9.0,10.0,7.0,11.0,0.0,0.0,0.0,3.0,92.9,25.0,0.0,0.0,60662.0,25084.0,15800.0,31162.0,0,0
33101,1000.0,0.17739999999999995,36.03,2,78000.0,1,1,n,23.11,0.0,0.0,12.0,0.0,8647.0,31.0,0,748.22,748.22,393.87,393.87,251.78,142.09,0.0,0.0,0.0,36.03,0.0,1.0,1,0.0,0.0,465170.0,3.0,6.0,4.0,4.0,3.0,99481.0,86.0,2.0,2.0,3421.0,85.0,10300.0,2.0,4.0,4.0,8.0,38764.0,126.0,96.8,0.0,0.0,92.0,169.0,4.0,3.0,5.0,9.0,7.0,5.0,2.0,4.0,2.0,5.0,13.0,5.0,13.0,4.0,12.0,0.0,0.0,0.0,7.0,77.4,100.0,0.0,0.0,484113.0,108128.0,4000.0,115145.0,0,0
56237,8000.0,0.17739999999999995,288.18,1,66000.0,1,1,n,18.48,0.0,1.0,10.0,0.0,10256.0,40.0,0,5786.8,5786.8,3450.28,3450.28,2213.2,1237.08,0.0,0.0,0.0,288.18,0.0,1.0,1,0.0,0.0,142657.0,1.0,3.0,2.0,4.0,2.0,131127.0,56.0,0.0,1.0,1479.0,71.0,10200.0,3.0,1.0,2.0,5.0,14266.0,131.0,95.9,0.0,0.0,182.0,279.0,24.0,2.0,0.0,24.0,3.0,0.0,3.0,6.0,3.0,3.0,31.0,6.0,8.0,6.0,10.0,0.0,0.0,0.0,2.0,89.7,100.0,0.0,0.0,150811.0,142657.0,3200.0,138683.0,0,0
52645,35000.0,0.0646,1072.08,1,200000.0,1,1,n,12.39,0.0,1.0,9.0,0.0,61615.0,10.0,0,24088.89,24088.89,12852.4,12852.4,10911.11,1941.29,0.0,0.0,0.0,1072.08,0.0,1.0,1,0.0,0.0,87976.0,1.0,2.0,1.0,1.0,4.0,26361.0,58.0,2.0,2.0,23262.0,71.0,79000.0,0.0,0.0,2.0,3.0,9775.0,15652.0,79.7,0.0,0.0,25.0,225.0,7.0,4.0,0.0,7.0,0.0,0.0,4.0,5.0,6.0,7.0,2.0,7.0,8.0,5.0,9.0,0.0,0.0,0.0,3.0,100.0,50.0,0.0,0.0,124733.0,87976.0,77200.0,45733.0,0,0
72699,2500.0,0.28800000000000003,104.5,2,65000.0,0,1,n,29.04,0.0,0.0,5.0,0.0,3163.0,18.0,0,1889.55,1889.55,1246.0,1246.0,610.45,635.55,0.0,0.0,0.0,104.5,0.0,1.0,1,0.0,0.0,189854.0,3.0,2.0,2.0,5.0,3.0,47034.0,84.0,0.0,1.0,1947.0,81.0,6200.0,6.0,1.0,13.0,7.0,37971.0,3037.0,51.0,0.0,0.0,58.0,120.0,22.0,3.0,2.0,22.0,1.0,0.0,2.0,2.0,2.0,3.0,12.0,2.0,4.0,2.0,5.0,0.0,0.0,0.0,3.0,100.0,0.0,0.0,0.0,201899.0,50197.0,6200.0,55728.0,0,0
44179,15000.0,0.1612,365.73,1,95000.0,1,1,n,9.76,0.0,2.0,14.0,0.0,12277.0,19.0,0,13067.1,13067.1,4009.6,4009.6,1932.9,2076.7,0.0,0.0,0.0,365.73,0.0,1.0,1,0.0,59.0,128840.0,2.0,2.0,0.0,1.0,17.0,41931.0,81.0,1.0,2.0,8179.0,43.0,36400.0,0.0,0.0,7.0,5.0,9203.0,19389.0,36.2,0.0,0.0,208.0,86.0,1.0,1.0,2.0,1.0,0.0,0.0,6.0,7.0,7.0,7.0,6.0,9.0,10.0,7.0,14.0,0.0,0.0,0.0,2.0,100.0,14.3,0.0,0.0,149301.0,56985.0,30400.0,37215.0,0,0
38889,10000.0,0.0702,308.87,2,45000.0,0,1,n,24.56,0.0,0.0,12.0,0.0,5203.0,33.0,0,7194.95,7194.95,3393.67,3393.67,2805.05,588.62,0.0,0.0,0.0,308.87,0.0,1.0,1,0.0,0.0,177429.0,1.0,4.0,1.0,3.0,2.0,17239.0,54.0,0.0,1.0,0.0,43.0,20500.0,3.0,12.0,1.0,5.0,16130.0,2800.0,0.0,0.0,0.0,138.0,210.0,22.0,2.0,3.0,57.0,2.0,0.0,0.0,2.0,1.0,4.0,12.0,7.0,18.0,2.0,12.0,0.0,0.0,0.0,2.0,97.0,0.0,0.0,0.0,209099.0,22442.0,2800.0,31849.0,0,0
7368,25200.0,0.1033,539.53,2,55000.0,1,1,n,62.86,0.0,0.0,21.0,0.0,41310.0,54.0,0,21846.12,21846.12,5380.84,5380.84,3353.88,2026.96,0.0,0.0,0.0,539.53,0.0,1.0,0,0.0,0.0,328398.0,0.0,6.0,1.0,5.0,9.0,78172.0,71.0,1.0,4.0,15501.0,56.0,104000.0,1.0,20.0,1.0,9.0,15638.0,50279.0,45.1,0.0,0.0,126.0,150.0,11.0,9.0,4.0,11.0,3.0,0.0,7.0,8.0,10.0,17.0,23.0,14.0,27.0,8.0,21.0,0.0,0.0,0.0,2.0,100.0,40.0,0.0,0.0,432659.0,119482.0,91500.0,110159.0,0,0
49133,6000.0,0.1524,208.7,2,68575.0,1,1,n,17.01,0.0,2.0,20.0,0.0,16359.0,25.0,1,4450.95,4450.95,2290.62,2290.62,1549.05,741.57,0.0,0.0,0.0,0.0,0.0,1.0,1,0.0,350.0,55437.0,4.0,1.0,1.0,2.0,9.0,12684.0,79.0,5.0,11.0,3529.0,48.0,44900.0,1.0,0.0,4.0,13.0,2772.0,22136.0,41.3,0.0,0.0,42.0,73.0,1.0,1.0,2.0,5.0,5.0,0.0,8.0,10.0,11.0,11.0,5.0,18.0,18.0,10.0,20.0,0.0,0.0,0.0,6.0,96.0,18.2,0.0,0.0,142500.0,29043.0,37700.0,16000.0,0,0
47625,40000.0,0.1308,911.77,2,375000.0,0,1,n,10.57,0.0,0.0,11.0,0.0,72974.0,21.0,0,34471.4,34471.4,9971.34,9971.34,5528.6,4442.74,0.0,0.0,0.0,0.0,0.0,1.0,1,0.0,0.0,577368.0,2.0,3.0,0.0,1.0,21.0,59481.0,49.0,2.0,2.0,18153.0,79.0,87100.0,1.0,0.0,2.0,3.0,52488.0,14126.0,83.8,0.0,0.0,316.0,145.0,6.0,6.0,2.0,6.0,2.0,0.0,6.0,6.0,6.0,9.0,10.0,6.0,9.0,6.0,11.0,0.0,0.0,0.0,2.0,100.0,83.3,0.0,0.0,663885.0,132455.0,87100.0,108285.0,0,0
24059,21050.0,0.0702,650.16,1,250000.0,0,1,n,6.55,0.0,0.0,10.0,0.0,12861.0,19.0,0,15664.34,15664.34,6493.39,6493.39,5385.66,1107.73,0.0,0.0,0.0,0.0,0.0,1.0,1,0.0,0.0,45815.0,1.0,4.0,0.0,2.0,19.0,32954.0,61.0,2.0,4.0,7633.0,40.0,61100.0,1.0,1.0,1.0,6.0,4582.0,29039.0,30.7,0.0,0.0,126.0,50.0,4.0,4.0,0.0,4.0,11.0,0.0,3.0,3.0,4.0,4.0,10.0,6.0,6.0,3.0,10.0,0.0,0.0,0.0,2.0,100.0,0.0,0.0,0.0,115451.0,45815.0,41900.0,54351.0,0,0
49338,10525.0,0.0756,327.69,2,118000.0,0,1,n,17.94,0.0,1.0,5.0,0.0,12021.0,12.0,0,7277.41,7277.41,3927.86,3927.86,3247.59,680.27,0.0,0.0,0.0,327.69,0.0,1.0,1,0.0,0.0,518917.0,1.0,1.0,0.0,1.0,21.0,7968.0,48.0,1.0,2.0,6186.0,51.0,23100.0,1.0,1.0,6.0,3.0,103783.0,11079.0,52.0,0.0,0.0,99.0,171.0,6.0,6.0,2.0,6.0,0.0,1.0,3.0,3.0,3.0,3.0,5.0,3.0,5.0,3.0,5.0,0.0,0.0,0.0,1.0,83.3,0.0,0.0,0.0,689600.0,19989.0,23100.0,16500.0,0,0
37156,12000.0,0.14300000000000002,411.89,2,60000.0,1,1,n,32.04,0.0,0.0,22.0,0.0,11764.0,25.0,0,8859.53,8859.53,4521.26,4521.26,3140.47,1380.79,0.0,0.0,0.0,411.89,0.0,1.0,1,0.0,190.0,225775.0,0.0,17.0,0.0,0.0,45.0,58946.0,67.0,0.0,0.0,7300.0,70.0,12600.0,0.0,1.0,0.0,1.0,10263.0,0.0,101.4,0.0,0.0,114.0,71.0,31.0,19.0,1.0,31.0,20.0,0.0,3.0,3.0,3.0,4.0,18.0,4.0,6.0,3.0,22.0,0.0,0.0,0.0,0.0,100.0,100.0,0.0,0.0,259254.0,70710.0,11600.0,88375.0,0,0
35729,5300.0,0.08810000000000001,168.08,1,89472.0,1,1,n,7.82,0.0,0.0,3.0,0.0,21943.0,4.0,0,3834.19,3834.19,1846.29,1846.29,1465.81,380.48,0.0,0.0,0.0,168.08,0.0,1.0,1,0.0,0.0,24015.0,0.0,1.0,0.0,1.0,24.0,2072.0,46.0,0.0,0.0,17857.0,90.0,22200.0,1.0,0.0,0.0,1.0,8005.0,257.0,98.8,0.0,0.0,118.0,128.0,128.0,24.0,0.0,128.0,24.0,0.0,2.0,2.0,2.0,2.0,2.0,2.0,2.0,2.0,3.0,0.0,0.0,0.0,0.0,100.0,100.0,0.0,0.0,26700.0,24015.0,22200.0,4500.0,0,0
59176,30000.0,0.14300000000000002,702.73,2,70999.0,0,1,n,19.73,0.0,0.0,9.0,0.0,16247.0,17.0,0,25627.68,25627.68,8408.93,8408.93,4372.32,4036.61,0.0,0.0,0.0,702.73,0.0,1.0,1,0.0,0.0,179095.0,0.0,2.0,1.0,2.0,10.0,26645.0,82.0,1.0,1.0,8622.0,57.0,43400.0,0.0,0.0,1.0,3.0,19899.0,27153.0,37.4,0.0,0.0,127.0,224.0,7.0,7.0,4.0,7.0,7.0,0.0,3.0,3.0,6.0,6.0,7.0,6.0,6.0,3.0,9.0,0.0,0.0,0.0,2.0,94.1,33.3,0.0,0.0,225723.0,42892.0,43400.0,32323.0,0,0
18296,12000.0,0.0819,377.09,2,92000.0,1,1,n,18.65,0.0,1.0,9.0,0.0,15814.0,14.0,0,8955.77,8955.77,3765.44,3765.44,3044.23,721.21,0.0,0.0,0.0,377.09,0.0,1.0,1,0.0,0.0,135534.0,1.0,3.0,1.0,2.0,4.0,25499.0,70.0,0.0,0.0,5914.0,75.0,18800.0,1.0,0.0,1.0,2.0,15059.0,2986.0,84.1,0.0,0.0,41.0,206.0,77.0,4.0,3.0,85.0,4.0,0.0,4.0,4.0,4.0,4.0,5.0,4.0,6.0,4.0,9.0,0.0,0.0,0.0,1.0,100.0,75.0,0.0,0.0,296522.0,41313.0,18800.0,36500.0,0,0
71689,10000.0,0.2305,387.36,2,85000.0,1,1,n,20.06,0.0,0.0,19.0,0.0,7396.0,30.0,0,7392.56,7392.56,4635.51,4635.51,2607.44,2028.07,0.0,0.0,0.0,387.36,0.0,1.0,1,0.0,0.0,266069.0,2.0,5.0,3.0,5.0,5.0,91461.0,95.0,2.0,4.0,3016.0,81.0,15600.0,6.0,3.0,2.0,10.0,14004.0,4297.0,61.6,0.0,0.0,100.0,111.0,3.0,3.0,1.0,3.0,0.0,0.0,4.0,5.0,8.0,14.0,7.0,13.0,22.0,5.0,19.0,0.0,0.0,0.0,6.0,100.0,37.5,0.0,0.0,271224.0,98857.0,11200.0,86719.0,0,0
51270,8000.0,0.16949999999999998,198.61,2,154000.0,0,1,n,5.61,0.0,0.0,11.0,0.0,9655.0,24.0,0,6888.99,6888.99,2375.79,2375.79,1111.01,1264.78,0.0,0.0,0.0,198.61,0.0,1.0,1,0.0,958.0,911103.0,1.0,1.0,0.0,1.0,13.0,4626.0,68.0,1.0,3.0,5956.0,61.0,16800.0,0.0,1.0,0.0,4.0,82828.0,3033.0,74.5,0.0,0.0,248.0,460.0,2.0,2.0,4.0,45.0,13.0,0.0,4.0,8.0,4.0,4.0,12.0,8.0,8.0,8.0,11.0,0.0,0.0,0.0,1.0,66.7,75.0,0.0,0.0,966600.0,14281.0,11900.0,6800.0,0,0
27153,18000.0,0.16949999999999998,446.87,2,122500.0,0,1,n,16.63,1.0,1.0,8.0,0.0,10881.0,12.0,0,15725.01,15725.01,4881.67,4881.67,2274.99,2606.68,0.0,0.0,0.0,446.87,0.0,1.0,1,0.0,0.0,669530.0,2.0,1.0,0.0,0.0,30.0,8679.0,21.0,2.0,2.0,1789.0,32.0,20100.0,0.0,0.0,2.0,3.0,83691.0,8415.0,29.9,0.0,0.0,129.0,109.0,3.0,3.0,1.0,4.0,4.0,0.0,3.0,5.0,3.0,3.0,6.0,5.0,5.0,5.0,8.0,0.0,0.0,0.0,3.0,90.9,0.0,0.0,0.0,718907.0,19560.0,12000.0,41502.0,0,0
42328,9300.0,0.1171,307.61,1,26120.0,1,1,n,21.78,0.0,0.0,7.0,0.0,9060.0,14.0,0,7279.1,7279.1,2762.44,2762.44,2020.9,741.54,0.0,0.0,0.0,0.0,0.0,1.0,1,0.0,0.0,20529.0,0.0,1.0,1.0,2.0,8.0,11469.0,90.0,0.0,0.0,3225.0,60.0,21700.0,4.0,1.0,3.0,2.0,2933.0,11014.0,41.7,0.0,0.0,13.0,61.0,39.0,8.0,0.0,40.0,8.0,0.0,4.0,5.0,5.0,8.0,2.0,6.0,12.0,5.0,7.0,0.0,0.0,0.0,1.0,100.0,0.0,0.0,0.0,34435.0,20529.0,18900.0,12735.0,1,0
43458,20000.0,0.08810000000000001,634.23,2,63000.0,0,1,n,31.41,0.0,0.0,31.0,0.0,12004.0,42.0,0,14437.43,14437.43,6966.74,6966.74,5562.57,1404.17,0.0,0.0,0.0,634.23,0.0,1.0,1,0.0,0.0,66437.0,0.0,18.0,1.0,2.0,7.0,54433.0,80.0,0.0,2.0,5061.0,62.0,40000.0,3.0,0.0,2.0,4.0,2143.0,20459.0,35.7,0.0,0.0,143.0,268.0,14.0,7.0,2.0,14.0,7.0,1.0,5.0,8.0,6.0,8.0,23.0,13.0,17.0,8.0,31.0,0.0,0.0,0.0,1.0,95.1,16.7,0.0,0.0,107808.0,66437.0,31800.0,67808.0,0,0
73263,5000.0,0.28800000000000003,208.99,3,94000.0,0,1,n,30.37,1.0,1.0,22.0,0.0,3807.0,36.0,1,3779.25,3779.25,2499.88,2499.88,1220.75,1279.13,0.0,0.0,0.0,208.99,0.0,1.0,1,0.0,0.0,51409.0,2.0,5.0,2.0,2.0,3.0,47602.0,68.0,0.0,3.0,1859.0,33.0,38000.0,0.0,0.0,1.0,5.0,2337.0,16423.0,14.9,0.0,0.0,187.0,240.0,18.0,3.0,0.0,19.0,6.0,0.0,3.0,7.0,7.0,9.0,10.0,17.0,26.0,7.0,22.0,0.0,0.0,0.0,2.0,80.6,0.0,0.0,0.0,124978.0,51409.0,19300.0,86978.0,0,0
32012,17000.0,0.1524,591.32,1,95000.0,0,1,n,12.38,0.0,0.0,5.0,0.0,9940.0,7.0,0,12597.9,12597.9,6490.13,6490.13,4402.1,2088.03,0.0,0.0,0.0,591.32,0.0,1.0,1,0.0,0.0,34749.0,1.0,2.0,0.0,1.0,14.0,24809.0,64.0,1.0,2.0,6208.0,61.0,17600.0,1.0,0.0,0.0,3.0,6950.0,2660.0,78.9,0.0,0.0,32.0,89.0,4.0,4.0,0.0,4.0,14.0,0.0,2.0,2.0,2.0,3.0,2.0,3.0,5.0,2.0,5.0,0.0,0.0,0.0,1.0,100.0,50.0,0.0,0.0,56600.0,34749.0,12600.0,39000.0,0,0
38477,3400.0,0.1612,119.74,1,45024.0,0,1,n,36.65,1.0,0.0,7.0,0.0,6456.0,18.0,0,2416.77,2416.77,1433.84,1433.84,983.23,450.61,0.0,0.0,0.0,119.74,0.0,1.0,1,0.0,0.0,48797.0,1.0,2.0,1.0,1.0,3.0,42341.0,77.0,0.0,1.0,1834.0,75.0,10300.0,5.0,1.0,7.0,2.0,6971.0,3946.0,50.7,0.0,0.0,148.0,184.0,20.0,3.0,2.0,20.0,3.0,2.0,3.0,4.0,3.0,4.0,10.0,4.0,6.0,4.0,7.0,0.0,0.0,1.0,1.0,88.9,33.3,0.0,0.0,65294.0,48797.0,8000.0,54994.0,0,0
35863,2400.0,0.1102,78.6,1,36000.0,1,1,n,16.09,0.0,0.0,12.0,0.0,2309.0,21.0,0,0.0,0.0,2577.19,2577.19,2400.0,177.19,0.0,0.0,0.0,2028.46,0.0,1.0,1,0.0,1583.0,4448.0,0.0,2.0,2.0,2.0,7.0,2139.0,65.0,0.0,5.0,1237.0,26.0,14100.0,1.0,3.0,1.0,7.0,371.0,4340.0,33.2,0.0,0.0,92.0,174.0,17.0,7.0,0.0,17.0,8.0,1.0,3.0,4.0,3.0,3.0,3.0,10.0,17.0,4.0,12.0,0.0,0.0,0.0,2.0,95.2,0.0,0.0,0.0,17400.0,4448.0,6500.0,3300.0,0,0
56366,5300.0,0.1033,171.84,1,40000.0,0,1,n,26.07,0.0,0.0,10.0,2.0,4971.0,16.0,0,3381.85,3381.85,2359.04,2359.04,1918.15,440.89,0.0,0.0,0.0,171.84,0.0,1.0,1,0.0,0.0,24046.0,0.0,2.0,1.0,3.0,10.0,19075.0,66.0,1.0,6.0,2674.0,49.0,20700.0,2.0,0.0,2.0,9.0,2405.0,13629.0,26.7,0.0,0.0,233.0,76.0,8.0,8.0,0.0,8.0,8.0,0.0,3.0,3.0,6.0,7.0,4.0,8.0,12.0,3.0,10.0,0.0,0.0,0.0,2.0,100.0,0.0,2.0,0.0,49584.0,24046.0,18600.0,28884.0,0,0
61942,3300.0,0.1308,111.32,1,85000.0,0,1,n,16.48,2.0,1.0,14.0,0.0,3801.0,29.0,0,2572.3,2572.3,1107.2,1107.2,727.7,379.5,0.0,0.0,0.0,111.32,0.0,1.0,1,0.0,148.0,51916.0,1.0,3.0,3.0,3.0,8.0,47646.0,92.0,2.0,3.0,624.0,67.0,25100.0,1.0,10.0,2.0,6.0,3708.0,14470.0,7.2,0.0,0.0,129.0,136.0,5.0,5.0,0.0,5.0,5.0,1.0,2.0,4.0,5.0,9.0,14.0,10.0,14.0,4.0,14.0,0.0,0.0,0.0,5.0,86.2,0.0,0.0,0.0,77575.0,51916.0,15600.0,52006.0,0,0
49298,13000.0,0.1308,296.33,2,37440.0,1,1,n,61.7,0.0,2.0,26.0,0.0,40685.0,65.0,1,11250.65,11250.65,3250.18,3250.18,1749.35,1500.83,0.0,0.0,0.0,296.33,0.0,1.0,0,0.0,0.0,181921.0,5.0,7.0,1.0,3.0,3.0,88265.0,93.0,6.0,7.0,11772.0,58.0,126800.0,2.0,2.0,3.0,10.0,6997.0,68615.0,37.2,0.0,0.0,159.0,198.0,3.0,3.0,5.0,3.0,3.0,0.0,11.0,11.0,16.0,31.0,13.0,18.0,47.0,11.0,26.0,0.0,0.0,0.0,7.0,100.0,25.0,0.0,0.0,281589.0,128950.0,109300.0,94689.0,0,0
5834,15000.0,0.2305,423.29,1,55000.0,1,1,n,17.83,0.0,1.0,5.0,0.0,17896.0,5.0,0,0.0,0.0,15192.08,15192.08,15000.0,192.08,0.0,0.0,0.0,15211.29,0.0,1.0,1,0.0,0.0,45896.0,1.0,1.0,0.0,1.0,22.0,28000.0,83.0,1.0,2.0,11753.0,84.0,21200.0,3.0,1.0,2.0,3.0,9179.0,2988.0,83.4,0.0,0.0,22.0,53.0,3.0,3.0,0.0,19.0,0.0,0.0,2.0,3.0,3.0,3.0,1.0,4.0,4.0,3.0,5.0,0.0,0.0,0.0,1.0,100.0,66.7,0.0,0.0,54979.0,45896.0,18000.0,33779.0,0,0
43236,30600.0,0.1033,655.14,3,80000.0,0,1,n,29.12,0.0,0.0,12.0,0.0,3333.0,35.0,0,26529.5,26529.5,6533.84,6533.84,4070.5,2463.34,0.0,0.0,0.0,0.0,0.0,1.0,1,0.0,0.0,270857.0,1.0,3.0,1.0,4.0,5.0,86803.0,90.0,0.0,1.0,2467.0,24.0,66900.0,1.0,0.0,0.0,7.0,22571.0,50497.0,5.6,0.0,0.0,140.0,365.0,19.0,5.0,4.0,19.0,19.0,0.0,3.0,5.0,4.0,9.0,12.0,8.0,18.0,5.0,12.0,0.0,0.0,0.0,1.0,100.0,0.0,0.0,0.0,357160.0,90136.0,53500.0,105353.0,1,0
57423,12000.0,0.1862,308.79,1,72863.0,1,1,n,18.09,0.0,2.0,14.0,0.0,7095.0,21.0,0,10396.65,10396.65,3693.07,3693.07,1603.35,2089.72,0.0,0.0,0.0,308.79,0.0,1.0,1,0.0,0.0,35998.0,0.0,9.0,0.0,1.0,17.0,28903.0,67.0,0.0,0.0,3589.0,57.0,18800.0,0.0,0.0,3.0,2.0,2571.0,8011.0,30.9,0.0,0.0,93.0,147.0,48.0,15.0,0.0,48.0,0.0,0.0,1.0,3.0,2.0,2.0,12.0,4.0,8.0,3.0,14.0,0.0,0.0,0.0,0.0,100.0,50.0,0.0,0.0,63086.0,35998.0,11600.0,43291.0,0,0
52955,4000.0,0.08810000000000001,126.85,1,41000.0,0,1,n,3.16,0.0,0.0,9.0,0.0,5126.0,44.0,0,2781.79,2781.79,1518.28,1518.28,1218.21,300.07,0.0,0.0,0.0,126.85,0.0,1.0,1,0.0,0.0,118993.0,0.0,5.0,1.0,3.0,10.0,113867.0,100.0,1.0,2.0,3476.0,83.0,14300.0,2.0,0.0,1.0,5.0,13221.0,4674.0,52.3,0.0,0.0,124.0,40.0,10.0,10.0,0.0,10.0,11.0,0.0,2.0,2.0,2.0,2.0,39.0,4.0,5.0,2.0,9.0,0.0,0.0,0.0,2.0,100.0,0.0,0.0,0.0,118831.0,118993.0,9800.0,104531.0,0,0
56674,10000.0,0.08810000000000001,317.12,3,85000.0,1,1,n,9.68,0.0,0.0,9.0,0.0,10455.0,10.0,0,6954.53,6954.53,3800.55,3800.55,3045.47,755.08,0.0,0.0,0.0,317.12,0.0,1.0,1,0.0,638.0,17040.0,0.0,1.0,1.0,1.0,10.0,6329.0,72.0,2.0,3.0,3990.0,47.0,27400.0,0.0,0.0,1.0,5.0,2130.0,12796.0,38.8,0.0,0.0,10.0,80.0,11.0,7.0,0.0,12.0,10.0,0.0,3.0,6.0,4.0,5.0,1.0,7.0,8.0,6.0,9.0,0.0,0.0,0.0,4.0,100.0,0.0,0.0,0.0,36682.0,17040.0,20900.0,8763.0,0,0
30953,10000.0,0.08810000000000001,317.12,1,26000.0,0,1,n,23.55,1.0,1.0,10.0,0.0,8312.0,11.0,0,7218.66,7218.66,3483.43,3483.43,2781.34,702.09,0.0,0.0,0.0,317.12,0.0,1.0,1,0.0,0.0,11834.0,2.0,1.0,0.0,1.0,18.0,3522.0,59.0,2.0,2.0,1915.0,38.0,25100.0,1.0,0.0,2.0,3.0,1183.0,3442.0,52.2,0.0,0.0,63.0,79.0,3.0,3.0,0.0,36.0,5.0,0.0,2.0,6.0,3.0,3.0,2.0,9.0,9.0,6.0,10.0,0.0,0.0,0.0,2.0,100.0,0.0,0.0,0.0,31100.0,11834.0,7200.0,6000.0,0,0
45049,12750.0,0.1612,449.01,1,150000.0,0,1,n,10.34,1.0,1.0,6.0,0.0,16934.0,11.0,1,9481.22,8923.5,4927.69,4637.83,3268.78,1658.91,0.0,0.0,0.0,449.01,0.0,1.0,1,0.0,0.0,41037.0,2.0,2.0,1.0,1.0,6.0,24103.0,59.0,2.0,2.0,4740.0,62.0,25500.0,1.0,0.0,2.0,3.0,6840.0,2055.0,76.6,0.0,0.0,150.0,74.0,6.0,6.0,0.0,6.0,6.0,1.0,2.0,3.0,2.0,3.0,6.0,4.0,5.0,3.0,6.0,0.0,0.0,0.0,3.0,72.7,50.0,0.0,0.0,66323.0,41037.0,8800.0,40823.0,0,0
61549,25000.0,0.1102,543.81,1,85000.0,0,1,n,23.86,0.0,0.0,12.0,0.0,13185.0,29.0,0,21724.63,21724.63,5811.34,5811.34,3275.37,2535.97,0.0,0.0,0.0,543.81,0.0,1.0,0,0.0,230.0,54640.0,0.0,3.0,2.0,3.0,8.0,41455.0,62.0,1.0,1.0,6224.0,51.0,39600.0,4.0,1.0,5.0,4.0,4553.0,24815.0,34.7,0.0,0.0,190.0,115.0,7.0,7.0,0.0,7.0,1.0,0.0,4.0,4.0,7.0,12.0,13.0,9.0,16.0,4.0,12.0,0.0,0.0,0.0,3.0,100.0,14.3,0.0,0.0,106217.0,54640.0,38000.0,66617.0,0,0
35701,5000.0,0.1102,163.75,1,130000.0,1,1,n,7.43,0.0,1.0,5.0,0.0,15093.0,13.0,0,3642.65,3642.65,1798.19,1798.19,1357.35,440.84,0.0,0.0,0.0,163.75,0.0,1.0,1,0.0,7180.0,143385.0,1.0,1.0,1.0,1.0,6.0,8045.0,90.0,0.0,0.0,10176.0,71.0,23800.0,1.0,0.0,1.0,1.0,28677.0,5623.0,70.4,0.0,0.0,108.0,249.0,73.0,6.0,2.0,73.0,6.0,1.0,2.0,3.0,2.0,4.0,5.0,3.0,6.0,3.0,5.0,0.0,0.0,0.0,1.0,84.6,50.0,0.0,0.0,194625.0,23138.0,19000.0,8925.0,0,0
77235,15000.0,0.0819,305.52,3,263000.0,1,1,n,11.87,0.0,3.0,36.0,0.0,34909.0,51.0,0,13110.34,13110.34,3041.55,3041.55,1889.65,1151.89,0.0,0.0,0.0,305.52,0.0,1.0,1,0.0,0.0,427717.0,9.0,3.0,1.0,3.0,5.0,26140.0,43.0,9.0,11.0,9846.0,22.0,220600.0,2.0,0.0,5.0,16.0,14749.0,132943.0,14.6,0.0,0.0,94.0,221.0,1.0,1.0,4.0,1.0,2.0,0.0,10.0,16.0,20.0,20.0,11.0,32.0,36.0,16.0,36.0,0.0,0.0,0.0,12.0,100.0,0.0,0.0,0.0,649214.0,61049.0,155600.0,60614.0,0,0
43059,27000.0,0.2565,1082.82,2,150000.0,0,1,n,24.51,1.0,0.0,15.0,0.0,36112.0,38.0,0,20803.04,20803.04,11872.54,11872.54,6196.96,5675.58,0.0,0.0,0.0,1082.82,0.0,1.0,1,0.0,0.0,279029.0,0.0,3.0,0.0,1.0,20.0,52973.0,73.0,0.0,1.0,10856.0,78.0,45200.0,1.0,1.0,0.0,2.0,21464.0,6588.0,84.6,0.0,0.0,171.0,225.0,18.0,18.0,2.0,18.0,18.0,0.0,6.0,6.0,7.0,7.0,23.0,10.0,12.0,6.0,15.0,0.0,0.0,0.0,0.0,97.2,71.4,0.0,0.0,404726.0,89085.0,42700.0,124255.0,0,0
73279,12000.0,0.1171,396.92,2,69000.0,1,1,n,34.4,1.0,1.0,10.0,0.0,8558.0,32.0,1,9306.39,9306.39,3961.39,3961.39,2693.61,1267.78,0.0,0.0,0.0,396.92,0.0,1.0,1,0.0,0.0,241680.0,2.0,3.0,2.0,2.0,4.0,64187.0,67.0,1.0,2.0,6637.0,41.0,47100.0,1.0,3.0,4.0,4.0,24168.0,29363.0,18.4,0.0,0.0,103.0,178.0,3.0,3.0,3.0,3.0,4.0,0.0,1.0,4.0,3.0,12.0,10.0,6.0,19.0,4.0,10.0,0.0,0.0,0.0,3.0,96.9,0.0,0.0,0.0,314815.0,72745.0,36000.0,80813.0,0,0
24913,18000.0,0.1308,607.19,1,40000.0,1,1,n,28.11,1.0,0.0,9.0,0.0,13686.0,29.0,0,12964.03,12964.03,6866.01,6866.01,5035.97,1830.04,0.0,0.0,0.0,607.19,0.0,1.0,1,0.0,0.0,28056.0,1.0,4.0,0.0,1.0,17.0,14370.0,51.0,1.0,3.0,8497.0,60.0,18600.0,2.0,0.0,1.0,4.0,3117.0,3764.0,78.0,0.0,0.0,126.0,110.0,3.0,3.0,0.0,23.0,12.0,5.0,4.0,5.0,4.0,13.0,13.0,5.0,16.0,5.0,9.0,0.0,0.0,0.0,1.0,79.3,75.0,0.0,0.0,47002.0,28056.0,17100.0,28402.0,0,0
75841,19000.0,0.0819,386.99,1,75000.0,0,1,n,20.54,1.0,2.0,15.0,0.0,16001.0,41.0,0,15854.19,15854.19,4626.59,4626.59,3145.81,1480.78,0.0,0.0,0.0,386.99,0.0,1.0,1,0.0,0.0,68717.0,1.0,2.0,1.0,2.0,1.0,52716.0,95.0,1.0,2.0,4224.0,52.0,37600.0,1.0,1.0,6.0,4.0,4908.0,7584.0,61.1,0.0,0.0,124.0,166.0,10.0,1.0,2.0,30.0,0.0,2.0,7.0,12.0,7.0,12.0,11.0,13.0,28.0,12.0,15.0,0.0,0.0,1.0,2.0,95.1,28.6,0.0,0.0,90716.0,68717.0,19500.0,53116.0,0,0
57170,16000.0,0.08810000000000001,507.39,2,320000.0,1,1,n,17.85,0.0,1.0,15.0,0.0,123253.0,30.0,0,11127.28,11127.28,6080.85,6080.85,4872.72,1208.13,0.0,0.0,0.0,507.39,0.0,1.0,1,0.0,0.0,624984.0,1.0,2.0,0.0,1.0,17.0,83406.0,58.0,1.0,3.0,18834.0,68.0,172000.0,1.0,9.0,3.0,6.0,48076.0,27896.0,78.2,0.0,0.0,126.0,219.0,3.0,3.0,5.0,3.0,3.0,0.0,5.0,9.0,7.0,10.0,10.0,11.0,14.0,9.0,15.0,0.0,0.0,0.0,1.0,96.3,60.0,0.0,0.0,735301.0,209849.0,85700.0,131213.0,0,0
10742,40000.0,0.0819,1256.97,1,70000.0,1,1,n,14.61,0.0,4.0,9.0,0.0,24870.0,43.0,0,32579.43,32579.43,10037.56,10037.56,7420.57,2616.99,0.0,0.0,0.0,1256.97,0.0,1.0,1,0.0,0.0,38448.0,4.0,1.0,1.0,1.0,3.0,13578.0,94.0,4.0,4.0,15097.0,28.0,103500.0,0.0,1.0,9.0,5.0,4272.0,77255.0,12.1,0.0,0.0,139.0,230.0,2.0,2.0,4.0,2.0,0.0,0.0,3.0,4.0,7.0,22.0,12.0,8.0,27.0,4.0,9.0,0.0,0.0,0.0,5.0,97.6,0.0,0.0,0.0,117877.0,38448.0,100500.0,14377.0,0,0
17540,15500.0,0.2055,580.39,3,60000.0,0,1,n,23.82,0.0,0.0,18.0,0.0,12694.0,20.0,0,12096.34,12096.34,5786.2,5786.2,3403.66,2382.54,0.0,0.0,0.0,580.39,0.0,1.0,1,0.0,0.0,180923.0,1.0,1.0,1.0,1.0,7.0,17788.0,89.0,6.0,10.0,4058.0,47.0,45400.0,1.0,0.0,3.0,11.0,10643.0,28593.0,29.6,0.0,0.0,7.0,161.0,2.0,2.0,1.0,2.0,7.0,0.0,7.0,11.0,11.0,12.0,1.0,16.0,18.0,11.0,18.0,0.0,0.0,0.0,7.0,100.0,10.0,0.0,0.0,225450.0,30482.0,40600.0,20000.0,0,0
261,2400.0,0.08810000000000001,76.11,1,100000.0,1,1,n,13.2,0.0,1.0,13.0,0.0,3532.0,17.0,0,1857.86,1857.86,683.82,683.82,542.14,141.68,0.0,0.0,0.0,0.0,0.0,1.0,1,0.0,0.0,57650.0,2.0,9.0,2.0,4.0,2.0,54118.0,92.0,0.0,1.0,1847.0,91.0,5000.0,2.0,1.0,1.0,5.0,4435.0,1468.0,70.6,0.0,0.0,78.0,45.0,21.0,2.0,0.0,21.0,4.0,0.0,3.0,3.0,4.0,4.0,13.0,4.0,4.0,3.0,13.0,0.0,0.0,0.0,2.0,100.0,50.0,0.0,0.0,63652.0,57650.0,5000.0,58652.0,0,0
64169,10625.0,0.124,354.94,1,80000.0,0,1,n,26.46,0.0,1.0,9.0,1.0,5147.0,11.0,0,7510.14,7510.14,4251.96,4251.96,3114.86,1137.1,0.0,0.0,0.0,354.94,0.0,1.0,1,0.0,0.0,44756.0,0.0,2.0,1.0,1.0,11.0,39609.0,62.0,1.0,2.0,4225.0,53.0,20800.0,1.0,0.0,2.0,3.0,5595.0,6840.0,41.0,0.0,0.0,95.0,82.0,8.0,8.0,0.0,8.0,1.0,0.0,3.0,4.0,4.0,4.0,4.0,7.0,7.0,4.0,9.0,0.0,0.0,0.0,2.0,100.0,0.0,1.0,0.0,85154.0,44756.0,11600.0,64354.0,0,0
38035,40000.0,0.0646,1225.24,2,155000.0,0,1,n,18.76,0.0,0.0,13.0,0.0,29892.0,22.0,0,28700.73,28700.73,13463.28,13463.28,11299.27,2164.01,0.0,0.0,0.0,1225.24,0.0,1.0,1,0.0,165.0,483862.0,4.0,5.0,1.0,1.0,3.0,212601.0,83.0,3.0,3.0,5748.0,77.0,44000.0,3.0,3.0,5.0,4.0,37220.0,10837.0,43.0,0.0,0.0,205.0,42.0,1.0,1.0,1.0,1.0,3.0,0.0,3.0,6.0,4.0,5.0,13.0,7.0,8.0,6.0,13.0,0.0,0.0,0.0,4.0,100.0,50.0,0.0,0.0,511149.0,242493.0,19000.0,212841.0,0,0
657,10625.0,0.0819,333.89,2,105000.0,0,1,n,25.19,0.0,3.0,17.0,0.0,40886.0,23.0,0,8207.38,8207.38,3000.18,3000.18,2417.62,582.56,0.0,0.0,0.0,0.0,0.0,1.0,1,0.0,0.0,101132.0,3.0,3.0,2.0,3.0,2.0,38056.0,87.0,2.0,4.0,6365.0,53.0,104600.0,1.0,5.0,3.0,7.0,5949.0,54249.0,21.6,0.0,0.0,49.0,311.0,2.0,2.0,1.0,2.0,1.0,0.0,5.0,8.0,10.0,13.0,4.0,13.0,18.0,8.0,17.0,0.0,0.0,0.0,4.0,100.0,20.0,0.0,0.0,321790.0,78942.0,69200.0,43590.0,0,0
3989,18000.0,0.17739999999999995,454.54,1,55000.0,1,1,n,21.84,0.0,0.0,9.0,0.0,18085.0,17.0,0,15985.17,15985.17,4509.92,4509.92,2014.83,2495.09,0.0,0.0,0.0,454.54,0.0,1.0,1,0.0,0.0,29110.0,0.0,1.0,1.0,1.0,12.0,11025.0,89.0,0.0,2.0,9835.0,66.0,31700.0,0.0,0.0,1.0,3.0,3234.0,13015.0,58.2,0.0,0.0,70.0,147.0,22.0,12.0,0.0,22.0,12.0,0.0,5.0,5.0,7.0,7.0,4.0,8.0,13.0,5.0,9.0,0.0,0.0,0.0,1.0,100.0,57.1,0.0,0.0,44100.0,29110.0,31100.0,12400.0,0,0
64748,27000.0,0.2565,802.81,2,78000.0,1,1,n,30.17,0.0,0.0,13.0,1.0,41977.0,27.0,0,22714.68,22714.68,10398.05,10398.05,4285.32,6112.73,0.0,0.0,0.0,802.81,0.0,1.0,1,0.0,0.0,60148.0,0.0,2.0,0.0,0.0,25.0,18171.0,38.0,2.0,3.0,13333.0,49.0,73700.0,0.0,0.0,0.0,3.0,5012.0,29241.0,56.2,0.0,0.0,161.0,202.0,10.0,10.0,2.0,10.0,17.0,0.0,7.0,9.0,8.0,16.0,5.0,11.0,20.0,9.0,12.0,0.0,0.0,0.0,2.0,100.0,25.0,1.0,0.0,121700.0,60148.0,66700.0,48000.0,0,0
18286,8000.0,0.0646,245.05,2,150000.0,1,1,n,12.4,0.0,1.0,16.0,0.0,14866.0,38.0,0,5930.53,5930.53,2447.63,2447.63,2069.47,378.16,0.0,0.0,0.0,245.05,0.0,1.0,1,0.0,0.0,145422.0,2.0,2.0,0.0,1.0,17.0,43909.0,27.0,4.0,7.0,5124.0,16.0,100400.0,0.0,0.0,2.0,8.0,9089.0,50995.0,11.2,0.0,0.0,193.0,615.0,4.0,4.0,2.0,12.0,5.0,0.0,3.0,6.0,5.0,14.0,12.0,13.0,24.0,6.0,16.0,0.0,0.0,0.0,4.0,92.1,0.0,0.0,0.0,264734.0,58775.0,57400.0,63135.0,0,0
7795,13275.0,0.1308,302.6,1,115000.0,0,1,n,21.54,0.0,0.0,10.0,1.0,31281.0,23.0,0,11616.23,11616.23,3006.71,3006.71,1658.77,1347.94,0.0,0.0,0.0,302.6,0.0,1.0,1,0.0,0.0,63907.0,0.0,2.0,0.0,1.0,19.0,32626.0,61.0,1.0,1.0,11797.0,65.0,43300.0,1.0,4.0,0.0,2.0,6391.0,5071.0,82.1,0.0,0.0,131.0,105.0,7.0,7.0,0.0,39.0,19.0,0.0,4.0,8.0,4.0,8.0,9.0,8.0,13.0,8.0,10.0,0.0,0.0,0.0,1.0,100.0,75.0,1.0,0.0,96976.0,63907.0,28900.0,53676.0,0,0
67064,14000.0,0.124,467.68,2,292000.0,0,1,n,12.13,0.0,1.0,16.0,0.0,15374.0,41.0,0,9895.78,9895.78,5602.52,5602.52,4104.22,1498.3,0.0,0.0,0.0,467.68,0.0,1.0,1,0.0,0.0,759328.0,5.0,5.0,4.0,6.0,4.0,72648.0,71.0,2.0,3.0,6224.0,61.0,29400.0,1.0,1.0,6.0,11.0,47458.0,6650.0,61.6,0.0,0.0,193.0,450.0,3.0,3.0,4.0,3.0,6.0,5.0,3.0,6.0,5.0,6.0,22.0,9.0,14.0,6.0,16.0,0.0,0.0,0.0,7.0,76.9,60.0,0.0,0.0,802730.0,97840.0,17300.0,93028.0,0,0
24380,12000.0,0.124,400.87,1,90000.0,0,1,n,11.57,0.0,0.0,13.0,0.0,4455.0,16.0,0,8792.1,8792.1,4401.3,4401.3,3207.9,1193.4,0.0,0.0,0.0,400.87,1.0,1.0,1,0.0,0.0,80335.0,0.0,10.0,0.0,1.0,24.0,75880.0,92.0,1.0,1.0,2181.0,84.0,13300.0,1.0,2.0,2.0,2.0,6180.0,8463.0,33.9,0.0,0.0,237.0,250.0,8.0,8.0,0.0,8.0,8.0,1.0,2.0,3.0,2.0,3.0,10.0,3.0,5.0,3.0,13.0,0.0,0.0,0.0,1.0,71.4,50.0,0.0,0.0,96064.0,80335.0,12800.0,82764.0,0,0
67257,30000.0,0.16949999999999998,1068.84,2,140000.0,1,1,n,13.34,0.0,0.0,6.0,0.0,36571.0,16.0,0,26299.91,26299.91,8522.47,8522.47,3700.09,4822.38,0.0,0.0,0.0,1068.84,0.0,1.0,1,0.0,0.0,389487.0,0.0,1.0,0.0,2.0,16.0,19320.0,83.0,0.0,2.0,13877.0,84.0,43500.0,0.0,4.0,1.0,5.0,64915.0,6086.0,81.8,0.0,0.0,80.0,96.0,17.0,8.0,2.0,51.0,10.0,0.0,3.0,4.0,3.0,6.0,7.0,4.0,7.0,4.0,6.0,0.0,0.0,0.0,1.0,93.8,100.0,0.0,0.0,402575.0,55891.0,33500.0,23300.0,0,0
46674,10000.0,0.0646,306.31,1,51000.0,0,1,n,33.76,0.0,0.0,14.0,0.0,13745.0,34.0,0,7168.45,7168.45,3362.24,3362.24,2831.55,530.69,0.0,0.0,0.0,306.31,0.0,1.0,1,0.0,140.0,84381.0,0.0,9.0,1.0,2.0,12.0,70636.0,103.0,1.0,2.0,5641.0,72.0,33300.0,1.0,6.0,9.0,4.0,6027.0,2509.0,84.1,0.0,0.0,137.0,143.0,10.0,10.0,0.0,10.0,5.0,0.0,3.0,4.0,3.0,5.0,24.0,5.0,9.0,4.0,14.0,0.0,0.0,0.0,2.0,100.0,66.7,0.0,0.0,107821.0,84381.0,15800.0,74521.0,0,0
56312,10525.0,0.0819,214.37,3,55000.0,0,1,n,5.8,0.0,0.0,14.0,0.0,1839.0,37.0,0,8748.87,8748.87,2567.65,2567.65,1776.13,791.52,0.0,0.0,0.0,214.37,0.0,1.0,1,0.0,0.0,49417.0,0.0,10.0,0.0,1.0,20.0,47578.0,70.0,0.0,1.0,1839.0,45.0,39000.0,1.0,0.0,0.0,2.0,3530.0,37161.0,4.7,0.0,0.0,124.0,126.0,18.0,18.0,0.0,18.0,20.0,0.0,1.0,1.0,3.0,5.0,29.0,3.0,7.0,1.0,14.0,0.0,0.0,0.0,0.0,100.0,0.0,0.0,0.0,109305.0,49417.0,39000.0,68026.0,0,0
70662,20000.0,0.0702,617.73,1,93396.0,1,1,n,10.79,0.0,0.0,12.0,0.0,19096.0,15.0,0,13800.65,13800.65,7404.96,7404.96,6199.35,1205.61,0.0,0.0,0.0,617.73,0.0,1.0,1,0.0,0.0,28475.0,1.0,1.0,0.0,1.0,17.0,9379.0,69.0,2.0,3.0,5438.0,57.0,36500.0,0.0,0.0,1.0,4.0,2373.0,11191.0,60.7,0.0,0.0,17.0,55.0,4.0,4.0,0.0,4.0,9.0,0.0,6.0,8.0,6.0,7.0,1.0,11.0,14.0,8.0,12.0,0.0,0.0,0.0,2.0,93.3,16.7,0.0,0.0,50199.0,28475.0,28500.0,13699.0,0,0
171,14875.0,0.17739999999999995,375.63,1,55000.0,0,1,n,32.29,0.0,1.0,15.0,0.0,13401.0,23.0,0,13387.65,13387.65,3366.01,3366.01,1487.35,1878.66,0.0,0.0,0.0,0.0,0.0,1.0,1,0.0,0.0,32466.0,0.0,2.0,0.0,2.0,23.0,19065.0,58.0,2.0,3.0,3933.0,57.0,24200.0,1.0,0.0,2.0,5.0,2164.0,453.0,95.8,0.0,0.0,67.0,70.0,10.0,10.0,0.0,10.0,3.0,1.0,6.0,11.0,6.0,10.0,5.0,13.0,18.0,11.0,15.0,0.0,0.0,0.0,2.0,95.7,100.0,0.0,0.0,56872.0,32466.0,10700.0,32672.0,0,0
26510,5750.0,0.0646,176.13,2,43000.0,1,1,n,11.95,0.0,0.0,11.0,0.0,3529.0,26.0,0,3548.2,3548.2,2483.11,2483.11,2201.8,281.31,0.0,0.0,0.0,376.13,0.0,1.0,1,0.0,0.0,183919.0,0.0,7.0,0.0,0.0,29.0,20736.0,111.0,1.0,1.0,2233.0,53.0,27000.0,0.0,1.0,1.0,1.0,16720.0,23471.0,13.1,0.0,0.0,137.0,175.0,9.0,9.0,2.0,9.0,9.0,0.0,2.0,2.0,3.0,9.0,10.0,3.0,14.0,2.0,11.0,0.0,0.0,0.0,1.0,100.0,0.0,0.0,0.0,222308.0,24265.0,27000.0,18667.0,0,0
12951,29775.0,0.2055,798.0,1,59410.0,0,1,n,29.66,0.0,1.0,6.0,0.0,19627.0,28.0,0,26661.5,26661.5,7946.01,7946.01,3113.5,4832.51,0.0,0.0,0.0,798.0,0.0,1.0,1,0.0,0.0,239534.0,1.0,3.0,1.0,2.0,6.0,219907.0,84.0,0.0,1.0,19293.0,78.0,28200.0,1.0,0.0,1.0,3.0,39922.0,4707.0,80.4,0.0,0.0,161.0,149.0,21.0,6.0,0.0,149.0,6.0,0.0,1.0,2.0,1.0,1.0,23.0,3.0,5.0,2.0,6.0,0.0,0.0,0.0,1.0,100.0,100.0,0.0,0.0,241784.0,239534.0,24000.0,213584.0,0,0
56549,32000.0,0.1102,696.08,3,40000.0,0,1,n,31.11,0.0,0.0,8.0,0.0,858.0,18.0,0,26922.04,26922.04,8333.37,8333.37,5077.96,3255.41,0.0,0.0,0.0,696.08,0.0,1.0,0,0.0,0.0,26559.0,0.0,2.0,0.0,1.0,13.0,25701.0,69.0,0.0,1.0,289.0,40.0,29500.0,1.0,0.0,0.0,2.0,3320.0,26031.0,2.5,0.0,0.0,206.0,168.0,18.0,13.0,1.0,18.0,13.0,0.0,3.0,5.0,3.0,4.0,7.0,6.0,10.0,5.0,8.0,0.0,0.0,0.0,0.0,100.0,0.0,0.0,0.0,66952.0,26559.0,26700.0,37452.0,0,0
59963,12800.0,0.124,287.33,1,24996.0,1,1,n,21.99,0.0,0.0,6.0,0.0,7890.0,7.0,1,10829.76,10829.76,3439.14,3439.14,1970.24,1468.9,0.0,0.0,0.0,287.33,0.0,1.0,1,0.0,0.0,17034.0,1.0,1.0,0.0,1.0,22.0,9144.0,77.0,1.0,2.0,1962.0,79.0,9600.0,0.0,2.0,0.0,3.0,2839.0,492.0,91.9,0.0,0.0,31.0,53.0,4.0,4.0,0.0,4.0,18.0,0.0,4.0,5.0,4.0,4.0,2.0,5.0,5.0,5.0,6.0,0.0,0.0,0.0,1.0,100.0,75.0,0.0,0.0,21545.0,17034.0,6100.0,11945.0,0,0
15657,5000.0,0.2305,141.1,1,122000.0,1,1,n,11.62,0.0,0.0,12.0,0.0,3942.0,18.0,0,4508.41,4508.41,1398.19,1398.19,491.59,906.6,0.0,0.0,0.0,141.1,0.0,1.0,1,0.0,66.0,27342.0,0.0,4.0,1.0,6.0,10.0,23400.0,67.0,3.0,6.0,1127.0,69.0,4700.0,2.0,0.0,2.0,12.0,2279.0,637.0,83.2,0.0,0.0,23.0,91.0,12.0,10.0,0.0,12.0,12.0,2.0,6.0,8.0,6.0,9.0,6.0,8.0,12.0,8.0,12.0,0.0,0.0,0.0,4.0,87.5,66.7,0.0,0.0,39886.0,27342.0,3800.0,35186.0,0,0
28871,18000.0,0.0756,560.41,2,100000.0,1,1,n,21.41,0.0,2.0,8.0,0.0,1240.0,44.0,0,12925.04,12925.04,6149.39,6149.39,5074.96,1074.43,0.0,0.0,0.0,560.41,0.0,1.0,1,0.0,0.0,64973.0,0.0,6.0,4.0,4.0,7.0,63733.0,55.0,0.0,0.0,1240.0,51.0,5900.0,1.0,2.0,11.0,4.0,9282.0,4660.0,21.0,0.0,0.0,173.0,170.0,42.0,7.0,2.0,82.0,0.0,5.0,1.0,1.0,2.0,7.0,30.0,2.0,12.0,1.0,8.0,0.0,0.0,0.0,4.0,88.4,0.0,0.0,0.0,94224.0,64973.0,5900.0,88324.0,0,0
60187,14000.0,0.1102,304.54,2,53000.0,0,1,n,18.25,0.0,2.0,8.0,0.0,4910.0,16.0,1,3245.26,3245.26,11633.05,11633.05,10754.74,878.31,0.0,0.0,0.0,304.54,0.0,1.0,1,0.0,0.0,220159.0,2.0,3.0,2.0,4.0,3.0,78433.0,97.0,0.0,0.0,4690.0,73.0,17500.0,0.0,7.0,4.0,5.0,27520.0,11590.0,29.8,0.0,0.0,174.0,54.0,30.0,3.0,2.0,30.0,1.0,0.0,2.0,2.0,2.0,2.0,11.0,3.0,3.0,2.0,8.0,0.0,0.0,0.0,3.0,100.0,50.0,0.0,0.0,255852.0,83343.0,16500.0,85352.0,0,0
66709,28000.0,0.08810000000000001,887.92,1,125000.0,1,1,n,9.56,0.0,0.0,8.0,0.0,28494.0,16.0,0,19472.9,19472.9,10641.34,10641.34,8527.1,2114.24,0.0,0.0,0.0,887.92,0.0,1.0,1,0.0,0.0,32869.0,0.0,1.0,0.0,1.0,20.0,4375.0,55.0,0.0,2.0,15237.0,62.0,45300.0,1.0,1.0,0.0,3.0,4696.0,16806.0,62.9,0.0,0.0,154.0,181.0,15.0,15.0,0.0,15.0,20.0,0.0,4.0,4.0,7.0,9.0,7.0,7.0,9.0,4.0,8.0,0.0,0.0,0.0,0.0,100.0,16.7,0.0,0.0,53300.0,32869.0,45300.0,8000.0,0,0
2270,14000.0,0.0819,285.15,2,64999.0,1,1,n,14.2,0.0,3.0,16.0,1.0,7166.0,51.0,0,0.0,0.0,14352.76,14352.76,14000.0,352.76,0.0,0.0,0.0,13788.83,0.0,1.0,1,0.0,0.0,261483.0,2.0,2.0,4.0,7.0,3.0,11083.0,49.0,0.0,2.0,3996.0,29.0,39400.0,5.0,5.0,7.0,10.0,17432.0,15187.0,31.9,0.0,0.0,154.0,238.0,18.0,3.0,5.0,30.0,3.0,0.0,5.0,6.0,6.0,18.0,17.0,13.0,29.0,6.0,15.0,0.0,0.0,0.0,5.0,97.1,16.7,1.0,0.0,308165.0,18249.0,22300.0,22765.0,0,0
44637,20000.0,0.08810000000000001,634.23,2,69000.0,0,1,n,26.3,0.0,0.0,9.0,0.0,17919.0,13.0,0,14437.43,14437.43,6966.74,6966.74,5562.57,1404.17,0.0,0.0,0.0,634.23,0.0,1.0,1,0.0,0.0,67476.0,0.0,3.0,0.0,1.0,13.0,22500.0,50.0,0.0,0.0,11552.0,52.0,32900.0,1.0,0.0,0.0,1.0,8435.0,14981.0,54.5,0.0,0.0,126.0,67.0,37.0,13.0,3.0,37.0,13.0,0.0,4.0,4.0,5.0,6.0,4.0,5.0,6.0,4.0,9.0,0.0,0.0,0.0,0.0,100.0,50.0,0.0,0.0,127106.0,40419.0,32900.0,44606.0,0,0
50438,13000.0,0.0646,398.21,2,92000.0,0,1,n,15.01,0.0,0.0,4.0,0.0,10296.0,6.0,0,8942.54,8942.54,4773.85,4773.85,4057.46,716.39,0.0,0.0,0.0,398.21,0.0,1.0,1,0.0,0.0,157395.0,0.0,1.0,1.0,1.0,9.0,23112.0,80.0,0.0,0.0,7280.0,54.0,33000.0,1.0,0.0,3.0,1.0,39349.0,22704.0,31.2,0.0,0.0,9.0,152.0,33.0,9.0,1.0,45.0,5.0,0.0,2.0,2.0,2.0,4.0,1.0,2.0,4.0,2.0,4.0,0.0,0.0,0.0,1.0,66.7,0.0,0.0,0.0,214100.0,33408.0,33000.0,29000.0,0,0
39938,10000.0,0.1308,337.33,1,84500.0,0,1,n,18.81,0.0,0.0,7.0,0.0,19164.0,17.0,1,7346.91,7346.91,3696.1,3696.1,2653.09,1043.01,0.0,0.0,0.0,337.33,0.0,1.0,1,0.0,0.0,43937.0,0.0,2.0,0.0,2.0,20.0,24773.0,69.0,0.0,2.0,9522.0,51.0,50300.0,0.0,5.0,0.0,4.0,6277.0,17478.0,35.3,0.0,0.0,149.0,164.0,22.0,20.0,0.0,22.0,22.0,6.0,1.0,5.0,1.0,2.0,10.0,5.0,7.0,5.0,7.0,0.0,0.0,0.0,0.0,60.0,0.0,0.0,0.0,86049.0,43937.0,27000.0,35749.0,0,0
27602,26575.0,0.1308,605.76,3,165000.0,0,1,n,22.64,0.0,0.0,16.0,0.0,74524.0,39.0,0,22902.15,22902.15,6624.74,6624.74,3672.85,2951.89,0.0,0.0,0.0,605.76,0.0,1.0,1,0.0,118.0,462063.0,1.0,2.0,0.0,1.0,23.0,41983.0,69.0,1.0,4.0,13945.0,59.0,130100.0,2.0,0.0,1.0,7.0,28879.0,50076.0,59.8,0.0,0.0,199.0,256.0,6.0,6.0,6.0,6.0,1.0,0.0,11.0,11.0,12.0,15.0,14.0,13.0,19.0,11.0,16.0,0.0,0.0,0.0,1.0,100.0,41.7,0.0,0.0,554924.0,116507.0,124600.0,73787.0,0,0
71680,32000.0,0.0819,1005.58,1,165000.0,1,1,n,13.66,2.0,0.0,12.0,0.0,34981.0,24.0,0,22191.07,22191.07,12052.4,12052.4,9808.93,2243.47,0.0,0.0,0.0,1005.58,0.0,1.0,1,0.0,0.0,58366.0,0.0,1.0,0.0,0.0,33.0,5181.0,51.0,0.0,1.0,15236.0,69.0,48000.0,0.0,1.0,1.0,1.0,4864.0,12494.0,70.0,0.0,0.0,137.0,140.0,18.0,18.0,0.0,18.0,0.0,0.0,7.0,8.0,8.0,10.0,10.0,9.0,11.0,8.0,12.0,0.0,0.0,0.0,0.0,91.7,62.5,0.0,0.0,132124.0,58366.0,41600.0,10184.0,0,0
66172,26000.0,0.0819,529.56,2,65000.0,0,1,n,18.13,0.0,1.0,14.0,0.0,25314.0,31.0,0,21297.64,21297.64,6642.89,6642.89,4702.36,1940.53,0.0,0.0,0.0,529.56,0.0,1.0,1,0.0,0.0,227109.0,1.0,1.0,0.0,0.0,71.0,584.0,2.0,3.0,5.0,8597.0,18.0,113100.0,0.0,0.0,3.0,5.0,16222.0,75912.0,23.6,0.0,0.0,71.0,263.0,3.0,3.0,3.0,3.0,3.0,0.0,7.0,8.0,9.0,18.0,1.0,12.0,27.0,8.0,14.0,0.0,0.0,0.0,3.0,100.0,0.0,0.0,0.0,364930.0,25898.0,99300.0,28830.0,0,0
61459,20000.0,0.124,668.12,1,40000.0,0,1,n,20.07,0.0,1.0,10.0,0.0,11773.0,11.0,1,14136.76,14136.76,7983.0,7983.0,5863.24,2119.76,0.0,0.0,0.0,668.12,0.0,1.0,0,0.0,0.0,15934.0,1.0,1.0,0.0,1.0,20.0,4161.0,48.0,2.0,9.0,2474.0,41.0,30200.0,2.0,0.0,1.0,10.0,1593.0,15499.0,42.2,0.0,0.0,20.0,115.0,5.0,5.0,0.0,5.0,4.0,0.0,7.0,9.0,7.0,8.0,1.0,9.0,10.0,9.0,10.0,0.0,0.0,0.0,2.0,100.0,28.6,0.0,0.0,38951.0,15934.0,26800.0,8751.0,0,0
69553,37225.0,0.1524,890.28,2,52000.0,1,1,n,35.31,0.0,2.0,16.0,1.0,10094.0,28.0,0,33780.93,33780.93,8839.77,8839.77,3444.07,5395.7,0.0,0.0,0.0,890.28,0.0,1.0,0,0.0,394.0,99190.0,5.0,4.0,2.0,5.0,2.0,89096.0,93.0,3.0,6.0,7121.0,64.0,29700.0,1.0,0.0,3.0,11.0,6199.0,12280.0,44.7,0.0,0.0,108.0,427.0,1.0,1.0,2.0,1.0,1.0,1.0,6.0,7.0,7.0,14.0,7.0,12.0,19.0,7.0,16.0,0.0,0.0,0.0,5.0,85.2,14.3,1.0,0.0,120677.0,99190.0,22200.0,90977.0,0,0
75492,18000.0,0.0819,366.62,2,180000.0,1,1,n,10.89,4.0,1.0,8.0,0.0,18033.0,29.0,0,14962.41,14962.41,4383.06,4383.06,3037.59,1345.47,0.0,0.0,0.0,366.62,0.0,1.0,1,0.0,0.0,108335.0,1.0,4.0,1.0,2.0,12.0,90302.0,64.0,1.0,1.0,11460.0,53.0,46000.0,1.0,2.0,2.0,3.0,13542.0,26504.0,39.8,0.0,0.0,90.0,158.0,6.0,6.0,0.0,6.0,0.0,4.0,2.0,3.0,3.0,14.0,10.0,4.0,18.0,3.0,8.0,0.0,0.0,4.0,2.0,86.2,33.3,0.0,0.0,155706.0,108335.0,44000.0,109706.0,0,0
44328,8500.0,0.1171,281.15,1,45000.0,1,1,n,26.64,0.0,0.0,13.0,0.0,5449.0,18.0,0,5954.85,5954.85,3368.27,3368.27,2545.15,823.12,0.0,0.0,0.0,281.15,0.0,1.0,1,0.0,0.0,20818.0,0.0,2.0,1.0,3.0,8.0,15369.0,70.0,1.0,2.0,1890.0,55.0,16200.0,1.0,0.0,1.0,5.0,1601.0,10173.0,31.3,0.0,0.0,57.0,49.0,8.0,8.0,0.0,8.0,8.0,0.0,8.0,10.0,9.0,9.0,6.0,11.0,12.0,10.0,13.0,0.0,0.0,0.0,2.0,100.0,0.0,0.0,0.0,38200.0,20818.0,14800.0,22000.0,0,0
32458,2500.0,0.1524,86.96,1,35304.0,0,1,n,36.54,1.0,0.0,25.0,0.0,4515.0,33.0,0,0.0,0.0,2605.82,2605.82,2500.0,105.82,0.0,0.0,0.0,347.06,0.0,1.0,1,0.0,0.0,54625.0,6.0,4.0,4.0,6.0,6.0,50110.0,92.0,7.0,11.0,1855.0,47.0,62100.0,1.0,4.0,5.0,17.0,2185.0,37971.0,8.3,0.0,0.0,76.0,88.0,2.0,2.0,0.0,2.0,8.0,0.0,4.0,6.0,10.0,10.0,10.0,21.0,23.0,6.0,25.0,0.0,0.0,0.0,11.0,93.9,0.0,0.0,0.0,116707.0,54625.0,41400.0,54607.0,0,0
56734,35000.0,0.124,785.65,2,97650.0,1,1,n,21.25,0.0,1.0,18.0,0.0,39329.0,30.0,0,29612.84,29612.84,9403.69,9403.69,5387.16,4016.53,0.0,0.0,0.0,785.65,0.0,1.0,1,0.0,1097.0,226025.0,1.0,2.0,0.0,0.0,41.0,33327.0,51.0,1.0,2.0,14780.0,57.0,63900.0,0.0,0.0,2.0,3.0,12557.0,8095.0,81.4,0.0,0.0,180.0,221.0,2.0,2.0,5.0,2.0,2.0,0.0,10.0,12.0,10.0,11.0,5.0,15.0,20.0,12.0,18.0,0.0,0.0,0.0,2.0,100.0,60.0,0.0,0.0,283514.0,72656.0,43600.0,64802.0,0,0
40913,13000.0,0.08810000000000001,268.67,2,40000.0,0,1,n,13.92,0.0,1.0,12.0,1.0,11425.0,18.0,0,11067.47,11067.47,2942.64,2942.64,1932.53,1010.11,0.0,0.0,0.0,268.67,0.0,1.0,1,0.0,0.0,18228.0,1.0,1.0,0.0,1.0,23.0,6803.0,67.0,1.0,3.0,8799.0,36.0,40700.0,0.0,1.0,1.0,4.0,1519.0,17657.0,39.1,0.0,0.0,176.0,84.0,5.0,5.0,1.0,5.0,4.0,0.0,3.0,4.0,6.0,7.0,4.0,11.0,13.0,4.0,12.0,0.0,0.0,0.0,1.0,100.0,16.7,1.0,0.0,50936.0,18228.0,29000.0,10236.0,0,0
14241,15000.0,0.16949999999999998,534.42,3,54804.0,1,1,n,26.51,0.0,0.0,10.0,0.0,10103.0,30.0,0,11661.27,11661.27,5315.95,5315.95,3338.73,1977.22,0.0,0.0,0.0,534.42,0.0,1.0,1,0.0,0.0,73148.0,0.0,3.0,1.0,2.0,8.0,63045.0,99.0,0.0,0.0,3416.0,94.0,14600.0,1.0,8.0,2.0,2.0,7315.0,542.0,91.9,0.0,0.0,172.0,327.0,38.0,8.0,0.0,40.0,8.0,2.0,3.0,7.0,3.0,10.0,12.0,7.0,18.0,7.0,10.0,0.0,0.0,0.0,1.0,60.0,100.0,0.0,0.0,78226.0,73148.0,6700.0,63626.0,0,0
32475,20000.0,0.0819,407.35,1,72000.0,1,1,n,16.67,0.0,1.0,11.0,0.0,13353.0,18.0,0,16916.87,16916.87,4471.75,4471.75,3083.13,1388.62,0.0,0.0,0.0,407.35,0.0,1.0,1,0.0,0.0,35063.0,1.0,1.0,0.0,0.0,35.0,21710.0,66.0,1.0,2.0,5125.0,55.0,31200.0,1.0,3.0,2.0,2.0,3506.0,15746.0,45.3,0.0,0.0,76.0,296.0,4.0,4.0,0.0,4.0,1.0,1.0,6.0,8.0,6.0,8.0,5.0,10.0,13.0,8.0,11.0,0.0,0.0,0.0,1.0,94.4,0.0,0.0,0.0,64126.0,35063.0,28800.0,32926.0,0,0
56821,26575.0,0.14300000000000002,622.5,2,70000.0,1,1,n,32.95,0.0,0.0,10.0,0.0,17051.0,17.0,0,22654.88,22654.88,7448.89,7448.89,3920.12,3528.77,0.0,0.0,0.0,622.5,0.0,1.0,1,0.0,0.0,130888.0,0.0,4.0,0.0,1.0,14.0,29875.0,48.0,0.0,0.0,4471.0,52.0,28100.0,0.0,0.0,0.0,1.0,13089.0,3685.0,80.1,0.0,0.0,162.0,237.0,99.0,14.0,1.0,99.0,14.0,0.0,4.0,5.0,4.0,5.0,7.0,5.0,9.0,5.0,10.0,0.0,0.0,0.0,0.0,100.0,50.0,0.0,0.0,194650.0,46926.0,18500.0,62375.0,0,0
76343,7425.0,0.08810000000000001,235.46,3,35000.0,0,1,n,19.62,0.0,0.0,8.0,0.0,3413.0,14.0,0,5171.64,5171.64,2818.25,2818.25,2253.36,564.89,0.0,0.0,0.0,235.46,0.0,1.0,1,0.0,0.0,8168.0,1.0,4.0,0.0,3.0,15.0,4755.0,46.0,1.0,1.0,3015.0,48.0,6600.0,3.0,0.0,0.0,4.0,1167.0,3187.0,51.7,0.0,0.0,217.0,666.0,5.0,5.0,0.0,5.0,15.0,0.0,3.0,3.0,3.0,5.0,8.0,4.0,6.0,3.0,8.0,0.0,0.0,0.0,1.0,100.0,33.3,0.0,0.0,16958.0,8168.0,6600.0,10358.0,0,0
77002,28000.0,0.124,628.52,2,133521.0,0,1,n,18.29,1.0,0.0,11.0,0.0,4459.0,14.0,0,23722.68,23722.68,7503.66,7503.66,4277.32,3226.34,0.0,0.0,0.0,628.52,0.0,1.0,0,0.0,0.0,699216.0,0.0,4.0,2.0,3.0,8.0,74669.0,79.0,1.0,2.0,2188.0,70.0,17900.0,3.0,1.0,1.0,5.0,63565.0,13441.0,24.9,0.0,0.0,26.0,278.0,11.0,8.0,2.0,11.0,10.0,0.0,4.0,4.0,6.0,6.0,4.0,6.0,8.0,4.0,11.0,0.0,0.0,0.0,3.0,100.0,0.0,0.0,0.0,747676.0,79128.0,17900.0,94776.0,0,0
52421,24000.0,0.124,538.74,1,125000.0,1,1,n,30.67,0.0,1.0,35.0,0.0,38855.0,67.0,0,21360.58,21360.58,5370.87,5370.87,2639.42,2731.45,0.0,0.0,0.0,538.74,0.0,1.0,1,0.0,0.0,168717.0,3.0,4.0,3.0,3.0,6.0,129392.0,63.0,2.0,3.0,15482.0,28.0,228400.0,1.0,0.0,2.0,6.0,5113.0,179045.0,17.8,0.0,0.0,268.0,248.0,1.0,1.0,0.0,1.0,6.0,0.0,6.0,6.0,26.0,38.0,15.0,30.0,51.0,6.0,35.0,0.0,0.0,0.0,5.0,100.0,4.0,0.0,0.0,395808.0,168717.0,217900.0,161986.0,0,0
65911,30900.0,0.16949999999999998,1100.91,2,148000.0,1,1,n,43.44,0.0,1.0,19.0,0.0,70838.0,33.0,0,22277.08,22277.08,13181.82,13181.82,8622.92,4558.9,0.0,0.0,0.0,1100.91,0.0,1.0,0,0.0,0.0,515161.0,2.0,4.0,2.0,3.0,5.0,147361.0,56.0,1.0,1.0,14834.0,73.0,83400.0,9.0,10.0,21.0,4.0,27114.0,4479.0,93.3,0.0,0.0,137.0,330.0,5.0,5.0,5.0,5.0,3.0,0.0,9.0,12.0,9.0,9.0,13.0,13.0,15.0,12.0,19.0,0.0,0.0,0.0,3.0,97.0,77.8,0.0,0.0,618214.0,218199.0,66400.0,181614.0,0,0
20717,18000.0,0.17739999999999995,648.4,2,91377.0,1,1,n,22.26,0.0,1.0,16.0,0.0,16204.0,46.0,0,0.0,0.0,19395.66,19395.66,18000.0,1395.66,0.0,0.0,0.0,16837.54,0.0,1.0,1,0.0,0.0,233235.0,2.0,4.0,3.0,6.0,5.0,18563.0,51.0,2.0,6.0,6772.0,55.0,26300.0,3.0,0.0,2.0,12.0,15549.0,1212.0,91.7,1.0,0.0,118.0,109.0,5.0,5.0,1.0,5.0,5.0,6.0,5.0,8.0,5.0,12.0,24.0,11.0,21.0,8.0,16.0,0.0,0.0,0.0,5.0,84.4,80.0,0.0,0.0,268949.0,34767.0,14600.0,36453.0,0,0
8031,32000.0,0.0756,996.29,2,127000.0,1,1,n,38.36,0.0,0.0,27.0,0.0,48852.0,38.0,0,23316.23,23316.23,10505.58,10505.58,8683.77,1821.81,0.0,0.0,0.0,996.29,0.0,1.0,1,0.0,0.0,373222.0,0.0,13.0,1.0,1.0,10.0,195855.0,49.0,1.0,3.0,19798.0,60.0,120523.0,1.0,6.0,1.0,4.0,13823.0,11814.0,78.6,0.0,0.0,258.0,247.0,7.0,7.0,2.0,7.0,11.0,0.0,6.0,11.0,6.0,7.0,18.0,12.0,17.0,11.0,27.0,0.0,0.0,0.0,2.0,100.0,66.7,0.0,0.0,465106.0,267910.0,55100.0,200257.0,0,0
33401,10775.0,0.2055,403.47,1,120000.0,0,1,n,37.48,0.0,0.0,13.0,0.0,20343.0,20.0,0,10556.05,10556.05,1559.69,1559.69,218.95,1340.74,0.0,0.0,0.0,201.74,0.0,1.0,1,0.0,0.0,243547.0,3.0,7.0,3.0,4.0,3.0,223204.0,100.0,1.0,2.0,11727.0,51.0,75700.0,2.0,0.0,1.0,6.0,18734.0,55357.0,26.9,0.0,0.0,139.0,85.0,4.0,3.0,0.0,4.0,9.0,0.0,5.0,5.0,6.0,6.0,13.0,6.0,7.0,5.0,13.0,0.0,0.0,0.0,4.0,100.0,16.7,0.0,0.0,291419.0,243547.0,75700.0,215719.0,1,0
72935,15000.0,0.0819,305.52,2,60000.0,1,1,n,13.66,2.0,0.0,9.0,0.0,15216.0,17.0,0,12505.42,12505.42,3659.42,3659.42,2494.58,1164.84,0.0,0.0,0.0,305.52,0.0,1.0,1,0.0,0.0,217397.0,0.0,2.0,1.0,2.0,7.0,38435.0,100.0,0.0,0.0,7440.0,90.0,21000.0,1.0,0.0,2.0,2.0,24155.0,3784.0,80.1,0.0,0.0,103.0,303.0,28.0,7.0,2.0,28.0,7.0,0.0,3.0,3.0,3.0,6.0,5.0,6.0,10.0,3.0,9.0,0.0,0.0,0.0,1.0,82.4,66.7,0.0,0.0,251850.0,53651.0,19000.0,38450.0,0,0
3977,4800.0,0.1308,161.92,1,42000.0,1,1,n,35.13,0.0,4.0,19.0,0.0,6329.0,42.0,0,3648.65,3648.65,1612.22,1612.22,1151.35,460.87,0.0,0.0,0.0,161.92,0.0,1.0,1,0.0,935.0,41326.0,1.0,7.0,1.0,3.0,10.0,34997.0,97.0,2.0,6.0,901.0,41.0,64300.0,3.0,0.0,7.0,9.0,2175.0,53499.0,10.1,0.0,0.0,162.0,158.0,2.0,2.0,0.0,2.0,2.0,4.0,8.0,9.0,9.0,16.0,19.0,12.0,23.0,9.0,19.0,0.0,0.0,0.0,3.0,87.8,55.6,0.0,0.0,100508.0,41326.0,59500.0,36208.0,0,0
67315,37700.0,0.1102,1234.61,2,285000.0,1,1,n,17.71,0.0,0.0,14.0,0.0,64663.0,34.0,1,26483.93,26483.93,14769.16,14769.16,11216.07,3553.09,0.0,0.0,0.0,1234.61,0.0,1.0,1,0.0,0.0,116111.0,0.0,3.0,0.0,2.0,16.0,51448.0,56.0,0.0,1.0,19151.0,68.0,88500.0,2.0,0.0,0.0,3.0,8932.0,20512.0,74.0,0.0,0.0,169.0,179.0,19.0,16.0,1.0,19.0,16.0,0.0,7.0,9.0,9.0,16.0,12.0,11.0,21.0,9.0,14.0,0.0,0.0,0.0,0.0,97.1,50.0,0.0,0.0,193660.0,116111.0,78900.0,105160.0,0,0
55623,18000.0,0.1524,430.49,2,65000.0,0,1,n,17.34,0.0,1.0,11.0,0.0,4348.0,22.0,0,15710.48,15710.48,4720.15,4720.15,2289.52,2430.63,0.0,0.0,0.0,430.49,0.0,1.0,1,0.0,0.0,275678.0,2.0,2.0,0.0,2.0,13.0,31921.0,74.0,3.0,6.0,3127.0,52.0,26200.0,1.0,2.0,5.0,10.0,25062.0,14173.0,18.1,0.0,0.0,230.0,32.0,6.0,5.0,5.0,6.0,6.0,1.0,1.0,2.0,4.0,4.0,9.0,8.0,8.0,2.0,11.0,0.0,0.0,0.0,4.0,95.5,0.0,0.0,0.0,310523.0,36269.0,17300.0,43323.0,0,0
72673,20000.0,0.2305,774.72,2,70000.0,0,1,n,29.23,0.0,1.0,9.0,0.0,19971.0,23.0,0,0.0,0.0,20016.6483333333,20016.65,20000.0,16.65,0.0,0.0,0.0,20042.26,0.0,1.0,1,0.0,0.0,345905.0,1.0,4.0,0.0,0.0,27.0,98917.0,98.0,1.0,2.0,13496.0,92.0,23200.0,0.0,3.0,1.0,2.0,38434.0,3229.0,86.1,0.0,0.0,193.0,85.0,4.0,4.0,4.0,4.0,4.0,0.0,2.0,2.0,3.0,4.0,10.0,3.0,9.0,3.0,9.0,0.0,0.0,0.0,1.0,100.0,66.7,0.0,0.0,423036.0,118888.0,23200.0,150936.0,0,0
5124,7500.0,0.1612,264.13,2,98000.0,0,1,n,27.61,0.0,0.0,8.0,0.0,1956.0,14.0,0,5763.81,5763.81,2634.58,2634.58,1736.19,898.39,0.0,0.0,0.0,264.13,0.0,1.0,1,0.0,0.0,76199.0,1.0,2.0,1.0,2.0,2.0,74243.0,100.0,2.0,2.0,1124.0,70.0,15900.0,1.0,0.0,0.0,4.0,9525.0,12693.0,10.6,0.0,0.0,113.0,119.0,10.0,2.0,0.0,10.0,17.0,0.0,3.0,4.0,5.0,5.0,8.0,6.0,6.0,4.0,8.0,0.0,0.0,0.0,3.0,100.0,20.0,0.0,0.0,97449.0,76199.0,14200.0,81549.0,0,0
39583,6900.0,0.08810000000000001,218.81,3,140000.0,0,1,n,16.1,0.0,1.0,10.0,0.0,10260.0,23.0,0,5358.89,5358.89,2052.39,2052.39,1541.11,511.28,0.0,0.0,0.0,218.81,0.0,1.0,1,0.0,0.0,443279.0,0.0,5.0,0.0,0.0,31.0,95566.0,58.0,0.0,0.0,9755.0,56.0,22600.0,1.0,1.0,1.0,0.0,44328.0,12340.0,45.4,0.0,0.0,165.0,152.0,45.0,31.0,2.0,117.0,1.0,0.0,2.0,2.0,4.0,5.0,13.0,4.0,8.0,2.0,10.0,0.0,0.0,0.0,0.0,87.0,25.0,0.0,0.0,524776.0,105826.0,22600.0,134676.0,0,0
42785,36150.0,0.1102,786.35,2,90000.0,0,1,n,25.8,0.0,0.0,20.0,0.0,34495.0,27.0,0,30915.97,30915.97,8627.72,8627.72,5234.03,3393.69,0.0,0.0,0.0,786.35,0.0,1.0,1,0.0,0.0,49938.0,0.0,2.0,1.0,1.0,12.0,15443.0,53.0,3.0,5.0,4880.0,38.0,103700.0,0.0,0.0,2.0,6.0,2497.0,53453.0,35.2,0.0,0.0,97.0,481.0,7.0,7.0,0.0,7.0,8.0,0.0,13.0,16.0,14.0,15.0,6.0,18.0,21.0,16.0,20.0,0.0,0.0,0.0,4.0,100.0,21.4,0.0,0.0,132700.0,49938.0,82500.0,29000.0,0,0
72091,14000.0,0.1171,309.38,3,75000.0,0,1,n,27.9,0.0,0.0,20.0,0.0,21289.0,29.0,0,11877.74,11877.74,3703.45,3703.45,2122.26,1581.19,0.0,0.0,0.0,309.38,0.0,1.0,1,0.0,0.0,231442.0,4.0,6.0,2.0,2.0,4.0,47641.0,75.0,2.0,3.0,5372.0,59.0,49600.0,1.0,2.0,5.0,6.0,13614.0,21342.0,42.6,0.0,0.0,171.0,162.0,1.0,1.0,3.0,15.0,6.0,0.0,3.0,5.0,8.0,9.0,11.0,13.0,15.0,5.0,20.0,0.0,0.0,0.0,5.0,100.0,0.0,0.0,0.0,300202.0,68930.0,37200.0,87609.0,0,0
13304,9500.0,0.16949999999999998,338.47,1,46000.0,1,1,n,18.31,0.0,0.0,16.0,0.0,8903.0,17.0,0,7362.91,7362.91,3375.75,3375.75,2137.09,1238.66,0.0,0.0,0.0,338.47,0.0,1.0,1,0.0,0.0,138207.0,1.0,9.0,2.0,4.0,6.0,129304.0,104.0,0.0,0.0,4794.0,96.0,20600.0,0.0,0.0,0.0,4.0,8638.0,6497.0,57.8,0.0,0.0,46.0,90.0,46.0,6.0,0.0,46.0,21.0,0.0,4.0,4.0,5.0,5.0,9.0,7.0,8.0,4.0,16.0,0.0,0.0,0.0,2.0,100.0,40.0,0.0,0.0,144610.0,138207.0,15400.0,124010.0,0,0
45289,5300.0,0.16949999999999998,188.83,2,35000.0,1,1,n,27.13,2.0,0.0,7.0,0.0,7818.0,16.0,0,0.0,0.0,5989.56,5989.56,5300.0,689.56,0.0,0.0,0.0,4295.08,0.0,1.0,0,0.0,0.0,285657.0,1.0,4.0,0.0,0.0,61.0,12773.0,33.0,1.0,1.0,6818.0,44.0,8000.0,0.0,1.0,0.0,1.0,40808.0,182.0,97.7,0.0,0.0,160.0,209.0,3.0,3.0,1.0,3.0,22.0,1.0,2.0,2.0,2.0,5.0,5.0,2.0,10.0,2.0,7.0,0.0,0.0,0.0,1.0,62.5,100.0,0.0,0.0,380359.0,20591.0,8000.0,39359.0,0,0
17276,12700.0,0.124,285.08,1,60000.0,1,1,n,23.48,0.0,0.0,17.0,0.0,3927.0,37.0,0,11102.38,11102.38,2842.05,2842.05,1597.62,1244.43,0.0,0.0,0.0,285.08,0.0,1.0,1,0.0,0.0,54374.0,0.0,4.0,5.0,7.0,7.0,50447.0,92.0,0.0,3.0,498.0,54.0,46300.0,5.0,17.0,8.0,10.0,3398.0,30607.0,1.9,0.0,0.0,94.0,192.0,14.0,7.0,0.0,14.0,8.0,0.0,2.0,4.0,5.0,9.0,19.0,13.0,18.0,4.0,17.0,0.0,0.0,0.0,5.0,100.0,0.0,0.0,0.0,101159.0,54374.0,31200.0,54859.0,0,0
24061,21050.0,0.1102,457.89,2,63000.0,0,1,n,27.94,0.0,2.0,11.0,0.0,18224.0,22.0,0,18002.23,18002.23,5023.9,5023.9,3047.77,1976.13,0.0,0.0,0.0,457.89,0.0,1.0,1,0.0,0.0,229222.0,2.0,2.0,2.0,2.0,5.0,53820.0,93.0,0.0,0.0,15122.0,36.0,69700.0,1.0,2.0,4.0,2.0,20838.0,46908.0,26.7,0.0,0.0,127.0,272.0,29.0,5.0,2.0,29.0,3.0,0.0,4.0,5.0,7.0,8.0,8.0,8.0,12.0,5.0,11.0,0.0,0.0,0.0,2.0,100.0,0.0,0.0,0.0,303262.0,72044.0,64000.0,57462.0,0,0
433,14500.0,0.0819,295.33,3,169044.0,0,1,n,9.19,0.0,1.0,11.0,0.0,20600.0,25.0,0,12683.67,12683.67,2651.37,2651.37,1816.33,835.04,0.0,0.0,0.0,0.0,0.0,1.0,0,0.0,0.0,579595.0,0.0,2.0,0.0,0.0,74.0,137576.0,77.0,0.0,1.0,7176.0,35.0,84900.0,1.0,0.0,1.0,1.0,52690.0,58809.0,21.4,0.0,0.0,103.0,258.0,17.0,17.0,6.0,17.0,2.0,0.0,3.0,5.0,4.0,8.0,3.0,6.0,16.0,5.0,11.0,0.0,0.0,0.0,0.0,92.0,0.0,0.0,0.0,880002.0,158176.0,74800.0,130102.0,0,0
74000,15000.0,0.0756,467.01,2,80000.0,0,1,n,15.77,0.0,3.0,16.0,0.0,12782.0,35.0,0,0.0,0.0,15744.29,15744.29,15000.0,744.29,0.0,0.0,0.0,12481.52,0.0,1.0,1,0.0,500.0,120605.0,2.0,8.0,2.0,3.0,3.0,65981.0,85.0,1.0,4.0,6716.0,80.0,21400.0,2.0,0.0,4.0,8.0,7538.0,5700.0,68.2,0.0,0.0,160.0,326.0,12.0,3.0,2.0,12.0,0.0,1.0,4.0,5.0,4.0,5.0,15.0,7.0,17.0,5.0,16.0,0.0,0.0,0.0,4.0,91.4,50.0,0.0,0.0,141043.0,78763.0,17900.0,77243.0,0,0
55696,26300.0,0.1033,563.08,2,89000.0,0,1,n,18.43,0.0,0.0,9.0,0.0,24913.0,17.0,0,22114.94,22114.94,6741.87,6741.87,4185.06,2556.81,0.0,0.0,0.0,563.08,0.0,1.0,1,0.0,0.0,51618.0,2.0,2.0,0.0,0.0,30.0,26705.0,53.0,2.0,3.0,8945.0,41.0,105000.0,0.0,0.0,2.0,3.0,5735.0,71087.0,37.2,0.0,0.0,46.0,362.0,3.0,3.0,1.0,5.0,0.0,0.0,4.0,4.0,5.0,9.0,2.0,7.0,14.0,4.0,9.0,0.0,0.0,0.0,2.0,100.0,20.0,0.0,0.0,155275.0,51618.0,96000.0,50275.0,0,0
47247,12000.0,0.0756,373.61,1,130000.0,1,1,n,9.6,0.0,1.0,17.0,0.0,19290.0,32.0,1,8616.57,8616.57,4099.63,4099.63,3383.43,716.2,0.0,0.0,0.0,0.0,0.0,1.0,1,0.0,0.0,37129.0,1.0,1.0,1.0,1.0,10.0,17766.0,77.0,3.0,4.0,8500.0,30.0,96300.0,1.0,4.0,2.0,5.0,2184.0,57110.0,25.2,0.0,0.0,167.0,188.0,1.0,1.0,0.0,1.0,1.0,0.0,6.0,6.0,10.0,14.0,9.0,15.0,22.0,6.0,17.0,0.0,0.0,0.0,4.0,90.6,20.0,0.0,0.0,123027.0,37129.0,76400.0,23000.0,0,0
48816,11700.0,0.14300000000000002,274.07,2,122000.0,0,1,n,19.39,0.0,0.0,12.0,0.0,85483.0,37.0,0,9678.11,9678.11,3521.73,3521.73,2021.89,1499.84,0.0,0.0,0.0,274.07,0.0,1.0,1,0.0,0.0,200880.0,0.0,2.0,2.0,2.0,7.0,24267.0,80.0,0.0,0.0,15868.0,69.0,123800.0,2.0,1.0,6.0,2.0,16740.0,13521.0,69.1,0.0,0.0,208.0,183.0,26.0,7.0,4.0,26.0,8.0,0.0,5.0,6.0,6.0,11.0,9.0,9.0,24.0,6.0,12.0,0.0,0.0,0.0,2.0,100.0,50.0,0.0,0.0,262383.0,109750.0,43800.0,30474.0,0,0
75688,10000.0,0.1308,227.95,1,65000.0,0,1,n,8.99,0.0,1.0,9.0,0.0,6293.0,30.0,0,0.0,0.0,11199.25,11199.25,10000.0,1199.25,0.0,0.0,0.0,8934.28,0.0,1.0,1,0.0,0.0,12668.0,1.0,1.0,1.0,3.0,2.0,6375.0,100.0,0.0,1.0,1025.0,36.0,29300.0,2.0,13.0,1.0,4.0,1408.0,20121.0,5.5,0.0,0.0,161.0,168.0,14.0,2.0,0.0,14.0,2.0,0.0,2.0,5.0,5.0,9.0,17.0,8.0,13.0,5.0,9.0,0.0,0.0,0.0,1.0,96.6,0.0,0.0,0.0,35675.0,12668.0,21300.0,6375.0,0,0
37652,14025.0,0.16949999999999998,348.19,2,145000.0,1,1,n,21.69,1.0,0.0,12.0,0.0,36894.0,21.0,0,12317.56,12317.56,3816.88,3816.88,1707.44,2109.44,0.0,0.0,0.0,348.19,0.0,1.0,1,0.0,0.0,303134.0,1.0,3.0,1.0,3.0,11.0,59155.0,76.0,1.0,3.0,25812.0,76.0,48600.0,2.0,1.0,2.0,7.0,27558.0,7347.0,82.5,0.0,0.0,89.0,75.0,5.0,5.0,3.0,55.0,11.0,0.0,3.0,5.0,3.0,3.0,9.0,7.0,8.0,5.0,12.0,0.0,0.0,0.0,3.0,95.2,33.3,0.0,0.0,335383.0,96049.0,42000.0,77878.0,0,0
11301,29775.0,0.0819,935.66,1,65000.0,0,1,n,13.48,0.0,0.0,9.0,0.0,4355.0,10.0,0,22221.45,22221.45,9343.05,9343.05,7553.55,1789.5,0.0,0.0,0.0,935.66,0.0,1.0,0,0.0,10020.0,34579.0,0.0,1.0,1.0,1.0,9.0,30224.0,92.0,0.0,1.0,1604.0,62.0,23100.0,1.0,1.0,4.0,2.0,3842.0,18145.0,19.4,0.0,0.0,27.0,55.0,19.0,9.0,0.0,19.0,9.0,0.0,5.0,5.0,7.0,7.0,2.0,8.0,8.0,5.0,9.0,0.0,0.0,0.0,1.0,100.0,0.0,0.0,0.0,55859.0,34579.0,22500.0,32759.0,0,0
66160,8000.0,0.1612,281.74,2,81000.0,1,1,n,16.47,0.0,0.0,10.0,1.0,2655.0,64.0,1,0.0,0.0,8882.6711111104,8882.67,8000.0,882.67,0.0,0.0,0.0,7481.13,0.0,1.0,1,0.0,0.0,234073.0,2.0,5.0,2.0,7.0,3.0,94389.0,94.0,2.0,3.0,2435.0,87.0,7600.0,5.0,20.0,4.0,12.0,23407.0,1845.0,59.0,0.0,0.0,253.0,175.0,3.0,3.0,5.0,3.0,8.0,0.0,2.0,2.0,2.0,7.0,40.0,4.0,19.0,2.0,10.0,0.0,0.0,0.0,6.0,100.0,50.0,1.0,0.0,227007.0,97044.0,4500.0,81027.0,0,0
11334,21000.0,0.0819,659.91,2,151000.0,0,1,n,11.44,0.0,0.0,20.0,0.0,19550.0,26.0,0,15672.57,15672.57,6589.54,6589.54,5327.43,1262.11,0.0,0.0,0.0,659.91,0.0,1.0,1,0.0,0.0,42423.0,0.0,6.0,0.0,1.0,13.0,22873.0,51.0,0.0,3.0,11923.0,42.0,55300.0,1.0,3.0,0.0,4.0,2121.0,26540.0,39.4,0.0,0.0,83.0,143.0,13.0,13.0,0.0,16.0,13.0,0.0,2.0,5.0,8.0,10.0,8.0,14.0,18.0,5.0,20.0,0.0,0.0,0.0,0.0,80.8,12.5,0.0,0.0,100405.0,42423.0,43800.0,45105.0,0,0
24688,15000.0,0.1862,546.97,2,55000.0,0,1,n,17.06,1.0,0.0,10.0,0.0,14713.0,12.0,0,11675.03,11675.03,5454.18,5454.18,3324.97,2129.21,0.0,0.0,0.0,0.0,0.0,1.0,1,0.0,56.0,31874.0,0.0,3.0,0.0,1.0,24.0,17161.0,73.0,0.0,0.0,8562.0,63.0,26800.0,0.0,0.0,1.0,1.0,3187.0,4597.0,73.1,0.0,0.0,113.0,81.0,45.0,24.0,0.0,45.0,4.0,0.0,3.0,5.0,3.0,3.0,5.0,7.0,7.0,5.0,10.0,0.0,0.0,0.0,0.0,91.7,33.3,0.0,0.0,50433.0,31874.0,17100.0,23633.0,0,0
71141,39225.0,0.1102,1284.55,2,190000.0,1,1,n,16.42,0.0,1.0,31.0,0.0,22093.0,47.0,0,27688.02,27688.02,15390.59,15390.59,11536.98,3853.61,0.0,0.0,0.0,1284.55,0.0,1.0,1,0.0,0.0,500996.0,1.0,18.0,2.0,3.0,8.0,96335.0,86.0,1.0,2.0,5976.0,69.0,60500.0,0.0,0.0,6.0,6.0,17276.0,30817.0,30.0,0.0,0.0,170.0,159.0,9.0,5.0,5.0,9.0,1.0,0.0,3.0,4.0,7.0,10.0,27.0,11.0,14.0,4.0,31.0,0.0,0.0,0.0,4.0,100.0,0.0,0.0,0.0,554266.0,118428.0,44000.0,111866.0,0,0
14065,30000.0,0.124,1002.18,2,90000.0,0,1,n,27.81,0.0,1.0,16.0,0.0,12615.0,22.0,1,26369.26,26369.26,6598.11,6598.11,3630.74,2967.37,0.0,0.0,0.0,1002.18,0.0,1.0,1,0.0,0.0,74273.0,1.0,3.0,0.0,3.0,23.0,40938.0,54.0,1.0,2.0,4077.0,56.0,21900.0,1.0,3.0,3.0,5.0,5713.0,3817.0,69.2,0.0,0.0,95.0,113.0,5.0,5.0,0.0,73.0,4.0,0.0,5.0,8.0,8.0,10.0,6.0,12.0,15.0,8.0,16.0,0.0,0.0,0.0,1.0,100.0,40.0,0.0,0.0,137870.0,74273.0,12400.0,58768.0,0,0
4930,6700.0,0.0819,210.55,2,50000.0,0,1,n,24.89,0.0,0.0,35.0,0.0,5136.0,61.0,0,4981.03,4981.03,2102.45,2102.45,1718.97,383.48,0.0,0.0,0.0,210.55,0.0,1.0,1,0.0,0.0,323235.0,3.0,19.0,1.0,3.0,2.0,130126.0,109.0,4.0,8.0,140.0,79.0,52300.0,1.0,10.0,0.0,11.0,9235.0,24958.0,1.0,0.0,0.0,113.0,95.0,1.0,1.0,2.0,1.0,16.0,0.0,3.0,5.0,8.0,13.0,24.0,15.0,35.0,5.0,35.0,0.0,0.0,0.0,5.0,98.4,0.0,0.0,0.0,375193.0,135262.0,25200.0,119667.0,0,0
77047,7500.0,0.0756,233.51,2,49000.0,0,1,n,13.91,0.0,0.0,9.0,0.0,6333.0,15.0,0,0.0,0.0,7872.32,7872.32,7500.0,372.32,0.0,0.0,0.0,6244.05,0.0,1.0,1,0.0,0.0,16294.0,0.0,1.0,1.0,1.0,10.0,9961.0,77.0,1.0,3.0,3873.0,23.0,57800.0,1.0,0.0,1.0,4.0,1810.0,45067.0,12.3,0.0,0.0,71.0,174.0,12.0,10.0,2.0,12.0,10.0,0.0,3.0,3.0,6.0,8.0,2.0,8.0,11.0,3.0,9.0,0.0,0.0,0.0,2.0,100.0,0.0,0.0,0.0,70800.0,16294.0,51400.0,13000.0,0,0
40693,35000.0,0.1524,837.07,2,257350.0,1,1,n,17.08,0.0,2.0,39.0,0.0,90906.0,57.0,0,30648.94,30648.94,9148.5,9148.5,4351.06,4797.44,0.0,0.0,0.0,837.07,0.0,1.0,1,0.0,0.0,267409.0,1.0,2.0,0.0,1.0,16.0,43292.0,67.0,3.0,4.0,6699.0,58.0,167400.0,3.0,4.0,2.0,5.0,6857.0,23162.0,63.1,0.0,0.0,163.0,172.0,6.0,6.0,3.0,6.0,4.0,0.0,15.0,30.0,15.0,15.0,7.0,36.0,47.0,30.0,39.0,0.0,0.0,0.0,3.0,100.0,53.3,0.0,0.0,383125.0,134198.0,62700.0,64781.0,0,0
6889,20000.0,0.17739999999999995,505.05,2,104000.0,0,1,n,22.49,0.0,0.0,20.0,0.0,37603.0,27.0,0,17884.96,17884.96,5030.79,5030.79,2115.04,2915.75,0.0,0.0,0.0,505.05,0.0,1.0,1,0.0,0.0,153039.0,2.0,2.0,1.0,3.0,5.0,4024.0,25.0,1.0,3.0,3852.0,71.0,41900.0,1.0,1.0,0.0,6.0,7652.0,457.0,97.4,0.0,0.0,79.0,258.0,6.0,5.0,2.0,6.0,19.0,0.0,10.0,16.0,10.0,11.0,5.0,17.0,20.0,16.0,20.0,0.0,0.0,0.0,2.0,100.0,100.0,0.0,0.0,191926.0,41627.0,17400.0,16400.0,0,0
52195,10000.0,0.17739999999999995,252.53,1,45000.0,1,1,n,20.19,0.0,2.0,6.0,0.0,9184.0,17.0,0,8636.28,8636.28,3020.5,3020.5,1363.72,1656.78,0.0,0.0,0.0,252.53,0.0,1.0,1,0.0,0.0,62529.0,2.0,2.0,0.0,1.0,14.0,53345.0,95.0,3.0,3.0,4243.0,90.0,13600.0,1.0,1.0,3.0,4.0,10422.0,1885.0,82.4,0.0,0.0,124.0,119.0,5.0,5.0,0.0,5.0,5.0,1.0,3.0,4.0,3.0,4.0,12.0,4.0,5.0,4.0,6.0,0.0,0.0,0.0,3.0,93.8,66.7,0.0,0.0,69729.0,62529.0,10700.0,56129.0,0,0
1822,15000.0,0.1308,505.99,2,115565.0,0,1,n,44.33,0.0,0.0,16.0,0.0,268441.0,37.0,0,11360.07,11360.07,5038.1,5038.1,3639.93,1398.17,0.0,0.0,0.0,505.99,0.0,1.0,0,0.0,0.0,313253.0,1.0,3.0,1.0,1.0,3.0,44812.0,67.0,0.0,3.0,15214.0,80.0,282500.0,5.0,5.0,9.0,4.0,19578.0,2279.0,95.8,0.0,0.0,207.0,722.0,14.0,3.0,2.0,14.0,3.0,0.0,7.0,11.0,7.0,12.0,10.0,12.0,25.0,11.0,16.0,0.0,0.0,0.0,1.0,100.0,85.7,0.0,0.0,349062.0,313253.0,54700.0,66562.0,0,0
17275,3000.0,0.2055,112.34,1,25000.0,0,1,n,26.21,0.0,1.0,8.0,0.0,3560.0,10.0,0,2516.72,2516.72,1007.64,1007.64,483.28,524.36,0.0,0.0,0.0,112.34,0.0,1.0,1,0.0,0.0,23457.0,1.0,2.0,1.0,2.0,4.0,19897.0,85.0,0.0,1.0,1900.0,66.0,12100.0,2.0,0.0,1.0,3.0,2932.0,2740.0,56.5,0.0,0.0,73.0,73.0,24.0,4.0,0.0,50.0,4.0,0.0,2.0,2.0,3.0,3.0,4.0,6.0,6.0,2.0,8.0,0.0,0.0,0.0,1.0,100.0,33.3,0.0,0.0,35497.0,23457.0,6300.0,23397.0,0,0
41215,13200.0,0.124,440.96,1,92100.0,1,1,n,15.31,0.0,0.0,13.0,0.0,19419.0,24.0,0,0.0,0.0,14224.17,14224.17,13200.0,1024.17,0.0,0.0,0.0,375.72,0.0,1.0,1,0.0,0.0,39559.0,3.0,2.0,2.0,2.0,5.0,20140.0,84.0,3.0,4.0,2657.0,58.0,44700.0,2.0,4.0,4.0,6.0,3297.0,12255.0,25.3,0.0,0.0,105.0,168.0,1.0,1.0,0.0,1.0,3.0,0.0,2.0,3.0,4.0,5.0,5.0,11.0,18.0,3.0,13.0,0.0,0.0,0.0,5.0,100.0,33.3,0.0,0.0,68584.0,39559.0,16400.0,23884.0,0,0
38018,20000.0,0.0819,628.49,3,50000.0,0,1,n,22.68,0.0,0.0,12.0,0.0,6366.0,23.0,0,14386.07,14386.07,6904.29,6904.29,5613.93,1290.36,0.0,0.0,0.0,628.49,0.0,1.0,1,0.0,0.0,27950.0,0.0,2.0,1.0,1.0,11.0,21584.0,54.0,2.0,4.0,4315.0,34.0,41300.0,1.0,1.0,2.0,5.0,2329.0,32734.0,16.3,0.0,0.0,89.0,204.0,10.0,10.0,0.0,10.0,10.0,0.0,3.0,3.0,8.0,12.0,4.0,10.0,19.0,3.0,12.0,0.0,0.0,0.0,3.0,100.0,12.5,0.0,0.0,81569.0,27950.0,39100.0,40269.0,0,0
44205,27000.0,0.0819,549.93,2,195444.0,0,1,n,13.95,0.0,0.0,12.0,0.0,31793.0,35.0,0,22837.69,22837.69,6036.95,6036.95,4162.31,1874.64,0.0,0.0,0.0,549.93,0.0,1.0,1,0.0,0.0,149563.0,0.0,6.0,1.0,1.0,10.0,117770.0,69.0,0.0,0.0,15829.0,69.0,45300.0,0.0,3.0,4.0,3.0,12464.0,4984.0,80.1,0.0,0.0,328.0,141.0,28.0,10.0,3.0,28.0,4.0,0.0,3.0,4.0,3.0,3.0,26.0,6.0,6.0,5.0,12.0,0.0,0.0,0.0,1.0,100.0,66.7,0.0,0.0,185517.0,149563.0,25000.0,140217.0,0,0
70758,7425.0,0.08810000000000001,235.46,2,165000.0,0,1,n,16.32,0.0,2.0,14.0,0.0,18227.0,45.0,0,5187.4,5187.4,2821.89,2821.89,2237.6,584.29,0.0,0.0,0.0,235.46,0.0,1.0,1,0.0,0.0,75841.0,3.0,3.0,2.0,2.0,7.0,57614.0,87.0,4.0,4.0,11055.0,71.0,35200.0,1.0,1.0,5.0,7.0,5834.0,13796.0,55.1,0.0,0.0,146.0,272.0,2.0,2.0,8.0,2.0,2.0,0.0,5.0,7.0,8.0,15.0,12.0,11.0,25.0,7.0,14.0,0.0,0.0,0.0,7.0,100.0,37.5,0.0,0.0,113950.0,75841.0,30700.0,78750.0,0,0
3316,20000.0,0.08810000000000001,634.23,2,215000.0,1,1,n,22.13,0.0,1.0,17.0,0.0,78064.0,28.0,0,14961.82,14961.82,6322.72,6322.72,5038.18,1284.54,0.0,0.0,0.0,634.23,0.0,1.0,1,0.0,0.0,360048.0,0.0,5.0,1.0,4.0,10.0,81600.0,70.0,1.0,2.0,37006.0,63.0,107000.0,1.0,0.0,3.0,6.0,21179.0,20743.0,61.5,0.0,0.0,165.0,188.0,8.0,8.0,1.0,15.0,0.0,0.0,7.0,9.0,9.0,12.0,9.0,11.0,18.0,9.0,17.0,0.0,0.0,0.0,2.0,96.3,44.4,0.0,0.0,472748.0,159664.0,90900.0,116322.0,0,0
52969,32000.0,0.0819,651.76,2,86400.0,1,1,n,22.26,0.0,2.0,10.0,0.0,22351.0,42.0,0,26576.43,26576.43,7792.0,7792.0,5423.57,2368.43,0.0,0.0,0.0,651.76,0.0,1.0,1,0.0,0.0,303156.0,4.0,5.0,5.0,7.0,2.0,203693.0,91.0,2.0,4.0,1455.0,70.0,39500.0,3.0,0.0,4.0,11.0,30316.0,45.0,97.0,0.0,0.0,225.0,109.0,3.0,2.0,3.0,17.0,2.0,6.0,1.0,4.0,1.0,4.0,30.0,4.0,8.0,4.0,10.0,0.0,0.0,0.0,7.0,77.5,100.0,0.0,0.0,330672.0,226044.0,1500.0,211172.0,0,0
50846,18925.0,0.0756,589.21,2,96000.0,1,1,n,24.93,0.0,1.0,9.0,0.0,10478.0,44.0,0,13085.63,13085.63,7062.57,7062.57,5839.37,1223.2,0.0,0.0,0.0,589.21,0.0,1.0,1,0.0,0.0,246753.0,2.0,4.0,1.0,2.0,3.0,84997.0,76.0,1.0,1.0,6140.0,66.0,24100.0,0.0,0.0,2.0,3.0,27417.0,6660.0,48.0,0.0,0.0,263.0,163.0,5.0,3.0,2.0,42.0,3.0,0.0,1.0,2.0,2.0,6.0,26.0,4.0,16.0,2.0,9.0,0.0,0.0,0.0,2.0,97.7,0.0,0.0,0.0,302936.0,95475.0,12800.0,99250.0,0,0
38175,32325.0,0.124,725.61,1,161000.0,0,1,n,25.81,0.0,1.0,21.0,0.0,38415.0,29.0,0,0.0,0.0,34879.29,34879.29,32325.0,2554.29,0.0,0.0,0.0,29822.29,0.0,1.0,1,0.0,521.0,119659.0,1.0,7.0,1.0,3.0,7.0,81244.0,81.0,1.0,2.0,16668.0,50.0,126000.0,2.0,1.0,3.0,5.0,5698.0,81954.0,27.9,0.0,0.0,120.0,120.0,5.0,5.0,0.0,5.0,5.0,0.0,11.0,12.0,13.0,14.0,14.0,14.0,15.0,12.0,21.0,0.0,0.0,0.0,2.0,100.0,7.7,0.0,0.0,252891.0,119659.0,113700.0,126891.0,0,0
71794,30000.0,0.124,1002.18,1,75000.0,1,1,n,32.45,1.0,1.0,13.0,0.0,2476.0,19.0,0,21205.13,21205.13,12005.49,12005.49,8794.87,3210.62,0.0,0.0,0.0,1002.18,0.0,1.0,1,0.0,0.0,50482.0,2.0,4.0,2.0,3.0,6.0,48006.0,77.0,2.0,3.0,1153.0,69.0,10500.0,3.0,0.0,4.0,6.0,3883.0,7736.0,20.2,0.0,0.0,267.0,118.0,1.0,1.0,0.0,1.0,1.0,1.0,4.0,5.0,8.0,9.0,8.0,9.0,11.0,5.0,13.0,0.0,0.0,1.0,4.0,100.0,0.0,0.0,0.0,73243.0,50482.0,9700.0,62743.0,0,0
55233,8000.0,0.124,267.25,1,60000.0,1,1,n,31.46,0.0,2.0,22.0,0.0,9084.0,30.0,0,5654.67,5654.67,3201.49,3201.49,2345.33,856.16,0.0,0.0,0.0,267.25,0.0,1.0,1,0.0,1255.0,50098.0,2.0,3.0,1.0,3.0,7.0,41014.0,82.0,4.0,7.0,2136.0,34.0,39100.0,8.0,0.0,2.0,10.0,2277.0,25407.0,18.8,0.0,0.0,93.0,82.0,4.0,4.0,0.0,4.0,4.0,0.0,12.0,15.0,15.0,15.0,9.0,19.0,21.0,15.0,22.0,0.0,0.0,0.0,5.0,93.3,0.0,0.0,0.0,87273.0,50098.0,31300.0,48173.0,0,0
67719,6500.0,0.1102,212.87,3,195000.0,0,1,n,12.79,0.0,3.0,7.0,0.0,3459.0,31.0,0,0.0,0.0,7070.551666666,7070.55,6500.0,570.55,0.0,0.0,0.0,4949.81,0.0,1.0,1,0.0,0.0,84070.0,1.0,5.0,1.0,2.0,2.0,80611.0,62.0,0.0,3.0,3459.0,58.0,9700.0,3.0,5.0,8.0,5.0,12010.0,5241.0,39.8,0.0,0.0,129.0,170.0,16.0,2.0,2.0,40.0,2.0,0.0,1.0,1.0,1.0,8.0,10.0,2.0,19.0,1.0,7.0,0.0,0.0,0.0,1.0,83.3,0.0,0.0,0.0,108211.0,84070.0,8700.0,98511.0,0,0
26752,20000.0,0.124,448.95,2,70000.0,0,1,n,23.98,0.0,1.0,16.0,0.0,6937.0,32.0,0,17192.83,17192.83,4910.89,4910.89,2807.17,2103.72,0.0,0.0,0.0,448.95,0.0,1.0,0,0.0,0.0,54141.0,2.0,5.0,3.0,4.0,4.0,47204.0,67.0,1.0,3.0,5035.0,56.0,25300.0,4.0,4.0,5.0,7.0,3609.0,4424.0,57.0,0.0,0.0,159.0,268.0,12.0,4.0,1.0,12.0,1.0,0.0,2.0,4.0,5.0,8.0,11.0,11.0,20.0,4.0,16.0,0.0,0.0,0.0,4.0,96.7,25.0,0.0,0.0,95914.0,54141.0,10300.0,70614.0,0,0
53141,37225.0,0.1102,809.74,2,205000.0,1,1,n,21.42,0.0,1.0,16.0,0.0,57306.0,32.0,0,31317.86,31317.86,9671.3,9671.3,5907.14,3764.16,0.0,0.0,0.0,809.74,0.0,1.0,0,0.0,0.0,432494.0,1.0,8.0,0.0,1.0,15.0,125936.0,82.0,1.0,1.0,19525.0,85.0,62000.0,0.0,1.0,1.0,3.0,27031.0,1827.0,96.8,0.0,0.0,135.0,454.0,5.0,5.0,3.0,101.0,5.0,0.0,5.0,7.0,5.0,9.0,12.0,7.0,17.0,7.0,16.0,0.0,0.0,0.0,1.0,100.0,100.0,0.0,0.0,483792.0,183242.0,58000.0,154317.0,0,0
2632,35000.0,0.1308,797.8,2,110000.0,1,1,n,21.29,1.0,0.0,6.0,0.0,26246.0,12.0,0,30626.76,30626.76,7952.57,7952.57,4373.24,3579.33,0.0,0.0,0.0,797.8,0.0,1.0,1,0.0,548.0,154154.0,0.0,1.0,0.0,1.0,20.0,12278.0,61.0,0.0,0.0,15465.0,76.0,26500.0,1.0,0.0,3.0,1.0,25692.0,254.0,99.0,0.0,0.0,231.0,236.0,38.0,20.0,3.0,38.0,3.0,0.0,2.0,2.0,2.0,2.0,6.0,2.0,2.0,2.0,6.0,0.0,0.0,0.0,0.0,83.3,100.0,0.0,0.0,196379.0,48653.0,26500.0,20000.0,0,0
44575,11900.0,0.2055,318.93,1,125000.0,1,1,n,14.92,1.0,3.0,17.0,0.0,1751.0,25.0,0,10615.82,10615.82,3494.64,3494.64,1284.18,2210.46,0.0,0.0,0.0,318.93,0.0,1.0,1,0.0,391.0,54758.0,5.0,4.0,2.0,5.0,5.0,53007.0,88.0,3.0,6.0,627.0,50.0,16500.0,3.0,1.0,7.0,11.0,3221.0,7070.0,10.5,1.0,0.0,97.0,121.0,1.0,1.0,0.0,17.0,1.0,3.0,4.0,6.0,7.0,10.0,7.0,13.0,18.0,6.0,17.0,0.0,0.0,1.0,5.0,95.2,0.0,0.0,0.0,73322.0,54758.0,7900.0,56822.0,0,0
19106,5350.0,0.17739999999999995,192.72,2,31200.0,0,1,n,38.19,0.0,0.0,7.0,0.0,10671.0,13.0,0,4174.17,4174.17,1921.93,1921.93,1175.83,746.1,0.0,0.0,0.0,192.72,0.0,1.0,1,0.0,0.0,184733.0,0.0,2.0,0.0,1.0,20.0,12418.0,50.0,1.0,2.0,4490.0,55.0,17100.0,1.0,0.0,3.0,3.0,26390.0,4429.0,70.7,0.0,0.0,36.0,92.0,8.0,8.0,3.0,8.0,1.0,0.0,3.0,3.0,3.0,7.0,2.0,4.0,8.0,3.0,7.0,0.0,0.0,0.0,1.0,92.3,33.3,0.0,0.0,237100.0,23089.0,15100.0,25000.0,0,0
27170,10000.0,0.0646,306.31,2,135000.0,0,1,n,12.83,0.0,1.0,7.0,0.0,10468.0,16.0,0,7146.78,7146.78,3362.23,3362.23,2853.22,509.01,0.0,0.0,0.0,306.31,0.0,1.0,1,0.0,0.0,404260.0,1.0,4.0,1.0,3.0,12.0,171524.0,68.0,1.0,1.0,10468.0,65.0,17000.0,1.0,4.0,1.0,4.0,57751.0,6532.0,61.6,0.0,0.0,249.0,117.0,6.0,6.0,1.0,6.0,6.0,2.0,1.0,1.0,2.0,2.0,13.0,2.0,2.0,1.0,7.0,0.0,0.0,0.0,2.0,86.7,50.0,0.0,0.0,372463.0,181992.0,17000.0,120792.0,0,0
7974,11150.0,0.2305,431.91,2,74000.0,1,1,n,22.62,4.0,0.0,15.0,0.0,4232.0,27.0,0,8990.4,8990.4,4074.59,4074.59,2159.6,1914.99,0.0,0.0,0.0,215.96,0.0,1.0,1,0.0,0.0,385719.0,2.0,8.0,2.0,3.0,4.0,70195.0,66.0,0.0,3.0,1946.0,60.0,12200.0,1.0,1.0,0.0,7.0,25715.0,5054.0,27.8,0.0,0.0,205.0,177.0,14.0,4.0,1.0,32.0,13.0,6.0,1.0,4.0,3.0,4.0,14.0,6.0,12.0,4.0,15.0,0.0,0.0,0.0,2.0,59.3,33.3,0.0,0.0,414110.0,74427.0,7000.0,82797.0,1,0
47835,10000.0,0.124,334.06,3,87000.0,0,1,n,24.28,0.0,0.0,27.0,0.0,32254.0,40.0,0,7326.6,7326.6,3660.88,3660.88,2673.4,987.48,0.0,0.0,0.0,0.0,0.0,1.0,1,0.0,0.0,44862.0,0.0,1.0,0.0,1.0,18.0,12608.0,63.0,0.0,3.0,11566.0,53.0,64000.0,0.0,0.0,0.0,4.0,1662.0,3447.0,85.4,0.0,0.0,18.0,222.0,14.0,14.0,0.0,17.0,18.0,0.0,6.0,15.0,6.0,6.0,1.0,26.0,39.0,15.0,27.0,0.0,0.0,0.0,0.0,100.0,50.0,0.0,0.0,84000.0,44862.0,23600.0,20000.0,0,0
25568,15000.0,0.1033,486.34,1,91000.0,1,1,n,19.9,0.0,1.0,6.0,0.0,14007.0,8.0,1,10897.06,10897.06,5341.13,5341.13,4102.94,1238.19,0.0,0.0,0.0,486.34,0.0,1.0,1,0.0,0.0,60481.0,2.0,3.0,1.0,4.0,5.0,46474.0,86.0,1.0,2.0,7212.0,81.0,20900.0,0.0,1.0,1.0,6.0,10080.0,6893.0,67.0,0.0,0.0,33.0,37.0,3.0,3.0,0.0,3.0,3.0,0.0,3.0,3.0,3.0,3.0,5.0,3.0,3.0,3.0,6.0,0.0,0.0,0.0,2.0,100.0,0.0,0.0,0.0,75107.0,60481.0,20900.0,54207.0,0,0
67626,32000.0,0.2305,903.02,1,92500.0,1,1,n,24.23,0.0,0.0,9.0,0.0,37525.0,16.0,0,28149.75,28149.75,10754.28,10754.28,3850.25,6904.03,0.0,0.0,0.0,903.02,0.0,1.0,1,0.0,0.0,52190.0,0.0,4.0,1.0,2.0,8.0,14665.0,58.0,0.0,0.0,14505.0,82.0,38200.0,1.0,0.0,1.0,2.0,5799.0,675.0,98.2,0.0,0.0,166.0,183.0,42.0,8.0,1.0,42.0,8.0,0.0,5.0,5.0,5.0,5.0,8.0,5.0,7.0,5.0,9.0,0.0,0.0,0.0,1.0,100.0,100.0,0.0,0.0,63485.0,52190.0,38200.0,25285.0,0,0
51836,18000.0,0.0646,551.36,1,106000.0,0,1,n,27.79,0.0,0.0,13.0,0.0,15534.0,43.0,0,12382.08,12382.08,6609.86,6609.86,5617.92,991.94,0.0,0.0,0.0,551.36,0.0,1.0,1,0.0,0.0,163294.0,1.0,7.0,1.0,2.0,3.0,147760.0,58.0,0.0,0.0,6838.0,49.0,43700.0,1.0,2.0,0.0,2.0,12561.0,25766.0,37.6,0.0,0.0,167.0,184.0,73.0,3.0,5.0,77.0,16.0,0.0,3.0,3.0,4.0,4.0,32.0,6.0,6.0,3.0,13.0,0.0,0.0,0.0,1.0,100.0,50.0,0.0,0.0,220480.0,163294.0,41300.0,176780.0,0,0
32433,6500.0,0.08810000000000001,206.13,2,157000.0,1,1,n,7.12,0.0,2.0,10.0,0.0,37.0,17.0,0,4692.11,4692.11,2264.25,2264.25,1807.89,456.36,0.0,0.0,0.0,206.13,0.0,1.0,1,0.0,209.0,37078.0,3.0,4.0,3.0,4.0,3.0,37041.0,87.0,2.0,2.0,37.0,44.0,41800.0,3.0,3.0,5.0,6.0,3708.0,41763.0,0.1,0.0,0.0,61.0,120.0,3.0,3.0,0.0,3.0,3.0,0.0,1.0,1.0,6.0,9.0,8.0,6.0,9.0,1.0,10.0,0.0,0.0,0.0,5.0,100.0,0.0,0.0,0.0,84165.0,37078.0,41800.0,42365.0,0,0
52161,8400.0,0.0819,263.97,2,56000.0,0,1,n,30.5,1.0,2.0,11.0,0.0,4083.0,22.0,0,6381.59,6381.59,2635.88,2635.88,2018.41,617.47,0.0,0.0,0.0,263.97,0.0,1.0,1,0.0,0.0,184449.0,3.0,6.0,2.0,4.0,4.0,36441.0,62.0,1.0,1.0,2308.0,54.0,16400.0,2.0,0.0,4.0,6.0,16768.0,4192.0,35.5,0.0,0.0,176.0,211.0,6.0,4.0,3.0,6.0,2.0,1.0,1.0,2.0,2.0,3.0,12.0,4.0,7.0,2.0,11.0,0.0,0.0,0.0,4.0,80.0,0.0,0.0,0.0,220453.0,40524.0,6500.0,59053.0,0,0
17819,7000.0,0.1102,229.24,3,115674.0,0,1,n,33.6,0.0,0.0,25.0,0.0,50408.0,71.0,1,0.0,0.0,7604.24,7604.24,7000.0,604.24,0.0,0.0,0.0,5545.37,0.0,1.0,1,0.0,0.0,363482.0,5.0,4.0,4.0,5.0,2.0,146726.0,82.0,6.0,7.0,11536.0,45.0,152800.0,5.0,17.0,12.0,12.0,14539.0,56471.0,35.9,0.0,0.0,293.0,152.0,2.0,2.0,4.0,2.0,5.0,0.0,7.0,9.0,13.0,19.0,31.0,20.0,36.0,9.0,25.0,0.0,0.0,0.0,10.0,100.0,23.1,0.0,0.0,516369.0,197134.0,88100.0,161626.0,0,0
59212,15000.0,0.1308,341.92,2,115000.0,0,1,n,28.15,0.0,1.0,14.0,0.0,5171.0,28.0,0,12725.82,12725.82,4092.14,4092.14,2274.18,1817.96,0.0,0.0,0.0,341.92,0.0,1.0,1,0.0,0.0,426454.0,2.0,4.0,1.0,3.0,2.0,45287.0,63.0,1.0,1.0,1380.0,46.0,38000.0,3.0,5.0,3.0,4.0,30461.0,31922.0,13.0,0.0,0.0,163.0,273.0,3.0,2.0,2.0,3.0,2.0,0.0,5.0,6.0,7.0,7.0,14.0,9.0,12.0,6.0,14.0,0.0,0.0,0.0,2.0,71.4,14.3,0.0,0.0,527118.0,50458.0,36700.0,72120.0,0,0
30919,14000.0,0.0646,428.84,3,150000.0,1,1,n,12.1,1.0,0.0,10.0,0.0,3857.0,33.0,0,10005.43,10005.43,4712.22,4712.22,3994.57,717.65,0.0,0.0,0.0,428.84,0.0,1.0,1,0.0,0.0,618710.0,3.0,3.0,2.0,2.0,1.0,11527.0,42.0,1.0,1.0,3857.0,21.0,53700.0,0.0,4.0,2.0,4.0,61871.0,35843.0,9.7,0.0,0.0,83.0,379.0,2.0,1.0,3.0,134.0,5.0,0.0,1.0,1.0,4.0,12.0,11.0,5.0,18.0,1.0,10.0,0.0,0.0,0.0,4.0,97.0,0.0,0.0,0.0,693732.0,19207.0,39700.0,27500.0,0,0
70153,13000.0,0.14300000000000002,304.52,3,220000.0,1,1,n,9.82,2.0,0.0,9.0,0.0,425.0,29.0,0,11082.3,11082.3,3643.91,3643.91,1917.7,1726.21,0.0,0.0,0.0,304.52,0.0,1.0,1,0.0,0.0,301912.0,1.0,4.0,4.0,4.0,8.0,138756.0,102.0,1.0,1.0,155.0,74.0,23200.0,3.0,4.0,8.0,5.0,37739.0,21845.0,0.7,0.0,0.0,235.0,196.0,4.0,4.0,5.0,46.0,1.0,5.0,1.0,2.0,2.0,7.0,11.0,3.0,13.0,2.0,9.0,0.0,0.0,1.0,5.0,80.0,0.0,0.0,0.0,308134.0,139181.0,22000.0,120942.0,0,0
38495,10000.0,0.28800000000000003,417.97,1,40000.0,1,1,n,27.9,0.0,2.0,14.0,0.0,10157.0,19.0,0,0.0,0.0,11978.4,11978.4,10000.0,1978.4,0.0,0.0,0.0,9068.61,0.0,1.0,1,0.0,0.0,28955.0,0.0,1.0,0.0,1.0,20.0,18798.0,82.0,2.0,4.0,4322.0,62.0,23600.0,3.0,0.0,3.0,5.0,2068.0,3984.0,61.7,0.0,0.0,49.0,52.0,7.0,7.0,0.0,22.0,0.0,0.0,4.0,9.0,5.0,6.0,4.0,13.0,15.0,9.0,14.0,0.0,0.0,0.0,2.0,100.0,40.0,0.0,0.0,46516.0,28955.0,10400.0,22916.0,0,0
27157,15000.0,0.1171,331.48,2,80000.0,0,1,n,22.25,0.0,0.0,10.0,0.0,13941.0,29.0,0,12861.53,12861.53,3626.76,3626.76,2138.47,1488.29,0.0,0.0,0.0,331.48,0.0,1.0,1,0.0,0.0,70218.0,0.0,4.0,1.0,3.0,11.0,56277.0,76.0,1.0,1.0,8501.0,60.0,43000.0,1.0,0.0,2.0,4.0,7022.0,24759.0,36.0,0.0,0.0,112.0,71.0,11.0,11.0,2.0,11.0,2.0,0.0,5.0,5.0,5.0,5.0,19.0,6.0,8.0,5.0,10.0,0.0,0.0,0.0,2.0,100.0,40.0,0.0,0.0,117462.0,70218.0,38700.0,74462.0,0,0
48010,18000.0,0.2055,674.0,2,62000.0,0,1,n,44.66,1.0,1.0,23.0,2.0,41925.0,33.0,0,15133.67,15133.67,6024.9,6024.9,2866.33,3158.57,0.0,0.0,0.0,674.0,0.0,1.0,0,0.0,0.0,87617.0,1.0,5.0,0.0,3.0,17.0,45692.0,71.0,4.0,8.0,6347.0,71.0,59800.0,2.0,4.0,4.0,11.0,3809.0,7456.0,72.2,0.0,0.0,57.0,92.0,0.0,0.0,0.0,0.0,1.0,0.0,8.0,13.0,10.0,11.0,9.0,18.0,24.0,13.0,23.0,0.0,0.0,0.0,4.0,97.0,30.0,2.0,0.0,124089.0,87617.0,26800.0,64289.0,1,0
25602,15500.0,0.17739999999999995,558.35,1,60000.0,1,1,n,34.78,0.0,2.0,13.0,0.0,15516.0,30.0,0,11598.8,11598.8,6126.57,6126.57,3901.2,2225.37,0.0,0.0,0.0,558.35,0.0,1.0,1,0.0,0.0,91687.0,2.0,5.0,1.0,3.0,4.0,76171.0,84.0,2.0,2.0,6180.0,78.0,27000.0,2.0,7.0,4.0,5.0,7053.0,1350.0,91.0,0.0,0.0,137.0,142.0,5.0,4.0,2.0,5.0,2.0,0.0,3.0,7.0,3.0,3.0,16.0,8.0,12.0,7.0,13.0,0.0,0.0,0.0,3.0,100.0,66.7,0.0,0.0,117452.0,91687.0,15000.0,90452.0,0,0
22347,25000.0,0.1171,826.9,2,105500.0,0,1,n,14.37,1.0,0.0,17.0,0.0,18854.0,39.0,0,18265.43,18265.43,9063.37,9063.37,6734.57,2328.8,0.0,0.0,0.0,826.9,0.0,1.0,1,0.0,0.0,230207.0,1.0,2.0,0.0,2.0,17.0,21209.0,73.0,0.0,1.0,4298.0,50.0,51700.0,2.0,3.0,3.0,5.0,13542.0,22942.0,44.6,1.0,0.0,124.0,131.0,15.0,6.0,6.0,26.0,7.0,1.0,8.0,9.0,10.0,14.0,10.0,14.0,23.0,9.0,17.0,0.0,0.0,1.0,1.0,97.4,10.0,0.0,0.0,274175.0,40063.0,41400.0,28975.0,0,0
32045,15700.0,0.0646,480.91,1,90000.0,0,1,n,16.67,0.0,0.0,9.0,0.0,16311.0,17.0,0,11220.41,11220.41,5284.38,5284.38,4479.59,804.79,0.0,0.0,0.0,480.91,0.0,1.0,1,0.0,0.0,33136.0,0.0,2.0,0.0,1.0,20.0,16825.0,51.0,0.0,0.0,10449.0,22.0,120500.0,1.0,0.0,0.0,1.0,3682.0,104189.0,13.5,0.0,0.0,145.0,170.0,58.0,20.0,0.0,58.0,20.0,0.0,6.0,6.0,7.0,10.0,6.0,7.0,11.0,6.0,9.0,0.0,0.0,0.0,0.0,100.0,0.0,0.0,0.0,153813.0,33136.0,120500.0,33313.0,0,0
60678,13600.0,0.1308,310.0,2,68000.0,1,1,n,8.37,0.0,0.0,16.0,0.0,5659.0,24.0,0,11588.28,11588.28,3695.29,3695.29,2011.72,1683.57,0.0,0.0,0.0,310.0,0.0,1.0,1,0.0,0.0,227529.0,2.0,2.0,1.0,4.0,7.0,14256.0,87.0,2.0,8.0,2401.0,38.0,36700.0,4.0,0.0,5.0,13.0,14221.0,25646.0,12.8,0.0,0.0,46.0,62.0,1.0,1.0,1.0,11.0,7.0,0.0,3.0,5.0,9.0,11.0,5.0,13.0,18.0,5.0,16.0,0.0,0.0,0.0,4.0,100.0,0.0,0.0,0.0,262144.0,19915.0,29400.0,16444.0,0,0
1505,20000.0,0.1033,648.45,1,98000.0,0,1,n,22.46,1.0,0.0,5.0,0.0,13125.0,10.0,0,14961.58,14961.58,6473.02,6473.02,5038.42,1434.6,0.0,0.0,0.0,648.45,0.0,1.0,1,0.0,0.0,26063.0,0.0,2.0,1.0,1.0,12.0,12938.0,24.0,0.0,0.0,10041.0,37.0,17500.0,0.0,2.0,1.0,1.0,5213.0,4375.0,75.0,0.0,17.0,176.0,97.0,72.0,12.0,0.0,72.0,12.0,1.0,2.0,2.0,2.0,3.0,7.0,2.0,3.0,2.0,4.0,0.0,0.0,0.0,1.0,77.8,50.0,0.0,0.0,70869.0,26063.0,17500.0,53369.0,0,0
52646,12425.0,0.0702,383.77,1,70000.0,0,1,n,21.14,0.0,0.0,14.0,0.0,7981.0,15.0,0,0.0,0.0,12799.13,12799.13,12425.0,374.13,0.0,0.0,0.0,11268.9,0.0,1.0,1,0.0,0.0,34850.0,0.0,7.0,0.0,1.0,16.0,26869.0,64.0,1.0,1.0,4349.0,36.0,54900.0,1.0,0.0,0.0,2.0,2489.0,28555.0,20.7,0.0,0.0,88.0,133.0,7.0,7.0,0.0,7.0,16.0,0.0,4.0,6.0,4.0,4.0,7.0,7.0,8.0,6.0,14.0,0.0,0.0,0.0,1.0,100.0,0.0,0.0,0.0,96622.0,34850.0,36000.0,41722.0,0,0
24784,20000.0,0.14300000000000002,686.48,1,70000.0,0,1,n,22.13,0.0,0.0,11.0,0.0,12535.0,16.0,0,14765.91,14765.91,7535.39,7535.39,5234.09,2301.3,0.0,0.0,0.0,686.48,0.0,1.0,1,0.0,69.0,33983.0,0.0,2.0,0.0,0.0,40.0,21448.0,50.0,0.0,0.0,4686.0,57.0,16500.0,1.0,1.0,0.0,0.0,3089.0,2877.0,81.1,0.0,0.0,80.0,69.0,34.0,34.0,0.0,34.0,20.0,0.0,7.0,8.0,7.0,8.0,3.0,9.0,13.0,8.0,11.0,0.0,0.0,0.0,0.0,100.0,57.1,0.0,0.0,59450.0,33983.0,15200.0,42950.0,0,0
17478,36000.0,0.1612,877.75,2,99690.0,0,1,n,20.04,0.0,0.0,8.0,0.0,32262.0,26.0,0,31811.5,31811.5,8745.26,8745.26,4188.5,4556.76,0.0,0.0,0.0,877.75,0.0,1.0,1,0.0,0.0,290222.0,0.0,2.0,1.0,4.0,9.0,35458.0,57.0,0.0,1.0,9833.0,54.0,60000.0,2.0,2.0,1.0,6.0,36278.0,23156.0,29.8,0.0,0.0,84.0,229.0,23.0,9.0,5.0,23.0,9.0,1.0,2.0,3.0,3.0,8.0,7.0,5.0,13.0,3.0,8.0,0.0,0.0,0.0,2.0,100.0,0.0,0.0,0.0,336941.0,67720.0,33000.0,44941.0,0,0
47740,16000.0,0.1171,529.22,2,25000.0,0,1,n,34.9,0.0,0.0,9.0,0.0,2235.0,28.0,0,11689.64,11689.64,5800.6,5800.6,4310.36,1490.24,0.0,0.0,0.0,0.0,0.0,1.0,0,0.0,220.0,156234.0,2.0,2.0,0.0,0.0,37.0,4178.0,24.0,3.0,3.0,605.0,25.0,8300.0,0.0,2.0,1.0,3.0,17359.0,3029.0,18.1,0.0,0.0,137.0,205.0,2.0,2.0,6.0,2.0,7.0,2.0,2.0,6.0,2.0,3.0,11.0,6.0,11.0,6.0,9.0,0.0,0.0,0.0,3.0,75.0,50.0,0.0,0.0,213706.0,6413.0,3700.0,17377.0,0,0
25872,21000.0,0.17739999999999995,756.47,1,120000.0,1,1,n,30.06,1.0,1.0,11.0,0.0,34087.0,40.0,0,15714.56,15714.56,8300.47,8300.47,5285.44,3015.03,0.0,0.0,0.0,756.47,0.0,1.0,1,0.0,0.0,105553.0,2.0,4.0,1.0,1.0,6.0,71466.0,26.0,1.0,1.0,11250.0,52.0,45300.0,0.0,1.0,1.0,2.0,9596.0,1661.0,95.2,0.0,0.0,162.0,96.0,3.0,3.0,0.0,3.0,3.0,0.0,5.0,6.0,5.0,5.0,31.0,7.0,8.0,6.0,11.0,0.0,0.0,0.0,2.0,97.4,80.0,0.0,0.0,154929.0,105553.0,34300.0,109629.0,0,0
14569,25000.0,0.1171,826.9,1,75000.0,1,1,n,35.07,0.0,0.0,8.0,0.0,33867.0,14.0,0,18907.82,18907.82,8236.47,8236.47,6092.18,2144.29,0.0,0.0,0.0,826.9,0.0,1.0,1,0.0,0.0,60575.0,0.0,3.0,0.0,2.0,15.0,26708.0,57.0,0.0,0.0,20920.0,63.0,49400.0,2.0,0.0,0.0,2.0,7572.0,15533.0,68.6,0.0,0.0,158.0,161.0,53.0,15.0,0.0,53.0,15.0,0.0,5.0,5.0,5.0,5.0,8.0,5.0,5.0,5.0,8.0,0.0,0.0,0.0,0.0,100.0,40.0,0.0,0.0,96333.0,60575.0,49400.0,46933.0,0,0
66932,19000.0,0.2565,761.99,2,72890.0,0,1,n,35.96,0.0,1.0,16.0,0.0,40366.0,39.0,0,0.0,0.0,22950.96,22950.96,19000.0,3950.96,0.0,0.0,0.0,16120.13,0.0,1.0,1,0.0,0.0,92269.0,3.0,2.0,2.0,4.0,5.0,38693.0,82.0,2.0,3.0,11285.0,64.0,76700.0,4.0,0.0,2.0,7.0,5767.0,22538.0,63.4,0.0,0.0,164.0,231.0,1.0,1.0,1.0,1.0,5.0,0.0,5.0,6.0,7.0,12.0,17.0,13.0,20.0,6.0,16.0,0.0,0.0,0.0,4.0,100.0,57.1,0.0,0.0,161762.0,79059.0,61600.0,47000.0,0,0
30103,12750.0,0.1102,277.35,2,40000.0,0,1,n,18.72,1.0,0.0,7.0,0.0,680.0,24.0,0,0.0,0.0,13418.93,13418.93,12750.0,668.93,0.0,0.0,0.0,12039.99,0.0,1.0,0,0.0,746.0,201334.0,0.0,2.0,1.0,1.0,9.0,18282.0,54.0,0.0,0.0,0.0,32.0,26000.0,1.0,0.0,1.0,1.0,28762.0,16000.0,0.0,0.0,0.0,196.0,178.0,34.0,9.0,3.0,95.0,9.0,0.0,0.0,1.0,1.0,2.0,13.0,4.0,8.0,1.0,7.0,0.0,0.0,0.0,1.0,95.8,0.0,0.0,0.0,255679.0,18962.0,16000.0,33679.0,0,0
23780,20000.0,0.1033,428.2,2,70000.0,0,1,n,16.53,0.0,2.0,11.0,0.0,1563.0,18.0,0,17059.23,17059.23,4698.72,4698.72,2940.77,1757.95,0.0,0.0,0.0,428.2,0.0,1.0,1,0.0,0.0,137333.0,2.0,2.0,2.0,3.0,3.0,25390.0,72.0,1.0,2.0,1501.0,20.0,98300.0,2.0,1.0,3.0,5.0,12485.0,78959.0,1.9,0.0,0.0,207.0,124.0,4.0,3.0,2.0,4.0,3.0,0.0,2.0,3.0,5.0,6.0,6.0,8.0,10.0,3.0,11.0,0.0,0.0,0.0,3.0,100.0,0.0,0.0,0.0,276756.0,26953.0,80500.0,35456.0,0,0
29713,8550.0,0.17739999999999995,307.99,1,34296.0,0,1,n,10.6,0.0,0.0,12.0,0.0,7516.0,14.0,0,8255.92,8255.92,1654.95,1654.95,294.08,1360.87,0.0,0.0,0.0,242.27,0.0,1.0,1,0.0,0.0,10265.0,0.0,1.0,0.0,0.0,99.0,2749.0,82.0,1.0,2.0,1792.0,77.0,10000.0,0.0,0.0,0.0,2.0,855.0,360.0,94.5,0.0,0.0,99.0,76.0,9.0,9.0,0.0,27.0,19.0,0.0,6.0,9.0,6.0,7.0,1.0,11.0,13.0,9.0,12.0,0.0,0.0,0.0,1.0,100.0,100.0,0.0,0.0,13338.0,10265.0,6600.0,3338.0,1,0
26253,40000.0,0.0646,1225.24,2,122000.0,0,1,n,24.98,0.0,0.0,17.0,0.0,40113.0,28.0,0,28587.13,28587.13,13463.28,13463.28,11412.87,2050.41,0.0,0.0,0.0,1225.24,0.0,1.0,0,0.0,0.0,461626.0,2.0,3.0,1.0,3.0,8.0,27117.0,66.0,2.0,3.0,8277.0,51.0,97100.0,1.0,4.0,0.0,6.0,27154.0,56987.0,41.3,0.0,0.0,188.0,178.0,1.0,1.0,2.0,1.0,14.0,0.0,10.0,10.0,11.0,18.0,6.0,11.0,19.0,10.0,17.0,0.0,0.0,0.0,3.0,100.0,0.0,0.0,0.0,591830.0,73523.0,97100.0,41137.0,0,0
5331,40000.0,0.0646,1225.24,2,180000.0,0,1,n,12.91,0.0,0.0,14.0,0.0,39773.0,22.0,0,30712.64,30712.64,11012.8,11012.8,9287.36,1725.44,0.0,0.0,0.0,0.0,0.0,1.0,1,0.0,0.0,52815.0,1.0,6.0,0.0,0.0,62.0,8172.0,18.0,1.0,1.0,13059.0,37.0,88400.0,0.0,1.0,1.0,1.0,3773.0,48627.0,45.0,0.0,0.0,158.0,104.0,2.0,2.0,0.0,2.0,4.0,0.0,6.0,6.0,6.0,6.0,15.0,6.0,6.0,6.0,14.0,0.0,0.0,0.0,1.0,100.0,16.7,0.0,0.0,141430.0,52815.0,88400.0,45479.0,0,0
22771,2500.0,0.1612,88.05,3,11623.0,0,1,n,21.69,0.0,0.0,3.0,1.0,174.0,10.0,0,1858.96,1858.96,966.31,966.31,641.04,325.27,0.0,0.0,0.0,88.05,0.0,1.0,0,0.0,0.0,4187.0,0.0,1.0,1.0,1.0,10.0,4013.0,80.0,1.0,2.0,174.0,62.0,1800.0,2.0,0.0,3.0,3.0,1396.0,626.0,21.8,0.0,0.0,269.0,16.0,7.0,7.0,0.0,16.0,7.0,0.0,1.0,1.0,1.0,1.0,8.0,2.0,2.0,1.0,3.0,0.0,0.0,0.0,2.0,100.0,0.0,1.0,0.0,6800.0,4187.0,800.0,5000.0,0,0
47072,26550.0,0.124,595.98,2,55848.0,0,1,n,29.69,0.0,1.0,12.0,0.0,21414.0,30.0,0,22822.17,22822.17,6519.2,6519.2,3727.83,2791.37,0.0,0.0,0.0,0.0,0.0,1.0,0,0.0,0.0,298554.0,3.0,4.0,2.0,3.0,5.0,33002.0,73.0,1.0,1.0,2112.0,58.0,48800.0,1.0,8.0,1.0,4.0,24880.0,16477.0,11.9,0.0,0.0,233.0,252.0,0.0,0.0,3.0,38.0,0.0,0.0,2.0,6.0,2.0,3.0,12.0,7.0,15.0,6.0,12.0,0.0,0.0,0.0,3.0,96.6,0.0,0.0,0.0,349631.0,54416.0,18700.0,45456.0,0,0
25049,10000.0,0.124,334.06,3,25700.0,0,1,n,38.67,0.0,1.0,14.0,0.0,9157.0,19.0,0,3465.23,3465.23,7398.23,7398.23,6534.77,863.46,0.0,0.0,0.0,334.06,0.0,1.0,1,0.0,0.0,27594.0,2.0,2.0,0.0,1.0,16.0,18437.0,60.0,3.0,3.0,5375.0,36.0,46700.0,0.0,0.0,1.0,4.0,1971.0,28743.0,24.2,0.0,0.0,65.0,58.0,2.0,2.0,0.0,2.0,2.0,0.0,4.0,4.0,8.0,9.0,5.0,12.0,14.0,4.0,14.0,0.0,0.0,0.0,3.0,100.0,12.5,0.0,0.0,77682.0,27594.0,37900.0,30982.0,0,0
13392,20000.0,0.124,448.95,1,85000.0,0,1,n,7.77,0.0,1.0,10.0,0.0,2352.0,13.0,0,17562.36,17562.36,4475.72,4475.72,2437.64,2038.08,0.0,0.0,0.0,448.95,0.0,1.0,1,0.0,0.0,12451.0,1.0,1.0,1.0,1.0,8.0,10099.0,86.0,1.0,2.0,1863.0,45.0,15700.0,1.0,0.0,2.0,3.0,1245.0,4348.0,35.1,0.0,0.0,154.0,244.0,1.0,1.0,0.0,17.0,1.0,0.0,3.0,3.0,5.0,5.0,3.0,9.0,10.0,3.0,10.0,0.0,0.0,0.0,2.0,100.0,20.0,0.0,0.0,27400.0,12451.0,6700.0,11700.0,0,0
49457,10800.0,0.2565,433.13,3,30000.0,0,1,n,29.36,0.0,0.0,6.0,0.0,11126.0,19.0,1,8065.93,8065.93,5182.17,5182.17,2734.07,2448.1,0.0,0.0,0.0,433.13,0.0,1.0,1,0.0,0.0,20482.0,0.0,1.0,0.0,1.0,16.0,9356.0,59.0,1.0,3.0,5694.0,69.0,13500.0,1.0,0.0,0.0,4.0,3414.0,1292.0,89.0,0.0,0.0,123.0,127.0,11.0,11.0,0.0,11.0,16.0,0.0,4.0,5.0,4.0,4.0,7.0,5.0,12.0,5.0,6.0,0.0,0.0,0.0,1.0,100.0,50.0,0.0,0.0,29500.0,20482.0,11700.0,16000.0,0,0
23706,4250.0,0.1171,140.58,3,34000.0,0,1,n,7.66,0.0,1.0,6.0,0.0,2365.0,14.0,0,3105.04,3105.04,1543.62,1543.62,1144.96,398.66,0.0,0.0,0.0,140.58,0.0,1.0,1,0.0,0.0,5059.0,2.0,1.0,1.0,1.0,5.0,2694.0,90.0,1.0,2.0,1053.0,48.0,7600.0,1.0,1.0,2.0,3.0,1012.0,5235.0,31.1,0.0,0.0,98.0,291.0,2.0,2.0,0.0,2.0,5.0,0.0,4.0,4.0,4.0,4.0,6.0,5.0,8.0,4.0,6.0,0.0,0.0,0.0,2.0,100.0,50.0,0.0,0.0,10600.0,5059.0,7600.0,3000.0,0,0
25085,5250.0,0.0756,163.46,1,68000.0,0,1,n,17.91,0.0,0.0,6.0,0.0,5234.0,8.0,0,3769.72,3769.72,1795.86,1795.86,1480.28,315.58,0.0,0.0,0.0,163.46,0.0,1.0,1,0.0,0.0,25274.0,0.0,1.0,1.0,1.0,10.0,20040.0,77.0,0.0,2.0,2998.0,39.0,88000.0,1.0,0.0,1.0,3.0,4212.0,82766.0,13.4,0.0,0.0,10.0,137.0,18.0,10.0,0.0,18.0,10.0,0.0,5.0,5.0,5.0,7.0,1.0,5.0,7.0,5.0,6.0,0.0,0.0,0.0,1.0,100.0,0.0,0.0,0.0,114000.0,25274.0,88000.0,26000.0,0,0
1651,12000.0,0.0819,377.09,3,62000.0,0,1,n,23.07,0.0,1.0,16.0,0.0,1893.0,24.0,0,8864.83,8864.83,3865.44,3865.44,3135.17,730.27,0.0,0.0,0.0,377.09,0.0,1.0,1,0.0,0.0,29599.0,5.0,3.0,1.0,4.0,11.0,27706.0,69.0,5.0,6.0,1126.0,34.0,46900.0,6.0,0.0,2.0,10.0,1850.0,43728.0,3.7,0.0,0.0,133.0,235.0,2.0,2.0,2.0,2.0,1.0,0.0,6.0,7.0,12.0,13.0,8.0,13.0,14.0,7.0,16.0,0.0,0.0,0.0,6.0,100.0,0.0,0.0,0.0,87098.0,29599.0,45400.0,40198.0,0,0
62549,7000.0,0.0702,216.21,2,220000.0,1,1,n,8.15,0.0,0.0,13.0,0.0,11905.0,17.0,0,4827.88,4827.88,2587.7,2587.7,2172.12,415.58,0.0,0.0,0.0,216.21,0.0,1.0,1,0.0,0.0,795021.0,3.0,3.0,1.0,2.0,3.0,49825.0,84.0,2.0,2.0,5225.0,64.0,37300.0,0.0,0.0,2.0,5.0,61155.0,24675.0,32.2,0.0,0.0,155.0,402.0,3.0,3.0,1.0,3.0,8.0,0.0,7.0,8.0,7.0,8.0,5.0,9.0,11.0,8.0,13.0,0.0,0.0,0.0,4.0,100.0,0.0,0.0,0.0,832960.0,61730.0,36400.0,59245.0,0,0
32117,21275.0,0.0819,433.32,2,100000.0,0,1,n,31.6,0.0,1.0,20.0,0.0,28944.0,44.0,0,0.0,0.0,22366.75,22366.75,21275.0,1091.75,0.0,0.0,0.0,19776.51,0.0,1.0,1,0.0,0.0,147985.0,1.0,4.0,2.0,4.0,4.0,48640.0,67.0,2.0,2.0,3853.0,46.0,95000.0,4.0,0.0,3.0,6.0,7399.0,58496.0,7.6,0.0,0.0,104.0,162.0,11.0,4.0,7.0,11.0,4.0,0.0,3.0,5.0,10.0,16.0,12.0,15.0,24.0,5.0,20.0,0.0,0.0,0.0,4.0,100.0,0.0,0.0,0.0,271273.0,77584.0,63300.0,72973.0,0,0
68517,14000.0,0.0819,285.15,2,57000.0,0,1,n,20.13,0.0,1.0,15.0,0.0,16268.0,26.0,0,0.0,0.0,14025.13875,14025.14,14000.0,25.14,0.0,0.0,0.0,14037.88,0.0,1.0,1,0.0,0.0,164525.0,2.0,4.0,0.0,0.0,42.0,76757.0,54.0,3.0,5.0,4570.0,42.0,48100.0,0.0,0.0,1.0,7.0,10968.0,28232.0,36.6,0.0,0.0,172.0,129.0,4.0,4.0,2.0,4.0,4.0,0.0,4.0,4.0,5.0,7.0,12.0,9.0,12.0,4.0,15.0,0.0,0.0,0.0,3.0,100.0,20.0,0.0,0.0,198905.0,93025.0,44500.0,78085.0,0,0
24962,24000.0,0.1308,547.06,1,45000.0,0,1,n,22.43,0.0,1.0,14.0,0.0,17677.0,17.0,0,20684.45,20684.45,6000.22,6000.22,3315.55,2684.67,0.0,0.0,0.0,547.06,0.0,1.0,1,0.0,0.0,20521.0,1.0,1.0,0.0,1.0,23.0,2844.0,44.0,1.0,1.0,5074.0,65.0,25300.0,1.0,1.0,1.0,2.0,1466.0,1612.0,90.9,0.0,0.0,77.0,88.0,2.0,2.0,0.0,53.0,2.0,0.0,7.0,12.0,7.0,9.0,2.0,13.0,15.0,12.0,14.0,0.0,0.0,0.0,1.0,100.0,100.0,0.0,0.0,31800.0,20521.0,17700.0,6500.0,0,0
24111,2500.0,0.08810000000000001,79.28,2,60000.0,0,1,n,16.47,0.0,0.0,8.0,0.0,17123.0,31.0,0,1876.09,1876.09,791.58,791.58,623.91,167.67,0.0,0.0,0.0,79.28,0.0,1.0,1,0.0,0.0,281377.0,2.0,1.0,1.0,2.0,12.0,7227.0,72.0,1.0,3.0,9409.0,43.0,47000.0,0.0,4.0,1.0,6.0,35172.0,26559.0,38.2,0.0,0.0,235.0,354.0,3.0,3.0,4.0,3.0,6.0,1.0,3.0,4.0,5.0,7.0,13.0,6.0,14.0,4.0,8.0,0.0,0.0,0.0,3.0,96.8,20.0,0.0,0.0,315250.0,24350.0,43000.0,10000.0,0,0
23818,31275.0,0.2055,838.2,1,131000.0,1,1,n,11.08,1.0,1.0,9.0,0.0,19926.0,11.0,0,27528.74,27528.74,9284.49,9284.49,3746.26,5538.23,0.0,0.0,0.0,838.2,0.0,1.0,1,0.0,0.0,34586.0,0.0,3.0,1.0,2.0,9.0,14660.0,43.0,0.0,0.0,16859.0,58.0,25600.0,1.0,4.0,1.0,2.0,3843.0,1628.0,91.9,0.0,0.0,67.0,81.0,54.0,9.0,0.0,54.0,0.0,0.0,3.0,4.0,3.0,4.0,4.0,6.0,7.0,4.0,9.0,0.0,0.0,0.0,1.0,81.8,33.3,0.0,0.0,60112.0,34586.0,20000.0,34512.0,0,0
19969,37000.0,0.0646,1133.34,3,125000.0,0,1,n,22.74,0.0,1.0,17.0,0.0,49382.0,29.0,0,0.0,0.0,38218.24,38218.24,37000.0,1218.24,0.0,0.0,0.0,32564.82,0.0,1.0,1,0.0,0.0,89096.0,1.0,3.0,0.0,2.0,16.0,39714.0,67.0,1.0,3.0,14369.0,61.0,87400.0,0.0,1.0,1.0,5.0,5241.0,13991.0,71.9,0.0,0.0,175.0,244.0,2.0,2.0,0.0,20.0,3.0,0.0,6.0,11.0,7.0,7.0,11.0,14.0,18.0,11.0,17.0,0.0,0.0,0.0,1.0,100.0,42.9,0.0,0.0,146305.0,89096.0,49800.0,58905.0,0,0
27328,4000.0,0.0646,122.53,1,44400.0,0,1,n,11.73,0.0,0.0,9.0,0.0,7982.0,12.0,0,2858.65,2858.65,1344.96,1344.96,1141.35,203.61,0.0,0.0,0.0,122.53,0.0,1.0,1,0.0,0.0,9215.0,0.0,1.0,0.0,1.0,24.0,1233.0,31.0,0.0,1.0,3320.0,25.0,33300.0,2.0,0.0,1.0,2.0,1024.0,16213.0,29.5,0.0,0.0,74.0,142.0,15.0,15.0,0.0,46.0,9.0,0.0,3.0,6.0,4.0,6.0,2.0,8.0,10.0,6.0,9.0,0.0,0.0,0.0,0.0,100.0,0.0,0.0,0.0,37300.0,9215.0,23000.0,4000.0,0,0
47792,28000.0,0.1102,609.07,2,12000.0,0,1,n,178.0,0.0,0.0,12.0,0.0,4833.0,24.0,0,23945.75,23945.75,6665.49,6665.49,4054.25,2611.24,0.0,0.0,0.0,0.0,0.0,1.0,0,0.0,0.0,164250.0,1.0,5.0,3.0,4.0,2.0,77102.0,78.0,0.0,1.0,2642.0,63.0,20800.0,1.0,7.0,3.0,5.0,14932.0,15040.0,22.1,0.0,0.0,166.0,325.0,19.0,2.0,4.0,19.0,0.0,0.0,2.0,3.0,4.0,5.0,13.0,6.0,7.0,3.0,12.0,0.0,0.0,0.0,3.0,100.0,0.0,0.0,0.0,216723.0,81935.0,19300.0,95623.0,0,0
65441,12000.0,0.08810000000000001,248.0,3,68000.0,1,1,n,13.62,0.0,3.0,14.0,0.0,6768.0,18.0,0,9392.93,9392.93,3570.13,3570.13,2607.07,963.06,0.0,0.0,0.0,248.0,0.0,1.0,1,0.0,0.0,27607.0,4.0,2.0,0.0,1.0,15.0,20839.0,73.0,4.0,6.0,5231.0,38.0,43600.0,1.0,2.0,3.0,7.0,1972.0,25455.0,20.9,0.0,0.0,43.0,49.0,1.0,1.0,0.0,3.0,3.0,0.0,6.0,7.0,9.0,9.0,4.0,12.0,14.0,8.0,14.0,0.0,0.0,0.0,4.0,100.0,0.0,0.0,0.0,72309.0,27607.0,32200.0,28709.0,0,0
40256,17775.0,0.1308,599.6,2,230000.0,1,1,n,18.09,0.0,0.0,10.0,0.0,15228.0,32.0,0,14468.85,14468.85,5370.57,5370.57,3306.15,2064.42,0.0,0.0,0.0,599.6,0.0,1.0,1,0.0,0.0,316405.0,0.0,3.0,2.0,2.0,10.0,60279.0,67.0,2.0,3.0,9832.0,61.0,25500.0,2.0,2.0,4.0,5.0,31641.0,3668.0,72.8,0.0,0.0,152.0,181.0,9.0,9.0,3.0,11.0,10.0,1.0,1.0,3.0,2.0,5.0,11.0,5.0,17.0,3.0,10.0,0.0,0.0,0.0,4.0,96.9,50.0,0.0,0.0,439827.0,89663.0,13500.0,77118.0,0,0
24045,15950.0,0.1171,527.57,2,53000.0,1,1,n,19.36,0.0,0.0,10.0,0.0,12839.0,19.0,0,11653.26,11653.26,5792.89,5792.89,4296.74,1496.15,0.0,0.0,0.0,527.57,0.0,1.0,1,0.0,0.0,141132.0,0.0,1.0,0.0,1.0,21.0,22583.0,78.0,1.0,2.0,4952.0,62.0,27700.0,7.0,5.0,1.0,4.0,14113.0,6141.0,63.2,0.0,0.0,107.0,80.0,10.0,10.0,1.0,10.0,10.0,0.0,4.0,6.0,4.0,7.0,7.0,8.0,11.0,6.0,10.0,0.0,0.0,0.0,1.0,94.7,25.0,0.0,0.0,164741.0,35422.0,16700.0,29041.0,0,0
21717,5950.0,0.16949999999999998,211.99,1,100000.0,1,1,n,15.15,0.0,3.0,15.0,0.0,8614.0,28.0,0,0.0,0.0,6214.96,6214.96,5950.0,264.96,0.0,0.0,0.0,0.0,0.0,1.0,1,0.0,0.0,25977.0,3.0,2.0,1.0,2.0,9.0,17339.0,68.0,4.0,7.0,4098.0,33.0,28200.0,1.0,0.0,4.0,9.0,1856.0,6171.0,44.9,0.0,0.0,173.0,368.0,4.0,4.0,0.0,6.0,4.0,1.0,4.0,9.0,4.0,5.0,14.0,11.0,12.0,9.0,15.0,0.0,0.0,0.0,5.0,75.0,25.0,0.0,0.0,79065.0,25977.0,11200.0,25572.0,0,0
27192,15000.0,0.08810000000000001,475.68,2,107000.0,1,1,n,22.9,0.0,0.0,9.0,0.0,33832.0,29.0,0,10784.54,10784.54,5217.8,5217.8,4215.46,1002.34,0.0,0.0,0.0,475.68,0.0,1.0,1,0.0,0.0,257342.0,0.0,3.0,1.0,5.0,9.0,48922.0,82.0,0.0,0.0,10155.0,80.0,43300.0,1.0,11.0,0.0,5.0,28594.0,8702.0,70.3,0.0,0.0,145.0,158.0,52.0,9.0,4.0,112.0,13.0,0.0,3.0,5.0,3.0,5.0,15.0,5.0,10.0,5.0,9.0,0.0,0.0,0.0,1.0,100.0,66.7,0.0,0.0,323826.0,82754.0,29300.0,60526.0,0,0
45021,14400.0,0.1612,507.12,2,47000.0,0,1,n,30.98,0.0,0.0,13.0,0.0,13158.0,31.0,1,10708.17,10689.58,5565.42,5555.76,3691.83,1873.59,0.0,0.0,0.0,507.12,0.0,1.0,1,0.0,0.0,174924.0,1.0,2.0,1.0,2.0,11.0,11536.0,39.0,1.0,2.0,5585.0,41.0,32400.0,1.0,1.0,4.0,5.0,13456.0,18842.0,42.6,0.0,0.0,79.0,69.0,12.0,6.0,2.0,12.0,7.0,0.0,6.0,6.0,9.0,9.0,18.0,10.0,11.0,6.0,13.0,0.0,0.0,0.0,3.0,96.7,22.2,0.0,0.0,213087.0,24694.0,32000.0,29334.0,0,0
7552,16000.0,0.08810000000000001,507.39,1,225000.0,0,1,n,12.51,2.0,0.0,24.0,0.0,24747.0,37.0,0,0.0,0.0,16303.46,16303.46,16000.0,303.46,0.0,0.0,0.0,16311.29,0.0,1.0,1,0.0,0.0,96240.0,0.0,9.0,0.0,0.0,31.0,71493.0,84.0,0.0,1.0,3933.0,76.0,41400.0,0.0,0.0,0.0,1.0,4184.0,12840.0,55.4,0.0,0.0,171.0,179.0,20.0,20.0,0.0,28.0,15.0,1.0,11.0,14.0,12.0,14.0,16.0,15.0,21.0,14.0,24.0,0.0,0.0,1.0,0.0,91.4,27.3,0.0,0.0,126111.0,96240.0,28800.0,84711.0,0,0
64370,6000.0,0.1308,202.4,2,100000.0,0,1,n,16.33,0.0,0.0,12.0,0.0,13989.0,30.0,0,0.0,0.0,6061.16,6061.16,6000.0,61.16,0.0,0.0,0.0,0.12,0.0,1.0,1,0.0,0.0,246979.0,1.0,3.0,1.0,2.0,9.0,55087.0,79.0,1.0,1.0,4049.0,63.0,30800.0,2.0,3.0,4.0,4.0,20582.0,7624.0,52.6,0.0,0.0,149.0,171.0,11.0,4.0,2.0,29.0,5.0,0.0,5.0,6.0,5.0,5.0,17.0,8.0,11.0,6.0,12.0,0.0,0.0,0.0,3.0,96.7,20.0,0.0,0.0,284246.0,69076.0,16100.0,74992.0,0,0
64843,4250.0,0.14300000000000002,145.88,2,80000.0,1,1,n,23.72,1.0,0.0,6.0,0.0,3256.0,29.0,0,3029.24,3029.24,1747.18,1747.18,1220.76,526.42,0.0,0.0,0.0,145.88,0.0,1.0,0,0.0,0.0,39025.0,1.0,3.0,2.0,3.0,1.0,35769.0,73.0,0.0,1.0,488.0,73.0,4600.0,0.0,2.0,4.0,4.0,6504.0,512.0,48.8,0.0,0.0,158.0,290.0,15.0,1.0,4.0,139.0,1.0,0.0,1.0,2.0,1.0,4.0,11.0,3.0,13.0,2.0,6.0,0.0,0.0,0.0,2.0,93.1,0.0,0.0,0.0,53476.0,39025.0,1000.0,48876.0,0,0
39715,5300.0,0.17739999999999995,190.92,1,40000.0,1,1,n,31.63,0.0,0.0,14.0,0.0,5916.0,18.0,0,0.0,0.0,5833.92,5833.92,5300.0,533.92,0.0,0.0,0.0,4889.77,0.0,1.0,1,0.0,0.0,38349.0,2.0,2.0,1.0,2.0,9.0,32433.0,84.0,3.0,5.0,1411.0,59.0,26600.0,2.0,0.0,4.0,7.0,2739.0,3394.0,32.1,0.0,0.0,28.0,129.0,1.0,1.0,0.0,5.0,5.0,0.0,2.0,7.0,2.0,3.0,3.0,12.0,15.0,7.0,14.0,0.0,0.0,0.0,4.0,100.0,0.0,0.0,0.0,65012.0,38349.0,5000.0,38412.0,0,0
26331,31900.0,0.1308,727.14,2,98000.0,1,1,n,19.74,0.0,0.0,12.0,0.0,29475.0,28.0,0,27555.79,27555.79,7975.36,7975.36,4344.21,3631.15,0.0,0.0,0.0,727.14,0.0,1.0,1,0.0,0.0,446048.0,1.0,2.0,0.0,2.0,21.0,42349.0,60.0,1.0,2.0,13178.0,63.0,45500.0,1.0,0.0,0.0,6.0,37171.0,13052.0,68.9,0.0,0.0,283.0,367.0,4.0,4.0,5.0,4.0,19.0,0.0,6.0,7.0,7.0,10.0,9.0,9.0,13.0,7.0,12.0,0.0,0.0,0.0,1.0,96.4,28.6,0.0,0.0,488152.0,71824.0,42000.0,59652.0,0,0
8343,25000.0,0.28800000000000003,1044.93,1,105000.0,1,1,n,17.14,0.0,2.0,9.0,0.0,9915.0,19.0,0,20038.09,20038.09,10369.3,10369.3,4961.91,5407.39,0.0,0.0,0.0,1044.93,0.0,1.0,1,0.0,0.0,52823.0,3.0,3.0,1.0,4.0,5.0,42908.0,71.0,2.0,4.0,4624.0,54.0,37600.0,3.0,3.0,3.0,8.0,5869.0,27685.0,26.4,0.0,0.0,161.0,186.0,1.0,1.0,0.0,1.0,1.0,2.0,3.0,3.0,6.0,7.0,11.0,6.0,8.0,3.0,9.0,0.0,0.0,0.0,3.0,88.2,16.7,0.0,0.0,97800.0,52823.0,37600.0,60200.0,0,0
60260,40000.0,0.1033,1296.9,2,135000.0,1,1,n,17.96,0.0,1.0,13.0,1.0,7482.0,52.0,0,28012.17,28012.17,15505.41,15505.41,11987.83,3517.58,0.0,0.0,0.0,1296.9,0.0,1.0,1,0.0,0.0,494727.0,1.0,4.0,1.0,2.0,3.0,125613.0,68.0,0.0,1.0,7380.0,45.0,41600.0,1.0,5.0,4.0,3.0,38056.0,29118.0,20.4,0.0,0.0,216.0,226.0,23.0,3.0,6.0,23.0,0.0,0.0,2.0,2.0,7.0,8.0,33.0,8.0,13.0,2.0,13.0,0.0,0.0,0.0,1.0,98.0,14.3,1.0,0.0,576726.0,133095.0,36600.0,147866.0,0,0
28865,8925.0,0.1171,295.21,2,65000.0,1,1,n,15.01,0.0,0.0,12.0,0.0,9449.0,21.0,0,6520.68,6520.68,3235.7,3235.7,2404.32,831.38,0.0,0.0,0.0,295.21,0.0,1.0,1,0.0,0.0,189646.0,4.0,2.0,1.0,2.0,12.0,25434.0,84.0,4.0,4.0,3814.0,53.0,34900.0,3.0,7.0,3.0,7.0,15804.0,11097.0,33.2,0.0,0.0,166.0,243.0,3.0,3.0,1.0,5.0,7.0,0.0,2.0,6.0,3.0,4.0,8.0,9.0,12.0,6.0,12.0,0.0,0.0,0.0,6.0,100.0,0.0,0.0,0.0,221034.0,34883.0,16600.0,30449.0,0,0
49401,13000.0,0.1862,474.04,1,48000.0,1,1,n,21.13,3.0,0.0,21.0,0.0,4677.0,30.0,0,1760.59,1760.59,13187.54,13187.54,11239.41,1948.13,0.0,0.0,0.0,0.0,0.0,1.0,1,0.0,0.0,27051.0,3.0,6.0,2.0,5.0,11.0,22374.0,78.0,5.0,7.0,1837.0,58.0,17100.0,0.0,0.0,0.0,12.0,1288.0,5741.0,43.7,0.0,0.0,160.0,60.0,0.0,0.0,0.0,7.0,21.0,1.0,5.0,7.0,8.0,8.0,13.0,14.0,16.0,7.0,21.0,0.0,0.0,0.0,7.0,83.3,25.0,0.0,0.0,47027.0,27051.0,10200.0,28710.0,0,0
42092,15000.0,0.17739999999999995,540.34,2,30000.0,0,1,n,22.64,0.0,1.0,8.0,0.0,11380.0,13.0,0,11224.64,11224.64,5928.96,5928.96,3775.36,2153.6,0.0,0.0,0.0,540.34,0.0,1.0,1,0.0,0.0,19621.0,1.0,1.0,0.0,1.0,18.0,8241.0,82.0,1.0,3.0,5513.0,42.0,36900.0,0.0,0.0,1.0,4.0,2453.0,23196.0,32.6,0.0,0.0,97.0,69.0,3.0,3.0,0.0,3.0,3.0,0.0,4.0,5.0,5.0,6.0,3.0,7.0,10.0,5.0,8.0,0.0,0.0,0.0,1.0,100.0,0.0,0.0,0.0,46900.0,19621.0,34400.0,10000.0,0,0
30542,8400.0,0.1612,295.82,2,63000.0,0,1,n,12.23,0.0,1.0,7.0,0.0,2617.0,10.0,0,6499.22,6499.22,2950.68,2950.68,1900.78,1049.9,0.0,0.0,0.0,0.0,0.0,1.0,1,0.0,0.0,89402.0,3.0,2.0,2.0,4.0,4.0,13062.0,95.0,2.0,4.0,1224.0,77.0,6600.0,3.0,0.0,2.0,8.0,12772.0,3983.0,39.7,0.0,0.0,133.0,15.0,3.0,3.0,1.0,3.0,6.0,1.0,4.0,4.0,4.0,4.0,5.0,4.0,4.0,4.0,7.0,0.0,0.0,0.0,4.0,90.0,0.0,0.0,0.0,158770.0,15679.0,6600.0,13696.0,0,0
75371,5000.0,0.08810000000000001,158.56,3,115000.0,0,1,n,2.72,0.0,1.0,4.0,0.0,2705.0,9.0,0,3477.27,3477.27,1897.83,1897.83,1522.73,375.1,0.0,0.0,0.0,158.56,0.0,1.0,1,0.0,0.0,305494.0,0.0,1.0,0.0,1.0,14.0,4124.0,69.0,0.0,1.0,2705.0,58.0,5800.0,3.0,2.0,8.0,3.0,76374.0,2495.0,52.0,0.0,0.0,92.0,96.0,15.0,9.0,1.0,15.0,6.0,0.0,1.0,1.0,1.0,2.0,5.0,2.0,3.0,1.0,4.0,0.0,0.0,0.0,1.0,100.0,0.0,0.0,0.0,313081.0,6829.0,5200.0,6000.0,0,0
72003,14725.0,0.0756,458.45,2,97000.0,0,1,n,23.93,0.0,1.0,16.0,0.0,18067.0,23.0,0,9045.45,9045.45,6661.42,6661.42,5679.55,981.87,0.0,0.0,0.0,458.45,0.0,1.0,1,0.0,0.0,131083.0,1.0,2.0,1.0,2.0,3.0,40870.0,59.0,1.0,2.0,10663.0,42.0,56000.0,3.0,2.0,1.0,4.0,8193.0,23033.0,44.0,0.0,0.0,151.0,219.0,7.0,3.0,2.0,7.0,3.0,0.0,4.0,4.0,6.0,6.0,6.0,13.0,15.0,4.0,16.0,0.0,0.0,0.0,2.0,100.0,16.7,0.0,0.0,210517.0,58937.0,41100.0,70523.0,0,0
76292,3600.0,0.16949999999999998,128.27,1,37000.0,1,1,n,26.34,0.0,0.0,11.0,0.0,10485.0,15.0,0,2595.28,2595.28,1532.46,1532.46,1004.72,527.74,0.0,0.0,0.0,128.27,0.0,1.0,1,0.0,0.0,25178.0,1.0,2.0,0.0,1.0,13.0,14693.0,74.0,1.0,3.0,2513.0,65.0,19000.0,1.0,0.0,0.0,4.0,2289.0,2656.0,79.6,0.0,0.0,129.0,57.0,4.0,4.0,0.0,4.0,13.0,0.0,8.0,9.0,8.0,8.0,5.0,9.0,10.0,9.0,11.0,0.0,0.0,0.0,1.0,100.0,87.5,0.0,0.0,38848.0,25178.0,13000.0,19848.0,0,0
39945,40000.0,0.1612,975.28,2,118000.0,1,1,n,29.22,0.0,0.0,19.0,0.0,54241.0,46.0,0,34845.62,34845.62,10656.44,10656.44,5154.38,5502.06,0.0,0.0,0.0,975.28,0.0,1.0,0,0.0,232.0,520604.0,1.0,3.0,1.0,3.0,2.0,69924.0,63.0,0.0,6.0,16530.0,55.0,103200.0,4.0,6.0,6.0,10.0,27400.0,36513.0,59.5,0.0,0.0,164.0,210.0,17.0,2.0,5.0,17.0,0.0,0.0,7.0,8.0,9.0,14.0,18.0,12.0,22.0,8.0,19.0,0.0,0.0,0.0,2.0,100.0,55.6,0.0,0.0,637833.0,124165.0,90100.0,104255.0,0,0
13783,14000.0,0.1862,510.5,1,100000.0,0,1,n,19.88,0.0,0.0,13.0,0.0,13689.0,36.0,1,14000.0,14000.0,1095.25,1095.25,0.0,1095.25,0.0,0.0,0.0,255.25,0.0,1.0,1,0.0,0.0,148565.0,0.0,5.0,1.0,2.0,12.0,134876.0,71.0,0.0,2.0,6052.0,72.0,18200.0,1.0,0.0,2.0,4.0,11428.0,1557.0,87.6,0.0,0.0,149.0,67.0,14.0,12.0,0.0,19.0,11.0,0.0,2.0,3.0,4.0,4.0,27.0,8.0,9.0,3.0,13.0,0.0,0.0,0.0,1.0,97.1,50.0,0.0,0.0,159428.0,148565.0,12600.0,141228.0,1,0
4946,14725.0,0.0756,458.45,2,70000.0,1,1,n,35.28,0.0,0.0,25.0,0.0,3238.0,43.0,0,10962.74,10962.74,4578.32,4578.32,3762.26,816.06,0.0,0.0,0.0,458.45,0.0,1.0,0,0.0,0.0,224948.0,1.0,4.0,2.0,3.0,2.0,74102.0,54.0,0.0,3.0,1543.0,24.0,104100.0,2.0,1.0,3.0,6.0,8998.0,60563.0,3.4,0.0,0.0,115.0,187.0,21.0,2.0,4.0,21.0,2.0,0.0,4.0,7.0,10.0,14.0,12.0,19.0,27.0,7.0,25.0,0.0,0.0,0.0,2.0,100.0,0.0,0.0,0.0,480349.0,77340.0,62700.0,106849.0,0,0
17225,20000.0,0.28800000000000003,632.41,1,30000.0,1,1,n,4.0,0.0,1.0,6.0,0.0,4723.0,6.0,0,18478.57,18478.57,6292.1,6292.1,1521.43,4770.67,0.0,0.0,0.0,632.41,0.0,1.0,0,0.0,0.0,14585.0,0.0,2.0,0.0,2.0,18.0,9862.0,104.0,0.0,2.0,1865.0,62.0,14000.0,0.0,0.0,1.0,4.0,2431.0,9277.0,33.7,0.0,0.0,18.0,41.0,20.0,18.0,0.0,20.0,0.0,0.0,3.0,3.0,4.0,4.0,2.0,4.0,4.0,3.0,6.0,0.0,0.0,0.0,0.0,100.0,0.0,0.0,0.0,23500.0,14585.0,14000.0,9500.0,0,0
62444,10000.0,0.1033,324.23,2,91000.0,0,1,n,11.08,0.0,0.0,12.0,0.0,8913.0,13.0,0,7025.94,7025.94,3876.41,3876.41,2974.06,902.35,0.0,0.0,0.0,648.46,0.0,1.0,1,0.0,0.0,453325.0,5.0,3.0,2.0,3.0,5.0,15628.0,91.0,3.0,6.0,2799.0,68.0,18900.0,1.0,0.0,1.0,10.0,37777.0,8187.0,52.1,0.0,0.0,15.0,60.0,2.0,1.0,2.0,5.0,9.0,0.0,6.0,6.0,6.0,6.0,3.0,8.0,8.0,6.0,12.0,0.0,0.0,0.0,6.0,100.0,33.3,0.0,0.0,464834.0,24541.0,17100.0,17150.0,0,0
20058,5000.0,0.16949999999999998,178.14,1,41139.26,1,1,n,25.47,0.0,1.0,23.0,0.0,6698.0,27.0,0,3853.87,3853.87,1776.69,1776.69,1146.13,630.56,0.0,0.0,0.0,178.14,0.0,1.0,1,0.0,862.0,121120.0,1.0,16.0,1.0,1.0,3.0,114422.0,118.0,2.0,4.0,1796.0,93.0,33500.0,1.0,0.0,2.0,5.0,5266.0,25748.0,12.7,0.0,0.0,125.0,77.0,9.0,3.0,0.0,9.0,3.0,0.0,4.0,6.0,5.0,6.0,18.0,7.0,9.0,6.0,23.0,0.0,0.0,0.0,3.0,100.0,0.0,0.0,0.0,130439.0,121120.0,29500.0,96939.0,0,0
71327,34100.0,0.0819,694.53,2,130000.0,1,1,n,22.43,0.0,0.0,14.0,0.0,33023.0,31.0,0,28345.6,28345.6,8318.84,8318.84,5754.4,2564.44,0.0,0.0,0.0,694.53,0.0,1.0,1,0.0,0.0,220998.0,0.0,5.0,1.0,3.0,11.0,38070.0,55.0,2.0,3.0,10239.0,55.0,60900.0,0.0,0.0,3.0,6.0,15786.0,24905.0,55.4,0.0,0.0,189.0,81.0,7.0,7.0,2.0,17.0,7.0,0.0,6.0,8.0,6.0,7.0,20.0,8.0,9.0,8.0,14.0,0.0,0.0,0.0,3.0,96.8,16.7,0.0,0.0,297619.0,71093.0,55900.0,69419.0,0,0
34572,15000.0,0.08810000000000001,475.68,2,90000.0,0,1,n,10.12,0.0,2.0,17.0,1.0,17682.0,40.0,1,0.0,0.0,16187.87,15378.48,15000.0,1187.87,0.0,0.0,0.0,13352.14,0.0,1.0,1,0.0,0.0,39739.0,2.0,1.0,0.0,1.0,13.0,8500.0,85.0,5.0,8.0,5085.0,50.0,42100.0,2.0,2.0,4.0,9.0,2338.0,13664.0,50.7,0.0,0.0,124.0,290.0,5.0,5.0,3.0,5.0,5.0,0.0,7.0,12.0,8.0,13.0,6.0,15.0,31.0,12.0,17.0,0.0,0.0,0.0,5.0,100.0,25.0,1.0,0.0,84100.0,26182.0,27700.0,10000.0,0,0
50533,12000.0,0.2055,321.62,1,80000.0,1,1,n,20.64,0.0,1.0,11.0,0.0,13199.0,17.0,0,10011.87,10011.87,4252.5,4252.5,1988.13,2264.37,0.0,0.0,0.0,321.62,0.0,1.0,1,0.0,0.0,20743.0,1.0,5.0,1.0,2.0,1.0,7544.0,37.0,0.0,2.0,4462.0,53.0,19200.0,0.0,0.0,1.0,4.0,1886.0,4164.0,70.9,0.0,0.0,123.0,65.0,17.0,1.0,0.0,19.0,1.0,0.0,3.0,5.0,3.0,3.0,11.0,6.0,6.0,5.0,11.0,0.0,0.0,0.0,1.0,94.1,33.3,0.0,0.0,39533.0,20743.0,14300.0,20333.0,0,0
69006,40000.0,0.0819,814.7,2,120000.0,0,1,n,16.28,0.0,0.0,12.0,0.0,47409.0,22.0,0,33249.95,33249.95,9740.0,9740.0,6750.05,2989.95,0.0,0.0,0.0,814.7,0.0,1.0,1,0.0,0.0,194290.0,1.0,1.0,0.0,1.0,20.0,21863.0,71.0,2.0,3.0,18254.0,60.0,83800.0,0.0,0.0,1.0,4.0,16191.0,26275.0,63.8,0.0,0.0,143.0,165.0,3.0,3.0,3.0,3.0,12.0,0.0,5.0,7.0,5.0,8.0,2.0,9.0,17.0,7.0,12.0,0.0,0.0,0.0,2.0,100.0,80.0,0.0,0.0,284481.0,69272.0,72500.0,31031.0,0,0
48607,23000.0,0.1033,492.43,2,95000.0,1,1,n,10.84,0.0,2.0,15.0,0.0,3493.0,20.0,0,19617.96,19617.96,5390.33,5390.33,3382.04,2008.29,0.0,0.0,0.0,0.0,0.0,1.0,1,0.0,0.0,465379.0,2.0,5.0,1.0,3.0,3.0,96176.0,111.0,0.0,1.0,864.0,89.0,26100.0,2.0,1.0,3.0,5.0,33241.0,20080.0,13.1,0.0,0.0,54.0,225.0,19.0,3.0,2.0,19.0,1.0,1.0,5.0,6.0,8.0,9.0,7.0,9.0,11.0,6.0,15.0,0.0,0.0,0.0,2.0,95.0,0.0,0.0,0.0,478829.0,99669.0,23100.0,86429.0,0,0
71120,8500.0,0.28800000000000003,268.78,2,130000.0,1,1,n,4.99,0.0,1.0,14.0,1.0,9637.0,39.0,0,0.0,0.0,8629.2,8629.2,8500.0,129.2,0.0,0.0,0.0,142.8,0.0,1.0,1,0.0,0.0,60743.0,3.0,1.0,1.0,1.0,6.0,4096.0,96.0,4.0,7.0,5015.0,68.0,16000.0,1.0,2.0,4.0,8.0,4339.0,227.0,96.6,0.0,0.0,173.0,174.0,6.0,6.0,3.0,17.0,6.0,0.0,3.0,9.0,3.0,11.0,4.0,12.0,31.0,9.0,14.0,0.0,0.0,0.0,5.0,100.0,66.7,1.0,0.0,72755.0,13733.0,6700.0,4255.0,0,0
807,20000.0,0.0819,628.49,2,130000.0,0,1,n,28.51,0.0,1.0,13.0,0.0,22836.0,22.0,1,15474.69,15474.69,5638.21,5638.21,4525.31,1112.9,0.0,0.0,0.0,628.49,0.0,1.0,1,0.0,0.0,408692.0,0.0,4.0,1.0,4.0,8.0,64294.0,62.0,0.0,0.0,7808.0,64.0,37100.0,1.0,1.0,1.0,4.0,31438.0,14264.0,61.6,0.0,0.0,180.0,185.0,49.0,8.0,2.0,49.0,6.0,0.0,6.0,6.0,6.0,7.0,12.0,6.0,7.0,6.0,13.0,0.0,0.0,0.0,1.0,95.5,33.3,0.0,0.0,518520.0,97518.0,37100.0,100303.0,0,0
45262,17000.0,0.0756,529.28,1,59000.0,1,1,n,21.26,0.0,1.0,12.0,1.0,17214.0,17.0,0,12256.35,12256.35,5814.94,5814.94,4743.65,1071.29,0.0,0.0,0.0,529.28,0.0,1.0,1,0.0,0.0,35238.0,2.0,2.0,0.0,1.0,21.0,18024.0,53.0,2.0,4.0,6611.0,43.0,47900.0,0.0,2.0,1.0,5.0,2937.0,17877.0,41.8,0.0,0.0,134.0,134.0,2.0,2.0,1.0,2.0,3.0,0.0,4.0,9.0,4.0,5.0,3.0,10.0,13.0,9.0,12.0,0.0,0.0,0.0,2.0,100.0,50.0,1.0,0.0,81821.0,35238.0,30700.0,33921.0,0,0
74473,40000.0,0.0646,1225.24,2,320000.0,1,1,n,12.08,0.0,2.0,16.0,0.0,274829.0,25.0,0,12555.56,12555.56,29674.17,29674.17,27444.44,2229.73,0.0,0.0,0.0,1225.24,0.0,1.0,1,0.0,0.0,1444640.0,2.0,1.0,0.0,0.0,28.0,18278.0,56.0,2.0,3.0,12008.0,49.0,347200.0,2.0,3.0,3.0,4.0,96309.0,41603.0,50.1,0.0,0.0,66.0,187.0,3.0,3.0,2.0,3.0,3.0,0.0,6.0,8.0,8.0,9.0,6.0,13.0,16.0,8.0,16.0,0.0,0.0,0.0,2.0,100.0,25.0,0.0,0.0,1614923.0,309700.0,83300.0,32602.0,0,0
76383,15600.0,0.2055,418.1,2,70000.0,1,1,n,24.45,1.0,2.0,8.0,0.0,11812.0,17.0,0,13346.38,13346.38,5399.68,5399.68,2253.62,3146.05,0.0,0.0,0.0,418.1,0.0,1.0,1,0.0,2188.0,141524.0,1.0,4.0,1.0,2.0,4.0,26589.0,72.0,0.0,0.0,8001.0,79.0,13600.0,2.0,3.0,3.0,3.0,17691.0,1565.0,83.7,0.0,0.0,193.0,451.0,34.0,4.0,3.0,34.0,4.0,0.0,2.0,3.0,2.0,2.0,10.0,3.0,4.0,3.0,8.0,0.0,0.0,0.0,1.0,94.1,50.0,0.0,0.0,179315.0,38401.0,9600.0,53715.0,0,0
44455,30800.0,0.1308,1038.97,2,104000.0,1,1,n,25.74,0.0,2.0,13.0,0.0,18551.0,24.0,0,22628.56,22628.56,11406.29,11406.29,8171.44,3234.85,0.0,0.0,0.0,1038.97,0.0,1.0,1,0.0,0.0,536346.0,3.0,4.0,2.0,4.0,7.0,32728.0,58.0,1.0,1.0,9000.0,61.0,28000.0,4.0,3.0,5.0,7.0,41257.0,9449.0,66.3,0.0,0.0,206.0,262.0,2.0,2.0,5.0,2.0,3.0,0.0,5.0,5.0,6.0,6.0,13.0,6.0,6.0,5.0,13.0,0.0,0.0,0.0,5.0,100.0,50.0,0.0,0.0,584522.0,51279.0,28000.0,56422.0,0,0
53627,4500.0,0.2305,174.32,2,65000.0,0,1,n,28.25,0.0,0.0,12.0,0.0,40672.0,14.0,0,3326.55,3326.55,2080.32,2080.32,1173.45,906.87,0.0,0.0,0.0,174.32,0.0,1.0,1,0.0,0.0,70033.0,0.0,1.0,0.0,1.0,13.0,29361.0,84.0,0.0,0.0,10235.0,61.0,79800.0,1.0,0.0,0.0,1.0,5836.0,36278.0,52.3,0.0,0.0,164.0,242.0,29.0,13.0,0.0,29.0,13.0,0.0,8.0,10.0,9.0,9.0,2.0,11.0,12.0,10.0,12.0,0.0,0.0,0.0,0.0,100.0,55.6,0.0,0.0,114800.0,70033.0,76100.0,35000.0,0,0
58469,3000.0,0.0819,94.28,2,140000.0,0,1,n,21.86,1.0,0.0,34.0,0.0,16504.0,43.0,0,2080.32,2080.32,1130.0,1130.0,919.68,210.32,0.0,0.0,0.0,94.28,0.0,1.0,1,0.0,0.0,209291.0,1.0,4.0,1.0,3.0,7.0,44101.0,45.0,1.0,7.0,2230.0,23.0,163000.0,2.0,1.0,1.0,10.0,6156.0,112693.0,9.6,0.0,0.0,129.0,182.0,2.0,2.0,2.0,2.0,7.0,0.0,18.0,23.0,22.0,22.0,9.0,29.0,32.0,23.0,34.0,0.0,0.0,0.0,2.0,100.0,0.0,0.0,0.0,426632.0,60605.0,124700.0,99032.0,0,0
36906,10500.0,0.08810000000000001,332.97,2,83000.0,1,1,n,18.88,0.0,1.0,9.0,0.0,6142.0,18.0,0,7607.31,7607.31,3657.53,3657.53,2892.69,764.84,0.0,0.0,0.0,332.97,0.0,1.0,1,0.0,0.0,98722.0,1.0,2.0,1.0,2.0,9.0,25406.0,65.0,2.0,3.0,697.0,65.0,9600.0,2.0,0.0,3.0,5.0,10969.0,1203.0,51.9,0.0,0.0,173.0,393.0,2.0,2.0,1.0,2.0,2.0,4.0,3.0,6.0,3.0,5.0,6.0,6.0,11.0,6.0,9.0,0.0,0.0,0.0,3.0,77.8,33.3,0.0,0.0,137733.0,31548.0,2500.0,38938.0,0,0
51166,21275.0,0.0819,668.55,2,71800.0,0,1,n,28.05,0.0,2.0,30.0,0.0,18103.0,53.0,0,14753.63,14753.63,8012.92,8012.92,6521.37,1491.55,0.0,0.0,0.0,668.55,0.0,1.0,0,0.0,0.0,394675.0,4.0,3.0,1.0,2.0,2.0,142287.0,94.0,4.0,8.0,6730.0,36.0,124600.0,5.0,2.0,9.0,12.0,13156.0,71556.0,16.1,0.0,0.0,224.0,58.0,2.0,2.0,2.0,3.0,2.0,0.0,7.0,12.0,12.0,13.0,20.0,26.0,31.0,12.0,30.0,0.0,0.0,0.0,6.0,100.0,8.3,0.0,0.0,498541.0,160390.0,85300.0,136101.0,0,0
13159,32000.0,0.1612,780.22,2,130000.0,1,1,n,17.85,0.0,0.0,13.0,0.0,24942.0,22.0,0,28506.49,28506.49,7773.54,7773.54,3493.51,4280.03,0.0,0.0,0.0,780.22,0.0,1.0,1,0.0,154.0,436664.0,0.0,3.0,1.0,2.0,9.0,48914.0,76.0,1.0,1.0,8871.0,76.0,32600.0,0.0,1.0,1.0,4.0,33590.0,1526.0,91.8,0.0,0.0,147.0,248.0,8.0,8.0,2.0,8.0,12.0,0.0,5.0,7.0,5.0,5.0,11.0,9.0,9.0,7.0,13.0,0.0,0.0,0.0,3.0,100.0,80.0,0.0,0.0,464732.0,73856.0,18500.0,64384.0,0,0
37972,23000.0,0.0756,716.08,3,85000.0,1,1,n,23.65,0.0,1.0,12.0,0.0,19379.0,22.0,0,19532.82,19532.82,5002.9,5002.9,3467.18,1535.72,0.0,0.0,0.0,716.08,0.0,1.0,1,0.0,112.0,53039.0,1.0,3.0,0.0,1.0,13.0,33660.0,60.0,2.0,2.0,5605.0,51.0,47600.0,0.0,2.0,1.0,3.0,4420.0,23196.0,36.1,0.0,0.0,195.0,152.0,3.0,3.0,0.0,3.0,3.0,0.0,5.0,6.0,6.0,6.0,6.0,9.0,16.0,6.0,12.0,0.0,0.0,0.0,2.0,95.5,0.0,0.0,0.0,103754.0,53039.0,36300.0,56154.0,0,0
21374,20000.0,0.2305,564.39,2,105000.0,1,1,n,13.19,0.0,0.0,17.0,0.0,14002.0,28.0,0,17669.35,17669.35,6157.07,6157.07,2330.65,3826.42,0.0,0.0,0.0,564.39,0.0,1.0,1,0.0,974.0,99231.0,0.0,2.0,1.0,2.0,7.0,22216.0,71.0,3.0,7.0,7982.0,51.0,39900.0,0.0,1.0,3.0,9.0,6202.0,16650.0,43.2,0.0,0.0,143.0,225.0,7.0,7.0,1.0,7.0,7.0,2.0,4.0,6.0,10.0,13.0,5.0,14.0,21.0,6.0,17.0,0.0,0.0,0.0,4.0,92.9,22.2,0.0,0.0,151567.0,36218.0,29300.0,31388.0,0,0
76357,15000.0,0.0819,305.52,1,48000.0,0,1,n,12.48,0.0,2.0,13.0,0.0,7391.0,15.0,0,10744.6,10744.6,5301.03,5301.03,4255.4,1045.63,0.0,0.0,0.0,305.52,0.0,1.0,1,0.0,0.0,15755.0,2.0,1.0,0.0,2.0,14.0,8364.0,84.0,2.0,4.0,4260.0,28.0,46400.0,0.0,1.0,2.0,6.0,1212.0,37770.0,16.3,0.0,0.0,44.0,59.0,2.0,2.0,0.0,2.0,4.0,0.0,5.0,6.0,10.0,10.0,3.0,12.0,12.0,6.0,13.0,0.0,0.0,0.0,2.0,100.0,0.0,0.0,0.0,56400.0,15755.0,45100.0,10000.0,0,0
64458,3000.0,0.0756,93.41,2,43871.0,0,1,n,17.07,0.0,0.0,13.0,0.0,40069.0,20.0,0,2074.23,2074.23,1119.66,1119.66,925.77,193.89,0.0,0.0,0.0,93.41,0.0,1.0,1,0.0,0.0,53581.0,0.0,1.0,0.0,1.0,22.0,2263.0,47.0,0.0,0.0,2586.0,76.0,51300.0,1.0,0.0,0.0,1.0,4122.0,415.0,89.9,0.0,0.0,79.0,495.0,64.0,22.0,3.0,437.0,22.0,0.0,2.0,8.0,2.0,2.0,3.0,11.0,14.0,8.0,13.0,0.0,0.0,0.0,0.0,100.0,100.0,0.0,0.0,84531.0,42332.0,4100.0,4800.0,0,0
45325,15950.0,0.1308,363.57,1,48500.0,0,1,n,35.05,0.0,1.0,20.0,0.0,2121.0,23.0,0,13745.6,13745.6,3987.68,3987.68,2204.4,1783.28,0.0,0.0,0.0,363.57,0.0,1.0,1,0.0,0.0,50046.0,1.0,3.0,1.0,1.0,7.0,47925.0,86.0,1.0,5.0,1773.0,9.0,45700.0,1.0,0.0,2.0,6.0,2502.0,16314.0,9.9,0.0,0.0,86.0,82.0,1.0,1.0,0.0,14.0,1.0,0.0,3.0,7.0,7.0,7.0,5.0,17.0,18.0,7.0,20.0,0.0,0.0,0.0,2.0,95.0,0.0,0.0,0.0,120387.0,50046.0,18100.0,74687.0,0,0
71854,5225.0,0.0646,160.05,1,60000.0,0,1,n,11.06,0.0,0.0,18.0,0.0,3369.0,28.0,0,3448.88,3448.88,2058.72,2058.72,1776.12,282.6,0.0,0.0,0.0,160.05,0.0,1.0,1,0.0,0.0,67075.0,0.0,11.0,1.0,1.0,8.0,63706.0,119.0,1.0,1.0,1749.0,78.0,32700.0,1.0,2.0,1.0,2.0,3726.0,19138.0,12.2,0.0,0.0,127.0,198.0,9.0,8.0,0.0,49.0,8.0,0.0,3.0,4.0,3.0,4.0,14.0,7.0,14.0,4.0,18.0,0.0,0.0,0.0,2.0,100.0,0.0,0.0,0.0,86290.0,67075.0,21800.0,53590.0,0,0
21546,29000.0,0.1033,620.89,1,165000.0,0,1,n,16.86,0.0,1.0,13.0,0.0,18237.0,40.0,0,23951.24,23951.24,7546.5,7546.5,5048.76,2497.74,0.0,0.0,0.0,620.89,0.0,1.0,1,0.0,0.0,78699.0,2.0,2.0,1.0,3.0,5.0,42883.0,34.0,2.0,2.0,7205.0,31.0,100800.0,0.0,5.0,2.0,5.0,6054.0,72563.0,20.1,0.0,0.0,168.0,227.0,0.0,0.0,2.0,0.0,0.0,0.0,6.0,6.0,9.0,17.0,11.0,10.0,26.0,6.0,13.0,0.0,0.0,0.0,3.0,100.0,0.0,0.0,0.0,181680.0,78699.0,90800.0,62000.0,0,0
50033,12000.0,0.17739999999999995,303.03,0,74000.0,1,1,n,26.74,0.0,0.0,8.0,0.0,3453.0,8.0,0,10363.62,10363.62,3624.53,3624.53,1636.38,1988.15,0.0,0.0,0.0,303.03,0.0,1.0,1,0.0,0.0,44905.0,0.0,3.0,0.0,1.0,19.0,41452.0,26.0,0.0,0.0,1563.0,34.0,3800.0,1.0,0.0,0.0,1.0,5613.0,347.0,90.9,0.0,0.0,68.0,76.0,45.0,19.0,0.0,45.0,19.0,0.0,5.0,5.0,5.0,5.0,3.0,5.0,5.0,5.0,8.0,0.0,0.0,0.0,0.0,100.0,60.0,0.0,0.0,82396.0,44905.0,3800.0,78596.0,0,0
57212,32000.0,0.1171,1058.44,1,55000.0,1,1,n,27.73,0.0,1.0,14.0,0.0,15862.0,16.0,0,22549.36,22549.36,12680.46,12680.46,9450.64,3229.82,0.0,0.0,0.0,1058.44,0.0,1.0,1,0.0,0.0,27439.0,0.0,2.0,0.0,1.0,18.0,11577.0,41.0,0.0,3.0,5774.0,44.0,34200.0,1.0,2.0,2.0,4.0,1960.0,10446.0,54.0,0.0,0.0,51.0,66.0,14.0,14.0,0.0,14.0,1.0,0.0,6.0,7.0,7.0,8.0,3.0,12.0,13.0,7.0,14.0,0.0,0.0,0.0,0.0,100.0,42.9,0.0,0.0,62378.0,27439.0,22700.0,28178.0,0,0
69968,12000.0,0.1102,392.98,1,110000.0,1,1,n,24.61,0.0,2.0,12.0,0.0,18965.0,23.0,0,8429.89,8429.89,4708.41,4708.41,3570.11,1138.3,0.0,0.0,0.0,392.98,0.0,1.0,1,0.0,0.0,62711.0,3.0,3.0,3.0,3.0,3.0,43746.0,62.0,1.0,4.0,7385.0,62.0,30400.0,1.0,1.0,3.0,7.0,5226.0,4162.0,78.1,0.0,0.0,161.0,150.0,5.0,3.0,0.0,36.0,3.0,0.0,5.0,7.0,5.0,6.0,9.0,9.0,14.0,7.0,12.0,0.0,0.0,0.0,4.0,95.7,80.0,0.0,0.0,101531.0,62711.0,19000.0,71131.0,0,0
43383,15300.0,0.1862,393.7,2,150000.0,0,1,n,17.93,0.0,0.0,9.0,0.0,11853.0,38.0,0,0.0,0.0,16966.95,16966.95,15300.0,1666.95,0.0,0.0,0.0,14620.58,0.0,1.0,1,0.0,0.0,112724.0,1.0,6.0,3.0,5.0,4.0,100871.0,91.0,1.0,2.0,9401.0,86.0,20100.0,1.0,5.0,4.0,7.0,12525.0,6234.0,63.5,0.0,0.0,159.0,200.0,10.0,4.0,6.0,10.0,4.0,0.0,2.0,3.0,2.0,8.0,23.0,3.0,9.0,3.0,9.0,0.0,0.0,0.0,4.0,89.5,50.0,0.0,0.0,130406.0,112724.0,17100.0,110306.0,0,0
36585,6000.0,0.16949999999999998,213.77,2,50000.0,0,1,n,17.21,0.0,1.0,10.0,0.0,3541.0,20.0,0,0.0,0.0,6374.41,6374.41,6000.0,374.41,0.0,0.0,0.0,5738.75,0.0,1.0,1,0.0,0.0,16900.0,1.0,4.0,1.0,3.0,4.0,13359.0,74.0,1.0,2.0,936.0,60.0,10200.0,1.0,0.0,1.0,5.0,1690.0,64.0,93.6,0.0,0.0,128.0,49.0,12.0,4.0,0.0,43.0,4.0,0.0,1.0,5.0,1.0,1.0,11.0,6.0,9.0,5.0,10.0,0.0,0.0,0.0,2.0,95.0,100.0,0.0,0.0,28190.0,16900.0,1000.0,17990.0,0,0
34013,18600.0,0.2055,498.5,2,33000.0,1,1,n,11.56,0.0,1.0,4.0,0.0,1150.0,6.0,0,16898.73,16898.73,4931.91,4931.91,1701.27,3230.64,0.0,0.0,0.0,498.5,0.0,1.0,0,0.0,0.0,34290.0,1.0,1.0,0.0,0.0,32.0,11119.0,62.0,1.0,1.0,1150.0,64.0,1200.0,0.0,1.0,1.0,1.0,11430.0,50.0,95.8,0.0,0.0,162.0,71.0,4.0,4.0,1.0,4.0,4.0,0.0,1.0,1.0,2.0,2.0,3.0,2.0,2.0,1.0,4.0,0.0,0.0,0.0,1.0,100.0,100.0,0.0,0.0,82329.0,12269.0,1200.0,17879.0,0,0
57117,6400.0,0.0756,199.26,2,80000.0,1,1,n,20.69,0.0,2.0,12.0,0.0,4840.0,32.0,0,4430.9,4430.9,2388.43,2388.43,1969.1,419.33,0.0,0.0,0.0,199.26,0.0,1.0,1,0.0,0.0,353840.0,2.0,5.0,2.0,4.0,6.0,63689.0,71.0,1.0,1.0,277.0,57.0,20100.0,1.0,10.0,5.0,6.0,29487.0,11159.0,3.0,0.0,0.0,132.0,122.0,2.0,2.0,4.0,2.0,2.0,0.0,2.0,4.0,2.0,5.0,15.0,6.0,13.0,4.0,12.0,0.0,0.0,0.0,4.0,90.6,0.0,0.0,0.0,390884.0,68529.0,11500.0,83341.0,0,0
63771,9425.0,0.2565,377.99,2,65000.0,1,1,n,24.02,0.0,0.0,17.0,1.0,16153.0,38.0,0,7038.97,7038.97,4522.45,4522.45,2386.03,2136.42,0.0,0.0,0.0,377.99,0.0,1.0,1,0.0,0.0,338874.0,1.0,2.0,2.0,5.0,8.0,26412.0,90.0,2.0,5.0,9806.0,38.0,82300.0,5.0,1.0,2.0,10.0,19934.0,45596.0,19.3,0.0,0.0,148.0,202.0,1.0,1.0,2.0,9.0,8.0,0.0,3.0,6.0,8.0,10.0,7.0,14.0,29.0,6.0,17.0,0.0,0.0,0.0,4.0,94.7,0.0,1.0,0.0,422416.0,42565.0,56500.0,29350.0,0,0
61239,21275.0,0.08810000000000001,674.66,1,70000.0,0,1,n,18.52,0.0,0.0,8.0,0.0,9917.0,9.0,0,14795.93,14795.93,8069.89,8069.89,6479.07,1590.82,0.0,0.0,0.0,674.66,0.0,1.0,1,0.0,0.0,19950.0,0.0,2.0,0.0,1.0,21.0,10033.0,41.0,0.0,0.0,3879.0,53.0,13000.0,1.0,0.0,0.0,1.0,3325.0,3083.0,76.3,0.0,0.0,52.0,89.0,46.0,21.0,0.0,46.0,21.0,0.0,4.0,4.0,6.0,6.0,3.0,6.0,6.0,4.0,8.0,0.0,0.0,0.0,0.0,100.0,50.0,0.0,0.0,37450.0,19950.0,13000.0,24450.0,0,0
18402,12000.0,0.0646,367.57,2,103000.0,1,1,n,11.1,1.0,2.0,6.0,0.0,16789.0,19.0,0,8927.48,8927.48,3671.39,3671.39,3072.52,598.87,0.0,0.0,0.0,367.57,0.0,1.0,1,0.0,0.0,417927.0,1.0,1.0,1.0,1.0,6.0,27792.0,97.0,0.0,1.0,2973.0,89.0,21300.0,1.0,8.0,3.0,3.0,69655.0,227.0,92.9,0.0,0.0,176.0,127.0,15.0,6.0,2.0,40.0,6.0,0.0,1.0,4.0,1.0,1.0,11.0,4.0,6.0,4.0,6.0,0.0,0.0,0.0,1.0,89.5,100.0,0.0,0.0,430014.0,44581.0,3200.0,28714.0,0,0
61243,20000.0,0.1308,455.89,2,146000.0,1,1,n,27.42,0.0,0.0,9.0,0.0,48873.0,19.0,0,16967.81,16967.81,5434.35,5434.35,3032.19,2402.16,0.0,0.0,0.0,455.89,0.0,1.0,1,0.0,0.0,408176.0,0.0,5.0,0.0,3.0,13.0,77960.0,63.0,1.0,1.0,38501.0,61.0,74000.0,2.0,0.0,0.0,5.0,45353.0,25127.0,54.6,0.0,0.0,159.0,154.0,7.0,7.0,3.0,7.0,13.0,0.0,3.0,3.0,3.0,3.0,12.0,3.0,4.0,3.0,9.0,0.0,0.0,0.0,1.0,100.0,33.3,0.0,0.0,487550.0,126833.0,74000.0,125550.0,0,0
34871,9900.0,0.16949999999999998,245.78,1,25300.0,0,1,n,27.66,0.0,2.0,7.0,0.0,8256.0,23.0,0,8707.73,8707.73,2680.27,2680.27,1192.27,1488.0,0.0,0.0,0.0,245.78,0.0,1.0,1,0.0,0.0,13622.0,3.0,1.0,0.0,0.0,46.0,5366.0,30.0,4.0,5.0,7127.0,39.0,17400.0,0.0,0.0,2.0,5.0,1946.0,5044.0,62.1,0.0,0.0,145.0,29.0,1.0,1.0,0.0,2.0,1.0,0.0,3.0,3.0,3.0,3.0,17.0,6.0,6.0,3.0,7.0,0.0,0.0,0.0,4.0,100.0,33.3,0.0,0.0,35260.0,13622.0,13300.0,17860.0,0,0
67236,8000.0,0.1612,281.74,2,120000.0,0,1,n,13.28,0.0,1.0,21.0,0.0,29557.0,41.0,1,5701.29,5701.29,3366.55,3366.55,2298.71,1067.84,0.0,0.0,0.0,0.0,0.0,1.0,1,0.0,0.0,453585.0,3.0,6.0,4.0,4.0,2.0,112401.0,99.0,2.0,2.0,5202.0,94.0,33200.0,1.0,0.0,2.0,6.0,21599.0,2147.0,89.3,0.0,0.0,121.0,279.0,4.0,2.0,3.0,4.0,4.0,0.0,8.0,12.0,8.0,12.0,11.0,13.0,25.0,12.0,21.0,0.0,0.0,0.0,6.0,95.0,75.0,0.0,0.0,466309.0,146337.0,20100.0,101230.0,0,0
75395,39500.0,0.124,886.67,2,65000.0,0,1,n,25.2,0.0,0.0,8.0,0.0,30342.0,30.0,0,33420.12,33420.12,10585.62,10585.62,6079.88,4505.74,0.0,0.0,0.0,886.67,0.0,1.0,1,0.0,0.0,146057.0,0.0,2.0,0.0,2.0,13.0,20368.0,63.0,0.0,0.0,16589.0,76.0,34200.0,0.0,5.0,0.0,2.0,18257.0,1204.0,93.2,0.0,0.0,124.0,272.0,53.0,13.0,7.0,74.0,22.0,0.0,2.0,5.0,2.0,2.0,17.0,5.0,6.0,5.0,8.0,0.0,0.0,0.0,0.0,96.7,50.0,0.0,0.0,168251.0,50710.0,17800.0,32200.0,0,0
43256,12000.0,0.1171,396.92,2,60000.0,1,1,n,7.62,0.0,1.0,17.0,1.0,10527.0,31.0,0,0.0,0.0,13148.44,13148.44,12000.0,1148.44,0.0,0.0,0.0,9187.05,0.0,1.0,1,0.0,0.0,39262.0,2.0,2.0,1.0,3.0,7.0,28735.0,106.0,4.0,8.0,3131.0,65.0,33900.0,2.0,1.0,5.0,11.0,2617.0,20473.0,34.0,0.0,0.0,158.0,250.0,3.0,3.0,0.0,3.0,1.0,1.0,10.0,10.0,12.0,16.0,10.0,14.0,20.0,10.0,17.0,0.0,0.0,0.0,5.0,96.8,27.3,1.0,0.0,60900.0,39262.0,31000.0,27000.0,0,0
18331,18000.0,0.1171,397.77,2,60000.0,0,1,n,41.94,0.0,0.0,20.0,0.0,3799.0,35.0,0,15678.68,15678.68,3965.99,3965.99,2321.32,1644.67,0.0,0.0,0.0,397.77,0.0,1.0,0,0.0,0.0,327574.0,1.0,4.0,3.0,4.0,3.0,126717.0,88.0,0.0,1.0,1745.0,46.0,57000.0,1.0,1.0,2.0,5.0,23398.0,40702.0,5.3,0.0,0.0,174.0,181.0,15.0,3.0,2.0,15.0,7.0,0.0,4.0,6.0,6.0,8.0,14.0,9.0,19.0,6.0,20.0,0.0,0.0,0.0,3.0,100.0,0.0,0.0,0.0,398918.0,130516.0,43000.0,131918.0,0,0
29278,5300.0,0.17739999999999995,190.92,1,32000.0,0,1,n,31.55,0.0,0.0,10.0,0.0,7158.0,22.0,0,3966.04,3966.04,2094.9,2094.9,1333.96,760.94,0.0,0.0,0.0,190.92,0.0,1.0,1,0.0,0.0,18276.0,0.0,2.0,0.0,1.0,13.0,11118.0,49.0,0.0,1.0,1886.0,52.0,12300.0,1.0,10.0,0.0,2.0,1828.0,1114.0,62.9,0.0,0.0,121.0,137.0,20.0,13.0,0.0,27.0,13.0,0.0,1.0,5.0,2.0,4.0,11.0,8.0,11.0,5.0,10.0,0.0,0.0,0.0,0.0,100.0,50.0,0.0,0.0,35083.0,18276.0,3000.0,22783.0,0,0
12185,6000.0,0.1308,202.4,2,57144.0,0,1,n,31.84,0.0,0.0,17.0,0.0,27461.0,38.0,0,4560.81,4560.81,2019.64,2019.64,1439.19,580.45,0.0,0.0,0.0,202.4,0.0,1.0,1,0.0,215.0,140253.0,1.0,2.0,0.0,2.0,23.0,14951.0,64.0,4.0,8.0,4767.0,51.0,59200.0,0.0,0.0,1.0,11.0,8250.0,20996.0,47.1,0.0,0.0,101.0,104.0,2.0,2.0,3.0,2.0,1.0,0.0,6.0,10.0,7.0,13.0,12.0,14.0,23.0,10.0,17.0,0.0,0.0,0.0,4.0,97.4,42.9,0.0,0.0,182256.0,42412.0,39700.0,23306.0,0,0
63726,2500.0,0.0646,76.58,2,55000.0,1,1,n,5.0,0.0,0.0,24.0,0.0,6527.0,42.0,0,1719.71,1719.71,918.06,918.06,780.29,137.77,0.0,0.0,0.0,76.58,0.0,1.0,1,0.0,0.0,182684.0,1.0,1.0,1.0,1.0,10.0,1593.0,80.0,1.0,3.0,4245.0,14.0,56400.0,1.0,1.0,2.0,7.0,7612.0,29125.0,16.3,0.0,0.0,87.0,154.0,2.0,2.0,5.0,30.0,10.0,0.0,3.0,6.0,7.0,9.0,6.0,22.0,31.0,6.0,24.0,0.0,0.0,0.0,3.0,100.0,0.0,0.0,0.0,234400.0,8120.0,34800.0,2000.0,0,0
47484,21275.0,0.17739999999999995,766.38,3,60000.0,0,1,n,9.55,1.0,1.0,9.0,0.0,3097.0,18.0,0,15917.81,15917.81,8388.24,8388.24,5357.19,3031.05,0.0,0.0,0.0,0.0,0.0,1.0,0,0.0,0.0,10222.0,0.0,2.0,0.0,0.0,33.0,5211.0,35.0,0.0,2.0,3068.0,23.0,24700.0,1.0,5.0,1.0,2.0,1136.0,21603.0,12.5,0.0,0.0,64.0,53.0,15.0,15.0,0.0,15.0,3.0,0.0,2.0,2.0,6.0,8.0,7.0,6.0,10.0,2.0,9.0,0.0,0.0,0.0,0.0,88.9,0.0,0.0,0.0,43654.0,10222.0,24700.0,15095.0,0,0
36588,31575.0,0.0756,983.05,2,140000.0,0,1,n,17.53,0.0,2.0,19.0,0.0,38183.0,33.0,1,0.0,0.0,32353.8100016069,31585.31,31575.0,778.81,0.0,0.0,0.0,30400.97,0.0,1.0,1,0.0,0.0,230147.0,2.0,2.0,2.0,4.0,5.0,19026.0,42.0,0.0,0.0,25493.0,37.0,106000.0,2.0,5.0,2.0,5.0,12786.0,59417.0,32.2,0.0,0.0,103.0,449.0,28.0,5.0,4.0,28.0,0.0,0.0,3.0,4.0,12.0,15.0,8.0,14.0,20.0,4.0,19.0,0.0,0.0,0.0,2.0,100.0,9.1,0.0,0.0,360187.0,60301.0,87600.0,45000.0,0,0
57424,14000.0,0.1102,458.48,1,64000.0,1,1,n,28.16,0.0,1.0,13.0,0.0,13752.0,15.0,0,9834.83,9834.83,5493.19,5493.19,4165.17,1328.02,0.0,0.0,0.0,458.48,0.0,1.0,1,0.0,0.0,71224.0,2.0,5.0,1.0,1.0,11.0,57472.0,71.0,2.0,2.0,5764.0,75.0,17500.0,0.0,0.0,4.0,3.0,5935.0,3748.0,78.6,0.0,0.0,110.0,144.0,4.0,4.0,0.0,4.0,4.0,1.0,7.0,7.0,8.0,9.0,6.0,8.0,9.0,7.0,13.0,0.0,0.0,0.0,3.0,93.3,57.1,0.0,0.0,85419.0,71224.0,17500.0,67919.0,0,0
43185,9925.0,0.17739999999999995,357.52,2,141000.0,1,1,n,33.08,0.0,1.0,24.0,0.0,37659.0,56.0,0,8217.43,8217.43,3207.9,3207.9,1707.57,1500.33,0.0,0.0,0.0,357.52,0.0,1.0,1,0.0,0.0,427041.0,1.0,6.0,3.0,6.0,3.0,83900.0,78.0,1.0,1.0,7011.0,68.0,69900.0,8.0,0.0,8.0,7.0,17793.0,5046.0,85.0,0.0,0.0,291.0,115.0,11.0,3.0,5.0,11.0,3.0,0.0,7.0,11.0,8.0,14.0,19.0,17.0,32.0,11.0,24.0,0.0,0.0,0.0,4.0,100.0,62.5,0.0,0.0,498626.0,121559.0,33600.0,107858.0,0,0
66255,21050.0,0.0702,650.16,2,91000.0,0,1,n,19.52,0.0,0.0,8.0,0.0,40345.0,15.0,0,14518.28,14518.28,7793.71,7793.71,6531.72,1261.99,0.0,0.0,0.0,650.16,0.0,1.0,1,0.0,0.0,145109.0,0.0,1.0,0.0,1.0,16.0,8941.0,64.0,0.0,0.0,15091.0,70.0,56600.0,1.0,4.0,0.0,1.0,18139.0,12466.0,68.9,0.0,0.0,131.0,383.0,137.0,16.0,1.0,137.0,16.0,0.0,3.0,5.0,3.0,3.0,7.0,6.0,7.0,5.0,8.0,0.0,0.0,0.0,0.0,100.0,33.3,0.0,0.0,194600.0,49286.0,40100.0,14000.0,0,0
43270,24000.0,0.1102,785.96,1,38600.0,0,1,n,35.11,0.0,0.0,15.0,0.0,18507.0,16.0,0,17531.9,17531.9,8630.87,8630.87,6468.1,2162.77,0.0,0.0,0.0,785.96,0.0,1.0,1,0.0,0.0,21603.0,0.0,1.0,0.0,0.0,31.0,3096.0,26.0,1.0,1.0,6243.0,45.0,36100.0,0.0,0.0,1.0,1.0,1440.0,12035.0,60.1,0.0,0.0,31.0,68.0,7.0,7.0,0.0,30.0,12.0,0.0,7.0,9.0,9.0,9.0,1.0,14.0,15.0,9.0,15.0,0.0,0.0,0.0,1.0,93.3,22.2,0.0,0.0,48075.0,21603.0,30200.0,11975.0,0,0
32992,32000.0,0.14300000000000002,749.58,1,195000.0,1,1,n,12.31,1.0,3.0,21.0,0.0,25391.0,32.0,0,27699.09,27699.09,8219.96,8219.96,4300.91,3919.05,0.0,0.0,0.0,749.58,0.0,1.0,1,0.0,0.0,66306.0,3.0,2.0,1.0,1.0,2.0,40915.0,85.0,3.0,9.0,7895.0,53.0,77900.0,0.0,0.0,4.0,10.0,3157.0,49460.0,29.3,0.0,0.0,179.0,115.0,2.0,2.0,0.0,2.0,2.0,4.0,12.0,15.0,15.0,19.0,8.0,19.0,24.0,15.0,21.0,0.0,0.0,0.0,4.0,81.3,0.0,0.0,0.0,126105.0,66306.0,70000.0,48205.0,0,0
33832,9600.0,0.0756,298.89,3,78500.0,0,1,n,18.04,0.0,2.0,23.0,0.0,20225.0,33.0,0,6906.25,6906.25,3277.71,3277.71,2693.75,583.96,0.0,0.0,0.0,298.89,0.0,1.0,0,0.0,0.0,25641.0,2.0,1.0,1.0,2.0,11.0,5416.0,54.0,4.0,9.0,6858.0,38.0,57600.0,0.0,0.0,5.0,11.0,1115.0,17126.0,48.9,0.0,0.0,87.0,97.0,3.0,3.0,0.0,9.0,3.0,0.0,7.0,14.0,10.0,12.0,3.0,22.0,30.0,14.0,23.0,0.0,0.0,0.0,5.0,100.0,10.0,0.0,0.0,67600.0,25641.0,33500.0,10000.0,0,0
73658,18000.0,0.0756,560.41,2,55000.0,1,1,n,32.58,0.0,0.0,18.0,0.0,36855.0,21.0,0,12446.06,12446.06,6717.36,6717.36,5553.94,1163.42,0.0,0.0,0.0,560.41,0.0,1.0,1,0.0,0.0,173389.0,2.0,1.0,0.0,1.0,19.0,8261.0,55.0,5.0,5.0,18808.0,42.0,91300.0,1.0,0.0,0.0,6.0,9633.0,44127.0,44.4,0.0,0.0,115.0,182.0,1.0,1.0,2.0,1.0,19.0,0.0,8.0,9.0,12.0,12.0,3.0,15.0,16.0,9.0,18.0,0.0,0.0,0.0,5.0,100.0,25.0,0.0,0.0,272300.0,45116.0,79400.0,15000.0,0,0
11239,7200.0,0.08810000000000001,228.33,2,57000.0,1,1,n,23.28,0.0,0.0,12.0,1.0,2225.0,32.0,0,5393.71,5393.71,2279.78,2279.78,1806.29,473.49,0.0,0.0,0.0,228.33,0.0,1.0,1,0.0,50.0,55486.0,1.0,5.0,3.0,4.0,5.0,53261.0,87.0,0.0,2.0,781.0,66.0,23300.0,1.0,4.0,1.0,6.0,4624.0,14511.0,5.2,0.0,0.0,164.0,171.0,14.0,5.0,0.0,53.0,8.0,0.0,2.0,4.0,4.0,8.0,17.0,7.0,15.0,4.0,12.0,0.0,0.0,0.0,3.0,100.0,0.0,1.0,0.0,84605.0,55486.0,15300.0,61305.0,0,0
71886,4000.0,0.2305,154.95,2,99000.0,1,1,n,31.2,0.0,5.0,22.0,0.0,17291.0,43.0,0,2956.94,2956.94,1854.28,1854.28,1043.06,811.22,0.0,0.0,0.0,154.95,0.0,1.0,1,0.0,0.0,327330.0,7.0,5.0,4.0,9.0,6.0,104551.0,82.0,4.0,4.0,3686.0,73.0,34800.0,6.0,2.0,5.0,13.0,14879.0,9265.0,54.1,0.0,0.0,185.0,65.0,2.0,2.0,1.0,2.0,0.0,0.0,6.0,12.0,6.0,7.0,25.0,16.0,17.0,12.0,22.0,0.0,0.0,0.0,8.0,100.0,50.0,0.0,0.0,385894.0,121842.0,20200.0,135079.0,0,0
58556,40000.0,0.2055,1072.04,2,35000.0,0,1,n,3.36,0.0,0.0,5.0,1.0,0.0,9.0,0,37576.04,37576.04,6922.59,6922.59,2423.96,4498.63,0.0,0.0,0.0,0.0,0.0,1.0,0,0.0,0.0,130380.0,0.0,1.0,0.0,2.0,22.0,3584.0,56.0,0.0,1.0,0.0,32.0,4900.0,0.0,4.0,0.0,3.0,26076.0,4500.0,0.0,0.0,0.0,79.0,112.0,23.0,22.0,1.0,23.0,22.0,0.0,0.0,0.0,2.0,2.0,4.0,3.0,4.0,0.0,5.0,0.0,0.0,0.0,0.0,100.0,0.0,1.0,0.0,143739.0,3584.0,4500.0,6361.0,1,0
58209,5000.0,0.1171,165.38,2,72000.0,0,1,n,28.58,0.0,1.0,10.0,0.0,375.0,45.0,0,3670.68,3670.68,1815.93,1815.93,1329.32,486.61,0.0,0.0,0.0,0.0,0.0,1.0,1,0.0,0.0,268992.0,1.0,3.0,2.0,3.0,5.0,19729.0,72.0,1.0,2.0,199.0,51.0,12200.0,2.0,0.0,2.0,5.0,29888.0,11325.0,3.2,0.0,0.0,138.0,279.0,7.0,5.0,5.0,7.0,5.0,1.0,2.0,2.0,4.0,15.0,9.0,6.0,31.0,2.0,10.0,0.0,0.0,0.0,3.0,88.9,0.0,0.0,0.0,306665.0,20104.0,11700.0,27565.0,0,0
12649,20000.0,0.28800000000000003,632.41,1,85000.0,0,1,n,12.64,0.0,1.0,13.0,0.0,12897.0,21.0,0,18399.34,18399.34,6292.1,6292.1,1600.66,4691.44,0.0,0.0,0.0,632.41,0.0,1.0,1,0.0,0.0,24295.0,1.0,1.0,1.0,1.0,7.0,11398.0,89.0,3.0,5.0,5014.0,74.0,20000.0,0.0,1.0,1.0,6.0,1869.0,2260.0,80.8,0.0,0.0,100.0,46.0,4.0,4.0,0.0,4.0,4.0,2.0,7.0,10.0,7.0,8.0,7.0,12.0,14.0,10.0,13.0,0.0,0.0,0.0,4.0,90.5,42.9,0.0,0.0,32873.0,24295.0,11800.0,12873.0,0,0
7566,9000.0,0.0819,282.82,2,55000.0,1,1,n,18.28,0.0,0.0,11.0,0.0,12801.0,23.0,0,6716.8,6716.8,2824.1,2824.1,2283.2,540.9,0.0,0.0,0.0,282.82,0.0,1.0,1,0.0,0.0,121677.0,0.0,1.0,0.0,1.0,17.0,9467.0,63.0,1.0,2.0,6824.0,30.0,59000.0,1.0,0.0,2.0,3.0,11062.0,42199.0,23.3,0.0,0.0,162.0,145.0,11.0,11.0,2.0,24.0,2.0,0.0,6.0,6.0,8.0,12.0,6.0,9.0,15.0,6.0,11.0,0.0,0.0,0.0,1.0,100.0,25.0,0.0,0.0,178033.0,22268.0,55000.0,15000.0,0,0
63495,4800.0,0.0702,148.26,1,60000.0,1,1,n,14.52,0.0,1.0,13.0,0.0,1000.0,23.0,0,0.0,0.0,4995.8,4995.8,4800.0,195.8,0.0,0.0,0.0,864.89,0.0,1.0,1,0.0,0.0,20059.0,2.0,1.0,2.0,3.0,3.0,19059.0,95.0,1.0,4.0,0.0,20.0,82700.0,2.0,0.0,2.0,7.0,1672.0,59100.0,0.0,0.0,0.0,43.0,84.0,6.0,3.0,0.0,21.0,3.0,0.0,0.0,1.0,8.0,10.0,9.0,11.0,13.0,1.0,13.0,0.0,0.0,0.0,3.0,100.0,0.0,0.0,0.0,102700.0,20059.0,59100.0,20000.0,0,0
64301,24000.0,0.28800000000000003,758.89,1,118000.0,1,1,n,15.6,0.0,0.0,13.0,0.0,21470.0,14.0,0,21609.7,21609.7,9106.66,9106.66,2390.3,6678.42,37.94,0.0,0.0,759.0,0.0,1.0,1,0.0,0.0,153277.0,0.0,7.0,1.0,3.0,11.0,131807.0,111.0,0.0,0.0,5918.0,103.0,29700.0,4.0,3.0,7.0,3.0,11791.0,8180.0,58.5,0.0,0.0,163.0,219.0,43.0,11.0,0.0,43.0,11.0,0.0,3.0,4.0,5.0,5.0,8.0,6.0,6.0,4.0,13.0,0.0,0.0,0.0,1.0,100.0,40.0,0.0,0.0,148498.0,153277.0,19700.0,118798.0,0,0
43369,31575.0,0.1308,719.73,3,100000.0,1,1,n,20.89,0.0,1.0,11.0,0.0,16769.0,21.0,0,0.0,0.0,32671.76,32671.76,31575.0,1096.76,0.0,0.0,0.0,31255.24,0.0,1.0,1,0.0,0.0,143585.0,1.0,2.0,1.0,3.0,11.0,35537.0,73.0,1.0,1.0,8521.0,50.0,57100.0,0.0,0.0,2.0,5.0,13053.0,40331.0,29.4,0.0,0.0,153.0,133.0,5.0,5.0,2.0,5.0,5.0,0.0,4.0,4.0,8.0,10.0,8.0,8.0,10.0,5.0,11.0,0.0,0.0,0.0,2.0,100.0,0.0,0.0,0.0,205541.0,52306.0,57100.0,48441.0,0,0
29352,24000.0,0.0702,741.27,2,56000.0,0,1,n,49.72,0.0,1.0,13.0,0.0,839.0,35.0,0,17889.81,17889.81,7403.34,7403.34,6110.19,1293.15,0.0,0.0,0.0,741.27,0.0,1.0,0,0.0,1027.0,119214.0,4.0,8.0,3.0,7.0,3.0,118375.0,81.0,1.0,2.0,839.0,65.0,38500.0,1.0,12.0,2.0,10.0,9170.0,32661.0,2.5,0.0,0.0,153.0,244.0,4.0,3.0,3.0,18.0,2.0,0.0,1.0,1.0,4.0,4.0,25.0,5.0,7.0,1.0,13.0,0.0,0.0,0.0,4.0,100.0,0.0,0.0,0.0,184542.0,119214.0,33500.0,146042.0,0,0
49658,28000.0,0.1102,609.07,1,108245.2,0,1,n,35.83,0.0,0.0,12.0,0.0,2384.0,38.0,0,23556.78,23556.78,7291.7,7291.7,4443.22,2848.48,0.0,0.0,0.0,609.07,0.0,1.0,0,0.0,0.0,106148.0,3.0,4.0,4.0,6.0,4.0,103764.0,81.0,1.0,2.0,428.0,51.0,49900.0,1.0,0.0,1.0,8.0,8846.0,26097.0,1.9,0.0,0.0,169.0,159.0,4.0,4.0,0.0,4.0,8.0,0.0,2.0,6.0,4.0,6.0,27.0,8.0,11.0,6.0,12.0,0.0,0.0,0.0,5.0,100.0,0.0,0.0,0.0,168849.0,106148.0,26600.0,118949.0,0,0
76203,31900.0,0.1102,693.91,2,120000.0,1,1,n,17.1,0.0,0.0,21.0,0.0,15429.0,35.0,0,26989.01,26989.01,8287.86,8287.86,4910.99,3376.87,0.0,0.0,0.0,693.91,0.0,1.0,1,0.0,0.0,396152.0,1.0,8.0,2.0,2.0,11.0,67093.0,74.0,1.0,5.0,6441.0,45.0,58100.0,3.0,2.0,4.0,8.0,19808.0,35835.0,25.3,0.0,0.0,205.0,374.0,6.0,6.0,2.0,6.0,11.0,1.0,5.0,9.0,7.0,7.0,18.0,12.0,15.0,9.0,21.0,0.0,0.0,0.0,3.0,97.1,0.0,0.0,0.0,463001.0,82522.0,48000.0,81082.0,0,0
73930,6000.0,0.1102,196.49,3,30000.0,0,1,n,30.56,1.0,0.0,6.0,0.0,1224.0,11.0,1,0.0,0.0,6506.960001201999,6506.96,6000.0,506.96,0.0,0.0,0.0,4938.71,0.0,1.0,1,0.0,404.0,28863.0,1.0,4.0,1.0,2.0,6.0,27639.0,75.0,0.0,0.0,1224.0,67.0,6300.0,0.0,1.0,0.0,2.0,4811.0,4276.0,22.3,0.0,0.0,290.0,54.0,47.0,6.0,0.0,54.0,19.0,0.0,1.0,1.0,1.0,1.0,9.0,2.0,2.0,1.0,6.0,0.0,0.0,0.0,1.0,90.9,0.0,0.0,0.0,43183.0,28863.0,5500.0,36883.0,0,0
74550,25525.0,0.17739999999999995,919.47,2,65250.0,1,1,n,36.2,0.0,1.0,17.0,0.0,56717.0,26.0,0,18463.58,18463.58,10983.33,10983.33,7061.42,3921.91,0.0,0.0,0.0,919.47,0.0,1.0,1,0.0,0.0,133699.0,1.0,1.0,0.0,1.0,19.0,4093.0,59.0,1.0,2.0,9338.0,84.0,65100.0,1.0,4.0,1.0,3.0,7865.0,2748.0,92.5,0.0,0.0,143.0,443.0,5.0,5.0,2.0,38.0,3.0,0.0,7.0,15.0,7.0,7.0,9.0,15.0,15.0,15.0,17.0,0.0,0.0,0.0,1.0,100.0,71.4,0.0,0.0,171550.0,60810.0,36600.0,7000.0,0,0
38565,23000.0,0.1308,775.85,1,75000.0,1,1,n,20.64,0.0,1.0,8.0,0.0,27130.0,12.0,0,16898.0,16898.0,8517.64,8517.64,6102.0,2415.64,0.0,0.0,0.0,775.85,0.0,1.0,1,0.0,0.0,41108.0,1.0,1.0,0.0,0.0,32.0,13978.0,60.0,1.0,4.0,8663.0,76.0,30800.0,0.0,0.0,2.0,4.0,5139.0,1574.0,94.2,0.0,0.0,32.0,157.0,5.0,5.0,0.0,5.0,4.0,0.0,5.0,7.0,5.0,7.0,1.0,7.0,11.0,7.0,8.0,0.0,0.0,0.0,1.0,100.0,100.0,0.0,0.0,54133.0,41108.0,27200.0,23333.0,0,0
59601,11725.0,0.0646,359.15,1,154000.0,0,1,n,12.76,0.0,2.0,9.0,0.0,11413.0,61.0,0,8812.39,8812.39,3587.29,3587.29,2912.61,674.68,0.0,0.0,0.0,359.15,0.0,1.0,1,0.0,0.0,506190.0,1.0,5.0,2.0,5.0,6.0,494777.0,89.0,0.0,1.0,8761.0,56.0,39800.0,4.0,0.0,3.0,6.0,56243.0,23663.0,32.4,0.0,0.0,187.0,209.0,18.0,6.0,0.0,18.0,3.0,0.0,2.0,3.0,2.0,13.0,44.0,4.0,17.0,3.0,9.0,0.0,0.0,0.0,2.0,100.0,0.0,0.0,0.0,504840.0,506190.0,35000.0,465040.0,0,0
33352,14000.0,0.17739999999999995,504.31,3,125000.0,0,1,n,8.38,0.0,0.0,6.0,0.0,8356.0,22.0,0,10537.3,10537.3,5512.92,5512.92,3462.7,2050.22,0.0,0.0,0.0,504.31,0.0,1.0,1,0.0,0.0,38344.0,0.0,3.0,1.0,2.0,7.0,29988.0,84.0,1.0,3.0,7036.0,79.0,12600.0,1.0,1.0,1.0,5.0,6391.0,4064.0,67.2,0.0,0.0,134.0,246.0,11.0,7.0,1.0,11.0,7.0,1.0,2.0,3.0,2.0,8.0,4.0,3.0,16.0,3.0,6.0,0.0,0.0,0.0,2.0,95.5,0.0,0.0,0.0,48286.0,38344.0,12400.0,35686.0,0,0
6750,12000.0,0.1102,261.03,2,48000.0,0,1,n,13.89,0.0,2.0,20.0,0.0,9925.0,38.0,0,0.0,0.0,12504.24,12504.24,12000.0,504.24,0.0,0.0,0.0,967.47,0.0,1.0,1,0.0,0.0,299979.0,2.0,1.0,1.0,1.0,10.0,3700.0,21.0,3.0,5.0,8445.0,19.0,54300.0,2.0,7.0,4.0,7.0,16666.0,32361.0,21.6,0.0,0.0,140.0,194.0,0.0,0.0,3.0,6.0,0.0,1.0,2.0,4.0,9.0,13.0,8.0,18.0,27.0,4.0,20.0,0.0,0.0,0.0,5.0,97.4,0.0,0.0,0.0,362080.0,13625.0,41300.0,18047.0,0,0
63913,21350.0,0.08810000000000001,677.04,1,160000.0,1,1,n,12.16,0.0,1.0,8.0,0.0,25031.0,17.0,0,14848.07,14848.07,8114.03,8114.03,6501.93,1612.1,0.0,0.0,0.0,677.04,0.0,1.0,1,0.0,0.0,51611.0,3.0,2.0,1.0,1.0,5.0,26580.0,58.0,2.0,2.0,14413.0,53.0,51800.0,1.0,6.0,1.0,3.0,6451.0,19477.0,47.2,0.0,0.0,141.0,158.0,1.0,1.0,0.0,6.0,5.0,0.0,3.0,5.0,3.0,5.0,5.0,6.0,12.0,5.0,8.0,0.0,0.0,0.0,3.0,100.0,33.3,0.0,0.0,97779.0,51611.0,36900.0,45979.0,0,0
33279,5000.0,0.1033,162.12,2,70000.0,0,1,n,27.43,3.0,0.0,17.0,0.0,3634.0,32.0,1,3632.27,3632.27,1776.15,1776.15,1367.73,408.42,0.0,0.0,0.0,162.12,0.0,1.0,1,0.0,0.0,332284.0,0.0,4.0,0.0,0.0,25.0,179107.0,82.0,0.0,0.0,1069.0,61.0,23600.0,0.0,0.0,1.0,0.0,19546.0,15411.0,17.6,0.0,0.0,111.0,394.0,26.0,25.0,2.0,65.0,10.0,0.0,6.0,9.0,7.0,12.0,10.0,11.0,19.0,9.0,17.0,0.0,0.0,0.0,0.0,78.1,0.0,0.0,0.0,457154.0,183967.0,18700.0,183293.0,0,0
35491,4000.0,0.17739999999999995,144.09,2,65000.0,1,1,n,14.46,2.0,1.0,19.0,0.0,4969.0,54.0,0,0.0,0.0,4490.88,4490.88,4000.0,490.88,0.0,0.0,0.0,3342.1,0.0,1.0,1,0.0,0.0,119130.0,1.0,1.0,0.0,0.0,27.0,22047.0,65.0,4.0,5.0,787.0,32.0,51100.0,0.0,2.0,2.0,5.0,6270.0,10599.0,17.2,0.0,0.0,153.0,155.0,6.0,6.0,3.0,11.0,1.0,2.0,3.0,7.0,5.0,9.0,21.0,17.0,30.0,7.0,19.0,0.0,0.0,2.0,4.0,96.3,20.0,0.0,0.0,185837.0,27016.0,12800.0,34186.0,0,0
28092,40000.0,0.0646,1225.24,3,128000.0,1,1,n,23.68,0.0,2.0,8.0,0.0,46936.0,20.0,0,28552.56,28552.56,13448.93,13448.93,11447.44,2001.49,0.0,0.0,0.0,1225.24,0.0,1.0,1,0.0,0.0,100170.0,1.0,3.0,3.0,4.0,4.0,53234.0,84.0,0.0,0.0,21381.0,75.0,69800.0,0.0,7.0,3.0,4.0,12521.0,8619.0,71.3,0.0,0.0,151.0,367.0,48.0,4.0,1.0,57.0,0.0,0.0,1.0,5.0,1.0,4.0,10.0,5.0,9.0,5.0,8.0,0.0,0.0,0.0,3.0,100.0,0.0,0.0,0.0,133190.0,100170.0,30000.0,63390.0,0,0
54055,30000.0,0.1308,1011.98,1,72000.0,1,1,n,17.28,0.0,2.0,16.0,0.0,29359.0,20.0,0,0.0,0.0,32402.88,32402.88,30000.0,2402.88,0.0,0.0,0.0,25362.62,0.0,1.0,1,0.0,0.0,56482.0,0.0,4.0,0.0,0.0,36.0,27123.0,79.0,1.0,1.0,5584.0,70.0,46400.0,1.0,0.0,3.0,1.0,3530.0,8377.0,72.5,0.0,0.0,170.0,207.0,10.0,10.0,0.0,10.0,0.0,0.0,7.0,9.0,8.0,9.0,7.0,12.0,13.0,9.0,16.0,0.0,0.0,0.0,1.0,100.0,50.0,0.0,0.0,80625.0,56482.0,30500.0,34225.0,0,0
9976,8000.0,0.1171,264.61,1,127696.0,0,1,n,22.7,0.0,1.0,18.0,0.0,37998.0,43.0,0,6024.92,6024.92,2640.9,2640.9,1975.08,665.82,0.0,0.0,0.0,264.61,0.0,1.0,1,0.0,0.0,462148.0,0.0,3.0,2.0,3.0,8.0,45680.0,47.0,0.0,0.0,5057.0,53.0,68700.0,0.0,10.0,1.0,4.0,25675.0,20450.0,45.8,0.0,0.0,96.0,203.0,30.0,8.0,5.0,30.0,6.0,0.0,5.0,9.0,8.0,8.0,16.0,13.0,21.0,9.0,18.0,0.0,0.0,0.0,2.0,97.7,62.5,0.0,0.0,545837.0,83678.0,37700.0,85249.0,0,0
8873,6825.0,0.28800000000000003,285.27,2,58000.0,0,1,n,31.72,0.0,0.0,15.0,0.0,24546.0,22.0,1,5470.35,5470.35,2830.86,2830.86,1354.65,1476.21,0.0,0.0,0.0,285.27,0.0,1.0,1,0.0,0.0,339513.0,0.0,2.0,1.0,1.0,10.0,35272.0,95.0,0.0,0.0,6947.0,57.0,47300.0,0.0,0.0,1.0,3.0,22634.0,15245.0,55.4,0.0,0.0,68.0,116.0,57.0,10.0,2.0,57.0,10.0,0.0,7.0,9.0,8.0,9.0,5.0,12.0,15.0,9.0,15.0,0.0,0.0,0.0,1.0,100.0,62.5,0.0,0.0,380087.0,59818.0,34200.0,47616.0,0,0
40052,40000.0,0.1102,1309.93,2,116000.0,0,1,n,31.77,0.0,0.0,23.0,0.0,52225.0,51.0,0,29141.99,29141.99,14360.25,14360.25,10858.01,3502.24,0.0,0.0,0.0,1309.93,0.0,1.0,1,0.0,0.0,127902.0,0.0,5.0,1.0,3.0,9.0,75677.0,72.0,1.0,1.0,11278.0,71.0,74700.0,1.0,3.0,2.0,4.0,5561.0,11522.0,80.1,0.0,0.0,166.0,491.0,10.0,9.0,1.0,10.0,10.0,0.0,10.0,15.0,11.0,12.0,26.0,18.0,24.0,15.0,23.0,0.0,0.0,0.0,2.0,98.0,81.8,0.0,0.0,179273.0,127902.0,58000.0,104573.0,0,0
75901,12000.0,0.124,269.37,3,74000.0,1,1,n,5.63,0.0,0.0,9.0,1.0,1727.0,15.0,0,10152.92,10152.92,3215.91,3215.91,1847.08,1368.83,0.0,0.0,0.0,269.37,1.0,1.0,1,0.0,428.0,153176.0,1.0,1.0,1.0,2.0,9.0,7253.0,47.0,2.0,2.0,581.0,25.0,21400.0,2.0,3.0,5.0,5.0,17020.0,14499.0,6.5,0.0,0.0,154.0,66.0,2.0,2.0,1.0,2.0,7.0,0.0,2.0,3.0,5.0,5.0,7.0,7.0,7.0,3.0,9.0,0.0,0.0,0.0,3.0,100.0,0.0,1.0,0.0,183945.0,8980.0,15500.0,15295.0,0,0
38772,25000.0,0.17739999999999995,900.56,1,70000.0,1,1,n,20.3,0.0,0.0,11.0,0.0,25070.0,14.0,0,18593.67,18593.67,9881.52,9881.52,6406.33,3475.19,0.0,0.0,0.0,900.56,0.0,1.0,1,0.0,0.0,69338.0,0.0,4.0,1.0,1.0,11.0,44268.0,85.0,0.0,1.0,14734.0,71.0,45800.0,0.0,1.0,3.0,2.0,6303.0,4129.0,85.8,0.0,0.0,53.0,210.0,17.0,11.0,0.0,17.0,11.0,0.0,3.0,4.0,3.0,4.0,4.0,7.0,10.0,4.0,11.0,0.0,0.0,0.0,1.0,100.0,66.7,0.0,0.0,97731.0,69338.0,29000.0,51931.0,0,0
46174,12000.0,0.1033,389.07,3,33464.2,0,1,n,37.27,0.0,0.0,20.0,0.0,18552.0,21.0,0,8717.67,8717.67,4272.88,4272.88,3282.33,990.55,0.0,0.0,0.0,389.07,0.0,1.0,1,0.0,0.0,53302.0,0.0,10.0,0.0,0.0,41.0,34750.0,70.0,0.0,0.0,6803.0,67.0,30400.0,0.0,1.0,0.0,0.0,2665.0,1375.0,90.5,0.0,0.0,100.0,90.0,27.0,27.0,0.0,27.0,22.0,0.0,5.0,8.0,5.0,6.0,10.0,10.0,11.0,8.0,20.0,0.0,0.0,0.0,0.0,100.0,80.0,0.0,0.0,79953.0,53302.0,14400.0,49553.0,0,0
19575,6000.0,0.0756,186.81,3,45000.0,0,1,n,27.49,0.0,0.0,11.0,0.0,3385.0,16.0,0,4466.94,4466.94,1865.58,1865.58,1533.06,332.52,0.0,0.0,0.0,186.81,0.0,1.0,1,0.0,0.0,27303.0,0.0,2.0,1.0,1.0,9.0,23918.0,67.0,2.0,3.0,1306.0,34.0,45300.0,1.0,0.0,3.0,4.0,2482.0,36615.0,8.5,0.0,0.0,67.0,69.0,11.0,9.0,0.0,11.0,7.0,0.0,7.0,7.0,7.0,7.0,5.0,9.0,11.0,7.0,11.0,0.0,0.0,0.0,3.0,100.0,0.0,0.0,0.0,80874.0,27303.0,40000.0,35574.0,0,0
27516,5000.0,0.2565,200.53,1,46000.0,0,1,n,26.27,0.0,0.0,12.0,0.0,25008.0,20.0,0,4632.42,4632.42,1389.46,1389.46,367.58,1021.88,0.0,0.0,0.0,200.53,0.0,1.0,1,0.0,0.0,35622.0,0.0,3.0,1.0,2.0,9.0,10614.0,72.0,0.0,0.0,12274.0,76.0,32300.0,1.0,0.0,1.0,2.0,2969.0,1599.0,93.4,0.0,0.0,269.0,112.0,30.0,9.0,0.0,30.0,9.0,0.0,4.0,5.0,6.0,8.0,8.0,9.0,11.0,5.0,12.0,0.0,0.0,0.0,1.0,100.0,66.7,0.0,0.0,47150.0,35622.0,24100.0,14850.0,0,0
63125,17000.0,0.08810000000000001,539.1,2,150000.0,1,1,n,17.64,0.0,1.0,7.0,0.0,11842.0,20.0,0,12717.5,12717.5,5382.68,5382.68,4282.5,1100.18,0.0,0.0,0.0,0.0,0.0,1.0,1,0.0,0.0,188989.0,1.0,2.0,1.0,2.0,4.0,31922.0,75.0,0.0,0.0,4074.0,71.0,19400.0,1.0,0.0,2.0,3.0,26998.0,2490.0,76.3,0.0,0.0,105.0,303.0,29.0,4.0,4.0,51.0,4.0,0.0,2.0,4.0,2.0,7.0,5.0,4.0,11.0,4.0,7.0,0.0,0.0,0.0,2.0,100.0,50.0,0.0,0.0,210048.0,43764.0,10500.0,42500.0,1,0
55505,30000.0,0.14300000000000002,702.73,1,118000.0,0,1,n,23.72,0.0,0.0,21.0,1.0,21819.0,26.0,0,29654.77,29654.77,2795.19,2795.19,345.23,2449.96,0.0,0.0,0.0,702.73,0.0,1.0,1,0.0,0.0,63234.0,1.0,4.0,1.0,2.0,6.0,41415.0,63.0,0.0,2.0,3194.0,59.0,41100.0,1.0,0.0,0.0,4.0,3162.0,7795.0,60.2,0.0,0.0,56.0,126.0,14.0,6.0,0.0,18.0,15.0,0.0,8.0,12.0,8.0,8.0,5.0,17.0,21.0,12.0,21.0,0.0,0.0,0.0,1.0,100.0,37.5,1.0,0.0,106738.0,63234.0,19600.0,65638.0,0,0
36662,18000.0,0.0702,555.96,2,49999.0,0,1,n,17.86,0.0,0.0,9.0,0.0,17796.0,19.0,0,12895.17,12895.17,6108.54,6108.54,5104.83,1003.71,0.0,0.0,0.0,555.96,0.0,1.0,1,0.0,0.0,125215.0,0.0,1.0,0.0,1.0,18.0,10515.0,90.0,0.0,1.0,6844.0,60.0,35200.0,0.0,0.0,1.0,2.0,13913.0,14849.0,52.4,0.0,0.0,192.0,64.0,18.0,18.0,3.0,31.0,1.0,2.0,4.0,6.0,5.0,7.0,6.0,7.0,10.0,6.0,9.0,0.0,0.0,0.0,0.0,89.5,0.0,0.0,0.0,160867.0,28311.0,31200.0,11667.0,0,0
66653,36150.0,0.1308,824.01,2,211000.0,0,1,n,12.86,0.0,0.0,16.0,0.0,41736.0,27.0,0,30773.04,30773.04,9861.85,9861.85,5376.96,4484.89,0.0,0.0,0.0,824.01,0.0,1.0,1,0.0,0.0,592966.0,0.0,3.0,0.0,1.0,20.0,31024.0,50.0,0.0,0.0,17899.0,71.0,43100.0,1.0,0.0,0.0,1.0,37060.0,1468.0,96.5,0.0,0.0,172.0,194.0,53.0,20.0,2.0,54.0,20.0,0.0,10.0,11.0,10.0,14.0,8.0,11.0,16.0,11.0,16.0,0.0,0.0,0.0,0.0,100.0,100.0,0.0,0.0,643431.0,83123.0,40600.0,62274.0,0,0
7729,25200.0,0.1308,574.41,3,58000.0,0,1,n,31.6,0.0,0.0,13.0,1.0,25402.0,31.0,0,22064.24,22064.24,5725.79,5725.79,3135.76,2590.03,0.0,0.0,0.0,574.41,0.0,1.0,1,0.0,0.0,53076.0,0.0,2.0,0.0,1.0,21.0,27674.0,62.0,1.0,2.0,8614.0,58.0,47000.0,0.0,5.0,1.0,3.0,4083.0,14069.0,64.3,0.0,0.0,136.0,197.0,11.0,11.0,0.0,22.0,11.0,0.0,5.0,6.0,6.0,11.0,13.0,11.0,18.0,6.0,13.0,0.0,0.0,0.0,1.0,100.0,33.3,1.0,0.0,91989.0,53076.0,39400.0,44989.0,0,0
32861,6000.0,0.1612,211.3,3,60000.0,1,1,n,19.26,4.0,2.0,17.0,0.0,5959.0,45.0,0,4648.72,4648.72,2107.63,2107.63,1351.28,756.35,0.0,0.0,0.0,0.0,0.0,1.0,1,0.0,0.0,12122.0,4.0,1.0,1.0,1.0,10.0,6163.0,82.0,6.0,8.0,2266.0,37.0,25300.0,2.0,0.0,3.0,9.0,713.0,11943.0,18.8,0.0,0.0,138.0,322.0,1.0,1.0,0.0,213.0,1.0,5.0,2.0,12.0,2.0,13.0,2.0,16.0,43.0,12.0,17.0,0.0,0.0,2.0,7.0,68.9,50.0,0.0,0.0,32800.0,12122.0,14700.0,7500.0,0,0
55224,10625.0,0.08810000000000001,336.94,2,115000.0,0,1,n,4.54,2.0,0.0,8.0,0.0,7733.0,14.0,0,7254.42,7254.42,4159.0,4159.0,3370.58,788.42,0.0,0.0,0.0,336.94,0.0,1.0,1,0.0,0.0,171995.0,1.0,1.0,0.0,1.0,17.0,3559.0,59.0,2.0,3.0,3225.0,46.0,18500.0,2.0,1.0,2.0,5.0,21499.0,10767.0,41.8,0.0,0.0,119.0,153.0,8.0,5.0,2.0,8.0,8.0,2.0,5.0,5.0,6.0,6.0,3.0,6.0,9.0,5.0,8.0,0.0,0.0,2.0,3.0,75.0,16.7,0.0,0.0,186511.0,11292.0,18500.0,6000.0,0,0
57773,6000.0,0.0646,183.79,1,50000.0,0,1,n,34.64,0.0,0.0,6.0,0.0,4107.0,20.0,0,4511.55,4511.55,1835.75,1835.75,1488.45,347.3,0.0,0.0,0.0,183.79,0.0,1.0,1,0.0,0.0,28104.0,0.0,2.0,1.0,2.0,12.0,23997.0,53.0,0.0,0.0,2409.0,33.0,39400.0,1.0,0.0,1.0,2.0,5621.0,35293.0,10.4,0.0,0.0,118.0,199.0,66.0,12.0,0.0,66.0,12.0,0.0,3.0,3.0,3.0,9.0,9.0,4.0,11.0,3.0,6.0,0.0,0.0,0.0,1.0,100.0,0.0,0.0,0.0,84321.0,28104.0,39400.0,44921.0,0,0
66492,12750.0,0.1102,417.54,2,100000.0,0,1,n,15.84,1.0,0.0,9.0,0.0,12945.0,24.0,0,0.0,0.0,12755.0466666666,12755.05,12750.0,5.05,0.0,0.0,0.0,12762.86,0.0,1.0,1,0.0,0.0,271222.0,0.0,2.0,0.0,1.0,18.0,41574.0,82.0,0.0,0.0,7893.0,80.0,17500.0,1.0,0.0,0.0,3.0,30136.0,582.0,94.9,0.0,0.0,187.0,234.0,30.0,18.0,3.0,67.0,18.0,1.0,3.0,4.0,3.0,3.0,14.0,6.0,6.0,4.0,9.0,0.0,0.0,0.0,0.0,91.7,66.7,0.0,0.0,291121.0,54519.0,11500.0,50621.0,0,0
72696,14125.0,0.1171,467.2,3,48000.0,1,1,n,12.29,2.0,1.0,12.0,0.0,10185.0,17.0,0,10954.48,10954.48,4662.81,4662.81,3170.52,1492.29,0.0,0.0,0.0,467.2,0.0,1.0,1,0.0,0.0,13694.0,3.0,1.0,1.0,2.0,6.0,3509.0,59.0,2.0,3.0,3300.0,56.0,18300.0,2.0,0.0,2.0,5.0,1141.0,3728.0,70.6,0.0,0.0,18.0,111.0,0.0,0.0,0.0,5.0,5.0,2.0,5.0,8.0,6.0,7.0,2.0,11.0,15.0,8.0,12.0,0.0,0.0,0.0,3.0,70.6,33.3,0.0,0.0,24300.0,13694.0,12700.0,6000.0,0,0
62939,10000.0,0.2565,401.05,2,33000.0,0,1,n,32.44,0.0,2.0,9.0,0.0,9950.0,13.0,0,7836.56,7836.56,4397.3,4397.3,2163.44,2233.86,0.0,0.0,0.0,0.0,0.0,1.0,1,0.0,981.0,75162.0,1.0,1.0,0.0,1.0,16.0,8486.0,71.0,2.0,2.0,3888.0,48.0,26300.0,2.0,0.0,3.0,4.0,8351.0,12414.0,43.3,0.0,0.0,540.0,65.0,2.0,2.0,1.0,34.0,2.0,0.0,4.0,6.0,4.0,4.0,5.0,7.0,7.0,6.0,9.0,0.0,0.0,0.0,2.0,100.0,25.0,0.0,0.0,96297.0,18436.0,21900.0,12000.0,0,0
71818,7575.0,0.08810000000000001,240.22,2,50000.0,1,1,n,17.59,0.0,0.0,12.0,0.0,4858.0,19.0,0,1382.97,1382.97,6781.73,6781.73,6192.03,589.7,0.0,0.0,0.0,241.0,0.0,1.0,1,0.0,311.0,133959.0,1.0,2.0,0.0,1.0,13.0,8779.0,53.0,1.0,3.0,3287.0,29.0,30600.0,1.0,0.0,3.0,5.0,11163.0,21242.0,18.6,0.0,0.0,158.0,139.0,9.0,3.0,3.0,15.0,3.0,2.0,4.0,4.0,7.0,8.0,5.0,9.0,11.0,4.0,12.0,0.0,0.0,0.0,2.0,89.5,0.0,0.0,0.0,167600.0,13637.0,26100.0,16500.0,0,0
58336,26000.0,0.2055,696.83,1,46000.0,1,1,n,32.69,0.0,1.0,9.0,0.0,2474.0,12.0,0,22679.82,22679.82,8332.28,8332.28,3320.18,5012.1,0.0,0.0,0.0,696.83,0.0,1.0,0,0.0,0.0,77141.0,3.0,3.0,2.0,3.0,2.0,74667.0,90.0,1.0,3.0,296.0,53.0,35000.0,2.0,1.0,1.0,6.0,8571.0,30204.0,1.0,0.0,0.0,100.0,84.0,3.0,2.0,0.0,3.0,3.0,0.0,1.0,2.0,5.0,5.0,6.0,6.0,6.0,2.0,9.0,0.0,0.0,0.0,3.0,100.0,0.0,0.0,0.0,114386.0,77141.0,30500.0,79386.0,0,0
67034,16825.0,0.08810000000000001,533.55,2,126000.0,1,1,n,21.82,0.0,0.0,9.0,0.0,20154.0,15.0,0,15114.35,15114.35,3113.09,3113.09,1710.65,1402.44,0.0,0.0,0.0,266.78,0.0,1.0,1,0.0,0.0,71617.0,0.0,2.0,1.0,2.0,8.0,51463.0,87.0,0.0,0.0,10717.0,51.0,57800.0,2.0,0.0,1.0,2.0,7957.0,30359.0,36.5,0.0,0.0,81.0,165.0,55.0,8.0,2.0,85.0,9.0,1.0,4.0,6.0,5.0,5.0,5.0,7.0,8.0,6.0,9.0,0.0,0.0,0.0,1.0,93.3,40.0,0.0,0.0,122000.0,71617.0,47800.0,64200.0,1,0
5177,8000.0,0.1033,171.28,1,40000.0,1,1,n,12.78,0.0,0.0,14.0,0.0,4931.0,17.0,1,6935.27,6935.27,1708.21,1708.21,1064.73,643.48,0.0,0.0,0.0,171.28,0.0,1.0,1,0.0,0.0,43133.0,0.0,12.0,0.0,2.0,19.0,38202.0,94.0,1.0,2.0,4931.0,88.0,8400.0,0.0,0.0,0.0,4.0,3081.0,69.0,98.6,0.0,0.0,90.0,60.0,8.0,8.0,0.0,8.0,20.0,0.0,1.0,1.0,1.0,2.0,13.0,2.0,4.0,1.0,14.0,0.0,0.0,0.0,1.0,100.0,100.0,0.0,0.0,49104.0,43133.0,5000.0,40704.0,0,0
73549,37225.0,0.1033,796.98,3,170000.0,0,1,n,15.04,0.0,0.0,29.0,0.0,37023.0,52.0,0,31227.93,31227.93,9542.4,9542.4,5997.07,3545.33,0.0,0.0,0.0,796.98,0.0,1.0,1,0.0,0.0,282649.0,0.0,17.0,0.0,2.0,15.0,75230.0,82.0,1.0,4.0,15615.0,62.0,129100.0,0.0,0.0,2.0,7.0,9747.0,92077.0,39.4,0.0,0.0,138.0,157.0,9.0,9.0,3.0,9.0,8.0,0.0,6.0,6.0,10.0,18.0,22.0,10.0,26.0,6.0,29.0,0.0,0.0,0.0,1.0,100.0,20.0,0.0,0.0,397964.0,116494.0,129100.0,91623.0,0,0
43192,3000.0,0.1524,104.35,3,85000.0,0,1,n,10.53,0.0,3.0,15.0,0.0,6332.0,27.0,0,0.0,0.0,3116.26,3116.26,3000.0,116.26,0.0,0.0,0.0,3014.45,0.0,1.0,1,0.0,0.0,25040.0,3.0,2.0,1.0,3.0,3.0,18708.0,78.0,3.0,8.0,2050.0,58.0,19100.0,3.0,4.0,3.0,11.0,1669.0,7630.0,30.0,0.0,0.0,43.0,120.0,2.0,2.0,0.0,2.0,2.0,1.0,4.0,9.0,6.0,8.0,5.0,13.0,22.0,9.0,15.0,0.0,0.0,0.0,4.0,96.3,33.3,0.0,0.0,43005.0,25040.0,10900.0,23905.0,0,0
7163,16500.0,0.0646,505.41,3,177000.0,0,1,n,10.85,0.0,1.0,13.0,0.0,28927.0,31.0,0,12231.77,12231.77,5048.18,5048.18,4268.23,779.95,0.0,0.0,0.0,505.41,0.0,1.0,1,0.0,0.0,585794.0,1.0,3.0,1.0,1.0,11.0,76305.0,84.0,3.0,5.0,9269.0,76.0,41100.0,2.0,9.0,7.0,6.0,48816.0,12173.0,70.4,0.0,0.0,154.0,242.0,0.0,0.0,7.0,0.0,1.0,3.0,5.0,5.0,6.0,10.0,10.0,7.0,14.0,5.0,13.0,0.0,0.0,0.0,4.0,66.7,50.0,0.0,0.0,737584.0,105232.0,41100.0,89228.0,0,0
53229,7000.0,0.08810000000000001,221.98,2,120000.0,0,1,n,24.39,0.0,1.0,20.0,0.0,38808.0,35.0,0,4633.19,4633.19,2881.91,2881.91,2366.81,515.1,0.0,0.0,0.0,221.98,0.0,1.0,1,0.0,0.0,303789.0,1.0,9.0,2.0,4.0,5.0,71917.0,76.0,1.0,5.0,5242.0,77.0,49600.0,3.0,1.0,5.0,9.0,15989.0,667.0,89.4,0.0,0.0,161.0,304.0,12.0,5.0,3.0,21.0,6.0,1.0,2.0,7.0,2.0,5.0,17.0,10.0,15.0,7.0,20.0,0.0,0.0,0.0,3.0,88.6,50.0,0.0,0.0,417127.0,110725.0,6300.0,95055.0,0,0
69848,36850.0,0.0702,1138.16,1,152400.0,0,1,n,15.12,0.0,0.0,18.0,0.0,28994.0,36.0,0,25385.05,25385.05,13643.55,13643.55,11464.95,2178.6,0.0,0.0,0.0,1138.16,0.0,1.0,1,0.0,0.0,43110.0,0.0,1.0,0.0,1.0,23.0,14116.0,42.0,1.0,2.0,6746.0,30.0,112300.0,1.0,0.0,0.0,3.0,2536.0,73571.0,28.2,0.0,0.0,204.0,188.0,8.0,8.0,0.0,8.0,23.0,0.0,8.0,9.0,11.0,18.0,9.0,17.0,27.0,9.0,18.0,0.0,0.0,0.0,1.0,100.0,0.0,0.0,0.0,146300.0,43110.0,102400.0,34000.0,0,0
11199,4200.0,0.0756,130.77,2,42000.0,1,1,n,25.63,0.0,1.0,9.0,0.0,2777.0,18.0,0,3126.83,3126.83,1305.94,1305.94,1073.17,232.77,0.0,0.0,0.0,130.77,0.0,1.0,1,0.0,0.0,124116.0,1.0,3.0,0.0,1.0,15.0,17622.0,37.0,2.0,2.0,2643.0,27.0,26300.0,1.0,1.0,1.0,3.0,13791.0,21923.0,11.2,0.0,0.0,117.0,182.0,6.0,6.0,1.0,6.0,6.0,0.0,2.0,2.0,4.0,5.0,7.0,5.0,10.0,2.0,9.0,0.0,0.0,0.0,2.0,100.0,0.0,0.0,0.0,186500.0,20399.0,24700.0,48265.0,0,0
75361,6000.0,0.1171,198.46,1,90000.0,0,1,n,5.59,0.0,1.0,9.0,0.0,4113.0,11.0,0,4227.97,4227.97,2373.71,2373.71,1772.03,601.68,0.0,0.0,0.0,198.46,0.0,1.0,1,0.0,0.0,9828.0,1.0,1.0,0.0,0.0,42.0,5715.0,43.0,2.0,4.0,2247.0,36.0,13500.0,2.0,0.0,4.0,5.0,1092.0,5487.0,42.8,0.0,0.0,55.0,46.0,4.0,4.0,0.0,4.0,1.0,1.0,4.0,4.0,4.0,5.0,2.0,7.0,8.0,4.0,9.0,0.0,0.0,0.0,3.0,90.9,25.0,0.0,0.0,27123.0,9828.0,9600.0,13396.0,0,0
50951,5400.0,0.08810000000000001,171.25,2,60000.0,0,1,n,18.08,0.0,0.0,9.0,0.0,8794.0,20.0,0,3755.39,3755.39,2052.36,2052.36,1644.61,407.75,0.0,0.0,0.0,171.25,0.0,1.0,1,0.0,0.0,279327.0,2.0,3.0,1.0,3.0,3.0,25668.0,76.0,1.0,2.0,4497.0,58.0,25700.0,0.0,1.0,0.0,5.0,34916.0,16906.0,34.2,0.0,0.0,115.0,159.0,4.0,3.0,2.0,4.0,19.0,0.0,3.0,3.0,5.0,8.0,10.0,5.0,8.0,3.0,9.0,0.0,0.0,0.0,2.0,100.0,50.0,0.0,0.0,313975.0,34462.0,25700.0,33675.0,0,0
39020,17000.0,0.08810000000000001,539.1,2,68250.0,1,1,n,17.71,0.0,2.0,11.0,0.0,16869.0,19.0,0,12240.43,12240.43,5921.78,5921.78,4759.57,1162.21,0.0,0.0,0.0,539.1,0.0,1.0,1,0.0,0.0,143635.0,0.0,1.0,0.0,0.0,32.0,9916.0,38.0,0.0,0.0,7951.0,52.0,25900.0,7.0,0.0,13.0,0.0,14364.0,2973.0,85.0,0.0,0.0,105.0,275.0,45.0,32.0,2.0,59.0,2.0,0.0,5.0,6.0,6.0,6.0,6.0,9.0,11.0,6.0,11.0,0.0,0.0,0.0,0.0,100.0,60.0,0.0,0.0,174157.0,26785.0,19800.0,26013.0,0,0
16605,40000.0,0.124,1336.23,2,100000.0,0,1,n,37.63,0.0,1.0,28.0,0.0,117661.0,50.0,0,30496.09,30496.09,13334.74,13334.74,9503.91,3830.83,0.0,0.0,0.0,1336.23,0.0,1.0,1,0.0,0.0,441813.0,2.0,13.0,0.0,1.0,23.0,54637.0,58.0,2.0,3.0,15462.0,48.0,186800.0,0.0,11.0,1.0,4.0,15779.0,47767.0,37.1,0.0,0.0,196.0,316.0,1.0,1.0,1.0,39.0,1.0,0.0,6.0,12.0,7.0,10.0,27.0,14.0,22.0,12.0,28.0,0.0,0.0,0.0,2.0,98.0,14.3,0.0,0.0,577977.0,172298.0,75900.0,93666.0,0,0
9489,10000.0,0.1612,243.82,2,60000.0,1,1,n,28.98,0.0,1.0,15.0,1.0,13051.0,18.0,0,8836.52,8836.52,2420.29,2420.29,1163.48,1256.81,0.0,0.0,0.0,243.82,0.0,1.0,0,0.0,0.0,55023.0,1.0,6.0,0.0,0.0,31.0,41972.0,67.0,2.0,3.0,1896.0,67.0,19400.0,0.0,2.0,2.0,3.0,3668.0,3445.0,57.5,0.0,0.0,86.0,86.0,2.0,2.0,0.0,2.0,2.0,0.0,4.0,8.0,5.0,6.0,7.0,9.0,11.0,8.0,15.0,0.0,0.0,0.0,2.0,88.9,60.0,1.0,0.0,84777.0,55023.0,8100.0,65377.0,0,0
73098,20000.0,0.0646,612.62,2,145000.0,0,1,n,24.7,0.0,0.0,17.0,0.0,12742.0,39.0,0,13757.9,13757.9,7344.26,7344.26,6242.1,1102.16,0.0,0.0,0.0,612.62,0.0,1.0,1,0.0,0.0,442799.0,1.0,5.0,2.0,4.0,4.0,137972.0,69.0,1.0,1.0,8246.0,27.0,128300.0,2.0,3.0,3.0,5.0,26047.0,88554.0,8.5,0.0,0.0,192.0,366.0,10.0,4.0,3.0,25.0,4.0,0.0,1.0,3.0,7.0,7.0,19.0,11.0,17.0,3.0,17.0,0.0,0.0,0.0,3.0,100.0,0.0,0.0,0.0,656837.0,150714.0,96800.0,188537.0,0,0
26651,22000.0,0.2055,823.78,1,50000.0,0,1,n,15.34,0.0,0.0,9.0,0.0,16169.0,28.0,0,16639.23,16639.23,9036.46,9036.46,5360.77,3675.69,0.0,0.0,0.0,823.78,0.0,1.0,1,0.0,0.0,17308.0,0.0,1.0,1.0,1.0,10.0,1139.0,71.0,0.0,0.0,6447.0,71.0,22900.0,0.0,13.0,0.0,1.0,1923.0,3227.0,78.9,0.0,0.0,104.0,121.0,34.0,10.0,0.0,34.0,16.0,0.0,3.0,5.0,4.0,7.0,15.0,8.0,13.0,5.0,9.0,0.0,0.0,0.0,1.0,100.0,75.0,0.0,0.0,24500.0,17308.0,15300.0,1600.0,0,0
19052,25050.0,0.0819,510.21,2,330000.0,1,1,n,9.48,0.0,0.0,10.0,0.0,24682.0,23.0,0,21551.45,21551.45,5090.7,5090.7,3498.55,1592.15,0.0,0.0,0.0,510.21,0.0,1.0,1,0.0,0.0,1768760.0,0.0,3.0,2.0,2.0,7.0,78733.0,92.0,0.0,0.0,7843.0,62.0,58300.0,2.0,2.0,2.0,6.0,176876.0,20812.0,39.3,0.0,0.0,118.0,400.0,117.0,7.0,10.0,166.0,2.0,0.0,2.0,3.0,2.0,4.0,4.0,4.0,8.0,3.0,10.0,0.0,0.0,0.0,3.0,82.6,0.0,0.0,0.0,1837453.0,124747.0,34300.0,94600.0,0,0
77083,28000.0,0.1524,669.66,2,90000.0,0,1,n,10.55,1.0,2.0,8.0,0.0,21728.0,18.0,0,24133.6,24133.6,7988.51,7988.51,3866.4,4122.11,0.0,0.0,0.0,669.66,0.0,1.0,1,0.0,0.0,411030.0,1.0,2.0,1.0,1.0,11.0,106855.0,77.0,1.0,1.0,6681.0,69.0,32300.0,1.0,2.0,3.0,2.0,51379.0,7093.0,60.8,0.0,0.0,218.0,239.0,2.0,2.0,2.0,162.0,2.0,3.0,2.0,4.0,3.0,3.0,10.0,5.0,6.0,4.0,8.0,0.0,0.0,1.0,2.0,58.8,0.0,0.0,0.0,376900.0,128583.0,18100.0,82100.0,0,0
33727,16000.0,0.16949999999999998,397.22,2,55000.0,1,1,n,21.32,0.0,1.0,15.0,0.0,60893.0,35.0,0,0.0,0.0,16015.06,16015.06,16000.0,15.06,0.0,0.0,0.0,16052.73,0.0,1.0,1,0.0,0.0,179567.0,0.0,1.0,0.0,0.0,42.0,16899.0,56.0,2.0,2.0,4354.0,41.0,94000.0,0.0,3.0,1.0,2.0,11971.0,23378.0,35.2,0.0,0.0,160.0,191.0,9.0,9.0,3.0,9.0,6.0,0.0,5.0,8.0,8.0,12.0,6.0,13.0,26.0,8.0,15.0,0.0,0.0,0.0,2.0,100.0,37.5,0.0,0.0,266980.0,77792.0,36100.0,30022.0,0,0
66812,10000.0,0.17739999999999995,360.23,1,61998.0,1,1,n,20.36,0.0,1.0,22.0,0.0,10236.0,49.0,0,7245.03,7245.03,4312.9,4312.9,2754.97,1557.93,0.0,0.0,0.0,360.23,0.0,1.0,1,0.0,0.0,64019.0,2.0,4.0,3.0,4.0,8.0,53783.0,75.0,8.0,15.0,3473.0,57.0,25300.0,0.0,2.0,3.0,19.0,2910.0,9428.0,48.6,0.0,0.0,114.0,115.0,3.0,3.0,0.0,3.0,3.0,0.0,4.0,10.0,6.0,7.0,25.0,18.0,24.0,10.0,21.0,0.0,0.0,0.0,11.0,95.7,28.6,0.0,0.0,84139.0,64019.0,15500.0,58839.0,0,0
51211,3200.0,0.2305,123.96,2,45500.0,0,1,n,33.19,0.0,0.0,22.0,0.0,17360.0,48.0,0,2452.51,2452.51,1359.46,1359.46,747.49,611.97,0.0,0.0,0.0,123.96,0.0,1.0,1,0.0,0.0,251162.0,3.0,5.0,3.0,4.0,1.0,15536.0,75.0,0.0,2.0,3748.0,57.0,36800.0,1.0,8.0,5.0,8.0,11960.0,6287.0,67.4,0.0,0.0,149.0,296.0,13.0,1.0,4.0,13.0,0.0,0.0,8.0,10.0,8.0,12.0,20.0,16.0,24.0,10.0,22.0,0.0,0.0,0.0,4.0,97.8,62.5,0.0,0.0,276932.0,32896.0,19300.0,20828.0,0,0
63328,21975.0,0.2305,620.12,1,158000.0,1,1,n,14.39,0.0,0.0,9.0,1.0,7145.0,13.0,0,19330.97,19330.97,7413.3,7413.3,2644.03,4769.27,0.0,0.0,0.0,620.12,0.0,1.0,1,0.0,0.0,41801.0,0.0,3.0,1.0,2.0,8.0,34656.0,66.0,0.0,1.0,5997.0,61.0,16300.0,2.0,1.0,1.0,3.0,4645.0,6055.0,54.1,0.0,0.0,81.0,97.0,20.0,8.0,0.0,20.0,8.0,0.0,2.0,2.0,4.0,4.0,6.0,6.0,7.0,2.0,9.0,0.0,0.0,0.0,1.0,100.0,25.0,1.0,0.0,68700.0,41801.0,13200.0,52400.0,0,0
7721,27650.0,0.14300000000000002,647.68,1,55000.0,1,1,n,25.31,0.0,0.0,10.0,0.0,4095.0,12.0,1,24350.28,24350.28,6432.87,6432.87,3299.72,3133.15,0.0,0.0,0.0,647.68,0.0,1.0,1,0.0,0.0,41385.0,0.0,2.0,1.0,2.0,10.0,37290.0,77.0,0.0,2.0,3364.0,50.0,33900.0,1.0,0.0,1.0,4.0,4139.0,29805.0,12.1,0.0,0.0,22.0,94.0,13.0,10.0,0.0,13.0,10.0,0.0,3.0,3.0,8.0,10.0,2.0,8.0,10.0,3.0,10.0,0.0,0.0,0.0,1.0,100.0,0.0,0.0,0.0,82349.0,41385.0,33900.0,48449.0,0,0
13541,40000.0,0.1102,1309.93,2,96539.0,1,1,n,28.14,1.0,1.0,7.0,0.0,51942.0,38.0,0,30174.81,30174.81,13074.81,13074.81,9825.19,3249.62,0.0,0.0,0.0,1309.93,0.0,1.0,1,0.0,0.0,313510.0,1.0,3.0,2.0,5.0,8.0,41764.0,81.0,1.0,1.0,28993.0,84.0,59700.0,0.0,17.0,3.0,6.0,44787.0,7758.0,87.0,0.0,0.0,165.0,147.0,5.0,5.0,4.0,5.0,5.0,0.0,3.0,3.0,3.0,5.0,25.0,3.0,8.0,3.0,7.0,0.0,0.0,0.0,3.0,97.4,66.7,0.0,0.0,339032.0,93706.0,59700.0,51332.0,0,0
71747,16000.0,0.14300000000000002,549.18,3,40000.0,1,1,n,39.51,0.0,0.0,19.0,0.0,15379.0,31.0,0,11404.37,11404.37,6577.45,6577.45,4595.63,1981.82,0.0,0.0,0.0,549.18,0.0,1.0,1,0.0,0.0,69215.0,0.0,10.0,0.0,1.0,17.0,53836.0,89.0,2.0,5.0,5428.0,85.0,20500.0,0.0,0.0,1.0,6.0,3643.0,243.0,97.5,0.0,0.0,161.0,168.0,12.0,12.0,0.0,12.0,8.0,8.0,3.0,6.0,3.0,4.0,15.0,9.0,16.0,6.0,19.0,0.0,0.0,0.0,2.0,73.3,100.0,0.0,0.0,81058.0,69215.0,9600.0,60558.0,0,0
48898,11000.0,0.08810000000000001,348.83,2,90000.0,1,1,n,7.89,0.0,1.0,9.0,0.0,3196.0,36.0,0,7940.45,7940.45,3826.36,3826.36,3059.55,766.81,0.0,0.0,0.0,0.0,0.0,1.0,1,0.0,0.0,7213.0,1.0,1.0,0.0,0.0,27.0,4017.0,14.0,1.0,2.0,2284.0,11.0,35400.0,1.0,3.0,2.0,2.0,801.0,27204.0,10.5,0.0,0.0,177.0,140.0,2.0,2.0,2.0,2.0,2.0,0.0,3.0,3.0,7.0,16.0,12.0,8.0,22.0,3.0,9.0,0.0,0.0,0.0,1.0,100.0,14.3,0.0,0.0,64550.0,7213.0,30400.0,29150.0,0,0
2631,7325.0,0.0646,224.38,2,36000.0,0,1,n,38.17,0.0,0.0,7.0,0.0,3986.0,24.0,0,5430.08,5430.08,2241.17,2241.17,1894.92,346.25,0.0,0.0,0.0,224.38,0.0,1.0,1,0.0,0.0,108023.0,1.0,2.0,2.0,3.0,3.0,56508.0,47.0,0.0,1.0,2315.0,14.0,44300.0,1.0,1.0,1.0,4.0,15432.0,35814.0,10.0,0.0,0.0,133.0,222.0,19.0,3.0,1.0,145.0,10.0,0.0,2.0,2.0,3.0,4.0,15.0,4.0,8.0,2.0,7.0,0.0,0.0,0.0,2.0,100.0,0.0,0.0,0.0,156126.0,60494.0,39800.0,60901.0,0,0
71035,8000.0,0.0819,162.94,1,120000.0,0,1,n,5.11,0.0,1.0,2.0,0.0,22.0,16.0,0,6649.99,6649.99,1951.64,1951.64,1350.01,601.63,0.0,0.0,0.0,162.94,0.0,1.0,1,0.0,0.0,29425.0,0.0,1.0,0.0,2.0,14.0,29403.0,91.0,0.0,0.0,22.0,77.0,6000.0,0.0,5.0,1.0,2.0,14713.0,5978.0,0.4,0.0,0.0,149.0,212.0,53.0,14.0,1.0,70.0,4.0,1.0,1.0,1.0,1.0,2.0,8.0,1.0,6.0,1.0,2.0,0.0,0.0,0.0,0.0,93.3,0.0,0.0,0.0,38362.0,29425.0,6000.0,32362.0,0,0
5226,15000.0,0.0819,471.37,1,108000.0,0,1,n,19.07,0.0,1.0,19.0,0.0,35811.0,25.0,0,0.0,0.0,15175.44,15175.44,15000.0,175.44,0.0,0.0,0.0,15182.26,0.0,1.0,1,0.0,0.0,60416.0,0.0,3.0,0.0,3.0,15.0,24605.0,62.0,1.0,2.0,20650.0,46.0,90600.0,1.0,3.0,1.0,5.0,3180.0,45969.0,41.0,0.0,0.0,93.0,132.0,10.0,10.0,0.0,13.0,1.0,0.0,4.0,6.0,11.0,13.0,6.0,15.0,18.0,6.0,19.0,0.0,0.0,0.0,1.0,100.0,27.3,0.0,0.0,132055.0,60416.0,77900.0,40000.0,0,0
13148,25000.0,0.16949999999999998,620.65,2,52000.0,1,1,n,25.43,0.0,0.0,12.0,0.0,15550.0,30.0,0,22148.14,22148.14,6182.96,6182.96,2851.86,3331.1,0.0,0.0,0.0,620.65,0.0,1.0,1,0.0,0.0,71214.0,1.0,3.0,0.0,3.0,14.0,18588.0,52.0,1.0,3.0,8401.0,44.0,41400.0,1.0,4.0,0.0,6.0,5935.0,14734.0,39.1,0.0,0.0,120.0,110.0,3.0,3.0,2.0,3.0,14.0,0.0,3.0,5.0,5.0,9.0,10.0,8.0,18.0,5.0,12.0,0.0,0.0,0.0,1.0,93.3,20.0,0.0,0.0,126862.0,34138.0,24200.0,35462.0,0,0
48948,35500.0,0.1612,1250.18,3,70000.0,1,1,n,14.06,0.0,0.0,6.0,1.0,5150.0,21.0,0,26398.11,26398.11,13688.4,13688.4,9101.89,4586.51,0.0,0.0,0.0,0.0,0.0,1.0,0,0.0,0.0,34846.0,0.0,2.0,1.0,1.0,7.0,29696.0,72.0,0.0,3.0,4157.0,50.0,28500.0,3.0,2.0,6.0,4.0,5808.0,23350.0,18.1,0.0,0.0,150.0,200.0,16.0,7.0,1.0,16.0,0.0,1.0,3.0,3.0,4.0,11.0,5.0,4.0,14.0,3.0,6.0,0.0,0.0,0.0,1.0,92.9,25.0,1.0,0.0,69919.0,34846.0,28500.0,41419.0,0,0
12353,10625.0,0.124,354.94,2,104769.0,0,1,n,24.36,0.0,0.0,11.0,0.0,63343.0,23.0,1,8056.32,8056.32,3542.08,3542.08,2568.68,973.4,0.0,0.0,0.0,354.94,0.0,1.0,1,0.0,0.0,266666.0,0.0,2.0,1.0,2.0,11.0,21829.0,73.0,0.0,2.0,9737.0,77.0,80100.0,1.0,0.0,0.0,4.0,24242.0,9136.0,78.3,0.0,0.0,68.0,316.0,14.0,11.0,1.0,19.0,13.0,0.0,5.0,7.0,5.0,14.0,5.0,8.0,17.0,7.0,11.0,0.0,0.0,0.0,1.0,100.0,80.0,0.0,0.0,321300.0,85172.0,42100.0,30000.0,0,0
75273,24000.0,0.0819,488.82,2,100000.0,1,1,n,24.35,0.0,1.0,25.0,0.0,43335.0,33.0,0,21022.72,21022.72,4866.36,4866.36,2977.28,1889.08,0.0,0.0,0.0,488.82,0.0,1.0,1,0.0,0.0,289083.0,2.0,2.0,0.0,0.0,38.0,2664.0,8.0,2.0,7.0,5345.0,26.0,145300.0,1.0,1.0,1.0,8.0,11563.0,78369.0,24.2,0.0,0.0,131.0,119.0,4.0,4.0,2.0,4.0,4.0,1.0,14.0,19.0,15.0,17.0,4.0,21.0,27.0,19.0,25.0,0.0,0.0,0.0,2.0,92.3,6.7,0.0,0.0,431281.0,45999.0,103400.0,35181.0,0,0
27371,31325.0,0.0702,967.52,2,210000.0,1,1,n,20.28,0.0,0.0,11.0,0.0,2086.0,27.0,0,0.0,0.0,32262.91,32262.91,31325.0,937.91,0.0,0.0,0.0,28405.05,0.0,1.0,1,0.0,0.0,642111.0,3.0,4.0,2.0,5.0,4.0,94555.0,77.0,1.0,3.0,2086.0,53.0,55000.0,2.0,5.0,0.0,8.0,58374.0,24914.0,7.7,0.0,0.0,124.0,142.0,3.0,3.0,5.0,14.0,14.0,0.0,1.0,1.0,2.0,8.0,9.0,5.0,12.0,1.0,11.0,0.0,0.0,0.0,3.0,100.0,0.0,0.0,0.0,786487.0,98587.0,27000.0,123000.0,0,0
69167,12000.0,0.1171,396.92,2,85000.0,0,1,n,22.34,1.0,0.0,12.0,1.0,10773.0,31.0,0,8455.94,8455.94,4747.43,4747.43,3544.06,1203.37,0.0,0.0,0.0,396.92,0.0,1.0,1,0.0,0.0,460066.0,1.0,4.0,2.0,3.0,7.0,78520.0,83.0,0.0,1.0,3495.0,78.0,20300.0,0.0,1.0,1.0,6.0,41824.0,4180.0,66.0,0.0,0.0,170.0,185.0,22.0,4.0,5.0,36.0,7.0,0.0,4.0,5.0,4.0,9.0,14.0,7.0,12.0,5.0,11.0,0.0,0.0,0.0,3.0,96.3,50.0,1.0,0.0,486378.0,89293.0,12300.0,94183.0,0,0
15518,24000.0,0.124,801.74,2,150000.0,0,1,n,23.37,0.0,0.0,10.0,0.0,37368.0,21.0,0,18206.78,18206.78,7984.33,7984.33,5793.22,2191.11,0.0,0.0,0.0,801.74,0.0,1.0,1,0.0,0.0,76918.0,0.0,2.0,0.0,0.0,27.0,39550.0,59.0,0.0,0.0,11979.0,69.0,44300.0,1.0,0.0,1.0,0.0,8546.0,683.0,98.0,0.0,0.0,78.0,117.0,57.0,27.0,0.0,60.0,11.0,0.0,4.0,5.0,4.0,7.0,7.0,7.0,14.0,5.0,10.0,0.0,0.0,0.0,0.0,100.0,100.0,0.0,0.0,111519.0,76918.0,34500.0,67219.0,0,0
75115,37000.0,0.0702,1142.8,2,178000.0,1,1,n,16.58,0.0,0.0,24.0,0.0,39615.0,36.0,0,0.0,0.0,39283.43,39283.43,37000.0,2283.43,0.0,0.0,0.0,26741.49,0.0,1.0,0,0.0,0.0,351676.0,1.0,3.0,2.0,2.0,4.0,62557.0,61.0,1.0,3.0,11083.0,36.0,147300.0,0.0,3.0,4.0,5.0,14653.0,91234.0,25.5,0.0,0.0,138.0,215.0,9.0,4.0,2.0,9.0,4.0,1.0,8.0,10.0,15.0,17.0,8.0,20.0,24.0,10.0,24.0,0.0,0.0,0.0,3.0,97.2,26.7,0.0,0.0,542007.0,102172.0,122400.0,86707.0,0,0
77061,18075.0,0.08810000000000001,573.19,2,75000.0,0,1,n,26.34,0.0,0.0,9.0,0.0,17646.0,18.0,0,0.0,0.0,19474.0342291681,19474.03,18075.0,1399.03,0.0,0.0,0.0,13759.82,0.0,1.0,1,0.0,0.0,288629.0,0.0,2.0,0.0,2.0,18.0,38407.0,52.0,0.0,0.0,4697.0,65.0,23300.0,0.0,2.0,1.0,3.0,32070.0,4039.0,80.1,0.0,0.0,115.0,125.0,45.0,9.0,2.0,45.0,11.0,0.0,5.0,6.0,5.0,7.0,6.0,6.0,10.0,6.0,9.0,0.0,0.0,0.0,1.0,100.0,80.0,0.0,0.0,313168.0,56053.0,20300.0,54608.0,0,0
17364,30000.0,0.1524,717.49,2,118000.0,1,1,n,16.4,0.0,1.0,11.0,1.0,4850.0,25.0,0,26436.14,26436.14,7149.5,7149.5,3563.86,3585.64,0.0,0.0,0.0,717.49,0.0,1.0,1,0.0,0.0,124018.0,1.0,7.0,3.0,5.0,5.0,119168.0,93.0,0.0,1.0,2973.0,82.0,23100.0,1.0,0.0,2.0,6.0,11274.0,13538.0,22.6,0.0,0.0,81.0,280.0,18.0,5.0,0.0,18.0,5.0,0.0,2.0,3.0,2.0,7.0,14.0,4.0,11.0,3.0,11.0,0.0,0.0,0.0,3.0,92.0,0.0,1.0,0.0,151980.0,124018.0,17500.0,128880.0,0,0
49479,16500.0,0.0646,505.41,2,103000.0,1,1,n,12.16,0.0,1.0,17.0,0.0,15872.0,31.0,0,11350.27,11350.27,6059.0,6059.0,5149.73,909.27,0.0,0.0,0.0,505.41,1.0,1.0,1,0.0,399.0,283317.0,1.0,2.0,0.0,2.0,13.0,101827.0,68.0,2.0,3.0,3960.0,50.0,37500.0,0.0,2.0,2.0,5.0,17707.0,19714.0,44.5,0.0,0.0,161.0,108.0,2.0,2.0,1.0,9.0,2.0,0.0,9.0,10.0,12.0,14.0,12.0,14.0,18.0,10.0,17.0,0.0,0.0,0.0,2.0,96.6,9.1,0.0,0.0,288610.0,117699.0,35500.0,75353.0,0,0
27305,7000.0,0.1524,243.49,3,65000.0,1,1,n,25.15,1.0,1.0,36.0,0.0,20891.0,55.0,0,5187.31,5187.31,2666.54,2666.54,1812.69,853.85,0.0,0.0,0.0,243.49,0.0,1.0,1,0.0,132.0,37524.0,1.0,2.0,1.0,1.0,8.0,16633.0,48.0,2.0,6.0,898.0,41.0,56100.0,1.0,3.0,2.0,7.0,1104.0,12602.0,6.7,0.0,0.0,59.0,224.0,2.0,2.0,1.0,15.0,5.0,0.0,1.0,9.0,5.0,5.0,2.0,34.0,52.0,9.0,36.0,0.0,0.0,0.0,3.0,90.9,0.0,0.0,0.0,90831.0,37524.0,13500.0,34731.0,0,0
5941,5000.0,0.08810000000000001,158.56,1,33000.0,1,1,n,15.2,0.0,1.0,13.0,0.0,3480.0,21.0,0,3527.11,3527.11,1783.15,1783.15,1472.89,310.26,0.0,0.0,0.0,158.56,0.0,1.0,1,0.0,0.0,18628.0,1.0,1.0,0.0,2.0,18.0,15148.0,82.0,3.0,4.0,1945.0,28.0,48200.0,4.0,0.0,1.0,6.0,1433.0,40228.0,6.7,0.0,0.0,150.0,361.0,4.0,4.0,0.0,4.0,4.0,0.0,2.0,3.0,9.0,9.0,3.0,12.0,18.0,3.0,13.0,0.0,0.0,0.0,3.0,100.0,0.0,0.0,0.0,66740.0,18628.0,43100.0,18540.0,0,0
54940,24000.0,0.2565,713.61,1,55000.0,1,1,n,20.58,0.0,1.0,8.0,0.0,15371.0,10.0,0,0.0,0.0,25765.46,25765.46,24000.0,1765.46,0.0,0.0,0.0,24406.64,0.0,1.0,1,0.0,0.0,17608.0,1.0,2.0,1.0,2.0,5.0,2237.0,16.0,0.0,1.0,5518.0,48.0,23100.0,1.0,0.0,1.0,3.0,2201.0,7532.0,62.5,0.0,0.0,33.0,88.0,19.0,5.0,0.0,19.0,5.0,1.0,5.0,6.0,5.0,6.0,3.0,6.0,7.0,6.0,8.0,0.0,0.0,0.0,1.0,90.0,40.0,0.0,0.0,37006.0,17608.0,20100.0,13906.0,0,0
39559,15000.0,0.1033,321.15,1,69000.0,0,1,n,19.79,0.0,0.0,10.0,0.0,17667.0,21.0,0,12803.8,12803.8,3524.04,3524.04,2196.2,1327.84,0.0,0.0,0.0,321.15,0.0,1.0,1,0.0,0.0,41792.0,1.0,2.0,0.0,0.0,50.0,24125.0,54.0,1.0,1.0,15053.0,52.0,36300.0,0.0,4.0,1.0,1.0,4179.0,14633.0,54.7,0.0,0.0,129.0,181.0,4.0,4.0,0.0,4.0,10.0,0.0,4.0,4.0,5.0,8.0,5.0,8.0,13.0,4.0,10.0,0.0,0.0,0.0,1.0,100.0,20.0,0.0,0.0,80885.0,41792.0,32300.0,44585.0,0,0
24925,10450.0,0.0819,328.39,1,68000.0,0,1,n,7.82,0.0,0.0,8.0,0.0,4691.0,23.0,0,7523.74,7523.74,3607.54,3607.54,2926.26,681.28,0.0,0.0,0.0,328.39,0.0,1.0,1,0.0,0.0,19288.0,0.0,1.0,0.0,1.0,18.0,14597.0,73.0,1.0,2.0,4683.0,35.0,35800.0,1.0,0.0,0.0,3.0,2411.0,28609.0,14.1,0.0,0.0,94.0,174.0,12.0,12.0,0.0,12.0,18.0,0.0,2.0,2.0,5.0,9.0,6.0,7.0,17.0,2.0,8.0,0.0,0.0,0.0,1.0,100.0,0.0,0.0,0.0,55800.0,19288.0,33300.0,20000.0,0,0
41286,4900.0,0.17739999999999995,176.51,2,92000.0,1,1,n,14.47,0.0,0.0,8.0,0.0,16922.0,15.0,1,3691.89,3691.89,1931.95,1931.95,1208.11,723.84,0.0,0.0,0.0,176.51,0.0,1.0,1,0.0,0.0,30689.0,1.0,2.0,0.0,2.0,21.0,13767.0,69.0,1.0,1.0,5857.0,80.0,18500.0,1.0,0.0,0.0,3.0,3836.0,832.0,93.1,0.0,0.0,179.0,343.0,6.0,6.0,0.0,33.0,21.0,0.0,3.0,6.0,3.0,4.0,6.0,6.0,9.0,6.0,8.0,0.0,0.0,0.0,1.0,93.3,66.7,0.0,0.0,38500.0,30689.0,12100.0,20000.0,0,0
66798,22000.0,0.1171,486.16,1,50000.0,0,1,n,22.37,1.0,1.0,4.0,0.0,19118.0,20.0,0,20209.83,20209.83,4288.29,4288.29,1790.17,2498.12,0.0,0.0,0.0,486.16,0.0,1.0,1,0.0,230.0,28973.0,0.0,2.0,0.0,0.0,31.0,9855.0,50.0,0.0,0.0,9630.0,61.0,27700.0,0.0,2.0,1.0,0.0,7243.0,8582.0,69.0,0.0,0.0,173.0,168.0,43.0,31.0,0.0,103.0,1.0,0.0,2.0,2.0,2.0,4.0,11.0,2.0,9.0,2.0,4.0,0.0,0.0,0.0,0.0,95.0,50.0,0.0,0.0,47294.0,28973.0,27700.0,19594.0,0,0
54780,40000.0,0.1308,911.77,2,135000.0,0,1,n,33.56,0.0,0.0,17.0,0.0,59613.0,45.0,0,34017.62,34017.62,10883.11,10883.11,5982.38,4900.73,0.0,0.0,0.0,911.77,0.0,1.0,0,0.0,0.0,427735.0,1.0,5.0,2.0,2.0,3.0,125695.0,58.0,0.0,2.0,20468.0,72.0,69400.0,2.0,15.0,1.0,4.0,30553.0,2746.0,95.5,0.0,0.0,162.0,175.0,17.0,3.0,6.0,17.0,10.0,0.0,5.0,7.0,7.0,12.0,20.0,10.0,19.0,7.0,17.0,0.0,0.0,0.0,2.0,100.0,100.0,0.0,0.0,494811.0,185308.0,60600.0,168911.0,0,0
62914,13150.0,0.14300000000000002,308.03,1,64500.0,1,1,n,15.57,0.0,0.0,12.0,0.0,2257.0,24.0,0,11210.21,11210.21,3685.91,3685.91,1939.79,1746.12,0.0,0.0,0.0,308.03,0.0,1.0,1,0.0,257.0,20074.0,0.0,2.0,0.0,1.0,16.0,16784.0,49.0,1.0,4.0,1617.0,31.0,27800.0,3.0,0.0,6.0,6.0,1673.0,8451.0,16.3,0.0,0.0,92.0,159.0,11.0,11.0,0.0,17.0,0.0,0.0,2.0,3.0,4.0,5.0,8.0,9.0,14.0,3.0,12.0,0.0,0.0,0.0,1.0,100.0,0.0,0.0,0.0,63876.0,20074.0,10100.0,34621.0,0,0
64203,4000.0,0.124,133.63,2,50000.0,1,1,n,30.2,0.0,0.0,8.0,0.0,9955.0,12.0,0,2827.27,2827.27,1600.8,1600.8,1172.73,428.07,0.0,0.0,0.0,133.63,0.0,1.0,1,0.0,0.0,192762.0,2.0,2.0,1.0,1.0,5.0,33671.0,63.0,1.0,1.0,7876.0,53.0,29300.0,0.0,1.0,2.0,2.0,24095.0,16249.0,35.8,0.0,0.0,67.0,129.0,5.0,5.0,1.0,5.0,5.0,0.0,3.0,4.0,3.0,4.0,5.0,5.0,6.0,4.0,8.0,0.0,0.0,0.0,2.0,90.9,33.3,0.0,0.0,241883.0,43626.0,25300.0,53813.0,0,0
64543,12000.0,0.08810000000000001,380.54,1,64000.0,1,1,n,19.88,0.0,0.0,12.0,0.0,14916.0,14.0,0,8345.5,8345.5,4560.61,4560.61,3654.5,906.11,0.0,0.0,0.0,380.54,0.0,1.0,1,0.0,0.0,31746.0,1.0,2.0,0.0,1.0,21.0,16830.0,49.0,2.0,4.0,5870.0,51.0,28100.0,1.0,0.0,0.0,5.0,2646.0,11231.0,54.9,0.0,0.0,71.0,50.0,5.0,5.0,0.0,5.0,21.0,0.0,5.0,6.0,8.0,8.0,4.0,10.0,10.0,6.0,12.0,0.0,0.0,0.0,2.0,100.0,37.5,0.0,0.0,62231.0,31746.0,24900.0,34131.0,0,0
75265,32025.0,0.124,718.87,2,90000.0,1,1,n,14.4,0.0,0.0,7.0,0.0,8400.0,13.0,0,0.0,0.0,35006.904999999,35006.9,32025.0,2981.9,0.0,0.0,0.0,29300.06,0.0,1.0,1,0.0,0.0,258138.0,1.0,2.0,0.0,2.0,14.0,37780.0,80.0,1.0,1.0,6119.0,61.0,28300.0,2.0,0.0,0.0,3.0,36877.0,19100.0,30.5,0.0,0.0,116.0,99.0,3.0,3.0,2.0,42.0,14.0,0.0,2.0,2.0,3.0,3.0,7.0,4.0,4.0,2.0,7.0,0.0,0.0,0.0,1.0,100.0,0.0,0.0,0.0,295538.0,46180.0,27500.0,47238.0,0,0
68409,1000.0,0.08810000000000001,31.72,2,75000.0,1,1,n,17.01,0.0,1.0,9.0,0.0,2803.0,33.0,0,695.35,695.35,379.66,379.66,304.65,75.01,0.0,0.0,0.0,31.72,0.0,1.0,1,0.0,0.0,106277.0,2.0,5.0,3.0,5.0,5.0,8746.0,76.0,0.0,1.0,2701.0,72.0,4600.0,6.0,0.0,3.0,6.0,11809.0,1797.0,60.9,0.0,0.0,171.0,291.0,14.0,5.0,6.0,14.0,6.0,0.0,2.0,2.0,3.0,10.0,13.0,3.0,14.0,2.0,9.0,0.0,0.0,0.0,3.0,97.0,33.3,0.0,0.0,125546.0,11549.0,4600.0,11446.0,0,0
8350,37675.0,0.08810000000000001,1194.73,1,58977.0,1,1,n,32.01,0.0,0.0,15.0,0.0,18544.0,31.0,0,28066.16,28066.16,11910.42,11910.42,9608.84,2301.58,0.0,0.0,0.0,1194.73,0.0,1.0,1,0.0,181.0,49167.0,1.0,7.0,0.0,2.0,14.0,30623.0,51.0,1.0,4.0,1597.0,59.0,23200.0,1.0,2.0,0.0,6.0,3278.0,848.0,80.7,0.0,0.0,185.0,64.0,0.0,0.0,1.0,55.0,14.0,0.0,3.0,8.0,3.0,3.0,19.0,8.0,11.0,8.0,15.0,0.0,0.0,0.0,1.0,96.8,66.7,0.0,0.0,82829.0,49167.0,4400.0,59629.0,0,0
43076,33500.0,0.0819,1052.71,2,149000.0,0,1,n,8.87,0.0,2.0,22.0,1.0,17652.0,46.0,0,27315.27,27315.27,8391.2,8391.2,6184.73,2206.47,0.0,0.0,0.0,1052.71,0.0,1.0,1,0.0,0.0,707066.0,2.0,1.0,1.0,1.0,10.0,16680.0,79.0,4.0,8.0,5843.0,32.0,87100.0,3.0,0.0,6.0,11.0,32139.0,58184.0,23.1,0.0,0.0,10.0,341.0,3.0,3.0,4.0,11.0,5.0,0.0,7.0,8.0,14.0,23.0,1.0,20.0,41.0,8.0,22.0,0.0,0.0,0.0,6.0,100.0,7.1,1.0,0.0,788100.0,34332.0,75700.0,21000.0,1,0
40479,16000.0,0.08810000000000001,507.39,2,150000.0,0,1,n,32.62,0.0,1.0,15.0,0.0,19795.0,45.0,0,11549.87,11549.87,5565.63,5565.63,4450.13,1115.5,0.0,0.0,0.0,507.39,0.0,1.0,1,0.0,0.0,477245.0,3.0,4.0,1.0,2.0,3.0,135022.0,70.0,1.0,2.0,4956.0,58.0,54000.0,1.0,1.0,3.0,7.0,31816.0,29815.0,32.2,0.0,0.0,141.0,243.0,6.0,3.0,9.0,6.0,2.0,1.0,6.0,9.0,6.0,7.0,25.0,10.0,11.0,9.0,15.0,0.0,0.0,0.0,3.0,97.8,16.7,0.0,0.0,568201.0,154817.0,44000.0,189201.0,0,0
70831,3600.0,0.1308,121.44,1,19400.0,0,1,n,87.87,0.0,0.0,6.0,0.0,14401.0,10.0,1,2552.27,2552.27,1454.66,1454.66,1047.73,406.93,0.0,0.0,0.0,121.44,0.0,1.0,0,0.0,0.0,52536.0,1.0,1.0,1.0,2.0,8.0,38135.0,59.0,1.0,3.0,9373.0,53.0,27900.0,1.0,2.0,1.0,5.0,8756.0,1568.0,86.8,0.0,0.0,75.0,130.0,1.0,1.0,0.0,20.0,8.0,0.0,2.0,3.0,2.0,4.0,4.0,4.0,6.0,3.0,6.0,0.0,0.0,0.0,2.0,100.0,100.0,0.0,0.0,69654.0,52536.0,11900.0,41754.0,0,0
7100,6250.0,0.0646,191.45,3,60000.0,0,1,n,7.38,0.0,3.0,11.0,0.0,3298.0,25.0,0,0.0,0.0,6471.72,6471.72,6250.0,221.72,0.0,0.0,0.0,5325.26,0.0,1.0,1,0.0,0.0,141584.0,3.0,1.0,1.0,1.0,5.0,8973.0,90.0,3.0,3.0,3298.0,17.0,63700.0,1.0,0.0,3.0,5.0,14158.0,53202.0,5.8,0.0,0.0,120.0,261.0,4.0,4.0,3.0,4.0,4.0,0.0,1.0,1.0,5.0,5.0,10.0,9.0,12.0,1.0,11.0,0.0,0.0,0.0,4.0,100.0,0.0,0.0,0.0,233200.0,12271.0,56500.0,10000.0,0,0
21598,2500.0,0.2305,96.84,2,130676.0,0,1,n,39.85,0.0,2.0,26.0,0.0,133510.0,41.0,0,1908.32,1908.32,1058.84,1058.84,591.68,467.16,0.0,0.0,0.0,96.84,0.0,1.0,1,0.0,0.0,164647.0,2.0,1.0,0.0,1.0,22.0,4604.0,46.0,2.0,6.0,10952.0,87.0,148900.0,1.0,1.0,3.0,7.0,6333.0,5178.0,90.5,0.0,0.0,132.0,218.0,0.0,0.0,1.0,0.0,6.0,0.0,11.0,23.0,11.0,16.0,5.0,24.0,35.0,23.0,26.0,0.0,0.0,0.0,2.0,100.0,90.9,0.0,0.0,246118.0,138114.0,54700.0,10000.0,0,0
34303,6500.0,0.2305,251.79,2,105000.0,0,1,n,31.73,0.0,0.0,13.0,0.0,51348.0,20.0,0,4961.57,4961.57,2748.88,2748.88,1538.43,1210.45,0.0,0.0,0.0,251.79,0.0,1.0,1,0.0,0.0,354801.0,0.0,2.0,0.0,2.0,19.0,52282.0,76.0,0.0,0.0,20155.0,81.0,57600.0,3.0,0.0,0.0,2.0,27292.0,6252.0,89.1,0.0,0.0,72.0,272.0,56.0,19.0,4.0,56.0,19.0,0.0,8.0,8.0,9.0,10.0,4.0,9.0,11.0,8.0,13.0,0.0,0.0,0.0,0.0,100.0,77.8,0.0,0.0,396634.0,104757.0,57600.0,68983.0,0,0
75605,12750.0,0.1102,277.35,2,61924.0,0,1,n,16.61,0.0,0.0,13.0,0.0,11129.0,28.0,0,10726.69,10726.69,3312.59,3312.59,2023.31,1289.28,0.0,0.0,0.0,277.35,0.0,1.0,1,0.0,0.0,101752.0,1.0,2.0,1.0,2.0,11.0,12246.0,54.0,1.0,3.0,7583.0,33.0,48800.0,2.0,1.0,1.0,5.0,7827.0,28780.0,24.3,0.0,0.0,190.0,337.0,3.0,3.0,2.0,3.0,11.0,1.0,6.0,9.0,6.0,10.0,7.0,10.0,18.0,9.0,13.0,0.0,0.0,0.0,2.0,100.0,16.7,0.0,0.0,156142.0,23375.0,38000.0,22542.0,0,0
71936,15000.0,0.08810000000000001,310.0,3,65000.0,0,1,n,12.83,0.0,2.0,20.0,1.0,13404.0,38.0,0,12553.96,12553.96,3712.66,3712.66,2446.04,1266.62,0.0,0.0,0.0,310.0,0.0,1.0,1,0.0,0.0,55336.0,0.0,3.0,3.0,3.0,8.0,41932.0,90.0,1.0,8.0,6466.0,53.0,56800.0,0.0,5.0,3.0,11.0,2767.0,32837.0,26.7,0.0,0.0,205.0,470.0,10.0,8.0,0.0,10.0,3.0,0.0,6.0,9.0,11.0,12.0,10.0,17.0,28.0,9.0,20.0,0.0,0.0,0.0,4.0,100.0,0.0,1.0,0.0,103656.0,55336.0,44800.0,46856.0,0,0
45410,7000.0,0.08810000000000001,221.98,1,120000.0,0,1,n,8.97,0.0,0.0,11.0,0.0,7338.0,19.0,0,5067.85,5067.85,2438.35,2438.35,1932.15,506.2,0.0,0.0,0.0,221.98,0.0,1.0,1,0.0,84.0,29476.0,0.0,5.0,0.0,2.0,15.0,22138.0,85.0,1.0,3.0,2131.0,87.0,8100.0,1.0,0.0,0.0,5.0,2680.0,448.0,93.2,0.0,0.0,116.0,103.0,7.0,7.0,0.0,7.0,15.0,3.0,5.0,6.0,5.0,6.0,11.0,6.0,8.0,6.0,11.0,0.0,0.0,0.0,1.0,84.2,100.0,0.0,0.0,34066.0,29476.0,6600.0,25966.0,0,0
34961,11000.0,0.1308,250.74,2,50000.0,1,1,n,32.09,0.0,0.0,10.0,0.0,11059.0,19.0,0,9479.7,9479.7,2738.16,2738.16,1520.3,1217.86,0.0,0.0,0.0,250.74,0.0,1.0,1,0.0,0.0,73875.0,1.0,4.0,1.0,1.0,11.0,27633.0,57.0,1.0,2.0,0.0,56.0,20500.0,1.0,6.0,2.0,3.0,7388.0,8500.0,0.0,0.0,0.0,156.0,146.0,1.0,1.0,3.0,1.0,11.0,0.0,0.0,3.0,1.0,2.0,8.0,5.0,8.0,3.0,10.0,0.0,0.0,0.0,2.0,89.5,0.0,0.0,0.0,131570.0,38692.0,8500.0,48304.0,0,0
38037,10000.0,0.2565,297.34,2,100000.0,1,1,n,21.38,1.0,1.0,12.0,0.0,31594.0,30.0,0,8975.67,8975.67,3256.49,3256.49,1024.33,2232.16,0.0,0.0,0.0,297.34,0.0,1.0,1,0.0,0.0,250979.0,2.0,3.0,1.0,5.0,6.0,41865.0,88.0,2.0,2.0,12862.0,70.0,57900.0,3.0,0.0,2.0,7.0,20915.0,26306.0,54.6,0.0,0.0,187.0,197.0,5.0,5.0,5.0,5.0,0.0,0.0,5.0,5.0,8.0,16.0,9.0,8.0,16.0,5.0,12.0,0.0,0.0,0.0,3.0,93.1,25.0,0.0,0.0,321442.0,73459.0,57900.0,47465.0,0,0
58231,39475.0,0.16949999999999998,980.0,2,150000.0,1,1,n,23.06,0.0,1.0,23.0,0.0,61195.0,59.0,0,0.0,0.0,39976.82,39976.82,39475.0,501.82,0.0,0.0,0.0,40013.99,0.0,1.0,1,0.0,0.0,524078.0,2.0,3.0,1.0,3.0,6.0,42960.0,76.0,0.0,0.0,11707.0,76.0,80200.0,4.0,0.0,4.0,6.0,22786.0,7033.0,83.8,0.0,0.0,151.0,344.0,34.0,3.0,8.0,34.0,5.0,0.0,11.0,18.0,11.0,15.0,17.0,18.0,33.0,18.0,23.0,0.0,0.0,0.0,2.0,100.0,54.5,0.0,0.0,558169.0,105036.0,43300.0,56453.0,0,0
4348,25000.0,0.1308,569.86,2,132000.0,0,1,n,24.71,0.0,1.0,34.0,1.0,16372.0,54.0,0,21876.22,21876.22,5662.27,5662.27,3123.78,2538.49,0.0,0.0,0.0,569.86,0.0,1.0,1,0.0,781.0,341777.0,1.0,5.0,3.0,5.0,7.0,82257.0,72.0,2.0,7.0,3429.0,33.0,119800.0,4.0,1.0,8.0,14.0,10052.0,66759.0,18.1,0.0,0.0,160.0,215.0,5.0,5.0,3.0,5.0,2.0,0.0,12.0,15.0,17.0,18.0,15.0,27.0,35.0,15.0,34.0,0.0,0.0,0.0,5.0,100.0,0.0,1.0,0.0,473583.0,98629.0,81500.0,105033.0,0,0
63635,17000.0,0.1612,414.5,2,76000.0,0,1,n,12.92,0.0,1.0,5.0,0.0,20978.0,24.0,0,14610.55,14610.55,4958.78,4958.78,2389.45,2569.33,0.0,0.0,0.0,414.5,0.0,1.0,1,0.0,0.0,221612.0,1.0,1.0,2.0,3.0,6.0,17066.0,95.0,0.0,0.0,16552.0,95.0,22000.0,1.0,12.0,1.0,3.0,44322.0,448.0,97.4,0.0,0.0,134.0,366.0,41.0,6.0,4.0,41.0,6.0,0.0,1.0,2.0,1.0,4.0,14.0,2.0,6.0,2.0,5.0,0.0,0.0,0.0,2.0,100.0,100.0,0.0,0.0,264000.0,38044.0,17000.0,18000.0,0,0
67075,12000.0,0.1102,392.98,1,80000.0,1,1,n,10.04,0.0,1.0,10.0,0.0,6539.0,14.0,0,0.0,0.0,12245.45,12245.45,12000.0,245.45,0.0,0.0,0.0,11859.82,0.0,1.0,1,0.0,0.0,24742.0,3.0,1.0,0.0,0.0,36.0,18203.0,56.0,4.0,9.0,3891.0,36.0,36800.0,0.0,4.0,1.0,9.0,2474.0,24861.0,20.8,0.0,0.0,172.0,151.0,3.0,3.0,0.0,3.0,4.0,1.0,4.0,4.0,7.0,8.0,4.0,9.0,10.0,5.0,10.0,0.0,0.0,0.0,4.0,92.9,0.0,0.0,0.0,69595.0,24742.0,31400.0,32795.0,0,0
46935,11000.0,0.0756,342.48,1,160000.0,0,1,n,20.63,0.0,1.0,14.0,0.0,6722.0,40.0,0,0.0,0.0,11236.01,11236.01,11000.0,236.01,0.0,0.0,0.0,10560.29,0.0,1.0,1,0.0,0.0,28918.0,1.0,3.0,1.0,2.0,4.0,22196.0,55.0,0.0,0.0,4844.0,30.0,55600.0,2.0,1.0,4.0,2.0,2224.0,21369.0,20.0,0.0,0.0,143.0,249.0,34.0,4.0,0.0,51.0,1.0,0.0,3.0,5.0,6.0,22.0,11.0,11.0,29.0,5.0,14.0,0.0,0.0,0.0,1.0,97.2,0.0,0.0,0.0,95812.0,28918.0,26700.0,40212.0,0,0
58359,30000.0,0.0702,926.59,1,120000.0,1,1,n,9.95,0.0,1.0,10.0,0.0,29066.0,12.0,0,20691.19,20691.19,11107.38,11107.38,9308.81,1798.57,0.0,0.0,0.0,926.59,0.0,1.0,1,0.0,0.0,36339.0,1.0,1.0,1.0,2.0,12.0,7273.0,38.0,3.0,3.0,13437.0,65.0,37300.0,0.0,0.0,2.0,5.0,3634.0,6217.0,81.7,0.0,0.0,24.0,64.0,2.0,2.0,0.0,10.0,2.0,0.0,5.0,6.0,6.0,6.0,2.0,9.0,10.0,6.0,10.0,0.0,0.0,0.0,4.0,100.0,66.7,0.0,0.0,56256.0,36339.0,34000.0,18956.0,0,0
16831,10000.0,0.2565,401.05,1,48000.0,0,1,n,33.28,0.0,1.0,8.0,0.0,16836.0,33.0,1,0.0,0.0,11874.27,11874.27,10000.0,1874.27,0.0,0.0,0.0,8680.12,0.0,1.0,1,0.0,0.0,73649.0,1.0,3.0,1.0,2.0,5.0,56813.0,87.0,0.0,0.0,7547.0,80.0,26100.0,2.0,0.0,3.0,2.0,9206.0,6864.0,71.0,0.0,0.0,186.0,219.0,45.0,5.0,0.0,45.0,5.0,0.0,3.0,3.0,4.0,6.0,19.0,5.0,14.0,3.0,8.0,0.0,0.0,0.0,1.0,97.0,50.0,0.0,0.0,91774.0,73649.0,23700.0,65674.0,0,0
67907,10000.0,0.16949999999999998,356.28,1,40000.0,1,1,n,29.58,0.0,0.0,8.0,0.0,4173.0,10.0,0,7209.44,7209.44,4256.53,4256.53,2790.56,1465.97,0.0,0.0,0.0,356.28,0.0,1.0,1,0.0,0.0,23632.0,1.0,2.0,1.0,2.0,4.0,19459.0,81.0,0.0,4.0,1980.0,63.0,13200.0,1.0,0.0,0.0,6.0,2954.0,7536.0,35.0,0.0,0.0,164.0,52.0,14.0,4.0,0.0,14.0,17.0,0.0,5.0,6.0,5.0,5.0,3.0,6.0,7.0,6.0,8.0,0.0,0.0,0.0,1.0,100.0,20.0,0.0,0.0,37282.0,23632.0,11600.0,24082.0,0,0
36362,9600.0,0.1524,333.92,1,40000.0,1,1,n,23.94,0.0,1.0,9.0,0.0,8741.0,11.0,0,0.0,0.0,10460.87,10460.87,9600.0,860.87,0.0,0.0,0.0,8465.48,0.0,1.0,1,0.0,0.0,23726.0,1.0,3.0,1.0,2.0,7.0,14985.0,75.0,2.0,5.0,2032.0,62.0,18400.0,3.0,0.0,3.0,7.0,2636.0,4881.0,62.2,0.0,0.0,152.0,31.0,6.0,6.0,0.0,6.0,6.0,0.0,5.0,6.0,5.0,5.0,5.0,6.0,6.0,6.0,9.0,0.0,0.0,0.0,3.0,100.0,0.0,0.0,0.0,38301.0,23726.0,12900.0,19901.0,0,0
25930,10000.0,0.0702,308.87,2,87000.0,1,1,n,13.68,0.0,0.0,12.0,0.0,6963.0,24.0,0,7163.94,7163.94,3393.67,3393.67,2836.06,557.61,0.0,0.0,0.0,308.87,0.0,1.0,1,0.0,0.0,146499.0,1.0,2.0,1.0,2.0,5.0,23486.0,57.0,1.0,2.0,2498.0,36.0,43700.0,1.0,1.0,2.0,5.0,12208.0,29254.0,19.0,0.0,0.0,152.0,82.0,11.0,5.0,3.0,11.0,9.0,0.0,4.0,6.0,5.0,6.0,9.0,9.0,12.0,6.0,12.0,0.0,0.0,0.0,3.0,100.0,0.0,0.0,0.0,203471.0,30449.0,36100.0,41371.0,0,0
39410,10625.0,0.2055,397.85,2,80000.0,1,1,n,14.75,5.0,0.0,8.0,0.0,4710.0,16.0,0,8035.98,8035.98,4364.22,4364.22,2589.02,1775.2,0.0,0.0,0.0,397.85,0.0,1.0,1,0.0,115.0,249138.0,0.0,2.0,2.0,2.0,8.0,19114.0,77.0,0.0,0.0,3342.0,73.0,7800.0,1.0,0.0,1.0,2.0,35591.0,3090.0,60.4,0.0,0.0,108.0,183.0,66.0,8.0,3.0,66.0,8.0,0.0,2.0,2.0,5.0,5.0,7.0,5.0,6.0,2.0,8.0,0.0,0.0,1.0,2.0,73.3,25.0,0.0,0.0,288061.0,23824.0,7800.0,24761.0,0,0
43320,11000.0,0.08810000000000001,227.33,2,52000.0,1,1,n,27.74,0.0,1.0,15.0,0.0,8862.0,26.0,0,9327.2,9327.2,2495.25,2495.25,1672.8,822.45,0.0,0.0,0.0,227.33,0.0,1.0,1,0.0,0.0,181171.0,0.0,3.0,2.0,3.0,8.0,55343.0,80.0,1.0,2.0,8862.0,43.0,78700.0,3.0,5.0,5.0,5.0,12078.0,69838.0,11.3,0.0,0.0,175.0,156.0,11.0,8.0,2.0,11.0,2.0,0.0,1.0,1.0,11.0,13.0,9.0,11.0,15.0,1.0,15.0,0.0,0.0,0.0,3.0,100.0,9.1,0.0,0.0,276788.0,64205.0,78700.0,69188.0,0,0
20913,25525.0,0.2305,720.3,2,80000.0,1,1,n,13.35,0.0,0.0,7.0,0.0,12061.0,33.0,0,23071.75,23071.75,7137.63,7137.63,2453.25,4684.38,0.0,0.0,0.0,0.0,0.0,1.0,1,0.0,0.0,41776.0,2.0,3.0,1.0,1.0,8.0,29715.0,70.0,3.0,4.0,7924.0,55.0,33700.0,1.0,1.0,3.0,5.0,5968.0,21639.0,35.8,0.0,0.0,164.0,138.0,1.0,1.0,1.0,1.0,7.0,0.0,3.0,3.0,4.0,11.0,8.0,4.0,24.0,3.0,7.0,0.0,0.0,0.0,4.0,100.0,0.0,0.0,0.0,76462.0,41776.0,33700.0,42762.0,0,0
7264,10000.0,0.14300000000000002,343.24,1,40000.0,1,1,n,21.24,0.0,1.0,5.0,0.0,3478.0,41.0,0,7635.21,7635.21,3424.46,3424.46,2364.79,1059.67,0.0,0.0,0.0,343.24,0.0,1.0,1,0.0,0.0,84877.0,0.0,3.0,0.0,3.0,14.0,81399.0,82.0,0.0,1.0,2506.0,84.0,3500.0,2.0,0.0,1.0,4.0,16975.0,22.0,99.4,0.0,0.0,246.0,256.0,13.0,13.0,0.0,13.0,5.0,0.0,2.0,2.0,2.0,6.0,32.0,2.0,9.0,2.0,5.0,0.0,0.0,0.0,0.0,97.6,100.0,0.0,0.0,78689.0,84877.0,3500.0,75189.0,0,0
69420,19000.0,0.124,634.71,2,225000.0,1,1,n,19.31,1.0,1.0,31.0,0.0,19252.0,51.0,0,0.0,0.0,19762.6922222212,19762.69,19000.0,762.69,0.0,0.0,0.0,17871.65,0.0,1.0,1,0.0,0.0,431590.0,2.0,16.0,1.0,2.0,5.0,237581.0,91.0,1.0,3.0,5948.0,90.0,22700.0,3.0,3.0,3.0,7.0,15414.0,860.0,94.5,0.0,0.0,160.0,263.0,2.0,2.0,1.0,16.0,2.0,0.0,6.0,9.0,8.0,11.0,31.0,13.0,18.0,9.0,31.0,0.0,0.0,0.0,2.0,86.3,83.3,0.0,0.0,464543.0,266301.0,15700.0,259914.0,0,0
1203,30000.0,0.1102,652.58,1,225000.0,1,1,n,9.77,0.0,1.0,9.0,0.0,29621.0,13.0,0,26527.24,26527.24,5836.49,5836.49,3472.76,2363.73,0.0,0.0,0.0,652.58,0.0,1.0,1,0.0,0.0,53325.0,0.0,3.0,0.0,2.0,14.0,23704.0,43.0,1.0,2.0,18026.0,40.0,77100.0,1.0,0.0,4.0,4.0,5925.0,44179.0,40.1,0.0,0.0,204.0,81.0,11.0,11.0,0.0,11.0,2.0,0.0,3.0,3.0,4.0,4.0,6.0,5.0,6.0,3.0,9.0,0.0,0.0,0.0,1.0,100.0,0.0,0.0,0.0,132898.0,53325.0,73800.0,55798.0,0,0
67460,7000.0,0.08810000000000001,221.98,1,60000.0,0,1,n,8.56,0.0,0.0,5.0,0.0,5065.0,8.0,0,4576.9,4576.9,2956.91,2956.91,2423.1,533.81,0.0,0.0,0.0,221.98,0.0,1.0,1,0.0,0.0,13887.0,0.0,1.0,1.0,1.0,7.0,8822.0,88.0,0.0,0.0,4253.0,59.0,13500.0,1.0,0.0,1.0,1.0,2777.0,6247.0,40.5,0.0,0.0,7.0,136.0,40.0,7.0,0.0,47.0,7.0,0.0,1.0,2.0,3.0,5.0,1.0,4.0,6.0,2.0,5.0,0.0,0.0,0.0,1.0,100.0,33.3,0.0,0.0,23500.0,13887.0,10500.0,10000.0,0,0
11988,20000.0,0.16949999999999998,496.52,1,63000.0,0,1,n,26.23,0.0,0.0,12.0,0.0,6436.0,18.0,0,17718.51,17718.51,4946.37,4946.37,2281.49,2664.88,0.0,0.0,0.0,496.52,0.0,1.0,1,0.0,0.0,59301.0,4.0,3.0,0.0,3.0,15.0,52865.0,82.0,4.0,5.0,2236.0,46.0,22800.0,4.0,0.0,1.0,8.0,4942.0,14072.0,29.6,0.0,0.0,51.0,44.0,3.0,3.0,0.0,3.0,7.0,0.0,6.0,7.0,8.0,8.0,9.0,9.0,9.0,7.0,12.0,0.0,0.0,0.0,4.0,100.0,0.0,0.0,0.0,86818.0,59301.0,20000.0,64018.0,0,0
39591,12625.0,0.0702,389.94,1,150000.0,0,1,n,16.7,0.0,1.0,11.0,0.0,24721.0,20.0,0,4435.84,4435.84,8685.42,8685.42,8189.16,496.26,0.0,0.0,0.0,389.94,0.0,1.0,1,0.0,0.0,72738.0,0.0,4.0,0.0,2.0,15.0,48017.0,58.0,0.0,0.0,15416.0,43.0,67100.0,2.0,0.0,1.0,2.0,6613.0,24981.0,47.2,0.0,0.0,125.0,152.0,43.0,15.0,0.0,48.0,1.0,0.0,3.0,5.0,4.0,4.0,10.0,7.0,10.0,5.0,11.0,0.0,0.0,0.0,0.0,100.0,0.0,0.0,0.0,131850.0,72738.0,47300.0,64750.0,0,0
69738,18000.0,0.2055,482.42,2,70000.0,0,1,n,23.09,0.0,1.0,21.0,1.0,19349.0,29.0,0,17648.67,17648.67,3818.26,3818.26,351.33,3466.93,0.0,0.0,0.0,482.42,0.0,1.0,1,0.0,0.0,44151.0,3.0,2.0,1.0,3.0,6.0,24802.0,87.0,3.0,5.0,3644.0,47.0,64600.0,2.0,0.0,2.0,8.0,2102.0,29807.0,28.7,0.0,0.0,141.0,91.0,3.0,3.0,0.0,3.0,3.0,1.0,9.0,13.0,11.0,11.0,8.0,19.0,21.0,13.0,21.0,0.0,0.0,0.0,4.0,96.6,9.1,1.0,0.0,93267.0,44151.0,41800.0,28667.0,0,0
64800,12000.0,0.1102,261.03,3,44000.0,0,1,n,36.14,0.0,0.0,11.0,1.0,7688.0,30.0,0,10034.74,10034.74,3125.01,3125.01,1965.26,1159.75,0.0,0.0,0.0,0.0,0.0,1.0,0,0.0,0.0,63108.0,0.0,3.0,1.0,2.0,10.0,55420.0,88.0,1.0,1.0,2961.0,50.0,41000.0,0.0,3.0,1.0,3.0,5737.0,10652.0,28.5,0.0,0.0,163.0,355.0,10.0,10.0,0.0,34.0,11.0,0.0,2.0,6.0,3.0,9.0,9.0,8.0,21.0,6.0,11.0,0.0,0.0,0.0,2.0,100.0,0.0,1.0,0.0,119890.0,63108.0,14900.0,78890.0,0,0
11283,9350.0,0.0646,286.4,1,150000.0,1,1,n,7.78,0.0,0.0,9.0,0.0,12400.0,10.0,0,6940.13,6940.13,2860.64,2860.64,2409.87,450.77,0.0,0.0,0.0,286.4,0.0,1.0,1,0.0,146.0,27587.0,0.0,2.0,0.0,1.0,24.0,15187.0,44.0,0.0,2.0,3871.0,47.0,24500.0,2.0,0.0,1.0,3.0,3065.0,11400.0,52.1,0.0,0.0,82.0,51.0,17.0,17.0,0.0,17.0,7.0,0.0,5.0,5.0,6.0,6.0,3.0,7.0,7.0,5.0,9.0,0.0,0.0,0.0,0.0,100.0,50.0,0.0,0.0,58669.0,27587.0,23800.0,34169.0,0,0
39360,30000.0,0.1524,717.49,2,160000.0,0,1,n,27.5,0.0,0.0,9.0,0.0,49679.0,35.0,0,25925.1,25925.1,7866.99,7866.99,4074.9,3792.09,0.0,0.0,0.0,717.49,0.0,1.0,0,0.0,0.0,139634.0,0.0,3.0,1.0,2.0,11.0,89955.0,84.0,0.0,1.0,19753.0,86.0,57100.0,1.0,0.0,1.0,5.0,15515.0,1704.0,95.6,0.0,0.0,166.0,322.0,18.0,11.0,5.0,18.0,11.0,5.0,3.0,5.0,4.0,11.0,13.0,6.0,17.0,5.0,9.0,0.0,0.0,0.0,1.0,85.7,75.0,0.0,0.0,171857.0,139634.0,39100.0,114757.0,0,0
42037,21275.0,0.1033,689.79,1,74270.0,1,1,n,33.51,0.0,0.0,8.0,0.0,41967.0,21.0,0,15455.69,15455.69,7563.27,7563.27,5819.31,1743.96,0.0,0.0,0.0,689.79,0.0,1.0,1,0.0,0.0,72343.0,0.0,3.0,0.0,2.0,18.0,30376.0,63.0,0.0,0.0,18585.0,57.0,79000.0,1.0,5.0,0.0,2.0,9043.0,35033.0,54.5,0.0,0.0,147.0,212.0,52.0,18.0,4.0,128.0,18.0,1.0,4.0,4.0,4.0,5.0,7.0,5.0,9.0,4.0,8.0,0.0,0.0,0.0,0.0,100.0,50.0,0.0,0.0,127238.0,72343.0,77000.0,48238.0,0,0
10339,9000.0,0.124,300.66,2,82500.0,0,1,n,20.74,0.0,0.0,24.0,0.0,10105.0,39.0,0,5786.35,5786.35,4000.4,4000.4,3213.65,786.75,0.0,0.0,0.0,300.66,0.0,1.0,1,0.0,0.0,234585.0,1.0,15.0,3.0,3.0,11.0,89958.0,101.0,2.0,3.0,5610.0,94.0,17600.0,2.0,0.0,6.0,7.0,9774.0,877.0,90.6,0.0,0.0,140.0,139.0,1.0,1.0,1.0,43.0,11.0,0.0,3.0,6.0,3.0,3.0,29.0,7.0,9.0,6.0,24.0,0.0,0.0,0.0,6.0,97.2,100.0,0.0,0.0,243343.0,100063.0,9300.0,89380.0,0,0
32784,26000.0,0.1102,565.57,2,95000.0,1,1,n,25.73,0.0,0.0,34.0,0.0,25805.0,46.0,0,22235.47,22235.47,6205.35,6205.35,3764.53,2440.82,0.0,0.0,0.0,565.57,0.0,1.0,1,0.0,0.0,270532.0,0.0,15.0,0.0,8.0,15.0,109144.0,91.0,1.0,1.0,7695.0,77.0,48500.0,2.0,0.0,0.0,9.0,10020.0,21095.0,55.0,0.0,0.0,90.0,122.0,10.0,10.0,2.0,10.0,15.0,0.0,5.0,5.0,9.0,13.0,19.0,18.0,25.0,5.0,34.0,0.0,0.0,0.0,1.0,100.0,44.4,0.0,0.0,336978.0,134949.0,46900.0,127356.0,0,0
61736,10000.0,0.14300000000000002,234.25,2,45000.0,1,1,n,28.11,0.0,0.0,7.0,0.0,6590.0,18.0,0,8528.8,8528.8,2791.14,2791.14,1471.2,1319.94,0.0,0.0,0.0,234.25,0.0,1.0,1,0.0,0.0,39386.0,1.0,2.0,0.0,0.0,25.0,32796.0,74.0,1.0,1.0,2476.0,66.0,15800.0,0.0,2.0,2.0,4.0,5627.0,121.0,96.0,0.0,0.0,68.0,109.0,12.0,3.0,4.0,12.0,4.0,1.0,2.0,4.0,2.0,3.0,6.0,5.0,8.0,4.0,7.0,0.0,0.0,0.0,2.0,88.9,100.0,0.0,0.0,60147.0,39386.0,3000.0,44347.0,0,0
17749,13725.0,0.2565,550.44,1,102000.0,0,1,n,25.75,0.0,0.0,5.0,0.0,47059.0,7.0,0,12716.1,12716.1,3858.84,3858.84,1008.9,2849.94,0.0,0.0,0.0,550.44,0.0,1.0,1,0.0,0.0,89666.0,0.0,2.0,0.0,1.0,16.0,42607.0,76.0,0.0,0.0,24257.0,85.0,49700.0,1.0,0.0,0.0,1.0,17933.0,2641.0,94.7,0.0,0.0,29.0,297.0,35.0,16.0,0.0,35.0,16.0,0.0,3.0,3.0,3.0,5.0,2.0,3.0,5.0,3.0,5.0,0.0,0.0,0.0,0.0,85.7,100.0,0.0,0.0,105531.0,89666.0,49700.0,55831.0,0,0
69701,16000.0,0.0646,490.1,2,102000.0,0,1,n,8.89,0.0,1.0,16.0,0.0,10575.0,26.0,0,12436.75,12436.75,4399.42,4399.42,3563.25,836.17,0.0,0.0,0.0,980.2,0.0,1.0,1,0.0,0.0,83350.0,2.0,5.0,0.0,0.0,160.0,12467.0,30.0,3.0,3.0,4024.0,31.0,32500.0,1.0,0.0,1.0,3.0,5557.0,18132.0,30.3,0.0,0.0,174.0,184.0,0.0,0.0,1.0,0.0,3.0,0.0,5.0,6.0,7.0,9.0,10.0,10.0,15.0,6.0,16.0,0.0,0.0,0.0,3.0,88.5,42.9,0.0,0.0,226450.0,23042.0,26000.0,41400.0,1,0
16692,13500.0,0.1102,442.11,1,150000.0,0,1,n,23.7,0.0,0.0,16.0,0.0,48929.0,23.0,0,10251.21,10251.21,4412.84,4412.84,3248.79,1164.05,0.0,0.0,0.0,442.11,0.0,1.0,1,0.0,0.0,64927.0,0.0,4.0,0.0,2.0,16.0,13080.0,24.0,1.0,1.0,10739.0,54.0,57100.0,1.0,3.0,0.0,3.0,4328.0,2201.0,95.3,0.0,0.0,155.0,260.0,8.0,8.0,0.0,39.0,23.0,0.0,6.0,10.0,7.0,8.0,9.0,11.0,13.0,10.0,16.0,0.0,0.0,0.0,1.0,100.0,100.0,0.0,0.0,119588.0,64927.0,46600.0,54990.0,0,0
35619,10800.0,0.2055,289.45,1,40000.0,0,1,n,29.82,0.0,1.0,8.0,0.0,18416.0,10.0,0,9546.84,9546.84,3153.13,3153.13,1253.16,1899.97,0.0,0.0,0.0,289.45,0.0,1.0,1,0.0,0.0,30404.0,1.0,2.0,1.0,2.0,4.0,11988.0,80.0,0.0,0.0,7627.0,72.0,27200.0,1.0,0.0,1.0,2.0,3801.0,6510.0,73.1,0.0,0.0,55.0,527.0,46.0,4.0,0.0,78.0,5.0,0.0,5.0,6.0,5.0,5.0,3.0,6.0,7.0,6.0,8.0,0.0,0.0,0.0,1.0,100.0,60.0,0.0,0.0,42274.0,30404.0,24200.0,15074.0,0,0
48320,1450.0,0.1612,51.07,3,125000.0,0,1,n,21.62,0.0,2.0,17.0,0.0,9872.0,31.0,0,1078.16,1078.16,559.17,559.17,371.84,187.33,0.0,0.0,0.0,0.0,0.0,1.0,1,0.0,0.0,338975.0,4.0,4.0,1.0,4.0,11.0,75564.0,79.0,6.0,8.0,2082.0,74.0,18700.0,5.0,0.0,9.0,14.0,21186.0,5094.0,62.3,0.0,0.0,149.0,197.0,4.0,4.0,2.0,4.0,1.0,6.0,7.0,9.0,7.0,12.0,9.0,11.0,19.0,9.0,17.0,0.0,0.0,0.0,8.0,88.9,42.9,0.0,0.0,370575.0,85484.0,13500.0,96210.0,0,0
25507,9600.0,0.1524,333.92,2,51000.0,0,1,n,25.36,0.0,0.0,12.0,0.0,29061.0,35.0,0,7114.13,7114.13,3664.99,3664.99,2485.87,1179.12,0.0,0.0,0.0,333.92,0.0,1.0,1,0.0,0.0,232471.0,0.0,4.0,0.0,1.0,18.0,21327.0,75.0,0.0,1.0,5320.0,76.0,37700.0,2.0,4.0,0.0,3.0,19373.0,418.0,95.4,0.0,0.0,174.0,160.0,13.0,13.0,3.0,37.0,13.0,0.0,2.0,6.0,2.0,5.0,18.0,7.0,14.0,6.0,12.0,0.0,0.0,0.0,0.0,97.1,100.0,0.0,0.0,252975.0,50388.0,9000.0,28407.0,0,0
28215,15000.0,0.1102,326.29,2,180000.0,1,1,n,15.72,2.0,1.0,12.0,1.0,9543.0,28.0,0,12828.16,12828.16,3570.82,3570.82,2171.84,1398.98,0.0,0.0,0.0,326.29,0.0,1.0,1,0.0,0.0,529433.0,1.0,6.0,2.0,4.0,9.0,92138.0,77.0,1.0,4.0,1931.0,68.0,25000.0,0.0,1.0,1.0,10.0,44119.0,11357.0,26.7,0.0,0.0,251.0,356.0,2.0,2.0,2.0,2.0,2.0,0.0,3.0,4.0,4.0,9.0,13.0,5.0,13.0,4.0,12.0,0.0,0.0,0.0,3.0,96.0,0.0,1.0,0.0,588283.0,101681.0,15500.0,121533.0,0,0
44069,8200.0,0.08810000000000001,260.04,1,35000.0,0,1,n,33.54,0.0,1.0,14.0,0.0,7012.0,24.0,0,6482.48,6482.48,2336.35,2336.35,1717.52,618.83,0.0,0.0,0.0,260.04,0.0,1.0,1,0.0,0.0,96617.0,0.0,11.0,2.0,2.0,8.0,89605.0,99.0,0.0,0.0,3284.0,81.0,28300.0,1.0,0.0,3.0,2.0,6901.0,21288.0,24.8,0.0,0.0,138.0,89.0,30.0,8.0,0.0,30.0,6.0,0.0,3.0,3.0,3.0,7.0,15.0,3.0,9.0,3.0,14.0,0.0,0.0,0.0,2.0,100.0,0.0,0.0,0.0,119241.0,96617.0,28300.0,90941.0,0,0
17860,7000.0,0.17739999999999995,252.16,2,120000.0,1,1,n,23.03,0.0,0.0,21.0,0.0,18343.0,35.0,0,0.0,0.0,7285.46,7285.46,7000.0,285.46,0.0,0.0,0.0,85.88,0.0,1.0,1,0.0,586.0,363907.0,1.0,3.0,1.0,3.0,9.0,65916.0,88.0,1.0,8.0,4689.0,60.0,46600.0,1.0,3.0,2.0,13.0,17329.0,13311.0,55.9,0.0,0.0,64.0,230.0,7.0,3.0,2.0,7.0,4.0,0.0,7.0,10.0,9.0,10.0,11.0,17.0,21.0,10.0,21.0,0.0,0.0,0.0,3.0,100.0,44.4,0.0,0.0,408115.0,84259.0,30200.0,81867.0,0,0
73699,5000.0,0.124,167.03,1,69000.0,0,1,n,16.24,1.0,0.0,6.0,0.0,5443.0,25.0,0,0.0,0.0,5444.24,5444.24,5000.0,444.24,0.0,0.0,0.0,4278.47,0.0,1.0,1,0.0,0.0,421779.0,3.0,2.0,1.0,2.0,2.0,15453.0,64.0,1.0,2.0,567.0,46.0,21500.0,1.0,8.0,2.0,5.0,70297.0,5433.0,9.5,0.0,0.0,129.0,164.0,2.0,2.0,1.0,88.0,4.0,1.0,1.0,3.0,1.0,2.0,13.0,3.0,11.0,3.0,6.0,0.0,0.0,0.0,3.0,88.0,0.0,0.0,0.0,447072.0,20896.0,6000.0,24123.0,0,0
36486,30000.0,0.124,673.42,1,80000.0,1,1,n,13.29,0.0,1.0,6.0,1.0,5034.0,9.0,0,25835.1,25835.1,7386.95,7386.95,4164.9,3222.05,0.0,0.0,0.0,673.42,0.0,1.0,1,0.0,0.0,17736.0,0.0,2.0,0.0,1.0,22.0,12702.0,49.0,1.0,2.0,2705.0,48.0,11300.0,2.0,0.0,1.0,3.0,2956.0,4766.0,51.4,0.0,0.0,111.0,175.0,12.0,12.0,0.0,18.0,2.0,0.0,3.0,3.0,3.0,3.0,3.0,4.0,6.0,3.0,6.0,0.0,0.0,0.0,1.0,100.0,0.0,1.0,0.0,37319.0,17736.0,9800.0,26019.0,0,0
40888,2800.0,0.08810000000000001,88.8,1,57000.0,0,1,n,18.8,0.0,0.0,9.0,0.0,2329.0,22.0,0,2021.15,2021.15,974.06,974.06,778.85,195.21,0.0,0.0,0.0,88.8,0.0,1.0,1,0.0,0.0,24449.0,0.0,3.0,1.0,2.0,7.0,22120.0,66.0,1.0,3.0,1801.0,47.0,18600.0,2.0,0.0,3.0,5.0,2717.0,15271.0,13.2,0.0,0.0,173.0,162.0,9.0,7.0,0.0,9.0,7.0,1.0,3.0,3.0,5.0,8.0,11.0,6.0,11.0,3.0,9.0,0.0,0.0,0.0,2.0,90.9,0.0,0.0,0.0,52215.0,24449.0,17600.0,33615.0,0,0
61467,27750.0,0.17739999999999995,700.75,2,76972.0,0,1,n,23.04,0.0,0.0,15.0,0.0,20551.0,22.0,0,23965.96,23965.96,8340.63,8340.63,3784.04,4556.59,0.0,0.0,0.0,700.75,0.0,1.0,0,0.0,0.0,268294.0,2.0,2.0,2.0,2.0,8.0,34557.0,87.0,1.0,2.0,10139.0,79.0,30600.0,2.0,2.0,1.0,6.0,17886.0,1137.0,93.8,0.0,0.0,169.0,298.0,2.0,2.0,4.0,64.0,8.0,0.0,4.0,6.0,5.0,5.0,4.0,12.0,14.0,6.0,15.0,0.0,0.0,0.0,4.0,81.8,60.0,0.0,0.0,285032.0,55108.0,18400.0,39582.0,0,0
49501,16000.0,0.2565,641.68,1,36000.0,1,1,n,24.4,0.0,1.0,10.0,0.0,6393.0,23.0,1,11987.93,11987.93,7356.16,7356.16,4012.07,3312.01,32.08,0.0,0.0,641.68,0.0,1.0,1,0.0,94.0,20833.0,0.0,1.0,1.0,1.0,10.0,14440.0,80.0,0.0,5.0,1779.0,64.0,13500.0,1.0,0.0,2.0,6.0,2083.0,5054.0,30.0,0.0,0.0,121.0,122.0,17.0,10.0,0.0,22.0,5.0,4.0,3.0,5.0,5.0,8.0,10.0,9.0,12.0,5.0,10.0,0.0,0.0,0.0,1.0,85.7,40.0,0.0,0.0,31636.0,20833.0,8900.0,18136.0,1,0
57176,6500.0,0.2055,243.39,3,75000.0,1,1,n,27.5,0.0,1.0,28.0,0.0,2173.0,33.0,0,0.0,0.0,6801.87,6801.87,6500.0,301.87,0.0,0.0,0.0,51.43,0.0,1.0,1,0.0,0.0,83678.0,4.0,3.0,2.0,3.0,2.0,81505.0,103.0,3.0,7.0,528.0,63.0,33300.0,2.0,0.0,1.0,10.0,2989.0,17088.0,5.6,0.0,0.0,29.0,155.0,2.0,2.0,1.0,2.0,4.0,1.0,5.0,10.0,12.0,14.0,4.0,25.0,28.0,10.0,28.0,0.0,0.0,0.0,5.0,97.0,8.3,0.0,0.0,121112.0,83678.0,18100.0,87812.0,0,0
2217,5000.0,0.1612,176.09,1,50000.0,0,1,n,15.55,0.0,0.0,20.0,0.0,236.0,34.0,0,0.0,0.0,5166.7,5166.7,5000.0,166.7,0.0,0.0,0.0,286.37,0.0,1.0,1,0.0,232.0,53095.0,0.0,18.0,1.0,1.0,7.0,52859.0,92.0,0.0,1.0,236.0,88.0,3000.0,0.0,1.0,0.0,2.0,2655.0,1264.0,15.7,0.0,0.0,130.0,106.0,20.0,7.0,0.0,20.0,20.0,2.0,1.0,1.0,1.0,2.0,30.0,2.0,4.0,1.0,20.0,0.0,0.0,0.0,1.0,72.7,0.0,0.0,0.0,60508.0,53095.0,1500.0,57508.0,0,0
41304,10000.0,0.2305,282.2,1,87000.0,1,1,n,18.22,1.0,1.0,11.0,0.0,6848.0,21.0,0,0.0,0.0,11081.95,11081.95,10000.0,1081.95,0.0,0.0,0.0,9978.76,0.0,1.0,1,0.0,0.0,35417.0,0.0,5.0,2.0,2.0,8.0,28142.0,48.0,1.0,2.0,3871.0,52.0,9100.0,1.0,1.0,4.0,5.0,3220.0,752.0,90.1,0.0,0.0,179.0,92.0,9.0,8.0,1.0,9.0,0.0,1.0,4.0,4.0,4.0,4.0,12.0,5.0,7.0,4.0,11.0,0.0,0.0,0.0,3.0,85.7,75.0,0.0,0.0,68439.0,35417.0,7600.0,58912.0,0,0
65724,36000.0,0.0646,1102.71,2,168000.0,1,1,n,12.61,0.0,1.0,14.0,1.0,24257.0,32.0,0,0.0,0.0,37834.33,37834.33,36000.0,1834.33,0.0,0.0,0.0,27422.86,0.0,1.0,1,0.0,0.0,469050.0,1.0,2.0,1.0,2.0,9.0,27430.0,76.0,2.0,2.0,7173.0,51.0,64800.0,2.0,0.0,4.0,4.0,39088.0,35716.0,38.2,0.0,0.0,147.0,143.0,4.0,4.0,4.0,8.0,0.0,0.0,5.0,6.0,8.0,12.0,13.0,10.0,15.0,6.0,14.0,0.0,0.0,0.0,3.0,100.0,0.0,1.0,0.0,552581.0,51687.0,57800.0,36044.0,0,0
24346,7000.0,0.1612,246.52,1,29676.0,0,1,n,17.43,3.0,0.0,5.0,0.0,0.0,30.0,0,0.0,0.0,7224.56,7224.56,7000.0,224.56,0.0,0.0,0.0,505.19,0.0,1.0,1,0.0,0.0,2398.0,0.0,1.0,0.0,1.0,23.0,2398.0,28.0,1.0,3.0,0.0,6.0,31600.0,1.0,0.0,0.0,4.0,480.0,30200.0,0.0,0.0,0.0,274.0,369.0,11.0,11.0,0.0,31.0,23.0,0.0,0.0,0.0,2.0,19.0,2.0,4.0,28.0,0.0,5.0,0.0,0.0,0.0,1.0,82.8,0.0,0.0,0.0,40100.0,2398.0,30200.0,8500.0,0,0
7629,40000.0,0.0702,1235.45,2,241000.0,0,1,n,8.42,0.0,0.0,13.0,0.0,25052.0,26.0,0,29717.71,29717.71,12338.9,12338.9,10282.29,2056.61,0.0,0.0,0.0,1235.45,0.0,1.0,0,0.0,0.0,750298.0,1.0,3.0,2.0,3.0,5.0,88134.0,99.0,0.0,0.0,21349.0,83.0,39800.0,0.0,2.0,3.0,4.0,68209.0,4363.0,84.0,0.0,0.0,75.0,430.0,64.0,5.0,6.0,241.0,3.0,0.0,2.0,3.0,2.0,2.0,8.0,7.0,11.0,3.0,13.0,0.0,0.0,0.0,2.0,100.0,50.0,0.0,0.0,844902.0,128106.0,27300.0,91757.0,0,0
53266,10000.0,0.0646,306.31,2,86000.0,1,1,n,9.35,0.0,0.0,7.0,0.0,10856.0,17.0,0,6886.75,6886.75,3668.54,3668.54,3113.25,555.29,0.0,0.0,0.0,306.31,0.0,1.0,1,0.0,0.0,231525.0,1.0,1.0,2.0,2.0,2.0,29324.0,99.0,1.0,2.0,7729.0,57.0,41300.0,0.0,1.0,3.0,4.0,33075.0,17544.0,38.2,0.0,0.0,167.0,299.0,8.0,2.0,2.0,8.0,8.0,0.0,3.0,3.0,3.0,4.0,6.0,5.0,9.0,3.0,7.0,0.0,0.0,0.0,3.0,100.0,0.0,0.0,0.0,302966.0,40180.0,28400.0,29666.0,0,0
57109,35000.0,0.17739999999999995,883.83,2,102475.0,1,1,n,35.89,0.0,0.0,14.0,0.0,37205.0,33.0,0,30227.31,30227.31,10571.47,10571.47,4772.69,5798.78,0.0,0.0,0.0,883.83,0.0,1.0,1,0.0,0.0,351599.0,2.0,4.0,3.0,4.0,2.0,92193.0,98.0,0.0,0.0,23442.0,62.0,70100.0,5.0,4.0,1.0,5.0,25114.0,14551.0,68.6,0.0,0.0,152.0,227.0,84.0,2.0,8.0,84.0,10.0,0.0,3.0,5.0,4.0,4.0,15.0,8.0,9.0,5.0,14.0,0.0,0.0,0.0,3.0,97.0,25.0,0.0,0.0,417647.0,130523.0,46300.0,114193.0,0,0
75964,20000.0,0.1171,661.52,3,120000.0,1,1,n,12.32,0.0,1.0,13.0,0.0,13655.0,18.0,0,14173.05,14173.05,7912.22,7912.22,5826.95,2085.27,0.0,0.0,0.0,661.52,0.0,1.0,1,0.0,0.0,40983.0,2.0,2.0,0.0,0.0,32.0,27328.0,49.0,4.0,8.0,3689.0,47.0,30000.0,0.0,0.0,1.0,8.0,3153.0,7719.0,59.6,0.0,0.0,138.0,47.0,3.0,3.0,0.0,5.0,1.0,0.0,5.0,8.0,6.0,7.0,4.0,11.0,14.0,8.0,13.0,0.0,0.0,0.0,4.0,100.0,16.7,0.0,0.0,81070.0,40983.0,19100.0,51070.0,0,0
32791,15000.0,0.0819,305.52,1,210000.0,0,1,n,6.74,0.0,2.0,19.0,0.0,66759.0,41.0,0,12687.57,12687.57,3353.9,3353.9,2312.43,1041.47,0.0,0.0,0.0,305.52,0.0,1.0,1,0.0,0.0,600453.0,2.0,10.0,2.0,3.0,8.0,54846.0,84.0,1.0,1.0,5162.0,49.0,114000.0,4.0,0.0,7.0,5.0,31603.0,42029.0,14.2,0.0,0.0,207.0,192.0,3.0,3.0,1.0,32.0,1.0,0.0,3.0,4.0,4.0,4.0,29.0,7.0,9.0,4.0,19.0,0.0,0.0,0.0,4.0,97.6,0.0,0.0,0.0,667382.0,121664.0,49000.0,65396.0,0,0
30828,6000.0,0.0646,183.79,2,93800.0,0,1,n,19.08,0.0,0.0,16.0,0.0,553.0,30.0,0,4288.02,4288.02,2019.54,2019.54,1711.98,307.56,0.0,0.0,0.0,183.79,0.0,1.0,1,0.0,0.0,192764.0,0.0,5.0,3.0,5.0,8.0,52601.0,68.0,0.0,2.0,269.0,16.0,88600.0,2.0,2.0,3.0,7.0,12048.0,67297.0,0.6,0.0,0.0,157.0,183.0,13.0,8.0,5.0,17.0,9.0,0.0,4.0,5.0,6.0,7.0,14.0,9.0,11.0,5.0,16.0,0.0,0.0,0.0,3.0,100.0,0.0,0.0,0.0,345172.0,53154.0,67700.0,64577.0,0,0
46217,24000.0,0.1862,617.57,2,84000.0,0,1,n,19.85,0.0,0.0,14.0,0.0,34381.0,23.0,0,22438.41,22438.41,5508.48,5508.48,1561.59,3946.89,0.0,0.0,0.0,0.0,2.0,1.0,1,0.0,0.0,128610.0,0.0,1.0,0.0,1.0,14.0,12875.0,86.0,0.0,0.0,8251.0,71.0,52000.0,1.0,0.0,0.0,1.0,9186.0,9922.0,72.7,0.0,0.0,150.0,171.0,57.0,14.0,3.0,62.0,14.0,2.0,8.0,11.0,8.0,9.0,4.0,12.0,14.0,11.0,14.0,0.0,0.0,0.0,0.0,91.3,37.5,0.0,0.0,162329.0,47256.0,36400.0,15000.0,0,0
67447,40000.0,0.1308,1349.3,2,150000.0,1,1,n,20.94,0.0,0.0,12.0,0.0,56612.0,20.0,0,28358.91,28358.91,16133.47,16133.47,11641.09,4492.38,0.0,0.0,0.0,1349.3,0.0,1.0,1,0.0,0.0,292433.0,2.0,3.0,0.0,3.0,16.0,24423.0,62.0,1.0,3.0,22104.0,78.0,64900.0,0.0,0.0,1.0,8.0,24369.0,2888.0,95.1,0.0,0.0,208.0,62.0,6.0,4.0,5.0,6.0,5.0,0.0,7.0,7.0,7.0,7.0,7.0,8.0,8.0,7.0,12.0,0.0,0.0,0.0,2.0,100.0,100.0,0.0,0.0,316474.0,81035.0,59500.0,39574.0,0,0
68371,10000.0,0.14300000000000002,343.24,1,39000.0,0,1,n,21.82,0.0,0.0,10.0,0.0,10092.0,19.0,0,7127.7,7127.7,4102.99,4102.99,2872.3,1230.69,0.0,0.0,0.0,343.24,0.0,1.0,1,0.0,576.0,20649.0,0.0,2.0,0.0,0.0,44.0,10557.0,42.0,3.0,5.0,3188.0,49.0,16800.0,0.0,1.0,1.0,5.0,2065.0,1021.0,85.8,0.0,0.0,73.0,71.0,7.0,7.0,0.0,7.0,7.0,0.0,3.0,6.0,3.0,3.0,5.0,8.0,14.0,6.0,10.0,0.0,0.0,0.0,3.0,89.5,66.7,0.0,0.0,42084.0,20649.0,7200.0,25284.0,0,0
52658,40000.0,0.1308,911.77,2,450000.0,1,1,n,4.83,0.0,1.0,16.0,0.0,17626.0,42.0,0,33935.74,33935.74,10912.17,10912.17,6064.26,4847.91,0.0,0.0,0.0,911.77,0.0,1.0,1,0.0,0.0,1397242.0,1.0,3.0,1.0,5.0,11.0,895849.0,85.0,1.0,1.0,5741.0,70.0,38500.0,1.0,0.0,5.0,7.0,87328.0,17448.0,42.4,0.0,0.0,376.0,202.0,12.0,2.0,1.0,12.0,4.0,0.0,6.0,8.0,9.0,11.0,25.0,12.0,16.0,8.0,16.0,0.0,0.0,0.0,3.0,100.0,22.2,0.0,0.0,1361511.0,913475.0,30300.0,838661.0,0,0
31092,35000.0,0.124,1169.2,2,200000.0,1,1,n,20.45,0.0,1.0,16.0,0.0,152860.0,25.0,0,25643.66,25643.66,12837.09,12837.09,9356.34,3480.75,0.0,0.0,0.0,1169.2,0.0,1.0,1,0.0,0.0,593898.0,1.0,3.0,1.0,1.0,3.0,25756.0,78.0,1.0,1.0,20179.0,58.0,209400.0,1.0,2.0,3.0,2.0,37119.0,34303.0,49.5,0.0,0.0,140.0,198.0,12.0,3.0,3.0,12.0,1.0,0.0,6.0,10.0,7.0,11.0,6.0,11.0,16.0,10.0,16.0,0.0,0.0,0.0,2.0,100.0,57.1,0.0,0.0,766492.0,178616.0,67900.0,76127.0,0,0
63631,14875.0,0.14300000000000002,510.57,2,44000.0,1,1,n,35.13,1.0,1.0,20.0,0.0,15358.0,35.0,0,10602.44,10602.44,6115.02,6115.02,4272.56,1842.46,0.0,0.0,0.0,510.57,0.0,1.0,0,0.0,0.0,182283.0,1.0,9.0,2.0,3.0,10.0,57169.0,100.0,2.0,2.0,5953.0,82.0,31200.0,5.0,3.0,4.0,5.0,9114.0,4917.0,72.4,0.0,0.0,161.0,149.0,3.0,3.0,2.0,8.0,3.0,2.0,4.0,7.0,5.0,5.0,22.0,10.0,11.0,7.0,20.0,0.0,0.0,1.0,4.0,88.2,80.0,0.0,0.0,240374.0,72527.0,17800.0,56982.0,0,0
43115,19200.0,0.2055,514.58,1,60000.0,1,1,n,29.26,0.0,0.0,6.0,1.0,11713.0,9.0,0,16972.13,16972.13,5638.46,5638.46,2227.87,3410.59,0.0,0.0,0.0,514.58,0.0,1.0,0,0.0,0.0,41559.0,0.0,3.0,0.0,1.0,23.0,29846.0,54.0,0.0,0.0,5608.0,62.0,12000.0,2.0,1.0,0.0,1.0,6927.0,287.0,97.6,0.0,0.0,141.0,58.0,42.0,23.0,0.0,42.0,23.0,0.0,3.0,3.0,3.0,3.0,6.0,3.0,3.0,3.0,6.0,0.0,0.0,0.0,0.0,100.0,100.0,1.0,0.0,66914.0,41559.0,12000.0,54914.0,0,0
57267,20000.0,0.124,668.12,2,78000.0,1,1,n,19.54,0.0,0.0,14.0,0.0,19243.0,44.0,0,14136.75,14136.75,8003.66,8003.66,5863.25,2140.41,0.0,0.0,0.0,668.12,0.0,1.0,1,0.0,0.0,220751.0,0.0,5.0,1.0,1.0,7.0,65429.0,92.0,0.0,0.0,4600.0,94.0,19000.0,2.0,0.0,5.0,3.0,15768.0,0.0,101.4,0.0,0.0,136.0,133.0,49.0,7.0,2.0,49.0,7.0,0.0,6.0,8.0,6.0,7.0,28.0,8.0,14.0,8.0,14.0,0.0,0.0,0.0,1.0,100.0,100.0,0.0,0.0,230397.0,84672.0,15200.0,71499.0,0,0
1939,40000.0,0.1033,856.4,2,101900.0,0,1,n,14.75,0.0,0.0,6.0,0.0,2356.0,14.0,0,34676.35,34676.35,8541.04,8541.04,5323.65,3217.39,0.0,0.0,0.0,856.4,0.0,1.0,0,0.0,0.0,170549.0,2.0,2.0,1.0,1.0,3.0,19232.0,49.0,0.0,1.0,2356.0,33.0,25500.0,0.0,0.0,3.0,3.0,28425.0,23144.0,9.2,0.0,0.0,154.0,285.0,23.0,3.0,1.0,23.0,3.0,0.0,1.0,1.0,3.0,5.0,6.0,3.0,7.0,1.0,6.0,0.0,0.0,0.0,2.0,100.0,0.0,0.0,0.0,215181.0,21588.0,25500.0,39681.0,0,0
40585,14875.0,0.1308,501.78,2,52000.0,1,1,n,33.14,0.0,0.0,16.0,0.0,18962.0,23.0,0,10928.51,10928.51,5497.96,5497.96,3946.49,1551.47,0.0,0.0,0.0,501.78,0.0,1.0,1,0.0,2102.0,54003.0,0.0,3.0,1.0,2.0,12.0,20364.0,72.0,3.0,5.0,4650.0,59.0,38100.0,1.0,0.0,3.0,7.0,3375.0,11694.0,56.2,0.0,0.0,389.0,140.0,7.0,7.0,2.0,8.0,10.0,1.0,6.0,10.0,7.0,7.0,9.0,12.0,12.0,10.0,16.0,0.0,0.0,0.0,4.0,91.3,0.0,0.0,0.0,103483.0,39326.0,26700.0,28126.0,0,0
32767,25000.0,0.0646,765.77,2,108000.0,1,1,n,28.25,0.0,0.0,16.0,0.0,38192.0,34.0,0,19233.83,19233.83,7110.8,7110.8,5766.17,1344.63,0.0,0.0,0.0,765.77,0.0,1.0,1,0.0,0.0,329146.0,0.0,2.0,0.0,1.0,16.0,30583.0,74.0,0.0,0.0,8012.0,75.0,55100.0,1.0,1.0,4.0,1.0,20572.0,15831.0,69.4,0.0,0.0,108.0,113.0,25.0,16.0,4.0,25.0,4.0,0.0,10.0,12.0,10.0,16.0,6.0,12.0,23.0,12.0,16.0,0.0,0.0,0.0,0.0,100.0,60.0,0.0,0.0,367630.0,86704.0,51800.0,41330.0,0,0
47429,3000.0,0.0702,92.66,3,40000.0,0,1,n,17.25,0.0,0.0,4.0,0.0,1833.0,11.0,0,2155.4,2155.4,1016.92,1016.92,844.6,172.32,0.0,0.0,0.0,92.66,0.0,1.0,1,0.0,0.0,16626.0,0.0,1.0,1.0,1.0,7.0,14793.0,85.0,0.0,1.0,1833.0,53.0,18600.0,1.0,0.0,1.0,2.0,4157.0,16767.0,0.0,0.0,0.0,172.0,125.0,20.0,7.0,0.0,20.0,7.0,0.0,1.0,1.0,3.0,3.0,8.0,3.0,3.0,1.0,4.0,0.0,0.0,0.0,1.0,100.0,0.0,0.0,0.0,36100.0,16626.0,18600.0,17500.0,0,0
68924,35000.0,0.0819,712.87,2,153000.0,1,1,n,13.97,0.0,1.0,16.0,0.0,51029.0,38.0,0,0.0,0.0,36865.45,36865.45,35000.0,1865.45,0.0,0.0,0.0,31907.21,0.0,1.0,1,0.0,0.0,385525.0,4.0,3.0,0.0,0.0,31.0,32619.0,71.0,3.0,4.0,16080.0,38.0,153400.0,0.0,5.0,2.0,6.0,24095.0,96188.0,27.5,0.0,0.0,115.0,234.0,0.0,0.0,8.0,1.0,1.0,0.0,4.0,6.0,9.0,15.0,9.0,11.0,20.0,6.0,16.0,0.0,0.0,0.0,4.0,100.0,11.1,0.0,0.0,521516.0,83816.0,132600.0,45826.0,0,0
929,40000.0,0.0819,814.7,1,120000.0,1,1,n,17.42,0.0,1.0,9.0,0.0,53507.0,13.0,0,34413.57,34413.57,8110.6,8110.6,5586.43,2524.17,0.0,0.0,0.0,814.7,0.0,1.0,1,0.0,0.0,72308.0,0.0,1.0,0.0,1.0,15.0,18801.0,77.0,0.0,0.0,17815.0,74.0,108000.0,1.0,0.0,1.0,1.0,8034.0,53493.0,73.6,0.0,0.0,140.0,320.0,46.0,15.0,0.0,46.0,3.0,0.0,5.0,5.0,7.0,8.0,4.0,8.0,9.0,5.0,9.0,0.0,0.0,0.0,0.0,100.0,42.9,0.0,0.0,132402.0,72308.0,107000.0,24402.0,0,0
25623,40000.0,0.0819,814.7,2,52000.0,0,1,n,49.48,0.0,0.0,9.0,0.0,51710.0,10.0,0,34475.49,34475.49,8128.8,8128.8,5524.51,2604.29,0.0,0.0,0.0,0.0,0.0,1.0,0,0.0,0.0,333507.0,0.0,2.0,0.0,1.0,22.0,13493.0,34.0,0.0,2.0,15920.0,47.0,100400.0,0.0,0.0,0.0,4.0,37056.0,48690.0,51.5,0.0,0.0,30.0,196.0,17.0,17.0,1.0,17.0,19.0,0.0,6.0,6.0,6.0,7.0,2.0,6.0,7.0,6.0,9.0,0.0,0.0,0.0,0.0,100.0,50.0,0.0,0.0,414676.0,65203.0,100400.0,39776.0,0,0
36447,10000.0,0.1102,327.49,2,80000.0,0,1,n,22.71,1.0,0.0,11.0,0.0,8552.0,28.0,1,7255.22,7255.22,3596.27,3596.27,2744.78,851.49,0.0,0.0,0.0,327.49,0.0,1.0,0,0.0,0.0,238804.0,1.0,3.0,1.0,2.0,10.0,32125.0,59.0,2.0,2.0,1814.0,36.0,57100.0,3.0,4.0,3.0,5.0,21709.0,9549.0,26.5,0.0,0.0,121.0,110.0,9.0,5.0,7.0,29.0,6.0,0.0,2.0,6.0,2.0,2.0,10.0,7.0,11.0,6.0,11.0,0.0,0.0,0.0,4.0,96.4,0.0,0.0,0.0,311183.0,40677.0,13000.0,54883.0,0,0
47732,7200.0,0.124,240.53,3,62910.0,0,1,n,18.41,0.0,0.0,6.0,1.0,821.0,13.0,0,5275.07,5275.07,2635.91,2635.91,1924.93,710.98,0.0,0.0,0.0,0.0,0.0,1.0,1,0.0,0.0,35021.0,0.0,3.0,0.0,1.0,16.0,34200.0,65.0,1.0,1.0,0.0,64.0,2000.0,1.0,0.0,1.0,2.0,7004.0,500.0,0.0,0.0,0.0,149.0,308.0,8.0,8.0,1.0,8.0,8.0,0.0,0.0,1.0,2.0,3.0,7.0,3.0,5.0,1.0,6.0,0.0,0.0,0.0,1.0,100.0,0.0,1.0,0.0,54856.0,35021.0,500.0,52856.0,0,0
68758,15000.0,0.124,501.09,3,40000.0,1,1,n,25.95,0.0,0.0,4.0,0.0,9448.0,5.0,0,11156.13,11156.13,5591.32,5591.32,3843.87,1747.45,0.0,0.0,0.0,501.09,0.0,1.0,1,0.0,0.0,37366.0,1.0,1.0,0.0,1.0,15.0,27918.0,83.0,1.0,1.0,9058.0,76.0,15700.0,1.0,0.0,0.0,2.0,9342.0,2752.0,77.4,0.0,0.0,32.0,58.0,5.0,5.0,0.0,32.0,15.0,0.0,2.0,2.0,2.0,2.0,2.0,3.0,3.0,2.0,4.0,0.0,0.0,0.0,1.0,100.0,50.0,0.0,0.0,49425.0,37366.0,12200.0,33725.0,0,0
14883,40000.0,0.1102,870.1,1,105000.0,1,1,n,22.32,0.0,0.0,14.0,0.0,60989.0,24.0,0,34759.39,34759.39,8652.02,8652.02,5240.61,3411.41,0.0,0.0,0.0,870.1,0.0,1.0,1,0.0,0.0,66805.0,0.0,1.0,0.0,1.0,17.0,5816.0,58.0,0.0,1.0,6073.0,66.0,91400.0,0.0,3.0,0.0,2.0,5139.0,7615.0,79.4,0.0,0.0,192.0,551.0,23.0,17.0,0.0,29.0,16.0,0.0,7.0,11.0,8.0,15.0,3.0,13.0,21.0,11.0,14.0,0.0,0.0,0.0,0.0,100.0,50.0,0.0,0.0,101400.0,66805.0,36900.0,10000.0,0,0
28023,30000.0,0.1612,731.46,1,59000.0,1,1,n,24.49,0.0,0.0,12.0,0.0,16688.0,26.0,0,0.0,0.0,33613.96,33613.96,30000.0,3613.96,0.0,0.0,0.0,27816.01,0.0,1.0,1,0.0,0.0,28887.0,0.0,2.0,0.0,1.0,23.0,12199.0,40.0,0.0,3.0,5331.0,55.0,22100.0,2.0,2.0,0.0,4.0,2407.0,4280.0,78.7,0.0,0.0,151.0,154.0,22.0,22.0,0.0,22.0,23.0,0.0,7.0,9.0,8.0,10.0,7.0,10.0,19.0,9.0,12.0,0.0,0.0,0.0,0.0,100.0,75.0,0.0,0.0,52527.0,28887.0,20100.0,30427.0,0,0
72366,10000.0,0.0819,203.68,2,105000.0,1,1,n,17.85,0.0,1.0,13.0,0.0,9828.0,42.0,0,7719.2,7719.2,3035.06,3035.06,2280.8,754.26,0.0,0.0,0.0,503.68,0.0,1.0,1,0.0,8330.0,141775.0,2.0,5.0,2.0,3.0,5.0,38857.0,55.0,1.0,1.0,1517.0,56.0,15900.0,0.0,8.0,1.0,4.0,11815.0,1684.0,61.7,0.0,0.0,158.0,319.0,8.0,5.0,2.0,8.0,6.0,9.0,2.0,5.0,2.0,7.0,12.0,7.0,28.0,5.0,13.0,0.0,0.0,0.0,3.0,73.8,50.0,0.0,0.0,189110.0,48685.0,4400.0,71000.0,0,0
14163,35000.0,0.1862,900.62,1,80000.0,0,1,n,26.48,0.0,2.0,11.0,0.0,23463.0,27.0,0,31247.54,31247.54,8933.79,8933.79,3752.46,5181.33,0.0,0.0,0.0,900.62,0.0,1.0,1,0.0,0.0,79457.0,2.0,2.0,0.0,2.0,14.0,55994.0,78.0,2.0,3.0,16503.0,53.0,51500.0,1.0,6.0,2.0,5.0,7223.0,12372.0,61.0,0.0,0.0,157.0,162.0,4.0,4.0,3.0,29.0,4.0,0.0,2.0,6.0,4.0,5.0,11.0,9.0,13.0,6.0,11.0,0.0,0.0,0.0,2.0,100.0,50.0,0.0,0.0,113960.0,79457.0,31700.0,62460.0,0,0
52512,6000.0,0.0819,188.55,2,101000.0,0,1,n,3.54,0.0,2.0,6.0,0.0,5134.0,34.0,0,4160.78,4160.78,2259.87,2259.87,1839.22,420.65,0.0,0.0,0.0,188.55,0.0,1.0,1,0.0,0.0,231883.0,3.0,2.0,1.0,3.0,4.0,4731.0,95.0,1.0,1.0,2838.0,59.0,11800.0,1.0,0.0,3.0,7.0,38647.0,6666.0,43.5,0.0,0.0,143.0,167.0,3.0,3.0,7.0,3.0,0.0,4.0,2.0,2.0,3.0,10.0,9.0,3.0,18.0,2.0,6.0,0.0,0.0,0.0,3.0,88.2,0.0,0.0,0.0,240195.0,9865.0,11800.0,4995.0,0,0
45666,15000.0,0.0702,463.3,1,72500.0,1,1,n,19.05,0.0,0.0,9.0,0.0,14633.0,17.0,0,10745.97,10745.97,5090.45,5090.45,4254.03,836.42,0.0,0.0,0.0,463.3,0.0,1.0,1,0.0,0.0,21226.0,0.0,2.0,0.0,0.0,27.0,6593.0,29.0,1.0,2.0,5480.0,31.0,46100.0,0.0,0.0,0.0,2.0,2358.0,21335.0,37.3,0.0,0.0,152.0,178.0,9.0,9.0,0.0,58.0,23.0,0.0,4.0,6.0,4.0,5.0,7.0,7.0,10.0,6.0,9.0,0.0,0.0,0.0,1.0,100.0,25.0,0.0,0.0,68600.0,21226.0,34000.0,22500.0,0,0
45945,22000.0,0.2565,654.14,2,73000.0,0,1,n,23.26,0.0,2.0,17.0,0.0,9559.0,25.0,0,19901.49,19901.49,7164.19,7164.19,2098.51,5065.68,0.0,0.0,0.0,654.14,0.0,1.0,1,0.0,0.0,256352.0,3.0,2.0,1.0,3.0,4.0,34909.0,89.0,4.0,7.0,2473.0,77.0,18500.0,2.0,2.0,4.0,12.0,15080.0,456.0,94.8,0.0,0.0,91.0,65.0,2.0,2.0,2.0,2.0,2.0,0.0,5.0,7.0,5.0,8.0,4.0,14.0,19.0,7.0,17.0,0.0,0.0,0.0,5.0,100.0,100.0,0.0,0.0,275333.0,44468.0,8700.0,39444.0,0,0
52804,14000.0,0.08810000000000001,443.96,1,80000.0,1,1,n,17.01,1.0,1.0,14.0,0.0,13699.0,33.0,0,9420.54,9420.54,5620.67,5620.67,4579.46,1041.21,0.0,0.0,0.0,443.96,1.0,1.0,1,0.0,0.0,40308.0,0.0,1.0,1.0,1.0,10.0,26609.0,90.0,2.0,2.0,4221.0,72.0,26500.0,1.0,1.0,5.0,3.0,2879.0,11947.0,53.3,0.0,0.0,127.0,133.0,10.0,10.0,0.0,10.0,2.0,1.0,8.0,9.0,11.0,14.0,8.0,13.0,24.0,9.0,14.0,0.0,0.0,1.0,3.0,93.9,18.2,0.0,0.0,56238.0,40308.0,25600.0,29738.0,0,0
52744,2500.0,0.124,83.52,1,104000.0,0,1,n,17.86,0.0,1.0,14.0,0.0,7698.0,27.0,0,1767.03,1767.03,1000.52,1000.52,732.97,267.55,0.0,0.0,0.0,83.52,0.0,1.0,1,0.0,0.0,47886.0,1.0,3.0,2.0,2.0,4.0,40188.0,71.0,0.0,0.0,1776.0,59.0,24800.0,4.0,0.0,7.0,2.0,3420.0,3502.0,48.5,0.0,0.0,167.0,189.0,27.0,4.0,0.0,27.0,4.0,0.0,3.0,8.0,4.0,7.0,11.0,11.0,16.0,8.0,14.0,0.0,0.0,0.0,2.0,88.9,50.0,0.0,0.0,81390.0,47886.0,6800.0,56590.0,0,0
56695,8800.0,0.1308,296.85,2,38000.0,0,1,n,15.48,0.0,0.0,5.0,1.0,5460.0,10.0,0,6264.12,6264.12,3555.81,3555.81,2535.88,1019.93,0.0,0.0,0.0,296.85,0.0,1.0,0,0.0,0.0,97180.0,0.0,1.0,0.0,0.0,30.0,13078.0,65.0,1.0,3.0,3951.0,61.0,10500.0,0.0,0.0,2.0,3.0,19436.0,1049.0,79.0,0.0,0.0,89.0,167.0,10.0,10.0,1.0,17.0,4.0,0.0,1.0,2.0,1.0,1.0,3.0,3.0,6.0,2.0,5.0,0.0,0.0,0.0,1.0,100.0,100.0,1.0,0.0,120519.0,18538.0,5000.0,20072.0,0,0
51640,10000.0,0.2055,374.45,1,26000.0,0,1,n,17.82,0.0,1.0,7.0,0.0,4660.0,11.0,0,7318.31,7318.31,4481.98,4481.98,2681.69,1800.29,0.0,0.0,0.0,374.45,0.0,1.0,1,0.0,0.0,20556.0,2.0,3.0,1.0,3.0,2.0,15896.0,101.0,1.0,1.0,1823.0,80.0,10000.0,0.0,1.0,1.0,4.0,2937.0,5340.0,46.6,0.0,0.0,76.0,77.0,2.0,2.0,0.0,2.0,2.0,1.0,4.0,4.0,4.0,5.0,5.0,4.0,6.0,4.0,7.0,0.0,0.0,0.0,2.0,90.9,25.0,0.0,0.0,25814.0,20556.0,10000.0,15814.0,0,0
13104,7500.0,0.0702,231.65,1,48000.0,1,1,n,17.63,1.0,1.0,12.0,0.0,7730.0,18.0,0,5569.7,5569.7,2313.58,2313.58,1930.3,383.28,0.0,0.0,0.0,231.65,0.0,1.0,1,0.0,759.0,276736.0,1.0,1.0,1.0,2.0,5.0,9666.0,56.0,2.0,5.0,1741.0,55.0,14600.0,1.0,1.0,2.0,8.0,23061.0,1102.0,80.3,0.0,0.0,174.0,56.0,8.0,5.0,2.0,8.0,4.0,0.0,4.0,8.0,4.0,4.0,6.0,10.0,10.0,8.0,12.0,0.0,0.0,0.0,3.0,94.4,75.0,0.0,0.0,295846.0,17396.0,5600.0,17246.0,0,0
51281,20000.0,0.16949999999999998,496.52,1,100000.0,0,1,n,21.64,0.0,0.0,4.0,0.0,24048.0,16.0,0,17222.54,17222.54,5939.41,5939.41,2777.46,3161.95,0.0,0.0,0.0,496.52,0.0,1.0,1,0.0,0.0,62778.0,0.0,2.0,1.0,2.0,9.0,38730.0,77.0,0.0,0.0,15353.0,84.0,24000.0,3.0,0.0,5.0,2.0,15695.0,0.0,100.2,0.0,0.0,267.0,79.0,53.0,9.0,0.0,68.0,9.0,0.0,2.0,2.0,2.0,2.0,13.0,2.0,3.0,2.0,4.0,0.0,0.0,0.0,1.0,100.0,100.0,0.0,0.0,74514.0,62778.0,24000.0,50514.0,0,0
49836,5500.0,0.0819,112.03,1,94000.0,0,1,n,19.57,0.0,0.0,27.0,0.0,7821.0,42.0,0,4808.42,4808.42,1117.8,1117.8,691.58,426.22,0.0,0.0,0.0,112.03,0.0,1.0,1,0.0,0.0,57320.0,2.0,3.0,1.0,3.0,9.0,49239.0,82.0,10.0,15.0,1602.0,67.0,25100.0,1.0,7.0,3.0,19.0,2123.0,11210.0,29.9,0.0,0.0,91.0,454.0,5.0,5.0,0.0,5.0,8.0,0.0,9.0,13.0,15.0,16.0,14.0,23.0,27.0,13.0,27.0,0.0,0.0,0.0,11.0,97.6,33.3,0.0,0.0,86212.0,57320.0,16000.0,60145.0,0,0
62422,10000.0,0.1033,324.23,1,45000.0,1,1,n,23.12,0.0,1.0,9.0,0.0,808.0,14.0,0,7313.63,7313.63,3583.51,3583.51,2686.37,897.14,0.0,0.0,0.0,324.23,0.0,1.0,1,0.0,0.0,34623.0,1.0,2.0,1.0,2.0,2.0,33815.0,90.0,0.0,1.0,808.0,69.0,12700.0,0.0,2.0,1.0,3.0,4328.0,8892.0,8.3,0.0,0.0,58.0,73.0,19.0,2.0,0.0,19.0,2.0,0.0,1.0,1.0,5.0,5.0,5.0,7.0,9.0,1.0,9.0,0.0,0.0,0.0,1.0,92.9,0.0,0.0,0.0,50206.0,34623.0,9700.0,37506.0,0,0
46135,16000.0,0.1308,364.71,1,70000.0,0,1,n,30.89,0.0,0.0,12.0,1.0,14428.0,70.0,0,13788.69,13788.69,4000.18,4000.18,2211.31,1788.87,0.0,0.0,0.0,364.71,0.0,1.0,1,0.0,0.0,58389.0,1.0,5.0,1.0,5.0,2.0,43961.0,70.0,1.0,2.0,3155.0,73.0,16400.0,0.0,33.0,1.0,7.0,4866.0,300.0,96.0,0.0,0.0,126.0,181.0,8.0,2.0,0.0,51.0,8.0,0.0,3.0,7.0,3.0,12.0,47.0,7.0,23.0,7.0,12.0,0.0,0.0,0.0,2.0,100.0,100.0,1.0,0.0,79580.0,58389.0,7500.0,63180.0,0,0
75093,5050.0,0.16949999999999998,179.93,2,21000.0,1,1,n,19.37,0.0,3.0,9.0,0.0,5820.0,18.0,0,0.0,0.0,5602.021249999,5602.02,5050.0,552.02,0.0,0.0,0.0,4352.02,0.0,1.0,0,0.0,0.0,493960.0,2.0,1.0,1.0,2.0,2.0,4681.0,98.0,0.0,1.0,2295.0,46.0,18200.0,6.0,0.0,8.0,6.0,54884.0,3935.0,54.8,0.0,0.0,78.0,189.0,13.0,2.0,4.0,60.0,2.0,0.0,3.0,5.0,4.0,6.0,4.0,7.0,10.0,5.0,9.0,0.0,0.0,0.0,3.0,100.0,0.0,0.0,0.0,507350.0,10501.0,8700.0,4800.0,0,0
31773,26575.0,0.1033,861.63,1,90000.0,0,1,n,17.01,0.0,0.0,12.0,2.0,18984.0,16.0,0,19305.99,19305.99,9462.68,9462.68,7269.01,2193.67,0.0,0.0,0.0,861.63,0.0,1.0,0,0.0,0.0,30276.0,0.0,2.0,0.0,1.0,16.0,11292.0,37.0,1.0,4.0,7930.0,35.0,56000.0,1.0,0.0,0.0,5.0,2752.0,20409.0,47.0,0.0,0.0,82.0,215.0,12.0,12.0,0.0,13.0,13.0,1.0,6.0,7.0,8.0,11.0,3.0,10.0,13.0,7.0,12.0,0.0,0.0,0.0,1.0,93.8,28.6,2.0,0.0,86340.0,30276.0,38500.0,30340.0,0,0
61997,35000.0,0.1612,853.37,1,91000.0,0,1,n,31.1,0.0,0.0,11.0,0.0,30129.0,21.0,0,30046.12,30046.12,10162.08,10162.08,4953.88,5208.2,0.0,0.0,0.0,853.37,0.0,1.0,1,0.0,0.0,70011.0,0.0,4.0,1.0,2.0,12.0,39882.0,67.0,0.0,0.0,10856.0,66.0,47100.0,1.0,3.0,1.0,2.0,6365.0,14400.0,66.6,0.0,0.0,240.0,187.0,26.0,12.0,0.0,26.0,12.0,0.0,6.0,7.0,6.0,8.0,9.0,7.0,12.0,7.0,11.0,0.0,0.0,0.0,1.0,100.0,50.0,0.0,0.0,106640.0,70011.0,43100.0,59540.0,0,0
37798,8000.0,0.0646,245.05,2,60000.0,1,1,n,10.5,0.0,0.0,10.0,0.0,1723.0,28.0,0,5717.4,5717.4,2692.68,2692.68,2282.6,410.08,0.0,0.0,0.0,245.05,0.0,1.0,1,0.0,0.0,356680.0,1.0,1.0,1.0,3.0,9.0,29547.0,87.0,0.0,0.0,0.0,53.0,24800.0,3.0,4.0,3.0,4.0,39631.0,11000.0,0.0,0.0,0.0,122.0,115.0,28.0,5.0,4.0,28.0,5.0,0.0,0.0,1.0,3.0,6.0,8.0,8.0,16.0,1.0,10.0,0.0,0.0,0.0,2.0,92.9,0.0,0.0,0.0,385923.0,31270.0,11000.0,34165.0,0,0
53440,12000.0,0.14300000000000002,281.09,2,70000.0,0,1,n,23.9,1.0,0.0,21.0,0.0,86590.0,42.0,0,10412.99,10412.99,3072.92,3072.92,1587.01,1485.91,0.0,0.0,0.0,0.0,0.0,1.0,0,0.0,0.0,444356.0,2.0,7.0,0.0,2.0,16.0,164623.0,102.0,2.0,3.0,6310.0,66.0,142500.0,1.0,5.0,0.0,5.0,21160.0,51999.0,12.9,0.0,0.0,142.0,225.0,2.0,2.0,1.0,4.0,16.0,0.0,3.0,5.0,10.0,17.0,20.0,13.0,21.0,5.0,21.0,0.0,0.0,0.0,2.0,95.2,10.0,0.0,0.0,533228.0,251213.0,59700.0,164528.0,0,0
15908,6000.0,0.08810000000000001,190.27,1,31000.0,0,1,n,35.35,0.0,1.0,11.0,0.0,5931.0,12.0,0,4889.55,4889.55,1519.22,1519.22,1110.45,408.77,0.0,0.0,0.0,190.27,0.0,1.0,1,0.0,0.0,16526.0,1.0,1.0,0.0,1.0,18.0,10595.0,44.0,1.0,1.0,1529.0,30.0,30500.0,1.0,0.0,1.0,2.0,1502.0,15637.0,26.6,0.0,0.0,54.0,59.0,5.0,5.0,0.0,5.0,5.0,0.0,6.0,7.0,6.0,7.0,2.0,9.0,10.0,7.0,11.0,0.0,0.0,0.0,1.0,100.0,16.7,0.0,0.0,54638.0,16526.0,21300.0,24138.0,0,0
50356,8000.0,0.1102,261.99,2,86000.0,1,1,n,14.37,0.0,3.0,27.0,0.0,24575.0,34.0,0,6184.15,6184.15,2615.0,2615.0,1815.85,799.15,0.0,0.0,0.0,261.99,0.0,1.0,1,0.0,0.0,112340.0,2.0,3.0,2.0,2.0,5.0,35167.0,98.0,3.0,4.0,8883.0,73.0,46600.0,0.0,0.0,5.0,6.0,4161.0,8677.0,65.7,0.0,0.0,56.0,100.0,0.0,0.0,1.0,0.0,1.0,0.0,9.0,18.0,10.0,11.0,4.0,23.0,29.0,18.0,27.0,0.0,0.0,0.0,5.0,100.0,50.0,0.0,0.0,227639.0,59742.0,25300.0,35839.0,0,0
53265,17000.0,0.1862,619.9,2,60000.0,0,1,n,24.32,2.0,0.0,9.0,0.0,5962.0,27.0,0,14534.89,14534.89,5429.33,5429.33,2465.11,2964.22,0.0,0.0,0.0,619.9,0.0,1.0,0,0.0,64.0,278738.0,1.0,6.0,1.0,3.0,4.0,67702.0,72.0,1.0,1.0,5400.0,73.0,6500.0,0.0,2.0,1.0,4.0,30971.0,100.0,98.2,0.0,0.0,119.0,231.0,9.0,4.0,1.0,163.0,9.0,0.0,1.0,2.0,1.0,4.0,13.0,2.0,13.0,2.0,9.0,0.0,0.0,0.0,2.0,92.0,100.0,0.0,0.0,304945.0,73664.0,5500.0,94445.0,0,0
37010,20000.0,0.1033,428.2,2,80000.0,0,1,n,26.12,0.0,1.0,10.0,0.0,17747.0,21.0,0,17059.23,17059.23,4698.72,4698.72,2940.77,1757.95,0.0,0.0,0.0,428.2,0.0,1.0,0,0.0,0.0,543067.0,0.0,3.0,0.0,1.0,18.0,56717.0,63.0,0.0,3.0,5848.0,59.0,35100.0,0.0,2.0,1.0,5.0,54307.0,6260.0,54.0,0.0,0.0,251.0,135.0,14.0,14.0,2.0,14.0,4.0,0.0,2.0,5.0,2.0,3.0,10.0,6.0,9.0,5.0,10.0,0.0,0.0,0.0,0.0,90.5,0.0,0.0,0.0,602233.0,74464.0,13600.0,90233.0,0,0
46116,10000.0,0.17739999999999995,360.23,1,76000.0,1,1,n,23.29,0.0,2.0,30.0,0.0,17425.0,62.0,1,7557.23,7557.23,3952.67,3952.67,2442.77,1509.9,0.0,0.0,0.0,360.23,0.0,1.0,1,0.0,81.0,48647.0,5.0,3.0,1.0,3.0,4.0,31222.0,89.0,8.0,12.0,2406.0,67.0,37300.0,9.0,1.0,5.0,15.0,1622.0,12513.0,49.5,0.0,0.0,125.0,292.0,2.0,2.0,0.0,2.0,2.0,0.0,14.0,19.0,17.0,20.0,17.0,27.0,45.0,19.0,30.0,0.0,0.0,0.0,9.0,84.2,47.1,0.0,0.0,72297.0,48647.0,24800.0,34997.0,0,0
72050,21000.0,0.08810000000000001,665.94,2,100000.0,1,1,n,39.46,0.0,3.0,17.0,0.0,35886.0,19.0,0,0.0,0.0,21799.31,21799.31,21000.0,799.31,0.0,0.0,0.0,19145.83,0.0,1.0,1,0.0,0.0,126878.0,4.0,6.0,3.0,4.0,3.0,90992.0,65.0,1.0,1.0,16862.0,63.0,59000.0,1.0,0.0,4.0,5.0,7463.0,22114.0,61.7,0.0,0.0,194.0,377.0,5.0,3.0,1.0,5.0,2.0,0.0,8.0,8.0,10.0,10.0,6.0,11.0,12.0,8.0,17.0,0.0,0.0,0.0,4.0,100.0,30.0,0.0,0.0,177410.0,126878.0,58000.0,118410.0,0,0
39029,12500.0,0.0646,382.89,2,75000.0,1,1,n,21.42,0.0,2.0,9.0,0.0,33995.0,23.0,0,0.0,0.0,12814.89,12814.89,12500.0,314.89,0.0,0.0,0.0,11287.82,0.0,1.0,1,0.0,0.0,232754.0,1.0,1.0,1.0,1.0,2.0,32445.0,100.0,0.0,1.0,14745.0,66.0,68500.0,1.0,1.0,3.0,2.0,29094.0,28505.0,54.4,0.0,0.0,155.0,168.0,21.0,2.0,5.0,21.0,0.0,0.0,3.0,3.0,4.0,8.0,6.0,6.0,12.0,3.0,9.0,0.0,0.0,0.0,1.0,100.0,0.0,0.0,0.0,375893.0,66440.0,62500.0,32423.0,0,0
22164,2500.0,0.17739999999999995,90.06,1,68800.0,1,1,n,30.43,0.0,0.0,21.0,0.0,24168.0,39.0,0,1870.73,1870.73,985.73,985.73,629.27,356.46,0.0,0.0,0.0,90.06,0.0,1.0,1,0.0,0.0,46795.0,2.0,3.0,2.0,5.0,6.0,22627.0,81.0,3.0,4.0,3789.0,75.0,34300.0,4.0,2.0,2.0,9.0,2228.0,7905.0,69.9,0.0,0.0,146.0,165.0,4.0,4.0,0.0,4.0,7.0,0.0,12.0,17.0,13.0,14.0,15.0,18.0,24.0,17.0,21.0,0.0,0.0,0.0,5.0,94.9,61.5,0.0,0.0,62365.0,46795.0,26300.0,28065.0,0,0
48260,30000.0,0.08810000000000001,619.99,2,425000.0,1,1,n,7.4,0.0,0.0,13.0,0.0,41409.0,29.0,0,25437.68,25437.68,6790.52,6790.52,4562.32,2228.2,0.0,0.0,0.0,0.0,0.0,1.0,1,0.0,181.0,658018.0,0.0,3.0,0.0,0.0,29.0,21297.0,29.0,2.0,3.0,27370.0,43.0,78800.0,0.0,0.0,2.0,3.0,50617.0,30812.0,57.3,0.0,0.0,190.0,217.0,11.0,11.0,5.0,11.0,7.0,0.0,7.0,8.0,7.0,12.0,8.0,8.0,16.0,8.0,13.0,0.0,0.0,0.0,2.0,100.0,42.9,0.0,0.0,778384.0,62706.0,72200.0,91284.0,0,0
15307,12000.0,0.16949999999999998,297.91,3,48000.0,0,1,n,33.35,0.0,0.0,15.0,0.0,5416.0,34.0,0,10631.13,10631.13,2956.5,2956.5,1368.87,1587.63,0.0,0.0,0.0,297.91,0.0,1.0,1,0.0,2565.0,13233.0,0.0,1.0,0.0,1.0,16.0,7817.0,68.0,3.0,5.0,2435.0,38.0,23400.0,1.0,0.0,1.0,6.0,882.0,11415.0,26.8,0.0,0.0,16.0,191.0,10.0,10.0,0.0,11.0,2.0,3.0,5.0,12.0,5.0,14.0,1.0,14.0,33.0,12.0,15.0,0.0,0.0,0.0,3.0,88.2,0.0,0.0,0.0,34900.0,13233.0,15600.0,11500.0,0,0
42972,5000.0,0.2305,193.68,2,145000.0,0,1,n,14.71,3.0,1.0,10.0,0.0,16579.0,18.0,0,3661.99,3661.99,2317.76,2317.76,1338.01,979.75,0.0,0.0,0.0,193.68,0.0,1.0,1,1.0,0.0,231811.0,1.0,4.0,1.0,3.0,1.0,23075.0,63.0,0.0,0.0,3409.0,71.0,18700.0,1.0,0.0,1.0,3.0,23181.0,91.0,97.4,0.0,0.0,46.0,250.0,55.0,1.0,4.0,55.0,1.0,2.0,1.0,4.0,1.0,3.0,6.0,4.0,8.0,4.0,10.0,1.0,0.0,2.0,1.0,83.3,100.0,0.0,0.0,328104.0,39654.0,3500.0,36904.0,0,0
14536,15000.0,0.1524,358.75,1,50000.0,0,1,n,17.71,0.0,0.0,18.0,0.0,9508.0,25.0,0,14857.25,14857.25,2149.35,2149.35,142.75,2006.6,0.0,0.0,0.0,358.75,0.0,1.0,0,0.0,0.0,25204.0,1.0,3.0,0.0,0.0,38.0,15696.0,73.0,1.0,1.0,4038.0,25.0,80600.0,0.0,0.0,0.0,1.0,1400.0,48180.0,11.3,0.0,0.0,115.0,237.0,6.0,6.0,0.0,6.0,16.0,0.0,6.0,10.0,9.0,13.0,3.0,15.0,22.0,11.0,18.0,0.0,0.0,0.0,1.0,100.0,0.0,0.0,0.0,102160.0,25204.0,54300.0,21560.0,0,0
43102,5300.0,0.2055,198.46,2,185000.0,1,1,n,30.13,0.0,0.0,16.0,0.0,41845.0,26.0,0,4008.49,4008.49,2177.01,2177.01,1291.51,885.5,0.0,0.0,0.0,198.46,0.0,1.0,1,0.0,0.0,637972.0,2.0,3.0,1.0,1.0,6.0,144231.0,25.0,1.0,4.0,8149.0,81.0,50300.0,1.0,1.0,2.0,6.0,42531.0,2185.0,81.5,0.0,0.0,174.0,327.0,3.0,3.0,2.0,20.0,6.0,0.0,3.0,7.0,3.0,4.0,12.0,9.0,11.0,7.0,16.0,0.0,0.0,0.0,3.0,96.2,33.3,0.0,0.0,738299.0,196088.0,11800.0,196202.0,0,0
60550,25525.0,0.1308,581.82,2,112000.0,0,1,n,32.35,0.0,0.0,17.0,0.0,18824.0,39.0,0,22142.04,22142.04,6353.65,6353.65,3382.96,2970.69,0.0,0.0,0.0,581.82,0.0,1.0,1,0.0,0.0,68795.0,1.0,3.0,1.0,3.0,9.0,49971.0,81.0,1.0,1.0,5426.0,51.0,63700.0,3.0,2.0,6.0,4.0,4047.0,22482.0,39.6,0.0,0.0,141.0,120.0,4.0,4.0,3.0,4.0,0.0,0.0,7.0,11.0,7.0,11.0,17.0,14.0,19.0,11.0,17.0,0.0,0.0,0.0,2.0,100.0,42.9,0.0,0.0,145844.0,68795.0,37200.0,82144.0,0,0
14351,2600.0,0.08810000000000001,82.45,1,45000.0,1,1,n,26.91,0.0,0.0,23.0,0.0,11462.0,36.0,0,1945.04,1945.04,821.95,821.95,654.96,166.99,0.0,0.0,0.0,82.45,0.0,1.0,1,0.0,0.0,23107.0,4.0,2.0,1.0,2.0,9.0,11645.0,71.0,8.0,11.0,2003.0,28.0,65300.0,1.0,0.0,1.0,13.0,1050.0,26980.0,21.1,0.0,0.0,146.0,229.0,2.0,2.0,0.0,2.0,12.0,0.0,8.0,12.0,9.0,12.0,3.0,21.0,33.0,13.0,23.0,0.0,0.0,0.0,9.0,97.2,0.0,0.0,0.0,81600.0,23107.0,34200.0,16300.0,0,0
35721,11000.0,0.0702,339.75,2,71000.0,0,1,n,13.48,0.0,1.0,16.0,0.0,15319.0,48.0,0,8572.09,8572.09,3053.47,3053.47,2427.91,625.56,0.0,0.0,0.0,339.75,0.0,1.0,1,0.0,0.0,291739.0,5.0,2.0,1.0,2.0,3.0,120600.0,100.0,6.0,9.0,4620.0,63.0,35600.0,1.0,6.0,3.0,12.0,19449.0,9936.0,49.6,0.0,0.0,160.0,160.0,4.0,3.0,1.0,4.0,4.0,1.0,5.0,7.0,8.0,12.0,24.0,13.0,23.0,7.0,16.0,0.0,0.0,0.0,8.0,97.8,0.0,0.0,0.0,308852.0,135919.0,19700.0,117231.0,0,0
17211,5000.0,0.1033,162.12,1,58000.0,0,1,n,21.7,0.0,0.0,24.0,0.0,32771.0,46.0,1,2329.33,2329.33,2980.45,2980.45,2670.67,309.78,0.0,0.0,0.0,324.24,0.0,1.0,1,0.0,0.0,186532.0,0.0,18.0,0.0,1.0,23.0,153761.0,127.0,0.0,0.0,12880.0,117.0,38000.0,1.0,0.0,0.0,1.0,8479.0,5229.0,86.2,0.0,0.0,185.0,183.0,54.0,23.0,0.0,102.0,23.0,0.0,4.0,4.0,5.0,7.0,38.0,6.0,8.0,4.0,24.0,0.0,0.0,0.0,0.0,100.0,75.0,0.0,0.0,159500.0,186532.0,38000.0,121500.0,0,0
9602,22000.0,0.2305,620.83,2,130000.0,1,1,n,23.45,0.0,0.0,15.0,0.0,24142.0,36.0,0,0.0,0.0,25108.35,25108.35,22000.0,3108.35,0.0,0.0,0.0,21439.71,0.0,1.0,1,0.0,0.0,397038.0,1.0,5.0,0.0,3.0,16.0,97555.0,55.0,0.0,2.0,7939.0,64.0,30400.0,2.0,5.0,1.0,7.0,26469.0,1717.0,92.3,0.0,0.0,121.0,161.0,16.0,4.0,5.0,16.0,4.0,0.0,6.0,8.0,6.0,10.0,16.0,9.0,15.0,8.0,15.0,0.0,0.0,0.0,1.0,100.0,83.3,0.0,0.0,432685.0,121697.0,22400.0,126165.0,0,0
50560,35000.0,0.1171,773.44,3,1092000.0,1,1,n,2.15,1.0,2.0,16.0,0.0,14587.0,33.0,0,29529.8,29529.8,9258.51,9258.51,5470.2,3788.31,0.0,0.0,0.0,773.44,0.0,1.0,1,0.0,0.0,211316.0,7.0,3.0,3.0,5.0,1.0,53031.0,85.0,5.0,8.0,5735.0,59.0,51700.0,6.0,0.0,2.0,13.0,13207.0,32713.0,28.4,0.0,0.0,165.0,157.0,1.0,1.0,2.0,1.0,2.0,1.0,8.0,9.0,11.0,12.0,16.0,12.0,14.0,9.0,16.0,0.0,0.0,0.0,8.0,96.8,0.0,0.0,0.0,281650.0,67618.0,45700.0,62652.0,0,0
27337,2000.0,0.1612,70.44,2,140000.0,0,1,n,7.57,0.0,2.0,12.0,1.0,7469.0,49.0,0,0.0,0.0,2248.09,2248.09,2000.0,248.09,0.0,0.0,0.0,872.27,0.0,1.0,1,0.0,0.0,46351.0,3.0,2.0,4.0,5.0,4.0,38882.0,87.0,5.0,9.0,3293.0,46.0,19900.0,6.0,2.0,7.0,14.0,4214.0,8355.0,31.5,0.0,0.0,162.0,242.0,3.0,3.0,2.0,3.0,3.0,0.0,2.0,4.0,4.0,18.0,12.0,10.0,34.0,4.0,12.0,0.0,0.0,0.0,9.0,100.0,25.0,1.0,0.0,60624.0,46351.0,12200.0,40724.0,0,0
41162,8400.0,0.2055,314.54,2,50000.0,0,1,n,28.32,0.0,0.0,9.0,1.0,6021.0,15.0,0,6353.09,6353.09,3440.76,3440.76,2046.91,1393.85,0.0,0.0,0.0,314.54,0.0,1.0,1,0.0,0.0,177580.0,2.0,3.0,1.0,2.0,4.0,13375.0,48.0,1.0,2.0,2123.0,49.0,11900.0,1.0,1.0,0.0,5.0,19731.0,2557.0,66.4,0.0,0.0,110.0,111.0,3.0,3.0,1.0,3.0,13.0,2.0,4.0,5.0,4.0,5.0,7.0,5.0,7.0,5.0,9.0,0.0,0.0,0.0,2.0,73.3,25.0,1.0,0.0,202846.0,19396.0,7600.0,27953.0,0,0
41119,10000.0,0.1612,243.82,2,105000.0,1,1,n,12.96,0.0,2.0,11.0,0.0,11748.0,17.0,0,0.0,0.0,11324.3,11324.3,10000.0,1324.3,0.0,0.0,0.0,9147.83,0.0,1.0,1,0.0,118.0,199588.0,1.0,7.0,4.0,7.0,5.0,86602.0,98.0,0.0,1.0,4874.0,91.0,20600.0,4.0,0.0,9.0,8.0,18144.0,126.0,97.5,0.0,0.0,197.0,306.0,15.0,5.0,2.0,15.0,1.0,0.0,1.0,3.0,1.0,2.0,11.0,3.0,4.0,3.0,11.0,0.0,0.0,0.0,4.0,94.1,100.0,0.0,0.0,220698.0,98350.0,5000.0,88098.0,0,0
70278,18000.0,0.14300000000000002,421.64,2,118000.0,0,1,n,13.07,0.0,1.0,14.0,0.0,17529.0,17.0,0,15344.75,15344.75,5045.38,5045.38,2655.25,2390.13,0.0,0.0,0.0,421.64,0.0,1.0,1,0.0,0.0,211558.0,2.0,2.0,1.0,2.0,1.0,24702.0,87.0,1.0,2.0,6675.0,46.0,62400.0,1.0,0.0,1.0,4.0,15111.0,39984.0,30.2,0.0,0.0,133.0,145.0,1.0,1.0,2.0,22.0,1.0,0.0,7.0,8.0,9.0,9.0,4.0,11.0,11.0,8.0,14.0,0.0,0.0,0.0,2.0,100.0,0.0,0.0,0.0,267510.0,42231.0,57300.0,28570.0,0,0
30725,10000.0,0.0819,314.25,1,60000.0,0,1,n,10.98,0.0,0.0,9.0,0.0,7287.0,21.0,0,0.0,0.0,10164.87,10164.87,10000.0,164.87,0.0,0.0,0.0,34.6,0.0,1.0,1,0.0,0.0,32453.0,0.0,1.0,0.0,1.0,14.0,25166.0,89.0,1.0,1.0,3313.0,36.0,61900.0,1.0,1.0,0.0,2.0,3606.0,51513.0,12.4,0.0,0.0,42.0,183.0,7.0,7.0,0.0,34.0,15.0,0.0,5.0,5.0,6.0,11.0,2.0,8.0,19.0,5.0,9.0,0.0,0.0,0.0,1.0,95.2,0.0,0.0,0.0,90124.0,32453.0,58800.0,28224.0,0,0
26514,12000.0,0.2305,464.83,2,77000.0,1,1,n,29.71,0.0,1.0,15.0,0.0,8023.0,50.0,0,9534.73,9534.73,4632.93,4632.93,2465.27,2167.66,0.0,0.0,0.0,464.83,0.0,1.0,1,0.0,0.0,199059.0,4.0,9.0,5.0,10.0,4.0,103800.0,92.0,0.0,4.0,3330.0,90.0,11300.0,5.0,22.0,2.0,14.0,13271.0,2488.0,73.8,0.0,0.0,115.0,266.0,13.0,4.0,1.0,13.0,4.0,0.0,3.0,5.0,3.0,8.0,29.0,5.0,20.0,5.0,15.0,0.0,0.0,0.0,5.0,92.0,33.3,0.0,0.0,218562.0,111823.0,9500.0,113259.0,0,0
57992,13000.0,0.0819,264.78,1,85000.0,0,1,n,21.33,0.0,0.0,13.0,0.0,14413.0,15.0,0,11367.13,11367.13,2641.88,2641.88,1632.87,1009.01,0.0,0.0,0.0,264.78,0.0,1.0,1,0.0,0.0,32853.0,1.0,2.0,1.0,1.0,11.0,17156.0,51.0,2.0,3.0,5672.0,34.0,57900.0,1.0,0.0,4.0,4.0,2527.0,35654.0,28.1,0.0,0.0,93.0,201.0,2.0,2.0,0.0,2.0,0.0,0.0,7.0,9.0,8.0,9.0,3.0,10.0,11.0,9.0,13.0,0.0,0.0,0.0,3.0,100.0,12.5,0.0,0.0,96430.0,32853.0,49600.0,34000.0,0,0
25092,6375.0,0.1308,215.05,2,54000.0,1,1,n,24.91,0.0,1.0,16.0,0.0,5801.0,33.0,0,4861.39,4861.39,2145.87,2145.87,1513.61,632.26,0.0,0.0,0.0,215.05,0.0,1.0,1,0.0,0.0,180812.0,3.0,3.0,2.0,3.0,6.0,175011.0,81.0,3.0,7.0,2915.0,50.0,34700.0,1.0,1.0,1.0,10.0,11301.0,22259.0,16.9,0.0,0.0,222.0,99.0,1.0,1.0,0.0,3.0,6.0,3.0,4.0,7.0,8.0,10.0,17.0,13.0,16.0,7.0,16.0,0.0,0.0,0.0,5.0,87.5,0.0,0.0,0.0,212803.0,180812.0,26800.0,178103.0,0,0
67438,20000.0,0.2565,802.09,1,70000.0,0,1,n,36.52,0.0,1.0,32.0,0.0,31394.0,47.0,0,15185.72,15185.72,9568.08,9568.08,4814.28,4753.8,0.0,0.0,0.0,802.09,0.0,1.0,1,0.0,0.0,319406.0,3.0,24.0,2.0,5.0,6.0,288012.0,97.0,1.0,2.0,15327.0,95.0,36200.0,1.0,13.0,2.0,7.0,10647.0,2789.0,88.4,0.0,0.0,138.0,174.0,5.0,5.0,0.0,5.0,4.0,0.0,3.0,5.0,4.0,6.0,35.0,8.0,12.0,5.0,32.0,0.0,0.0,0.0,3.0,100.0,75.0,0.0,0.0,324770.0,319406.0,24000.0,288570.0,0,0
21379,25000.0,0.08810000000000001,792.79,2,125000.0,1,1,n,31.41,0.0,0.0,12.0,0.0,19479.0,27.0,1,17967.77,17428.74,8696.22,8435.33,7032.23,1663.99,0.0,0.0,0.0,792.79,0.0,1.0,1,0.0,0.0,535499.0,1.0,6.0,1.0,1.0,7.0,67306.0,55.0,0.0,0.0,8280.0,60.0,25900.0,1.0,6.0,1.0,3.0,44625.0,5921.0,76.7,0.0,0.0,205.0,162.0,51.0,3.0,3.0,51.0,6.0,0.0,3.0,3.0,3.0,4.0,17.0,4.0,6.0,3.0,12.0,0.0,0.0,0.0,2.0,96.3,33.3,0.0,0.0,606821.0,88042.0,25400.0,130886.0,0,0
31284,7200.0,0.14300000000000002,247.13,2,65000.0,1,1,n,23.65,0.0,3.0,8.0,0.0,11422.0,22.0,0,0.0,0.0,8032.69,8032.69,7200.0,832.69,0.0,0.0,0.0,5567.11,0.0,1.0,1,0.0,0.0,63817.0,4.0,2.0,4.0,6.0,1.0,52395.0,100.0,2.0,2.0,5629.0,42.0,44400.0,3.0,1.0,9.0,9.0,7977.0,32978.0,25.7,0.0,0.0,71.0,138.0,7.0,1.0,1.0,7.0,1.0,0.0,6.0,6.0,6.0,11.0,8.0,6.0,13.0,6.0,8.0,0.0,0.0,0.0,7.0,100.0,0.0,0.0,0.0,98399.0,63817.0,44400.0,53999.0,0,0
49557,36000.0,0.0756,1120.82,1,85000.0,0,1,n,26.47,0.0,0.0,12.0,0.0,2005.0,29.0,0,24892.11,24892.11,13434.72,13434.72,11107.89,2326.83,0.0,0.0,0.0,1120.82,0.0,1.0,1,0.0,0.0,54790.0,1.0,3.0,1.0,3.0,5.0,52785.0,79.0,0.0,0.0,2005.0,32.0,61800.0,1.0,3.0,0.0,3.0,4566.0,57395.0,3.4,0.0,0.0,111.0,334.0,50.0,5.0,1.0,50.0,14.0,0.0,1.0,1.0,7.0,9.0,15.0,9.0,13.0,1.0,12.0,0.0,0.0,0.0,1.0,100.0,0.0,0.0,0.0,143440.0,54790.0,59400.0,81640.0,0,0
29224,20000.0,0.1033,428.2,2,64000.0,0,1,n,29.48,0.0,1.0,15.0,0.0,10213.0,36.0,0,17059.23,17059.23,4687.24,4687.24,2940.77,1746.47,0.0,0.0,0.0,428.2,0.0,1.0,0,0.0,405.0,235310.0,1.0,2.0,0.0,1.0,13.0,59056.0,85.0,1.0,2.0,3300.0,44.0,49100.0,0.0,2.0,1.0,4.0,15687.0,26887.0,27.5,0.0,0.0,172.0,161.0,2.0,2.0,2.0,2.0,2.0,0.0,5.0,5.0,6.0,6.0,18.0,11.0,16.0,5.0,15.0,0.0,0.0,0.0,1.0,100.0,16.7,0.0,0.0,332127.0,69269.0,37100.0,76807.0,0,0
54421,7000.0,0.1524,243.49,2,150000.0,0,1,n,12.14,1.0,1.0,16.0,1.0,7568.0,33.0,0,5009.7,5009.7,2910.03,2910.03,1990.3,919.73,0.0,0.0,0.0,243.49,0.0,1.0,1,0.0,0.0,53162.0,3.0,3.0,0.0,3.0,14.0,43934.0,68.0,3.0,3.0,2583.0,56.0,28400.0,1.0,1.0,2.0,7.0,3323.0,9589.0,32.9,0.0,0.0,42.0,95.0,5.0,5.0,0.0,10.0,6.0,0.0,3.0,5.0,4.0,10.0,5.0,12.0,27.0,5.0,16.0,0.0,0.0,0.0,4.0,97.0,25.0,1.0,0.0,95532.0,53162.0,14300.0,64878.0,0,0
9072,12000.0,0.0702,370.64,1,63000.0,1,1,n,15.56,0.0,1.0,11.0,0.0,9356.0,32.0,0,8915.26,8915.26,3697.04,3697.04,3084.74,612.3,0.0,0.0,0.0,370.64,0.0,1.0,1,0.0,0.0,218784.0,2.0,3.0,0.0,2.0,14.0,209428.0,107.0,2.0,4.0,4416.0,22.0,53400.0,1.0,1.0,3.0,6.0,19889.0,39044.0,19.3,0.0,0.0,183.0,119.0,2.0,2.0,1.0,2.0,4.0,0.0,5.0,5.0,7.0,7.0,22.0,8.0,9.0,5.0,11.0,0.0,0.0,0.0,2.0,100.0,0.0,0.0,0.0,264915.0,218784.0,48400.0,211515.0,0,0
37556,28000.0,0.2305,790.14,3,65000.0,1,1,n,29.91,0.0,0.0,13.0,1.0,31002.0,28.0,0,26998.55,26998.55,7075.4,7075.4,1001.45,6073.95,0.0,0.0,0.0,790.14,0.0,1.0,1,0.0,0.0,82300.0,0.0,2.0,0.0,1.0,21.0,16110.0,55.0,0.0,1.0,3571.0,68.0,40100.0,1.0,12.0,0.0,3.0,6858.0,90.0,98.2,0.0,0.0,99.0,94.0,19.0,19.0,2.0,19.0,21.0,0.0,2.0,9.0,2.0,3.0,8.0,10.0,17.0,9.0,13.0,0.0,0.0,0.0,0.0,100.0,100.0,1.0,0.0,105600.0,47112.0,5000.0,29500.0,0,0
31654,20000.0,0.28800000000000003,632.41,1,110000.0,1,1,n,22.02,0.0,0.0,9.0,0.0,14214.0,9.0,0,18107.1,18107.1,6924.51,6924.51,1892.9,5031.61,0.0,0.0,0.0,632.41,0.0,1.0,1,0.0,0.0,67250.0,1.0,3.0,1.0,2.0,7.0,53036.0,74.0,3.0,5.0,4848.0,69.0,24900.0,2.0,0.0,1.0,7.0,7472.0,10280.0,57.5,0.0,0.0,43.0,55.0,2.0,2.0,0.0,2.0,7.0,0.0,5.0,6.0,5.0,5.0,3.0,6.0,6.0,6.0,9.0,0.0,0.0,0.0,4.0,100.0,20.0,0.0,0.0,96833.0,67250.0,24200.0,71933.0,0,0
66278,10625.0,0.1171,351.44,2,40000.0,0,1,n,19.83,1.0,0.0,6.0,0.0,4014.0,11.0,0,7487.03,7487.03,4210.37,4210.37,3137.97,1072.4,0.0,0.0,0.0,351.44,0.0,1.0,0,0.0,0.0,8577.0,0.0,1.0,0.0,1.0,16.0,4563.0,21.0,0.0,0.0,2045.0,26.0,10800.0,1.0,1.0,0.0,1.0,1715.0,6786.0,37.2,0.0,0.0,98.0,146.0,52.0,16.0,0.0,52.0,16.0,1.0,2.0,2.0,5.0,7.0,4.0,5.0,7.0,2.0,6.0,0.0,0.0,0.0,0.0,72.7,25.0,0.0,0.0,33047.0,8577.0,10800.0,22247.0,0,0
31039,9600.0,0.2055,359.47,2,32000.0,1,1,n,21.94,0.0,0.0,4.0,1.0,6965.0,12.0,0,0.0,0.0,10690.95,10690.95,9600.0,1090.95,0.0,0.0,0.0,8545.09,0.0,1.0,1,0.0,0.0,26313.0,1.0,1.0,1.0,2.0,11.0,19348.0,73.0,2.0,2.0,4751.0,74.0,9200.0,1.0,0.0,2.0,4.0,6578.0,325.0,94.6,0.0,0.0,140.0,54.0,4.0,4.0,0.0,9.0,9.0,0.0,2.0,3.0,2.0,2.0,9.0,3.0,3.0,3.0,4.0,0.0,0.0,0.0,3.0,91.7,100.0,1.0,0.0,35584.0,26313.0,6000.0,26384.0,0,0
25845,15800.0,0.1308,360.15,3,46000.0,0,1,n,23.68,0.0,0.0,44.0,0.0,7137.0,58.0,0,13616.34,13616.34,3950.17,3950.17,2183.66,1766.51,0.0,0.0,0.0,360.15,0.0,1.0,1,0.0,311.0,27765.0,2.0,3.0,1.0,2.0,11.0,20628.0,65.0,7.0,16.0,1116.0,22.0,94500.0,1.0,0.0,3.0,18.0,646.0,51123.0,2.3,0.0,0.0,80.0,307.0,2.0,2.0,0.0,2.0,11.0,1.0,3.0,7.0,17.0,22.0,4.0,41.0,54.0,7.0,44.0,0.0,0.0,0.0,8.0,98.3,0.0,0.0,0.0,126333.0,27765.0,52300.0,31833.0,0,0
74389,15000.0,0.14300000000000002,351.37,2,52000.0,1,1,n,17.6,0.0,0.0,18.0,0.0,19098.0,21.0,0,12787.26,12787.26,4204.52,4204.52,2212.74,1991.78,0.0,0.0,0.0,351.37,0.0,1.0,1,0.0,134.0,59478.0,0.0,1.0,0.0,1.0,17.0,5984.0,80.0,1.0,5.0,4508.0,57.0,36800.0,0.0,0.0,1.0,6.0,3499.0,12386.0,57.4,0.0,0.0,17.0,129.0,7.0,7.0,1.0,7.0,10.0,0.0,9.0,12.0,10.0,10.0,1.0,16.0,19.0,12.0,18.0,0.0,0.0,0.0,1.0,100.0,70.0,0.0,0.0,81150.0,25082.0,29100.0,7500.0,0,0
38432,2200.0,0.1862,80.23,2,99000.0,1,1,n,24.33,0.0,1.0,16.0,0.0,28295.0,26.0,0,1666.35,1666.35,880.25,880.25,533.65,346.6,0.0,0.0,0.0,80.23,0.0,1.0,1,0.0,0.0,283615.0,2.0,4.0,2.0,2.0,4.0,5743.0,20.0,1.0,1.0,11688.0,55.0,33200.0,2.0,0.0,2.0,4.0,18908.0,1269.0,95.2,0.0,0.0,85.0,90.0,1.0,1.0,1.0,38.0,5.0,0.0,6.0,9.0,6.0,7.0,7.0,10.0,18.0,9.0,16.0,0.0,0.0,0.0,3.0,100.0,100.0,0.0,0.0,317445.0,34038.0,26400.0,29053.0,0,0
21142,23525.0,0.17739999999999995,594.06,2,98000.0,1,1,n,20.93,1.0,1.0,12.0,0.0,18990.0,31.0,0,20606.5,20606.5,6488.29,6488.29,2918.5,3569.79,0.0,0.0,0.0,594.06,0.0,1.0,1,0.0,0.0,120539.0,1.0,6.0,1.0,3.0,6.0,33724.0,48.0,1.0,2.0,12969.0,44.0,50200.0,1.0,6.0,3.0,5.0,10045.0,30555.0,33.9,0.0,0.0,137.0,138.0,8.0,6.0,1.0,24.0,6.0,0.0,2.0,3.0,4.0,9.0,18.0,5.0,12.0,3.0,12.0,0.0,0.0,0.0,2.0,96.8,25.0,0.0,0.0,202743.0,52714.0,46200.0,70673.0,0,0
54053,5000.0,0.124,167.03,1,42000.0,1,1,n,7.63,0.0,1.0,10.0,0.0,4977.0,14.0,0,3534.19,3534.19,1997.47,1997.47,1465.81,531.66,0.0,0.0,0.0,167.03,0.0,1.0,1,0.0,2794.0,13309.0,1.0,1.0,0.0,0.0,58.0,8332.0,39.0,1.0,4.0,1998.0,46.0,7600.0,2.0,0.0,4.0,4.0,1479.0,1045.0,79.5,0.0,0.0,150.0,58.0,4.0,4.0,0.0,4.0,4.0,1.0,4.0,7.0,5.0,6.0,3.0,9.0,11.0,7.0,10.0,0.0,0.0,0.0,1.0,92.9,75.0,0.0,0.0,28928.0,13309.0,5100.0,21328.0,0,0
70660,8500.0,0.0646,260.37,2,79400.0,0,1,n,15.61,0.0,0.0,7.0,0.0,7325.0,24.0,0,6928.91,6928.91,2079.91,2079.91,1571.09,508.82,0.0,0.0,0.0,260.37,0.0,1.0,1,0.0,0.0,126017.0,0.0,2.0,0.0,1.0,15.0,19104.0,64.0,0.0,0.0,5020.0,31.0,54500.0,1.0,0.0,0.0,1.0,18002.0,38880.0,11.4,0.0,0.0,136.0,258.0,42.0,15.0,2.0,42.0,15.0,0.0,1.0,2.0,2.0,11.0,5.0,4.0,17.0,2.0,7.0,0.0,0.0,0.0,0.0,100.0,0.0,0.0,0.0,230309.0,26429.0,43900.0,30000.0,0,0
32439,17550.0,0.1102,381.76,2,65000.0,0,1,n,25.55,0.0,1.0,12.0,0.0,314.0,24.0,0,15041.62,15041.62,4188.62,4188.62,2508.38,1680.24,0.0,0.0,0.0,381.76,1.0,1.0,1,0.0,1046.0,78860.0,0.0,4.0,0.0,1.0,15.0,33199.0,50.0,1.0,2.0,221.0,27.0,46600.0,2.0,0.0,2.0,3.0,6572.0,43286.0,0.7,0.0,0.0,129.0,158.0,10.0,10.0,1.0,10.0,1.0,1.0,3.0,3.0,6.0,6.0,14.0,7.0,8.0,3.0,12.0,0.0,0.0,0.0,1.0,100.0,0.0,0.0,0.0,168556.0,33513.0,43600.0,67896.0,0,0
44735,10525.0,0.0702,325.08,1,121000.0,0,1,n,21.75,0.0,0.0,10.0,0.0,19631.0,35.0,0,7540.12,7540.12,3571.78,3571.78,2984.88,586.9,0.0,0.0,0.0,325.08,0.0,1.0,1,0.0,0.0,92507.0,1.0,3.0,1.0,1.0,12.0,72876.0,54.0,1.0,2.0,3361.0,40.0,72900.0,1.0,7.0,1.0,3.0,9251.0,41960.0,12.4,0.0,0.0,145.0,217.0,3.0,3.0,0.0,3.0,12.0,0.0,4.0,5.0,5.0,12.0,18.0,6.0,17.0,5.0,10.0,0.0,0.0,0.0,2.0,100.0,0.0,0.0,0.0,184478.0,92507.0,47900.0,111578.0,0,0
17376,6400.0,0.124,213.8,2,48000.0,1,1,n,38.33,0.0,1.0,20.0,0.0,11473.0,47.0,0,4743.72,4743.72,2233.59,2233.59,1656.28,577.31,0.0,0.0,0.0,213.8,0.0,1.0,0,0.0,0.0,244888.0,3.0,4.0,4.0,5.0,4.0,67849.0,87.0,3.0,7.0,4069.0,47.0,34300.0,6.0,1.0,7.0,14.0,12244.0,19720.0,28.6,0.0,0.0,95.0,86.0,3.0,3.0,1.0,7.0,3.0,2.0,6.0,9.0,8.0,10.0,12.0,14.0,33.0,9.0,20.0,0.0,0.0,0.0,7.0,89.4,25.0,0.0,0.0,272765.0,79322.0,27600.0,71193.0,0,0
19294,3500.0,0.1612,123.26,2,80000.0,0,1,n,35.4,1.0,0.0,18.0,0.0,29874.0,37.0,0,2961.31,2961.31,982.95,982.95,538.69,444.26,0.0,0.0,0.0,123.26,0.0,1.0,1,0.0,0.0,294822.0,0.0,2.0,0.0,1.0,21.0,50287.0,73.0,0.0,2.0,5744.0,70.0,43000.0,0.0,0.0,3.0,4.0,17342.0,4175.0,82.0,0.0,0.0,117.0,297.0,16.0,7.0,4.0,21.0,9.0,0.0,6.0,11.0,8.0,13.0,8.0,15.0,25.0,11.0,18.0,0.0,0.0,0.0,1.0,91.9,57.1,0.0,0.0,324266.0,80161.0,23200.0,65666.0,0,0
80,40000.0,0.0819,814.7,2,61000.0,1,1,n,45.33,0.0,0.0,13.0,0.0,10352.0,32.0,0,35075.94,35075.94,7314.1,7314.1,4924.06,2390.04,0.0,0.0,0.0,814.7,0.0,1.0,0,0.0,0.0,506501.0,2.0,8.0,3.0,4.0,2.0,113559.0,61.0,0.0,0.0,2610.0,53.0,28800.0,2.0,2.0,4.0,6.0,38962.0,11642.0,30.7,0.0,0.0,187.0,222.0,37.0,2.0,4.0,37.0,4.0,0.0,2.0,3.0,3.0,4.0,20.0,4.0,8.0,3.0,13.0,0.0,0.0,0.0,5.0,100.0,33.3,0.0,0.0,561774.0,123911.0,16800.0,149768.0,0,0
45411,24000.0,0.2055,643.23,2,100000.0,1,1,n,20.09,0.0,0.0,15.0,0.0,32156.0,22.0,0,21215.11,21215.11,7048.13,7048.13,2784.89,4263.24,0.0,0.0,0.0,643.23,0.0,1.0,1,0.0,0.0,302960.0,2.0,5.0,1.0,1.0,5.0,50119.0,87.0,1.0,4.0,9411.0,86.0,37800.0,0.0,0.0,1.0,5.0,20197.0,2129.0,91.1,0.0,0.0,209.0,79.0,2.0,2.0,2.0,14.0,5.0,2.0,4.0,8.0,5.0,5.0,11.0,9.0,9.0,8.0,15.0,0.0,0.0,0.0,2.0,90.5,60.0,0.0,0.0,319779.0,82275.0,23800.0,53210.0,0,0
48677,15775.0,0.0756,491.14,1,76000.0,0,1,n,31.36,0.0,0.0,7.0,0.0,13008.0,11.0,0,11327.21,11327.21,5389.29,5389.29,4447.79,941.5,0.0,0.0,0.0,0.0,0.0,1.0,1,0.0,0.0,48111.0,0.0,2.0,0.0,1.0,22.0,35103.0,53.0,0.0,1.0,11704.0,52.0,25600.0,1.0,0.0,0.0,2.0,6873.0,5742.0,67.7,0.0,0.0,83.0,105.0,19.0,19.0,0.0,19.0,22.0,0.0,2.0,3.0,4.0,4.0,6.0,5.0,5.0,3.0,7.0,0.0,0.0,0.0,0.0,100.0,25.0,0.0,0.0,84753.0,48111.0,17800.0,59153.0,0,0
59398,7200.0,0.08810000000000001,228.33,3,35000.0,1,1,n,37.07,0.0,0.0,11.0,0.0,1840.0,16.0,0,5007.22,5007.22,2736.44,2736.44,2192.78,543.66,0.0,0.0,0.0,228.33,0.0,1.0,0,0.0,0.0,37882.0,0.0,2.0,0.0,2.0,14.0,36042.0,84.0,3.0,8.0,839.0,69.0,11700.0,1.0,0.0,3.0,10.0,3444.0,5490.0,20.4,0.0,0.0,59.0,153.0,11.0,11.0,0.0,11.0,9.0,0.0,3.0,4.0,6.0,8.0,3.0,9.0,13.0,4.0,11.0,0.0,0.0,0.0,3.0,81.3,0.0,0.0,0.0,54559.0,37882.0,6900.0,42859.0,0,0
36814,13825.0,0.1102,452.75,1,61600.0,1,1,n,25.83,0.0,1.0,24.0,0.0,6533.0,42.0,0,10072.14,10072.14,4971.79,4971.79,3752.86,1218.93,0.0,0.0,0.0,452.75,0.0,1.0,1,0.0,569.0,41607.0,3.0,2.0,2.0,2.0,2.0,35074.0,90.0,4.0,7.0,3269.0,35.0,81400.0,2.0,3.0,4.0,9.0,1809.0,60754.0,7.9,0.0,0.0,147.0,126.0,3.0,2.0,0.0,3.0,2.0,0.0,4.0,10.0,12.0,19.0,8.0,21.0,33.0,10.0,24.0,0.0,0.0,0.0,6.0,100.0,8.3,0.0,0.0,120356.0,41607.0,66000.0,38956.0,0,0
8939,13000.0,0.1308,296.33,2,180000.0,1,1,n,3.53,0.0,2.0,14.0,1.0,13567.0,29.0,0,11375.61,11375.61,2944.41,2944.41,1624.39,1320.02,0.0,0.0,0.0,296.33,0.0,1.0,1,0.0,0.0,15732.0,2.0,1.0,0.0,1.0,13.0,2165.0,72.0,2.0,3.0,5324.0,24.0,61800.0,2.0,0.0,8.0,4.0,1124.0,27303.0,24.4,0.0,0.0,88.0,374.0,4.0,4.0,0.0,6.0,2.0,0.0,4.0,8.0,5.0,10.0,6.0,13.0,23.0,8.0,14.0,0.0,0.0,0.0,2.0,96.6,0.0,1.0,0.0,64800.0,15732.0,36100.0,3000.0,0,0
48543,3000.0,0.1102,98.25,1,64000.0,0,1,n,16.43,1.0,1.0,12.0,0.0,3298.0,15.0,0,0.0,0.0,3224.66,3224.66,3000.0,224.66,0.0,0.0,0.0,2442.33,0.0,1.0,1,0.0,0.0,14241.0,2.0,3.0,1.0,1.0,3.0,10943.0,31.0,1.0,1.0,515.0,22.0,30700.0,2.0,0.0,1.0,2.0,1295.0,26010.0,2.9,0.0,0.0,50.0,69.0,5.0,3.0,0.0,29.0,3.0,0.0,2.0,4.0,7.0,8.0,5.0,9.0,10.0,4.0,12.0,0.0,0.0,0.0,2.0,93.3,0.0,0.0,0.0,65945.0,14241.0,26800.0,35245.0,0,0
65698,14350.0,0.0819,450.94,3,31000.0,1,1,n,30.24,0.0,0.0,19.0,0.0,14094.0,32.0,0,9344.62,9344.62,5979.75,5979.75,5005.38,974.37,0.0,0.0,0.0,450.94,0.0,1.0,1,0.0,0.0,33870.0,0.0,1.0,0.0,0.0,32.0,19776.0,61.0,1.0,2.0,6538.0,41.0,50100.0,0.0,1.0,2.0,2.0,1783.0,24897.0,27.2,0.0,0.0,131.0,298.0,8.0,8.0,0.0,8.0,1.0,0.0,3.0,5.0,7.0,15.0,3.0,18.0,29.0,5.0,19.0,0.0,0.0,0.0,1.0,100.0,0.0,0.0,0.0,82721.0,33870.0,34200.0,32621.0,0,0
67767,7975.0,0.1171,263.79,2,75000.0,1,1,n,19.17,0.0,2.0,17.0,0.0,32670.0,21.0,0,5569.64,5569.64,3205.1,3205.1,2405.36,799.74,0.0,0.0,0.0,313.79,0.0,1.0,1,0.0,0.0,286029.0,3.0,2.0,2.0,2.0,2.0,14019.0,96.0,2.0,6.0,15294.0,39.0,106400.0,3.0,0.0,4.0,8.0,16825.0,49830.0,39.6,0.0,0.0,76.0,58.0,2.0,2.0,2.0,2.0,2.0,0.0,9.0,9.0,10.0,11.0,4.0,14.0,15.0,9.0,17.0,0.0,0.0,0.0,4.0,100.0,10.0,0.0,0.0,379210.0,46689.0,82500.0,14574.0,0,0
45121,16500.0,0.1308,376.11,2,84000.0,0,1,n,17.9,0.0,1.0,12.0,0.0,18929.0,41.0,0,14313.09,14313.09,4125.22,4125.22,2186.91,1938.31,0.0,0.0,0.0,376.11,0.0,1.0,1,0.0,0.0,365026.0,3.0,3.0,0.0,0.0,28.0,84501.0,53.0,2.0,2.0,3964.0,51.0,37900.0,0.0,2.0,3.0,3.0,30419.0,13948.0,55.2,0.0,0.0,196.0,213.0,1.0,1.0,1.0,1.0,1.0,0.0,7.0,8.0,7.0,9.0,22.0,8.0,18.0,8.0,12.0,0.0,0.0,0.0,3.0,100.0,42.9,0.0,0.0,383644.0,103430.0,31100.0,83744.0,0,0
62270,1000.0,0.16949999999999998,35.63,2,29000.0,0,1,n,18.0,0.0,0.0,7.0,0.0,9853.0,8.0,0,720.91,720.91,425.21,425.21,279.09,146.12,0.0,0.0,0.0,35.63,0.0,1.0,1,0.0,0.0,64184.0,1.0,1.0,1.0,1.0,7.0,4425.0,89.0,1.0,1.0,5737.0,75.0,14100.0,1.0,1.0,1.0,2.0,10697.0,3191.0,64.9,0.0,0.0,7.0,312.0,4.0,4.0,1.0,4.0,7.0,0.0,2.0,3.0,3.0,3.0,1.0,5.0,6.0,3.0,7.0,0.0,0.0,0.0,2.0,100.0,50.0,0.0,0.0,92900.0,14278.0,9100.0,5000.0,0,0
18328,13000.0,0.0702,401.53,1,92000.0,1,1,n,31.75,0.0,1.0,6.0,0.0,12814.0,27.0,0,9676.94,9676.94,4010.23,4010.23,3323.06,687.17,0.0,0.0,0.0,401.53,0.0,1.0,1,0.0,0.0,153321.0,0.0,3.0,0.0,2.0,16.0,140507.0,47.0,0.0,1.0,10533.0,36.0,42500.0,1.0,0.0,3.0,3.0,25554.0,29686.0,30.2,0.0,0.0,113.0,140.0,14.0,14.0,0.0,14.0,1.0,0.0,2.0,2.0,3.0,3.0,24.0,3.0,3.0,2.0,6.0,0.0,0.0,0.0,0.0,92.6,0.0,0.0,0.0,207601.0,153321.0,42500.0,165101.0,0,0
18872,15000.0,0.0756,467.01,1,85000.0,1,1,n,18.1,0.0,0.0,15.0,0.0,24577.0,28.0,0,11167.5,11167.5,4663.8,4663.8,3832.5,831.3,0.0,0.0,0.0,467.01,0.0,1.0,1,0.0,0.0,46858.0,2.0,2.0,1.0,2.0,9.0,22281.0,78.0,4.0,6.0,7727.0,36.0,100500.0,1.0,0.0,1.0,8.0,3124.0,62271.0,22.0,0.0,0.0,161.0,162.0,3.0,3.0,0.0,3.0,9.0,0.0,4.0,5.0,6.0,9.0,9.0,13.0,19.0,5.0,15.0,0.0,0.0,0.0,5.0,81.5,0.0,0.0,0.0,129245.0,46858.0,79800.0,28745.0,0,0
60573,5150.0,0.14300000000000002,176.77,1,84118.0,1,1,n,23.16,1.0,0.0,10.0,1.0,4392.0,34.0,0,0.0,0.0,5575.88,5575.88,5150.0,425.88,0.0,0.0,0.0,4525.49,0.0,1.0,1,0.0,0.0,107585.0,0.0,6.0,2.0,7.0,9.0,103193.0,93.0,0.0,1.0,1764.0,89.0,7900.0,3.0,10.0,4.0,8.0,10759.0,1283.0,62.3,0.0,0.0,184.0,160.0,24.0,9.0,0.0,24.0,5.0,0.0,2.0,3.0,2.0,7.0,24.0,4.0,10.0,3.0,10.0,0.0,0.0,1.0,2.0,96.4,0.0,1.0,0.0,120104.0,107585.0,3400.0,112204.0,0,0
18207,16000.0,0.14300000000000002,549.18,2,63000.0,1,1,n,38.42,0.0,1.0,19.0,0.0,19531.0,30.0,0,12322.43,12322.43,5479.09,5479.09,3677.57,1801.52,0.0,0.0,0.0,549.18,0.0,1.0,1,0.0,0.0,247290.0,2.0,8.0,0.0,0.0,29.0,68843.0,66.0,2.0,3.0,7176.0,62.0,35600.0,0.0,1.0,2.0,5.0,13015.0,13827.0,55.0,0.0,0.0,148.0,139.0,2.0,2.0,2.0,2.0,2.0,1.0,6.0,9.0,6.0,6.0,16.0,10.0,12.0,9.0,19.0,0.0,0.0,0.0,4.0,96.7,33.3,0.0,0.0,297280.0,88374.0,30700.0,101680.0,0,0
71906,14000.0,0.0819,439.94,3,77800.0,1,1,n,23.29,0.0,2.0,23.0,0.0,13857.0,32.0,0,9708.86,9708.86,5272.91,5272.91,4291.14,981.77,0.0,0.0,0.0,439.94,0.0,1.0,1,0.0,0.0,27922.0,4.0,3.0,3.0,7.0,5.0,14065.0,61.0,6.0,10.0,1504.0,57.0,26400.0,3.0,1.0,3.0,17.0,1214.0,5849.0,54.7,0.0,0.0,67.0,68.0,3.0,3.0,0.0,3.0,3.0,0.0,10.0,19.0,11.0,11.0,11.0,20.0,21.0,19.0,23.0,0.0,0.0,0.0,9.0,96.9,27.3,0.0,0.0,49426.0,27922.0,12900.0,23026.0,0,0
30730,10000.0,0.1102,327.49,1,117000.0,1,1,n,10.88,0.0,2.0,5.0,0.0,15162.0,6.0,0,7285.41,7285.41,3596.27,3596.27,2714.59,881.68,0.0,0.0,0.0,327.49,0.0,1.0,1,0.0,0.0,30112.0,0.0,1.0,0.0,1.0,16.0,13924.0,61.0,1.0,1.0,11517.0,53.0,28800.0,2.0,0.0,2.0,2.0,6022.0,13638.0,52.6,0.0,0.0,16.0,97.0,9.0,9.0,0.0,9.0,3.0,0.0,3.0,3.0,3.0,4.0,1.0,3.0,4.0,3.0,5.0,0.0,0.0,0.0,1.0,100.0,66.7,0.0,0.0,57378.0,30112.0,28800.0,23000.0,0,0
64637,10000.0,0.0756,311.34,1,75000.0,1,1,n,17.23,0.0,1.0,12.0,0.0,18011.0,19.0,0,6914.46,6914.46,3731.88,3731.88,3085.54,646.34,0.0,0.0,0.0,311.34,0.0,1.0,1,0.0,754.0,22828.0,0.0,1.0,0.0,0.0,28.0,4817.0,32.0,1.0,1.0,4221.0,34.0,51900.0,0.0,0.0,1.0,1.0,1902.0,25282.0,29.8,0.0,0.0,75.0,208.0,12.0,12.0,0.0,28.0,5.0,0.0,6.0,9.0,7.0,8.0,3.0,11.0,16.0,9.0,12.0,0.0,0.0,0.0,1.0,100.0,0.0,0.0,0.0,66900.0,22828.0,36000.0,15000.0,0,0
17497,17000.0,0.1612,414.5,1,47839.0,1,1,n,25.39,0.0,0.0,7.0,0.0,11715.0,8.0,0,15125.02,15125.02,4129.78,4129.78,1874.98,2254.8,0.0,0.0,0.0,414.5,0.0,1.0,1,0.0,0.0,23399.0,1.0,2.0,0.0,0.0,25.0,11684.0,45.0,1.0,2.0,3588.0,47.0,24400.0,0.0,0.0,0.0,2.0,3343.0,12685.0,48.0,0.0,0.0,42.0,52.0,4.0,4.0,0.0,4.0,18.0,0.0,5.0,5.0,5.0,6.0,2.0,5.0,6.0,5.0,7.0,0.0,0.0,0.0,1.0,100.0,0.0,0.0,0.0,50213.0,23399.0,24400.0,25813.0,0,0
34270,40000.0,0.08810000000000001,826.66,2,95000.0,1,1,n,20.39,0.0,0.0,8.0,0.0,41496.0,21.0,0,33917.05,33917.05,9044.32,9044.32,6082.95,2961.37,0.0,0.0,0.0,826.66,0.0,1.0,1,0.0,546.0,316230.0,1.0,2.0,1.0,1.0,6.0,26130.0,74.0,0.0,0.0,18084.0,67.0,62100.0,0.0,7.0,2.0,2.0,39529.0,20604.0,66.8,0.0,0.0,153.0,311.0,28.0,6.0,3.0,28.0,7.0,0.0,3.0,3.0,4.0,9.0,8.0,4.0,10.0,3.0,8.0,0.0,0.0,0.0,1.0,100.0,50.0,0.0,0.0,376997.0,67626.0,62100.0,55332.0,0,0
70964,21275.0,0.1308,484.95,2,87000.0,1,1,n,25.82,0.0,1.0,9.0,0.0,4198.0,16.0,0,18074.36,18074.36,5805.94,5805.94,3200.64,2605.3,0.0,0.0,0.0,485.95,0.0,1.0,0,0.0,447.0,185490.0,2.0,5.0,2.0,2.0,3.0,73440.0,66.0,0.0,0.0,4198.0,65.0,7500.0,0.0,4.0,2.0,2.0,20610.0,3302.0,56.0,0.0,0.0,85.0,97.0,35.0,3.0,2.0,35.0,4.0,1.0,1.0,1.0,2.0,2.0,11.0,2.0,3.0,1.0,9.0,0.0,0.0,0.0,2.0,81.3,50.0,0.0,0.0,250903.0,77638.0,7500.0,88670.0,0,0
41512,20000.0,0.2305,564.39,1,60000.0,0,1,n,16.78,1.0,0.0,10.0,0.0,17721.0,14.0,0,17854.39,17854.39,6307.07,6307.07,2145.61,4161.46,0.0,0.0,0.0,564.39,0.0,1.0,1,0.0,0.0,26330.0,0.0,2.0,1.0,1.0,7.0,8609.0,73.0,1.0,2.0,2966.0,57.0,34400.0,0.0,5.0,2.0,3.0,2633.0,1407.0,84.7,0.0,0.0,54.0,100.0,12.0,7.0,0.0,27.0,1.0,1.0,5.0,6.0,5.0,5.0,4.0,8.0,9.0,6.0,10.0,0.0,0.0,1.0,2.0,92.9,60.0,0.0,0.0,46169.0,26330.0,9200.0,11769.0,0,0
18307,6375.0,0.08810000000000001,202.17,2,75000.0,0,1,n,28.75,0.0,1.0,11.0,0.0,29338.0,28.0,0,4768.98,4768.98,2018.58,2018.58,1606.02,412.56,0.0,0.0,0.0,202.17,0.0,1.0,1,0.0,0.0,310191.0,3.0,2.0,2.0,3.0,4.0,63871.0,99.0,1.0,1.0,1295.0,27.0,183300.0,2.0,0.0,1.0,4.0,28199.0,71537.0,3.2,0.0,0.0,105.0,313.0,3.0,3.0,2.0,90.0,5.0,0.0,4.0,5.0,5.0,8.0,9.0,8.0,17.0,5.0,11.0,0.0,0.0,0.0,3.0,100.0,0.0,0.0,0.0,503725.0,93209.0,73900.0,65425.0,0,0
68075,5000.0,0.0756,155.67,2,72000.0,0,1,n,8.38,0.0,2.0,7.0,0.0,34859.0,21.0,0,3457.23,3457.23,1863.84,1863.84,1542.77,321.07,0.0,0.0,0.0,155.67,0.0,1.0,1,0.0,0.0,240900.0,3.0,1.0,2.0,3.0,6.0,8850.0,70.0,2.0,2.0,1078.0,33.0,59800.0,3.0,0.0,4.0,5.0,34414.0,14138.0,10.5,0.0,0.0,195.0,210.0,2.0,2.0,1.0,130.0,3.0,0.0,2.0,5.0,2.0,2.0,13.0,5.0,7.0,5.0,7.0,0.0,0.0,0.0,4.0,90.5,0.0,0.0,0.0,280942.0,43709.0,15800.0,12712.0,0,0
59333,15000.0,0.14300000000000002,514.86,1,75000.0,0,1,n,31.58,0.0,2.0,18.0,0.0,7254.0,25.0,0,10693.01,10693.01,6166.4,6166.4,4306.99,1859.41,0.0,0.0,0.0,514.86,0.0,1.0,1,0.0,0.0,52434.0,4.0,5.0,2.0,4.0,2.0,45180.0,67.0,4.0,7.0,4182.0,55.0,28500.0,1.0,1.0,8.0,11.0,3084.0,17866.0,25.9,0.0,0.0,67.0,223.0,1.0,1.0,0.0,1.0,1.0,1.0,6.0,7.0,8.0,9.0,6.0,12.0,18.0,7.0,18.0,0.0,0.0,0.0,6.0,92.0,0.0,0.0,0.0,96072.0,52434.0,24100.0,67572.0,0,0
1915,7425.0,0.1612,261.49,1,56526.0,0,1,n,35.11,0.0,2.0,14.0,0.0,19801.0,18.0,0,5706.16,5706.16,2608.25,2608.25,1718.84,889.41,0.0,0.0,0.0,261.49,0.0,1.0,1,0.0,0.0,30333.0,1.0,3.0,0.0,2.0,13.0,5607.0,16.0,1.0,1.0,3357.0,34.0,49100.0,2.0,0.0,2.0,4.0,2167.0,8434.0,55.4,0.0,0.0,47.0,112.0,6.0,6.0,0.0,30.0,2.0,0.0,4.0,10.0,4.0,4.0,3.0,10.0,14.0,10.0,14.0,0.0,0.0,0.0,1.0,100.0,50.0,0.0,0.0,88458.0,30333.0,18900.0,34433.0,0,0
64912,12750.0,0.0819,400.66,1,32000.0,1,1,n,15.0,0.0,0.0,4.0,0.0,1577.0,4.0,0,8841.76,8841.76,4802.12,4802.12,3908.24,893.88,0.0,0.0,0.0,400.66,0.0,1.0,1,0.0,174.0,7984.0,0.0,1.0,0.0,1.0,17.0,6407.0,64.0,0.0,0.0,1577.0,39.0,10500.0,1.0,0.0,0.0,1.0,1996.0,8923.0,15.0,0.0,0.0,17.0,54.0,31.0,17.0,0.0,31.0,17.0,0.0,1.0,1.0,3.0,3.0,1.0,3.0,3.0,1.0,4.0,0.0,0.0,0.0,0.0,100.0,0.0,0.0,0.0,20500.0,7984.0,10500.0,10000.0,0,0
43602,12000.0,0.17739999999999995,303.03,1,45000.0,1,1,n,22.77,0.0,1.0,14.0,1.0,13590.0,23.0,0,10531.8,10531.8,3321.5,3321.5,1468.2,1853.3,0.0,0.0,0.0,303.03,0.0,1.0,1,0.0,0.0,27607.0,2.0,4.0,1.0,3.0,5.0,14017.0,64.0,1.0,2.0,4546.0,68.0,18900.0,2.0,2.0,1.0,5.0,1972.0,1077.0,91.6,0.0,0.0,150.0,55.0,2.0,2.0,0.0,2.0,5.0,0.0,5.0,8.0,5.0,6.0,11.0,10.0,12.0,8.0,14.0,0.0,0.0,0.0,2.0,100.0,80.0,1.0,0.0,40871.0,27607.0,12800.0,21971.0,0,0
76284,31900.0,0.08810000000000001,1011.6,1,65000.0,0,1,n,21.62,0.0,1.0,7.0,0.0,8211.0,16.0,1,22185.13,22167.74,12107.97,12098.48,9714.87,2393.1,0.0,0.0,0.0,1011.6,0.0,1.0,1,0.0,0.0,275349.0,0.0,3.0,0.0,1.0,21.0,267138.0,49.0,0.0,1.0,857.0,40.0,26300.0,1.0,0.0,1.0,2.0,39336.0,10443.0,7.6,0.0,0.0,203.0,169.0,23.0,21.0,0.0,23.0,0.0,3.0,1.0,2.0,3.0,5.0,9.0,4.0,6.0,2.0,7.0,0.0,0.0,0.0,0.0,100.0,0.0,0.0,0.0,271647.0,275349.0,11300.0,245347.0,0,0
17782,26575.0,0.2055,712.24,1,69300.0,1,1,n,10.37,0.0,0.0,7.0,0.0,11264.0,11.0,0,23796.08,23796.08,7092.06,7092.06,2778.92,4313.14,0.0,0.0,0.0,712.24,0.0,1.0,0,0.0,0.0,23388.0,0.0,1.0,0.0,1.0,17.0,12124.0,83.0,0.0,1.0,4971.0,69.0,19400.0,2.0,0.0,0.0,2.0,3341.0,4387.0,64.0,0.0,0.0,143.0,93.0,22.0,17.0,0.0,37.0,17.0,0.0,3.0,5.0,4.0,4.0,4.0,6.0,7.0,5.0,7.0,0.0,0.0,0.0,0.0,100.0,50.0,0.0,0.0,34007.0,23388.0,12200.0,14607.0,0,0
3616,40000.0,0.0646,1225.24,1,200000.0,1,1,n,14.3,0.0,0.0,7.0,0.0,68334.0,14.0,1,29652.74,29652.74,12223.69,12223.69,10347.26,1876.43,0.0,0.0,0.0,1225.24,0.0,1.0,1,0.0,0.0,87407.0,0.0,2.0,1.0,2.0,8.0,19073.0,70.0,0.0,0.0,32621.0,78.0,85100.0,3.0,1.0,5.0,2.0,12487.0,15466.0,81.5,0.0,0.0,102.0,95.0,41.0,8.0,0.0,41.0,8.0,0.0,4.0,4.0,4.0,4.0,8.0,5.0,6.0,4.0,7.0,0.0,0.0,0.0,1.0,100.0,50.0,0.0,0.0,112473.0,87407.0,83800.0,27373.0,0,0
78,10000.0,0.1033,214.1,2,70000.0,0,1,n,15.05,0.0,0.0,13.0,0.0,22862.0,23.0,0,8807.11,8807.11,1921.16,1921.16,1192.89,728.27,0.0,0.0,0.0,0.0,0.0,1.0,1,0.0,0.0,329856.0,1.0,5.0,1.0,2.0,7.0,30073.0,56.0,0.0,1.0,14846.0,54.0,45200.0,0.0,5.0,2.0,6.0,27488.0,17330.0,55.8,0.0,0.0,207.0,378.0,18.0,2.0,3.0,18.0,3.0,0.0,3.0,4.0,5.0,5.0,11.0,7.0,9.0,4.0,13.0,0.0,0.0,0.0,2.0,95.7,25.0,0.0,0.0,376207.0,52935.0,39200.0,53687.0,0,0
65330,18000.0,0.2055,482.42,1,85000.0,1,1,n,18.81,0.0,0.0,9.0,0.0,16950.0,27.0,0,15702.26,15702.26,5768.49,5768.49,2297.74,3470.75,0.0,0.0,0.0,482.42,1.0,1.0,1,0.0,98.0,46209.0,0.0,1.0,2.0,4.0,7.0,29259.0,94.0,2.0,4.0,2408.0,72.0,33400.0,1.0,13.0,2.0,8.0,5776.0,8376.0,41.4,0.0,0.0,118.0,123.0,11.0,7.0,1.0,11.0,10.0,0.0,3.0,5.0,5.0,5.0,15.0,8.0,11.0,5.0,9.0,0.0,0.0,0.0,4.0,100.0,60.0,0.0,0.0,64443.0,46209.0,14300.0,31043.0,0,0
70199,11200.0,0.124,251.41,1,82500.0,1,1,n,26.6,0.0,3.0,21.0,0.0,6480.0,35.0,0,9526.19,9526.19,3009.2,3009.2,1673.81,1335.39,0.0,0.0,0.0,251.41,0.0,1.0,1,0.0,0.0,54566.0,2.0,3.0,2.0,2.0,5.0,48086.0,73.0,1.0,1.0,3109.0,35.0,90100.0,1.0,3.0,5.0,3.0,2598.0,55063.0,10.3,0.0,0.0,117.0,223.0,12.0,5.0,0.0,32.0,1.0,0.0,6.0,8.0,12.0,14.0,9.0,18.0,26.0,8.0,21.0,0.0,0.0,0.0,3.0,100.0,0.0,0.0,0.0,155874.0,54566.0,61400.0,65774.0,0,0
72426,25725.0,0.1308,586.38,1,310000.0,1,1,n,21.34,1.0,0.0,19.0,0.0,32261.0,35.0,0,23086.25,23086.25,5933.07,5933.07,2638.75,3265.0,29.32,0.0,0.0,586.38,0.0,1.0,1,0.0,0.0,241366.0,1.0,6.0,2.0,3.0,8.0,209105.0,72.0,1.0,3.0,8567.0,49.0,103700.0,2.0,1.0,1.0,6.0,12703.0,54660.0,33.0,0.0,0.0,106.0,184.0,2.0,2.0,0.0,2.0,12.0,0.0,5.0,7.0,9.0,12.0,16.0,13.0,19.0,7.0,19.0,0.0,0.0,0.0,3.0,94.3,0.0,0.0,0.0,383138.0,241366.0,81600.0,279438.0,0,0
72813,13000.0,0.1612,316.97,1,40000.0,1,1,n,21.78,0.0,0.0,14.0,0.0,11851.0,22.0,0,11159.94,11159.94,3792.0,3792.0,1840.06,1951.94,0.0,0.0,0.0,316.97,0.0,1.0,1,0.0,0.0,19416.0,0.0,1.0,1.0,1.0,12.0,7565.0,76.0,0.0,2.0,6364.0,44.0,34100.0,1.0,2.0,1.0,3.0,1387.0,14066.0,45.5,0.0,0.0,195.0,195.0,18.0,12.0,0.0,42.0,12.0,1.0,4.0,6.0,5.0,9.0,3.0,13.0,19.0,6.0,14.0,0.0,0.0,0.0,1.0,95.2,0.0,0.0,0.0,44100.0,19416.0,25800.0,10000.0,0,0
69093,21050.0,0.08810000000000001,667.53,1,361100.0,1,1,n,12.68,0.0,2.0,27.0,0.0,19571.0,51.0,0,14626.76,14626.76,7989.75,7989.75,6423.24,1566.51,0.0,0.0,0.0,667.53,0.0,1.0,1,0.0,0.0,145980.0,1.0,5.0,2.0,4.0,10.0,126409.0,78.0,2.0,7.0,11895.0,43.0,139800.0,2.0,6.0,4.0,11.0,5407.0,65640.0,22.5,0.0,0.0,158.0,162.0,6.0,6.0,0.0,7.0,2.0,0.0,5.0,7.0,11.0,15.0,23.0,22.0,28.0,7.0,27.0,0.0,0.0,0.0,4.0,100.0,9.1,0.0,0.0,301145.0,145980.0,83400.0,161345.0,0,0
28198,14000.0,0.1612,341.35,2,64000.0,0,1,n,16.89,0.0,0.0,11.0,0.0,11786.0,15.0,0,12195.94,12195.94,3729.77,3729.77,1804.06,1925.71,0.0,0.0,0.0,341.35,0.0,1.0,1,0.0,563.0,195098.0,0.0,1.0,0.0,0.0,26.0,3553.0,36.0,0.0,0.0,2140.0,56.0,17600.0,0.0,0.0,1.0,0.0,17736.0,2692.0,71.1,0.0,0.0,76.0,163.0,26.0,26.0,2.0,27.0,2.0,0.0,5.0,9.0,5.0,5.0,2.0,9.0,11.0,9.0,11.0,0.0,0.0,0.0,0.0,100.0,80.0,0.0,0.0,213220.0,15339.0,9300.0,10000.0,0,0
26808,24000.0,0.1308,547.06,2,72000.0,1,1,n,33.19,0.0,1.0,22.0,0.0,25463.0,30.0,0,21068.53,21068.53,5453.16,5453.16,2931.47,2521.69,0.0,0.0,0.0,547.06,0.0,1.0,1,0.0,0.0,174823.0,1.0,11.0,0.0,1.0,22.0,82000.0,93.0,1.0,2.0,0.0,70.0,66000.0,1.0,7.0,1.0,4.0,7947.0,18300.0,0.0,0.0,0.0,102.0,254.0,4.0,4.0,2.0,4.0,5.0,0.0,0.0,5.0,3.0,3.0,13.0,10.0,15.0,5.0,22.0,0.0,0.0,0.0,1.0,90.0,0.0,0.0,0.0,228648.0,107463.0,18300.0,88322.0,0,0
33665,21275.0,0.1102,696.72,2,65000.0,0,1,n,26.48,0.0,0.0,7.0,0.0,19329.0,33.0,0,15499.88,15499.88,7631.36,7631.36,5775.12,1856.24,0.0,0.0,0.0,696.72,0.0,1.0,1,0.0,0.0,41508.0,1.0,2.0,1.0,2.0,6.0,22179.0,69.0,0.0,0.0,5132.0,78.0,21000.0,1.0,4.0,2.0,2.0,5930.0,1592.0,89.3,0.0,0.0,158.0,255.0,35.0,6.0,1.0,35.0,2.0,0.0,4.0,5.0,4.0,14.0,16.0,5.0,16.0,5.0,7.0,0.0,0.0,0.0,1.0,100.0,75.0,0.0,0.0,53000.0,41508.0,14900.0,32000.0,0,0
27274,31000.0,0.1171,1025.36,1,205000.0,1,1,n,13.56,0.0,0.0,10.0,1.0,27982.0,13.0,0,22649.09,22649.09,11238.63,11238.63,8350.91,2887.72,0.0,0.0,0.0,1025.36,0.0,1.0,1,0.0,0.0,58425.0,1.0,4.0,2.0,2.0,6.0,30443.0,52.0,1.0,1.0,10072.0,65.0,31100.0,0.0,2.0,1.0,3.0,5843.0,438.0,97.6,0.0,0.0,73.0,108.0,9.0,6.0,0.0,34.0,8.0,0.0,4.0,6.0,4.0,4.0,7.0,6.0,6.0,6.0,10.0,0.0,0.0,0.0,3.0,100.0,100.0,1.0,0.0,90069.0,58425.0,18600.0,58969.0,0,0
2098,20300.0,0.17739999999999995,512.62,2,150000.0,1,1,n,19.96,0.0,1.0,15.0,0.0,59486.0,29.0,0,0.0,0.0,22030.42,22030.42,20300.0,1730.42,0.0,0.0,0.0,19487.33,0.0,1.0,1,0.0,0.0,295943.0,3.0,3.0,0.0,2.0,13.0,54213.0,76.0,3.0,4.0,28625.0,66.0,102200.0,2.0,3.0,2.0,6.0,19730.0,22914.0,72.2,0.0,0.0,170.0,232.0,2.0,2.0,3.0,2.0,2.0,0.0,6.0,6.0,8.0,10.0,6.0,11.0,20.0,6.0,15.0,0.0,0.0,0.0,3.0,100.0,50.0,0.0,0.0,373433.0,113699.0,82400.0,71233.0,0,0
9828,12000.0,0.1612,292.59,1,120000.0,1,1,n,17.76,0.0,3.0,14.0,0.0,10212.0,28.0,1,10603.76,10581.67,2915.15,2909.08,1396.24,1518.91,0.0,0.0,0.0,292.59,0.0,1.0,1,0.0,0.0,45415.0,4.0,6.0,1.0,3.0,6.0,35203.0,78.0,3.0,3.0,5885.0,63.0,27400.0,3.0,0.0,3.0,6.0,3244.0,9266.0,49.9,0.0,0.0,252.0,288.0,2.0,2.0,0.0,2.0,1.0,0.0,3.0,5.0,3.0,4.0,16.0,8.0,12.0,5.0,14.0,0.0,0.0,0.0,4.0,75.0,33.3,0.0,0.0,72400.0,45415.0,18500.0,45000.0,0,0
40889,6000.0,0.0702,185.32,2,77500.0,1,1,n,10.9,0.0,1.0,8.0,0.0,2272.0,23.0,0,4298.39,4298.39,2033.84,2033.84,1701.61,332.23,0.0,0.0,0.0,185.32,0.0,1.0,1,0.0,0.0,11603.0,3.0,3.0,1.0,3.0,4.0,9331.0,54.0,2.0,2.0,2272.0,21.0,38400.0,3.0,0.0,2.0,5.0,1450.0,33128.0,6.4,0.0,0.0,196.0,151.0,4.0,4.0,0.0,6.0,1.0,0.0,1.0,1.0,4.0,5.0,16.0,5.0,7.0,1.0,8.0,0.0,0.0,0.0,3.0,95.7,0.0,0.0,0.0,55767.0,11603.0,35400.0,17367.0,0,0
56360,21000.0,0.1033,680.87,2,110000.0,1,1,n,23.29,0.0,1.0,16.0,0.0,20187.0,38.0,0,14706.42,14706.42,8146.34,8146.34,6293.58,1852.76,0.0,0.0,0.0,680.87,0.0,1.0,1,0.0,0.0,323579.0,0.0,6.0,0.0,5.0,13.0,35808.0,63.0,3.0,5.0,5017.0,68.0,26500.0,5.0,2.0,4.0,11.0,20224.0,2571.0,86.5,0.0,0.0,156.0,150.0,8.0,8.0,1.0,8.0,0.0,2.0,6.0,8.0,7.0,8.0,23.0,9.0,13.0,8.0,16.0,0.0,0.0,0.0,3.0,97.2,71.4,0.0,0.0,355001.0,55995.0,19000.0,56501.0,0,0
55493,3825.0,0.124,127.78,2,62000.0,0,1,n,15.56,0.0,1.0,9.0,0.0,4509.0,15.0,0,0.0,0.0,4228.26,4228.26,3825.0,403.26,0.0,0.0,0.0,2953.1,0.0,1.0,1,0.0,145.0,150596.0,1.0,2.0,3.0,4.0,4.0,22609.0,85.0,0.0,1.0,3007.0,48.0,30500.0,3.0,0.0,4.0,5.0,16733.0,19736.0,16.0,0.0,0.0,45.0,88.0,17.0,4.0,2.0,35.0,4.0,0.0,2.0,5.0,2.0,2.0,6.0,6.0,7.0,5.0,9.0,0.0,0.0,0.0,3.0,100.0,0.0,0.0,0.0,193522.0,27118.0,23500.0,26550.0,0,0
8990,9025.0,0.1524,313.92,1,60000.0,0,1,n,20.94,0.0,0.0,11.0,0.0,9203.0,22.0,0,7607.96,7607.96,2496.08,2496.08,1417.04,1079.04,0.0,0.0,0.0,313.92,0.0,1.0,1,0.0,0.0,34267.0,0.0,5.0,1.0,1.0,12.0,25064.0,71.0,1.0,3.0,4228.0,60.0,21700.0,1.0,0.0,1.0,4.0,3427.0,4302.0,52.2,0.0,0.0,94.0,220.0,9.0,9.0,0.0,9.0,12.0,1.0,2.0,5.0,3.0,3.0,11.0,6.0,10.0,5.0,11.0,0.0,0.0,0.0,2.0,90.9,50.0,0.0,0.0,57050.0,34267.0,9000.0,35350.0,0,0
8498,12000.0,0.0702,370.64,2,80000.0,0,1,n,24.92,0.0,1.0,12.0,0.0,6328.0,18.0,0,8925.72,8925.72,3697.04,3697.04,3074.28,622.76,0.0,0.0,0.0,370.64,0.0,1.0,1,0.0,0.0,286685.0,1.0,5.0,1.0,3.0,3.0,51213.0,47.0,0.0,1.0,5135.0,34.0,42800.0,1.0,1.0,2.0,5.0,23890.0,23172.0,21.5,0.0,0.0,72.0,230.0,18.0,3.0,1.0,48.0,3.0,0.0,2.0,2.0,4.0,4.0,8.0,6.0,9.0,2.0,12.0,0.0,0.0,0.0,2.0,100.0,0.0,0.0,0.0,375595.0,57541.0,29500.0,101595.0,0,0
13984,40000.0,0.1171,883.93,2,83000.0,1,1,n,49.94,0.0,1.0,18.0,0.0,57709.0,22.0,0,34841.54,34841.54,8787.26,8787.26,5158.46,3628.8,0.0,0.0,0.0,883.93,0.0,1.0,0,0.0,0.0,601051.0,0.0,9.0,1.0,1.0,10.0,151282.0,82.0,0.0,0.0,26831.0,83.0,68800.0,0.0,4.0,2.0,1.0,33392.0,3218.0,90.6,0.0,0.0,146.0,370.0,135.0,10.0,2.0,135.0,6.0,0.0,3.0,6.0,3.0,3.0,14.0,6.0,6.0,6.0,18.0,0.0,0.0,0.0,1.0,100.0,66.7,0.0,0.0,753486.0,208991.0,34300.0,184519.0,0,0
53598,2000.0,0.0756,62.27,3,67500.0,0,1,n,32.34,0.0,2.0,16.0,0.0,3090.0,38.0,0,1382.87,1382.87,745.56,745.56,617.13,128.43,0.0,0.0,0.0,62.27,0.0,1.0,1,0.0,0.0,59758.0,2.0,3.0,2.0,3.0,4.0,56668.0,92.0,1.0,2.0,2449.0,36.0,60500.0,4.0,0.0,3.0,5.0,3984.0,52410.0,5.6,0.0,0.0,119.0,216.0,5.0,4.0,0.0,22.0,1.0,0.0,5.0,5.0,10.0,12.0,12.0,13.0,25.0,5.0,16.0,0.0,0.0,0.0,3.0,100.0,0.0,0.0,0.0,134821.0,59758.0,55500.0,74321.0,0,0
40161,35275.0,0.1308,804.06,2,111000.0,0,1,n,24.46,0.0,0.0,10.0,0.0,25720.0,29.0,0,30571.28,30571.28,8793.39,8793.39,4703.72,4089.67,0.0,0.0,0.0,804.06,0.0,1.0,1,0.0,0.0,358802.0,0.0,4.0,0.0,6.0,15.0,55844.0,70.0,0.0,0.0,18307.0,70.0,37000.0,3.0,7.0,2.0,6.0,35880.0,3212.0,86.0,0.0,0.0,257.0,151.0,28.0,15.0,4.0,102.0,4.0,0.0,2.0,4.0,2.0,3.0,18.0,5.0,7.0,4.0,10.0,0.0,0.0,0.0,0.0,100.0,50.0,0.0,0.0,405278.0,81564.0,22900.0,80285.0,0,0
33879,10000.0,0.124,334.06,1,60000.0,1,1,n,28.63,0.0,1.0,15.0,0.0,8662.0,34.0,0,1998.01,1998.01,8945.32,8945.32,8001.99,943.33,0.0,0.0,0.0,0.0,0.0,1.0,1,0.0,0.0,51331.0,1.0,7.0,1.0,2.0,8.0,41919.0,88.0,3.0,6.0,4064.0,81.0,14300.0,3.0,0.0,4.0,9.0,3667.0,4638.0,65.1,0.0,0.0,120.0,151.0,5.0,5.0,0.0,5.0,5.0,0.0,4.0,4.0,5.0,8.0,20.0,7.0,13.0,4.0,15.0,0.0,0.0,0.0,4.0,94.1,20.0,0.0,0.0,63701.0,51331.0,13300.0,47401.0,0,0
3604,10625.0,0.124,354.94,2,55000.0,1,1,n,24.77,0.0,0.0,14.0,0.0,10348.0,22.0,0,8056.32,8056.32,3534.76,3534.76,2568.68,966.08,0.0,0.0,0.0,354.94,0.0,1.0,0,0.0,0.0,32944.0,1.0,2.0,0.0,1.0,20.0,22596.0,56.0,6.0,8.0,1872.0,53.0,21500.0,0.0,1.0,1.0,9.0,2353.0,2370.0,75.3,0.0,0.0,167.0,117.0,4.0,4.0,0.0,9.0,9.0,3.0,5.0,9.0,6.0,7.0,8.0,11.0,14.0,9.0,14.0,0.0,0.0,0.0,6.0,81.8,50.0,0.0,0.0,61886.0,32944.0,9600.0,40386.0,0,0
41630,40000.0,0.08810000000000001,826.66,2,89000.0,1,1,n,33.36,0.0,0.0,12.0,0.0,7543.0,25.0,0,33917.04,33917.04,9054.1,9054.1,6082.96,2971.14,0.0,0.0,0.0,826.66,0.0,1.0,1,0.0,0.0,410141.0,0.0,5.0,1.0,2.0,10.0,83693.0,69.0,0.0,2.0,5865.0,46.0,52800.0,1.0,4.0,1.0,4.0,34178.0,30106.0,19.3,0.0,0.0,165.0,275.0,13.0,10.0,2.0,13.0,10.0,0.0,3.0,4.0,4.0,5.0,15.0,6.0,8.0,4.0,12.0,0.0,0.0,0.0,1.0,100.0,0.0,0.0,0.0,550982.0,91236.0,37300.0,124182.0,0,0
3088,24000.0,0.1524,834.8,2,53000.0,1,1,n,22.17,1.0,0.0,5.0,0.0,2539.0,19.0,0,18318.32,18318.32,8327.68,8327.68,5681.68,2646.0,0.0,0.0,0.0,834.8,0.0,1.0,0,0.0,0.0,92585.0,1.0,3.0,1.0,2.0,6.0,49230.0,104.0,0.0,0.0,2539.0,98.0,5500.0,1.0,0.0,3.0,2.0,18517.0,2961.0,46.2,0.0,0.0,266.0,291.0,59.0,6.0,2.0,111.0,6.0,0.0,1.0,1.0,1.0,3.0,13.0,1.0,4.0,1.0,5.0,0.0,0.0,0.0,1.0,78.9,0.0,0.0,0.0,101366.0,51769.0,5500.0,47134.0,0,0
71157,40000.0,0.0646,1225.24,2,85000.0,0,1,n,17.62,1.0,1.0,27.0,0.0,228778.0,46.0,0,27515.78,27515.78,14688.52,14688.52,12484.22,2204.3,0.0,0.0,0.0,1225.24,0.0,1.0,0,0.0,0.0,338039.0,2.0,1.0,0.0,0.0,32.0,11101.0,62.0,2.0,4.0,8606.0,26.0,421500.0,0.0,0.0,1.0,4.0,14697.0,96030.0,28.5,0.0,0.0,214.0,250.0,2.0,2.0,1.0,14.0,5.0,0.0,10.0,15.0,16.0,23.0,7.0,25.0,38.0,15.0,27.0,0.0,0.0,0.0,2.0,95.7,0.0,0.0,0.0,568524.0,239879.0,134300.0,18024.0,0,0
12741,5300.0,0.1033,171.84,2,35000.0,0,1,n,20.51,0.0,1.0,11.0,0.0,6140.0,20.0,0,0.0,0.0,5719.91,5719.91,5300.0,419.91,0.0,0.0,0.0,4176.39,0.0,1.0,1,0.0,363.0,126283.0,2.0,1.0,1.0,2.0,6.0,17789.0,94.0,3.0,3.0,3633.0,34.0,51700.0,2.0,0.0,1.0,5.0,11480.0,39575.0,13.0,0.0,0.0,145.0,105.0,3.0,3.0,3.0,3.0,6.0,0.0,5.0,6.0,5.0,7.0,4.0,9.0,13.0,6.0,11.0,0.0,0.0,0.0,4.0,100.0,0.0,0.0,0.0,179410.0,23929.0,45500.0,19000.0,0,0
5633,6000.0,0.1171,198.46,1,46000.0,1,1,n,36.34,0.0,0.0,13.0,0.0,5283.0,16.0,0,4537.84,4537.84,1976.79,1976.79,1462.16,514.63,0.0,0.0,0.0,198.46,0.0,1.0,1,0.0,0.0,59083.0,2.0,4.0,2.0,3.0,2.0,53800.0,85.0,2.0,3.0,1770.0,60.0,22600.0,2.0,0.0,2.0,6.0,4545.0,6933.0,31.4,0.0,0.0,78.0,76.0,3.0,2.0,0.0,29.0,9.0,0.0,2.0,4.0,4.0,4.0,6.0,9.0,10.0,4.0,13.0,0.0,0.0,0.0,4.0,100.0,25.0,0.0,0.0,94386.0,59083.0,10100.0,71786.0,0,0
23462,1800.0,0.2305,69.73,2,62000.0,0,1,n,23.13,0.0,1.0,14.0,0.0,13792.0,15.0,0,1373.93,1373.93,764.73,764.73,426.07,338.66,0.0,0.0,0.0,69.73,0.0,1.0,1,0.0,0.0,284592.0,2.0,2.0,0.0,1.0,22.0,103670.0,74.0,4.0,8.0,6789.0,40.0,53800.0,0.0,0.0,1.0,10.0,20328.0,19955.0,36.7,0.0,0.0,71.0,66.0,5.0,5.0,1.0,10.0,6.0,0.0,4.0,6.0,7.0,7.0,3.0,11.0,11.0,6.0,14.0,0.0,0.0,0.0,4.0,100.0,14.3,0.0,0.0,311505.0,117462.0,31500.0,87955.0,0,0
9234,14000.0,0.0756,435.88,1,55000.0,1,1,n,37.14,0.0,0.0,6.0,0.0,13616.0,9.0,0,10438.51,10438.51,4352.92,4352.92,3561.49,791.43,0.0,0.0,0.0,435.88,0.0,1.0,1,0.0,0.0,255124.0,0.0,2.0,0.0,0.0,33.0,20571.0,38.0,0.0,1.0,12301.0,31.0,56500.0,1.0,1.0,1.0,2.0,42521.0,42884.0,24.1,0.0,0.0,106.0,185.0,24.0,10.0,1.0,24.0,12.0,0.0,3.0,3.0,3.0,3.0,4.0,3.0,4.0,3.0,6.0,0.0,0.0,0.0,1.0,100.0,0.0,0.0,0.0,333152.0,34187.0,56500.0,53902.0,0,0
54652,21275.0,0.124,477.57,2,57000.0,0,1,n,33.43,0.0,0.0,9.0,0.0,17465.0,22.0,0,18000.3,18000.3,5701.53,5701.53,3274.7,2426.83,0.0,0.0,0.0,477.57,0.0,1.0,1,0.0,0.0,33351.0,0.0,3.0,2.0,2.0,7.0,15886.0,37.0,0.0,0.0,12704.0,38.0,44200.0,1.0,7.0,2.0,2.0,3706.0,15702.0,44.9,0.0,0.0,171.0,397.0,37.0,7.0,0.0,37.0,7.0,0.0,2.0,4.0,3.0,5.0,9.0,6.0,13.0,4.0,9.0,0.0,0.0,0.0,2.0,100.0,33.3,0.0,0.0,86858.0,33351.0,28500.0,42658.0,0,0
4857,16000.0,0.16949999999999998,397.22,2,56000.0,1,1,n,23.27,0.0,0.0,9.0,0.0,7249.0,22.0,0,14174.77,14174.77,3957.13,3957.13,1825.23,2131.9,0.0,0.0,0.0,397.22,0.0,1.0,1,0.0,215.0,205451.0,0.0,3.0,0.0,2.0,14.0,61261.0,101.0,0.0,2.0,2749.0,81.0,18600.0,4.0,1.0,10.0,4.0,25681.0,5283.0,44.4,0.0,0.0,101.0,88.0,20.0,14.0,3.0,20.0,2.0,0.0,2.0,3.0,2.0,3.0,8.0,5.0,11.0,3.0,9.0,0.0,0.0,0.0,0.0,100.0,0.0,0.0,0.0,235409.0,68510.0,9500.0,74436.0,0,0
12449,18500.0,0.08810000000000001,382.33,2,55000.0,1,1,n,20.77,0.0,1.0,8.0,0.0,2769.0,15.0,0,15964.04,15964.04,3814.25,3814.25,2535.96,1278.29,0.0,0.0,0.0,382.33,1.0,1.0,1,0.0,1023.0,229711.0,1.0,2.0,1.0,2.0,4.0,34916.0,87.0,0.0,0.0,2757.0,58.0,24400.0,1.0,0.0,1.0,2.0,28714.0,19631.0,12.4,0.0,0.0,129.0,177.0,29.0,4.0,2.0,29.0,4.0,0.0,2.0,2.0,4.0,6.0,6.0,5.0,7.0,2.0,8.0,0.0,0.0,0.0,1.0,100.0,25.0,0.0,0.0,270721.0,37685.0,22400.0,40125.0,0,0
34024,28000.0,0.0819,879.88,1,146000.0,1,1,n,12.61,0.0,1.0,8.0,0.0,5170.0,15.0,0,20159.5,20159.5,9646.83,9646.83,7840.5,1806.33,0.0,0.0,0.0,879.88,0.0,1.0,1,0.0,0.0,47331.0,2.0,1.0,1.0,1.0,5.0,20192.0,90.0,1.0,1.0,3755.0,49.0,40000.0,1.0,0.0,1.0,2.0,5916.0,31189.0,10.9,0.0,0.0,25.0,144.0,4.0,4.0,0.0,4.0,5.0,0.0,2.0,3.0,5.0,9.0,2.0,6.0,12.0,3.0,8.0,0.0,0.0,0.0,2.0,100.0,0.0,0.0,0.0,97002.0,47331.0,35000.0,22400.0,0,0
26975,30000.0,0.1524,717.49,2,143000.0,1,1,n,33.59,1.0,0.0,15.0,0.0,49676.0,36.0,0,26054.39,26054.39,7841.59,7841.59,3945.61,3895.98,0.0,0.0,0.0,717.49,0.0,1.0,1,0.0,0.0,370528.0,2.0,6.0,1.0,3.0,11.0,123340.0,55.0,2.0,3.0,16022.0,62.0,70100.0,1.0,15.0,0.0,6.0,24702.0,5100.0,85.7,0.0,0.0,172.0,90.0,2.0,2.0,2.0,31.0,14.0,0.0,4.0,7.0,4.0,6.0,22.0,8.0,12.0,7.0,15.0,0.0,0.0,0.0,3.0,97.2,75.0,0.0,0.0,467354.0,173016.0,35600.0,175979.0,0,0
37429,20000.0,0.0819,628.49,2,100000.0,0,1,n,18.5,4.0,0.0,31.0,0.0,15620.0,40.0,0,14399.6,14399.6,6904.29,6904.29,5600.4,1303.89,0.0,0.0,0.0,628.49,0.0,1.0,1,0.0,0.0,318642.0,1.0,19.0,1.0,4.0,5.0,159426.0,101.0,1.0,1.0,9148.0,91.0,34600.0,2.0,2.0,1.0,5.0,10621.0,14829.0,48.3,0.0,0.0,125.0,102.0,8.0,5.0,2.0,29.0,8.0,0.0,3.0,5.0,6.0,6.0,26.0,11.0,12.0,5.0,31.0,0.0,0.0,0.0,2.0,85.0,33.3,0.0,0.0,349121.0,175046.0,28700.0,157419.0,0,0
18305,30000.0,0.0646,918.93,1,72000.0,0,1,n,16.02,0.0,1.0,14.0,0.0,22428.0,27.0,0,22256.5,22256.5,9178.53,9178.53,7743.5,1435.03,0.0,0.0,0.0,918.93,0.0,1.0,1,0.0,0.0,50044.0,2.0,6.0,0.0,1.0,17.0,27616.0,75.0,3.0,3.0,15178.0,38.0,93500.0,1.0,0.0,2.0,4.0,3575.0,71072.0,24.0,0.0,0.0,104.0,153.0,2.0,2.0,0.0,2.0,2.0,0.0,7.0,7.0,8.0,14.0,12.0,8.0,14.0,7.0,14.0,0.0,0.0,0.0,3.0,100.0,12.5,0.0,0.0,130507.0,50044.0,93500.0,37007.0,0,0
23211,18000.0,0.0819,565.64,2,125000.0,1,1,n,28.43,0.0,1.0,14.0,1.0,13965.0,24.0,0,12959.65,12959.65,6213.85,6213.85,5040.35,1173.5,0.0,0.0,0.0,565.64,0.0,1.0,1,0.0,0.0,400621.0,1.0,5.0,3.0,4.0,2.0,133599.0,75.0,0.0,0.0,7261.0,65.0,33600.0,1.0,7.0,7.0,5.0,28616.0,13325.0,39.4,0.0,0.0,165.0,192.0,26.0,2.0,4.0,26.0,2.0,0.0,2.0,4.0,3.0,3.0,13.0,7.0,7.0,4.0,14.0,0.0,0.0,0.0,4.0,100.0,33.3,1.0,0.0,470027.0,147564.0,22000.0,181289.0,0,0
36391,3200.0,0.1612,112.7,1,80000.0,0,1,n,9.87,0.0,1.0,12.0,0.0,3453.0,21.0,0,2379.52,2379.52,1236.83,1236.83,820.48,416.35,0.0,0.0,0.0,112.7,0.0,1.0,1,0.0,0.0,13227.0,3.0,2.0,1.0,5.0,3.0,9774.0,75.0,5.0,9.0,1288.0,60.0,9100.0,1.0,0.0,1.0,14.0,1102.0,1738.0,54.3,0.0,0.0,110.0,139.0,6.0,3.0,0.0,6.0,6.0,0.0,2.0,3.0,3.0,3.0,10.0,10.0,11.0,3.0,12.0,0.0,0.0,0.0,6.0,100.0,33.3,0.0,0.0,22200.0,13227.0,3800.0,13100.0,0,0
32964,6000.0,0.2055,224.67,3,80000.0,1,1,n,20.67,0.0,0.0,10.0,1.0,23589.0,16.0,0,4537.94,4537.94,2464.52,2464.52,1462.06,1002.46,0.0,0.0,0.0,224.67,0.0,1.0,1,0.0,0.0,45368.0,1.0,1.0,0.0,1.0,13.0,21779.0,87.0,1.0,1.0,13281.0,86.0,27900.0,1.0,0.0,0.0,2.0,5041.0,942.0,95.8,0.0,0.0,140.0,245.0,6.0,6.0,0.0,35.0,13.0,0.0,4.0,8.0,5.0,7.0,3.0,9.0,13.0,8.0,10.0,0.0,0.0,0.0,1.0,100.0,100.0,1.0,0.0,52900.0,45368.0,22600.0,25000.0,0,0
58832,40000.0,0.08810000000000001,826.66,1,115000.0,0,1,n,13.63,0.0,0.0,4.0,0.0,39854.0,35.0,0,33339.39,33339.39,9900.34,9900.34,6660.61,3239.73,0.0,0.0,0.0,826.66,0.0,1.0,1,0.0,0.0,55275.0,0.0,2.0,0.0,0.0,38.0,15421.0,48.0,1.0,1.0,28437.0,76.0,41000.0,0.0,3.0,2.0,1.0,13819.0,1146.0,97.2,0.0,0.0,161.0,152.0,10.0,10.0,0.0,10.0,11.0,0.0,2.0,2.0,2.0,12.0,15.0,2.0,20.0,2.0,4.0,0.0,0.0,0.0,1.0,100.0,100.0,0.0,0.0,73173.0,55275.0,41000.0,32173.0,0,0
55563,10000.0,0.1862,364.65,2,53000.0,1,1,n,18.39,1.0,0.0,9.0,0.0,567.0,17.0,0,7260.17,7260.17,4365.46,4365.46,2739.83,1625.63,0.0,0.0,0.0,364.65,0.0,1.0,1,0.0,365.0,50108.0,1.0,3.0,2.0,2.0,9.0,9980.0,30.0,1.0,2.0,0.0,27.0,5400.0,2.0,0.0,2.0,4.0,5568.0,800.0,0.0,0.0,0.0,148.0,151.0,3.0,3.0,6.0,3.0,9.0,1.0,0.0,4.0,1.0,2.0,4.0,5.0,7.0,4.0,9.0,0.0,0.0,0.0,3.0,76.5,0.0,0.0,0.0,99059.0,10547.0,800.0,33859.0,0,0
68033,36000.0,0.1102,1178.94,1,77000.0,0,1,n,10.57,0.0,1.0,16.0,1.0,13868.0,28.0,0,25289.67,25289.67,14103.2,14103.2,10710.33,3392.87,0.0,0.0,0.0,1178.94,0.0,1.0,1,0.0,0.0,19737.0,1.0,1.0,1.0,1.0,3.0,5869.0,98.0,2.0,9.0,3232.0,39.0,44400.0,2.0,0.0,2.0,10.0,1316.0,25276.0,34.9,0.0,0.0,3.0,159.0,12.0,3.0,0.0,12.0,3.0,0.0,6.0,7.0,8.0,15.0,1.0,14.0,25.0,7.0,16.0,0.0,0.0,0.0,3.0,100.0,12.5,1.0,0.0,50400.0,19737.0,38800.0,6000.0,0,0
69643,12000.0,0.124,269.37,3,65000.0,1,1,n,31.37,0.0,0.0,10.0,0.0,8980.0,33.0,0,10152.92,10152.92,3215.91,3215.91,1847.08,1368.83,0.0,0.0,0.0,269.37,0.0,1.0,1,0.0,0.0,91876.0,0.0,3.0,3.0,3.0,9.0,82896.0,73.0,0.0,1.0,1966.0,60.0,21300.0,1.0,6.0,2.0,4.0,11485.0,2188.0,70.0,0.0,0.0,144.0,217.0,14.0,9.0,1.0,14.0,10.0,1.0,3.0,4.0,3.0,8.0,12.0,7.0,20.0,4.0,10.0,0.0,0.0,0.0,3.0,93.9,66.7,0.0,0.0,113099.0,91876.0,7300.0,91799.0,0,0
24431,18000.0,0.17739999999999995,648.4,3,57600.0,0,1,n,17.38,0.0,0.0,9.0,0.0,17977.0,11.0,0,13973.12,13973.12,6466.26,6466.26,4026.88,2439.38,0.0,0.0,0.0,648.4,0.0,1.0,1,0.0,0.0,57326.0,1.0,4.0,1.0,1.0,6.0,39349.0,83.0,0.0,1.0,8979.0,78.0,26200.0,0.0,1.0,0.0,2.0,6370.0,886.0,95.1,0.0,0.0,160.0,57.0,18.0,6.0,0.0,38.0,22.0,0.0,3.0,4.0,3.0,4.0,5.0,5.0,6.0,4.0,9.0,0.0,0.0,0.0,1.0,100.0,100.0,0.0,0.0,73779.0,57326.0,18200.0,47579.0,0,0
39304,21275.0,0.124,477.57,2,125000.0,0,1,n,20.59,0.0,1.0,17.0,0.0,19764.0,24.0,0,18094.46,18094.46,5462.91,5462.91,3180.54,2282.37,0.0,0.0,0.0,500.0,0.0,1.0,0,0.0,0.0,402694.0,3.0,10.0,4.0,7.0,1.0,118078.0,80.0,0.0,2.0,15684.0,78.0,30300.0,0.0,3.0,2.0,11.0,23688.0,5231.0,77.5,0.0,0.0,270.0,204.0,17.0,1.0,2.0,17.0,6.0,2.0,4.0,5.0,4.0,4.0,16.0,6.0,6.0,5.0,17.0,0.0,0.0,0.0,4.0,91.3,50.0,0.0,0.0,447737.0,137842.0,23200.0,147418.0,0,0
3182,10000.0,0.08810000000000001,206.67,2,70000.0,1,1,n,12.89,0.0,0.0,19.0,1.0,9313.0,45.0,0,8622.57,8622.57,2061.81,2061.81,1377.43,684.38,0.0,0.0,0.0,206.67,0.0,1.0,1,0.0,0.0,48912.0,1.0,5.0,0.0,2.0,15.0,39599.0,97.0,2.0,8.0,2629.0,66.0,33100.0,3.0,10.0,0.0,10.0,2574.0,14130.0,24.0,0.0,0.0,135.0,268.0,1.0,1.0,1.0,16.0,16.0,1.0,4.0,6.0,6.0,11.0,19.0,14.0,25.0,6.0,19.0,0.0,0.0,0.0,2.0,97.8,0.0,1.0,0.0,74029.0,48912.0,18600.0,40929.0,0,0
9369,11000.0,0.2055,294.81,1,48700.0,0,1,n,15.57,0.0,0.0,7.0,1.0,10726.0,11.0,0,9849.77,9849.77,2922.98,2922.98,1150.23,1772.75,0.0,0.0,0.0,294.81,0.0,1.0,1,0.0,0.0,24216.0,0.0,1.0,0.0,0.0,32.0,13490.0,61.0,1.0,3.0,3801.0,57.0,20900.0,0.0,0.0,0.0,3.0,3459.0,474.0,95.8,0.0,0.0,141.0,127.0,8.0,8.0,1.0,17.0,17.0,0.0,3.0,3.0,3.0,3.0,3.0,6.0,7.0,3.0,7.0,0.0,0.0,0.0,1.0,100.0,100.0,1.0,0.0,42898.0,24216.0,11200.0,21998.0,0,0
63239,8000.0,0.0756,249.08,2,69996.0,0,1,n,12.38,0.0,0.0,11.0,0.0,7847.0,19.0,0,0.0,0.0,8315.75,8315.75,8000.0,315.75,0.0,0.0,0.0,7073.71,0.0,1.0,1,0.0,0.0,35154.0,3.0,2.0,0.0,2.0,15.0,27307.0,85.0,3.0,7.0,3712.0,69.0,18800.0,2.0,1.0,0.0,9.0,3196.0,8296.0,43.6,0.0,0.0,138.0,36.0,5.0,5.0,1.0,5.0,13.0,0.0,4.0,5.0,7.0,8.0,7.0,9.0,11.0,5.0,11.0,0.0,0.0,0.0,3.0,100.0,14.3,0.0,0.0,50994.0,35154.0,14700.0,32194.0,0,0
51627,20000.0,0.1308,455.89,2,135802.0,1,1,n,18.26,0.0,0.0,8.0,0.0,2229.0,37.0,0,16715.05,16715.05,5500.26,5500.26,3284.95,2215.31,0.0,0.0,0.0,455.89,0.0,1.0,1,0.0,0.0,109848.0,1.0,3.0,1.0,3.0,6.0,37651.0,55.0,1.0,5.0,1310.0,56.0,3100.0,3.0,8.0,3.0,8.0,13731.0,289.0,88.4,0.0,0.0,145.0,195.0,8.0,6.0,2.0,8.0,3.0,2.0,2.0,3.0,2.0,6.0,21.0,4.0,14.0,3.0,8.0,0.0,0.0,0.0,2.0,91.7,100.0,0.0,0.0,161595.0,39880.0,2500.0,68045.0,0,0
2707,19000.0,0.17739999999999995,684.42,1,110000.0,0,1,n,8.58,0.0,0.0,21.0,0.0,22641.0,37.0,0,14685.32,14685.32,6825.47,6825.47,4314.68,2510.79,0.0,0.0,0.0,684.42,0.0,1.0,1,0.0,0.0,48671.0,2.0,9.0,2.0,4.0,1.0,26030.0,76.0,1.0,2.0,3946.0,74.0,31600.0,0.0,0.0,1.0,6.0,2318.0,427.0,96.6,0.0,0.0,175.0,105.0,8.0,1.0,0.0,8.0,9.0,0.0,5.0,10.0,5.0,5.0,19.0,12.0,18.0,10.0,21.0,0.0,0.0,0.0,3.0,100.0,100.0,0.0,0.0,65824.0,48671.0,12400.0,34224.0,0,0
45638,15000.0,0.08810000000000001,310.0,2,127500.0,1,1,n,15.08,0.0,0.0,8.0,0.0,2200.0,15.0,0,12718.86,12718.86,3402.66,3402.66,2281.14,1121.52,0.0,0.0,0.0,310.0,0.0,1.0,1,0.0,0.0,276785.0,2.0,3.0,3.0,3.0,2.0,75736.0,80.0,1.0,1.0,2088.0,46.0,36500.0,0.0,0.0,2.0,5.0,34598.0,34300.0,6.0,0.0,0.0,74.0,149.0,8.0,2.0,4.0,8.0,2.0,3.0,3.0,3.0,4.0,5.0,5.0,4.0,5.0,3.0,8.0,0.0,0.0,0.0,5.0,66.7,0.0,0.0,0.0,321671.0,77936.0,36500.0,85171.0,0,0
25060,21000.0,0.1612,512.02,3,53000.0,0,1,n,33.31,0.0,0.0,14.0,0.0,13054.0,24.0,0,11712.73,11712.73,11579.39,11579.39,9287.27,2292.12,0.0,0.0,0.0,1043.02,0.0,1.0,1,0.0,0.0,37444.0,3.0,5.0,5.0,7.0,1.0,24390.0,59.0,1.0,4.0,9468.0,48.0,37000.0,2.0,0.0,2.0,11.0,2675.0,21707.0,37.1,0.0,0.0,209.0,49.0,4.0,1.0,1.0,4.0,7.0,0.0,3.0,4.0,7.0,8.0,13.0,9.0,10.0,4.0,14.0,0.0,0.0,0.0,6.0,91.3,14.3,0.0,0.0,78444.0,37444.0,34500.0,41444.0,0,0
12900,8000.0,0.124,267.25,2,51600.0,0,1,n,39.49,1.0,1.0,11.0,0.0,9774.0,20.0,0,6065.93,6065.93,2666.99,2666.99,1934.07,732.92,0.0,0.0,0.0,267.25,0.0,1.0,1,0.0,0.0,83676.0,0.0,3.0,0.0,0.0,26.0,73902.0,38.0,0.0,1.0,2442.0,28.0,37300.0,1.0,0.0,1.0,1.0,7607.0,26326.0,27.1,0.0,0.0,79.0,71.0,23.0,23.0,1.0,23.0,1.0,0.0,6.0,6.0,7.0,8.0,7.0,8.0,12.0,6.0,11.0,0.0,0.0,0.0,0.0,95.0,14.3,0.0,0.0,151066.0,83676.0,36100.0,113766.0,0,0
38653,16000.0,0.1308,539.72,2,120000.0,1,1,n,24.51,0.0,1.0,17.0,1.0,17393.0,38.0,0,0.0,0.0,16818.53,16818.53,16000.0,818.53,0.0,0.0,0.0,15211.0,0.0,1.0,1,0.0,0.0,210910.0,2.0,7.0,2.0,3.0,7.0,68181.0,45.0,3.0,5.0,6790.0,47.0,34800.0,0.0,4.0,4.0,8.0,14061.0,11407.0,60.4,0.0,0.0,162.0,285.0,3.0,3.0,3.0,3.0,3.0,0.0,4.0,4.0,6.0,12.0,20.0,9.0,15.0,4.0,15.0,0.0,0.0,0.0,5.0,100.0,50.0,1.0,0.0,288081.0,85574.0,28800.0,111031.0,0,0
14383,12000.0,0.2055,321.62,2,41000.0,1,1,n,31.5,0.0,1.0,11.0,0.0,8757.0,21.0,0,10745.1,10745.1,3188.8,3188.8,1254.9,1933.9,0.0,0.0,0.0,321.62,0.0,1.0,0,0.0,0.0,210874.0,0.0,3.0,0.0,0.0,34.0,43303.0,77.0,0.0,0.0,4222.0,75.0,13400.0,1.0,0.0,3.0,0.0,19170.0,4643.0,65.4,0.0,0.0,117.0,106.0,35.0,30.0,4.0,35.0,0.0,0.0,4.0,4.0,6.0,6.0,8.0,6.0,9.0,4.0,11.0,0.0,0.0,0.0,0.0,85.0,50.0,0.0,0.0,233912.0,52060.0,13400.0,56312.0,0,0
31922,12000.0,0.0819,377.09,1,97000.0,1,1,n,18.64,0.0,2.0,11.0,0.0,5702.0,16.0,0,8657.34,8657.34,4142.53,4142.53,3342.66,799.87,0.0,0.0,0.0,377.09,0.0,1.0,1,0.0,0.0,52782.0,3.0,2.0,2.0,2.0,3.0,47080.0,96.0,3.0,3.0,3008.0,55.0,46000.0,1.0,1.0,3.0,5.0,5278.0,34798.0,14.1,0.0,0.0,68.0,90.0,5.0,3.0,0.0,5.0,5.0,0.0,4.0,4.0,5.0,8.0,4.0,9.0,12.0,4.0,11.0,0.0,0.0,0.0,5.0,100.0,0.0,0.0,0.0,95286.0,52782.0,40500.0,49286.0,0,0
1055,10625.0,0.1102,231.12,2,45000.0,0,1,n,23.41,0.0,0.0,12.0,0.0,7676.0,23.0,0,9232.97,9232.97,2298.19,2298.19,1392.03,906.16,0.0,0.0,0.0,231.12,0.0,1.0,0,0.0,0.0,92098.0,1.0,2.0,0.0,1.0,15.0,19510.0,63.0,2.0,2.0,6480.0,30.0,59000.0,1.0,0.0,1.0,3.0,7675.0,39124.0,16.4,0.0,0.0,123.0,166.0,6.0,6.0,2.0,9.0,4.0,0.0,2.0,2.0,5.0,7.0,7.0,9.0,14.0,2.0,12.0,0.0,0.0,0.0,2.0,100.0,0.0,0.0,0.0,161100.0,27186.0,46800.0,30975.0,0,0
30525,6000.0,0.1171,198.46,1,38400.0,1,1,n,16.53,0.0,0.0,6.0,0.0,4285.0,7.0,0,4385.81,4385.81,2179.16,2179.16,1614.19,564.97,0.0,0.0,0.0,198.46,0.0,1.0,1,0.0,0.0,13064.0,0.0,1.0,1.0,2.0,9.0,7744.0,77.0,1.0,1.0,1435.0,64.0,8000.0,0.0,0.0,0.0,3.0,2177.0,3715.0,53.6,0.0,0.0,16.0,44.0,9.0,9.0,0.0,9.0,16.0,0.0,4.0,4.0,4.0,4.0,2.0,4.0,4.0,4.0,6.0,0.0,0.0,0.0,2.0,100.0,25.0,0.0,0.0,20336.0,13064.0,8000.0,10000.0,0,0
18606,10375.0,0.1171,343.17,1,90000.0,1,1,n,19.8,0.0,1.0,13.0,0.0,1145.0,21.0,0,7898.32,7898.32,3424.95,3424.95,2476.68,948.27,0.0,0.0,0.0,343.17,0.0,1.0,1,0.0,0.0,53581.0,1.0,2.0,1.0,2.0,1.0,52436.0,47.0,0.0,2.0,1119.0,30.0,18600.0,2.0,0.0,1.0,4.0,4122.0,15468.0,6.8,0.0,0.0,170.0,81.0,21.0,1.0,0.0,21.0,1.0,0.0,4.0,5.0,8.0,9.0,5.0,11.0,16.0,5.0,13.0,0.0,0.0,0.0,1.0,95.2,0.0,0.0,0.0,85100.0,53581.0,16600.0,66500.0,0,0
22444,17000.0,0.124,381.61,2,110000.0,1,1,n,19.15,0.0,0.0,12.0,0.0,18008.0,19.0,1,157.3,157.3,17804.39,17804.39,16842.7,961.69,0.0,0.0,0.0,381.61,0.0,1.0,1,0.0,0.0,239831.0,1.0,2.0,2.0,2.0,3.0,51970.0,48.0,1.0,1.0,11870.0,40.0,52500.0,2.0,1.0,6.0,3.0,19986.0,32992.0,35.3,0.0,0.0,138.0,146.0,10.0,3.0,3.0,10.0,3.0,0.0,4.0,4.0,8.0,9.0,5.0,9.0,11.0,4.0,12.0,0.0,0.0,0.0,3.0,78.9,12.5,0.0,0.0,332676.0,69978.0,51000.0,70620.0,0,0
49644,16000.0,0.1308,364.71,2,55000.0,0,1,n,29.68,0.0,0.0,16.0,0.0,15767.0,24.0,0,13514.96,13514.96,4270.76,4270.76,2485.04,1785.72,0.0,0.0,0.0,364.71,0.0,1.0,1,0.0,0.0,124380.0,1.0,3.0,2.0,2.0,5.0,108613.0,81.0,0.0,3.0,3596.0,75.0,23600.0,3.0,0.0,4.0,5.0,7774.0,4243.0,75.2,0.0,0.0,75.0,89.0,19.0,5.0,0.0,22.0,5.0,0.0,9.0,13.0,9.0,9.0,10.0,13.0,14.0,13.0,16.0,0.0,0.0,0.0,2.0,100.0,55.6,0.0,0.0,136644.0,124380.0,17100.0,113044.0,0,0
18528,10000.0,0.17739999999999995,360.23,2,56000.0,1,1,n,19.46,3.0,2.0,12.0,0.0,9260.0,24.0,0,8752.46,8752.46,2661.75,2661.75,1247.54,1414.21,0.0,0.0,0.0,360.23,0.0,1.0,1,0.0,0.0,248507.0,4.0,4.0,2.0,2.0,7.0,48290.0,119.0,3.0,3.0,3108.0,94.0,20700.0,0.0,0.0,5.0,6.0,20709.0,10840.0,46.1,0.0,0.0,239.0,323.0,2.0,2.0,3.0,2.0,2.0,0.0,4.0,4.0,6.0,10.0,9.0,7.0,12.0,4.0,12.0,0.0,0.0,0.0,6.0,90.5,16.7,0.0,0.0,252626.0,57550.0,20100.0,40681.0,0,0
67123,5000.0,0.0756,155.67,1,40000.0,1,1,n,22.29,0.0,0.0,15.0,0.0,2745.0,20.0,0,956.79,956.79,4363.84,4363.84,4043.21,320.63,0.0,0.0,0.0,2655.67,0.0,1.0,1,0.0,0.0,30119.0,0.0,12.0,1.0,1.0,11.0,27374.0,81.0,0.0,0.0,2745.0,64.0,13300.0,1.0,0.0,1.0,1.0,2008.0,10555.0,20.6,0.0,0.0,89.0,87.0,41.0,11.0,0.0,48.0,11.0,0.0,1.0,1.0,3.0,4.0,13.0,3.0,7.0,1.0,15.0,0.0,0.0,0.0,1.0,100.0,0.0,0.0,0.0,47300.0,30119.0,13300.0,34000.0,0,0
63846,20000.0,0.0819,407.35,2,53000.0,0,1,n,14.92,0.0,0.0,17.0,0.0,17739.0,30.0,0,16649.49,16649.49,4879.1,4879.1,3350.51,1528.59,0.0,0.0,0.0,407.35,0.0,1.0,1,0.0,0.0,185678.0,0.0,1.0,0.0,1.0,24.0,1223.0,41.0,1.0,2.0,10328.0,22.0,82700.0,1.0,1.0,0.0,3.0,11605.0,49259.0,25.7,0.0,0.0,169.0,185.0,12.0,12.0,2.0,12.0,24.0,0.0,7.0,9.0,10.0,14.0,5.0,15.0,23.0,9.0,17.0,0.0,0.0,0.0,1.0,100.0,20.0,0.0,0.0,279200.0,18962.0,66300.0,3000.0,0,0
73316,17000.0,0.0646,520.73,2,62000.0,0,1,n,29.42,0.0,0.0,15.0,0.0,42245.0,41.0,0,11722.52,11722.52,6242.66,6242.66,5277.48,965.18,0.0,0.0,0.0,520.73,0.0,1.0,0,0.0,0.0,335354.0,4.0,6.0,2.0,4.0,5.0,35557.0,74.0,1.0,1.0,8664.0,65.0,72300.0,2.0,6.0,2.0,7.0,22357.0,22444.0,40.9,0.0,0.0,195.0,114.0,5.0,3.0,6.0,60.0,4.0,0.0,4.0,5.0,6.0,6.0,23.0,8.0,12.0,5.0,15.0,0.0,0.0,0.0,4.0,100.0,16.7,0.0,0.0,378155.0,77802.0,38000.0,47923.0,0,0
25153,23000.0,0.0646,704.51,2,142000.0,1,1,n,29.04,0.0,1.0,17.0,0.0,15712.0,29.0,0,17910.42,17910.42,6332.34,6332.34,5089.58,1242.76,0.0,0.0,0.0,704.51,0.0,1.0,1,0.0,0.0,379582.0,2.0,7.0,4.0,5.0,6.0,75921.0,53.0,3.0,4.0,2204.0,46.0,46800.0,0.0,3.0,2.0,9.0,22328.0,17367.0,29.7,0.0,0.0,53.0,67.0,5.0,5.0,2.0,8.0,5.0,0.0,5.0,8.0,6.0,11.0,13.0,9.0,14.0,8.0,17.0,0.0,0.0,0.0,7.0,100.0,33.3,0.0,0.0,475082.0,91633.0,24700.0,114078.0,0,0
66034,7200.0,0.0819,226.26,2,115000.0,1,1,n,5.17,1.0,1.0,9.0,0.0,3609.0,24.0,0,0.0,0.0,7457.49,7457.49,7200.0,257.49,0.0,0.0,0.0,6555.73,0.0,1.0,0,0.0,0.0,173622.0,2.0,1.0,1.0,1.0,4.0,15647.0,98.0,1.0,2.0,2609.0,28.0,53200.0,1.0,1.0,1.0,3.0,19291.0,39391.0,6.2,0.0,0.0,120.0,154.0,3.0,3.0,5.0,34.0,4.0,0.0,1.0,2.0,4.0,6.0,8.0,7.0,11.0,2.0,9.0,0.0,0.0,0.0,2.0,95.8,0.0,0.0,0.0,232200.0,19256.0,42000.0,16000.0,0,0
45908,11000.0,0.1524,263.08,1,46819.64,1,1,n,15.84,0.0,2.0,9.0,0.0,10911.0,12.0,0,9614.23,9614.23,2884.57,2884.57,1385.77,1498.8,0.0,0.0,0.0,263.08,0.0,1.0,1,0.0,0.0,29335.0,2.0,1.0,1.0,2.0,11.0,18424.0,92.0,4.0,5.0,6242.0,66.0,24800.0,1.0,1.0,3.0,7.0,3259.0,7452.0,50.3,0.0,0.0,29.0,39.0,0.0,0.0,0.0,9.0,0.0,0.0,3.0,5.0,5.0,6.0,3.0,8.0,9.0,5.0,9.0,0.0,0.0,0.0,5.0,100.0,20.0,0.0,0.0,44815.0,29335.0,15000.0,20015.0,0,0
15978,40000.0,0.0646,1225.24,1,140000.0,0,1,n,18.27,0.0,0.0,14.0,0.0,34355.0,28.0,0,29652.74,29652.74,12223.69,12223.69,10347.26,1876.43,0.0,0.0,0.0,1225.24,0.0,1.0,1,0.0,0.0,50356.0,0.0,2.0,0.0,0.0,30.0,16001.0,39.0,0.0,2.0,8004.0,47.0,66000.0,0.0,0.0,1.0,2.0,4196.0,11010.0,70.2,0.0,0.0,147.0,304.0,20.0,20.0,2.0,24.0,1.0,0.0,5.0,9.0,7.0,10.0,9.0,12.0,17.0,9.0,14.0,0.0,0.0,0.0,0.0,96.4,80.0,0.0,0.0,107448.0,50356.0,36900.0,41448.0,0,0
69550,13000.0,0.0819,408.52,3,54000.0,1,1,n,26.91,0.0,2.0,20.0,0.0,13621.0,27.0,0,9015.08,9015.08,4890.41,4890.41,3984.91,905.5,0.0,0.0,0.0,408.52,0.0,1.0,1,0.0,0.0,23907.0,4.0,2.0,2.0,2.0,5.0,10286.0,58.0,5.0,11.0,3154.0,41.0,40300.0,0.0,0.0,2.0,13.0,1195.0,15077.0,39.4,0.0,0.0,127.0,52.0,1.0,1.0,0.0,4.0,4.0,0.0,11.0,16.0,11.0,11.0,8.0,18.0,19.0,16.0,20.0,0.0,0.0,0.0,7.0,100.0,0.0,0.0,0.0,58104.0,23907.0,24900.0,17804.0,0,0
19405,15000.0,0.17739999999999995,378.79,3,40000.0,1,1,n,30.96,0.0,0.0,9.0,0.0,5855.0,15.0,0,13320.9,13320.9,3773.12,3773.12,1679.1,2094.02,0.0,0.0,0.0,378.79,0.0,1.0,0,0.0,197.0,55772.0,2.0,3.0,1.0,1.0,2.0,49917.0,67.0,1.0,2.0,2534.0,64.0,12100.0,2.0,0.0,3.0,3.0,6197.0,3113.0,54.9,0.0,0.0,60.0,67.0,6.0,2.0,0.0,6.0,2.0,0.0,3.0,6.0,3.0,4.0,7.0,6.0,8.0,6.0,9.0,0.0,0.0,0.0,2.0,86.7,0.0,0.0,0.0,86765.0,55772.0,6900.0,74665.0,0,0
11322,40000.0,0.08810000000000001,1268.46,2,110000.0,0,1,n,26.88,0.0,0.0,15.0,0.0,74737.0,26.0,0,30059.55,30059.55,12665.02,12665.02,9940.45,2724.57,0.0,0.0,0.0,1268.46,0.0,1.0,1,0.0,0.0,194010.0,0.0,3.0,0.0,1.0,18.0,44810.0,70.0,1.0,1.0,15943.0,62.0,127300.0,1.0,0.0,0.0,2.0,12934.0,31206.0,59.2,0.0,0.0,124.0,181.0,10.0,10.0,2.0,10.0,18.0,0.0,4.0,9.0,4.0,4.0,7.0,11.0,17.0,9.0,15.0,0.0,0.0,0.0,1.0,100.0,25.0,0.0,0.0,283046.0,119547.0,76500.0,64183.0,0,0
51069,11000.0,0.08810000000000001,348.83,2,130000.0,1,1,n,25.16,0.0,0.0,14.0,0.0,25440.0,22.0,0,7650.02,7650.02,4180.58,4180.58,3349.98,830.6,0.0,0.0,0.0,348.83,0.0,1.0,1,0.0,0.0,69022.0,0.0,5.0,1.0,3.0,10.0,43582.0,63.0,0.0,0.0,11046.0,63.0,40000.0,3.0,0.0,2.0,3.0,4930.0,2504.0,88.8,0.0,0.0,59.0,86.0,26.0,10.0,0.0,56.0,10.0,0.0,2.0,7.0,3.0,6.0,9.0,9.0,13.0,7.0,14.0,0.0,0.0,0.0,1.0,100.0,66.7,0.0,0.0,108861.0,69022.0,22300.0,68861.0,0,0
55709,14300.0,0.2055,383.26,2,85000.0,0,1,n,18.96,0.0,1.0,6.0,0.0,3751.0,18.0,0,12513.19,12513.19,4582.79,4582.79,1786.81,2795.98,0.0,0.0,0.0,383.26,0.0,1.0,1,0.0,0.0,353947.0,1.0,3.0,1.0,2.0,2.0,27926.0,55.0,0.0,0.0,2037.0,58.0,3800.0,2.0,0.0,3.0,2.0,58991.0,49.0,98.7,0.0,0.0,239.0,146.0,26.0,2.0,6.0,26.0,2.0,0.0,2.0,2.0,2.0,2.0,8.0,2.0,4.0,2.0,6.0,0.0,0.0,0.0,1.0,83.3,100.0,0.0,0.0,397470.0,31677.0,3800.0,50519.0,0,0
75339,15000.0,0.08810000000000001,475.68,1,76500.0,1,1,n,9.11,1.0,1.0,10.0,0.0,354.0,16.0,0,10431.8,10431.8,5693.48,5693.48,4568.2,1125.28,0.0,0.0,0.0,475.68,0.0,1.0,1,0.0,1473.0,10701.0,1.0,2.0,0.0,2.0,13.0,10347.0,43.0,2.0,2.0,354.0,28.0,14700.0,1.0,0.0,2.0,4.0,1070.0,7546.0,4.5,0.0,0.0,66.0,68.0,4.0,4.0,0.0,4.0,4.0,0.0,1.0,1.0,5.0,7.0,4.0,8.0,12.0,1.0,10.0,0.0,0.0,0.0,2.0,93.8,0.0,0.0,0.0,38624.0,10701.0,7900.0,23924.0,0,0
73102,5400.0,0.1171,178.62,1,40000.0,0,1,n,18.54,0.0,0.0,7.0,0.0,5543.0,13.0,0,4191.51,4191.51,1782.69,1782.69,1208.49,574.2,0.0,0.0,0.0,178.62,0.0,1.0,1,0.0,0.0,26855.0,1.0,1.0,0.0,1.0,16.0,21312.0,81.0,1.0,2.0,1872.0,58.0,19800.0,2.0,0.0,0.0,3.0,3836.0,11195.0,29.6,0.0,0.0,70.0,66.0,2.0,2.0,0.0,2.0,16.0,1.0,4.0,6.0,4.0,5.0,4.0,6.0,9.0,6.0,7.0,0.0,0.0,0.0,1.0,84.6,25.0,0.0,0.0,46052.0,26855.0,15900.0,26252.0,0,0
25628,5000.0,0.1862,182.33,2,55980.0,1,1,n,17.51,1.0,2.0,21.0,0.0,9536.0,71.0,0,3754.1,3754.1,2000.46,2000.46,1245.9,754.56,0.0,0.0,0.0,182.33,0.0,1.0,1,0.0,834.0,206540.0,3.0,2.0,1.0,4.0,7.0,130070.0,88.0,4.0,4.0,1958.0,59.0,20400.0,4.0,0.0,4.0,8.0,9835.0,2658.0,73.4,0.0,0.0,152.0,257.0,3.0,3.0,1.0,3.0,3.0,4.0,7.0,10.0,8.0,11.0,43.0,18.0,27.0,10.0,21.0,0.0,0.0,1.0,5.0,94.3,75.0,0.0,0.0,221737.0,139606.0,10000.0,116337.0,0,0
5839,15000.0,0.1102,491.23,3,105000.0,0,1,n,21.35,0.0,0.0,6.0,0.0,9692.0,8.0,0,11315.49,11315.49,4903.12,4903.12,3684.51,1218.61,0.0,0.0,0.0,491.23,0.0,1.0,1,0.0,0.0,134040.0,0.0,2.0,1.0,2.0,9.0,83448.0,85.0,0.0,2.0,4887.0,88.0,10300.0,0.0,2.0,7.0,4.0,22340.0,608.0,94.1,0.0,0.0,15.0,124.0,14.0,9.0,1.0,14.0,9.0,0.0,3.0,3.0,3.0,4.0,2.0,3.0,5.0,3.0,6.0,0.0,0.0,0.0,1.0,100.0,66.7,0.0,0.0,185453.0,93140.0,10300.0,92154.0,0,0
12861,17600.0,0.1308,401.18,2,65000.0,0,1,n,24.08,0.0,1.0,6.0,0.0,56295.0,11.0,0,15005.75,15005.75,4400.19,4400.19,2594.25,1805.94,0.0,0.0,0.0,401.18,0.0,1.0,1,0.0,0.0,97033.0,0.0,3.0,0.0,2.0,21.0,40738.0,73.0,0.0,0.0,1433.0,73.0,57900.0,2.0,2.0,2.0,2.0,16172.0,67.0,95.5,0.0,0.0,107.0,55.0,34.0,21.0,0.0,55.0,1.0,0.0,1.0,3.0,1.0,1.0,8.0,3.0,3.0,3.0,6.0,0.0,0.0,0.0,0.0,100.0,100.0,0.0,0.0,113559.0,97033.0,1500.0,55659.0,0,0
26566,35625.0,0.124,1190.08,1,95000.0,1,1,n,20.98,0.0,0.0,6.0,0.0,23334.0,12.0,0,26150.62,26150.62,13066.34,13066.34,9474.38,3591.96,0.0,0.0,0.0,1190.08,0.0,1.0,1,0.0,0.0,38889.0,0.0,2.0,0.0,1.0,18.0,15555.0,46.0,0.0,0.0,5858.0,67.0,24300.0,1.0,3.0,0.0,1.0,6482.0,142.0,97.6,0.0,0.0,116.0,182.0,79.0,18.0,0.0,79.0,18.0,0.0,1.0,4.0,1.0,1.0,6.0,4.0,6.0,4.0,6.0,0.0,0.0,0.0,0.0,100.0,100.0,0.0,0.0,58332.0,38889.0,6000.0,34032.0,0,0
58707,14000.0,0.1102,304.54,1,84000.0,0,1,n,9.0,2.0,2.0,14.0,0.0,4465.0,19.0,0,11773.59,11773.59,3645.91,3645.91,2226.41,1419.5,0.0,0.0,0.0,304.54,0.0,1.0,1,0.0,0.0,271009.0,2.0,2.0,1.0,1.0,4.0,13082.0,53.0,1.0,1.0,2704.0,32.0,31000.0,1.0,0.0,2.0,2.0,19358.0,25935.0,14.7,0.0,0.0,71.0,217.0,3.0,3.0,4.0,3.0,3.0,0.0,5.0,5.0,9.0,10.0,3.0,10.0,12.0,5.0,14.0,0.0,0.0,0.0,2.0,89.5,11.1,0.0,0.0,333787.0,17547.0,30400.0,24518.0,0,0
45159,12800.0,0.08810000000000001,405.91,3,90000.0,0,1,n,20.52,0.0,0.0,8.0,0.0,8143.0,19.0,0,9239.92,9239.92,4458.75,4458.75,3560.08,898.67,0.0,0.0,0.0,405.91,0.0,1.0,1,0.0,5856.0,59920.0,0.0,4.0,0.0,2.0,16.0,51777.0,68.0,0.0,0.0,8134.0,59.0,25600.0,2.0,0.0,0.0,2.0,7490.0,12457.0,39.5,0.0,0.0,136.0,202.0,38.0,16.0,0.0,38.0,16.0,0.0,2.0,2.0,3.0,4.0,12.0,4.0,7.0,2.0,8.0,0.0,0.0,0.0,0.0,100.0,33.3,0.0,0.0,101433.0,59920.0,20600.0,75833.0,0,0
70188,21275.0,0.1308,484.95,2,125000.0,0,1,n,33.05,0.0,0.0,26.0,0.0,67418.0,56.0,0,18131.61,18131.61,5803.94,5803.94,3143.39,2660.55,0.0,0.0,0.0,484.95,0.0,1.0,1,0.0,0.0,130415.0,4.0,4.0,0.0,1.0,16.0,53589.0,62.0,6.0,9.0,17695.0,49.0,163700.0,0.0,5.0,1.0,10.0,5016.0,62322.0,46.6,0.0,0.0,161.0,158.0,3.0,3.0,1.0,3.0,11.0,0.0,7.0,10.0,13.0,16.0,25.0,21.0,30.0,10.0,26.0,0.0,0.0,0.0,6.0,100.0,15.4,0.0,0.0,330456.0,121007.0,116700.0,86006.0,0,0
2526,19125.0,0.16949999999999998,474.8,2,35000.0,0,1,n,44.68,0.0,0.0,12.0,0.0,11771.0,31.0,0,16943.3,16943.3,4729.99,4729.99,2181.7,2548.29,0.0,0.0,0.0,474.8,0.0,1.0,0,0.0,0.0,163129.0,0.0,2.0,0.0,1.0,21.0,38912.0,69.0,1.0,4.0,5182.0,58.0,30700.0,4.0,5.0,0.0,5.0,14830.0,10929.0,51.9,0.0,0.0,133.0,139.0,8.0,8.0,3.0,8.0,21.0,0.0,3.0,3.0,5.0,10.0,8.0,8.0,20.0,3.0,12.0,0.0,0.0,0.0,1.0,100.0,40.0,0.0,0.0,207994.0,50683.0,22700.0,56212.0,0,0
5700,30000.0,0.1308,683.83,1,82000.0,1,1,n,12.97,0.0,1.0,9.0,0.0,11745.0,23.0,0,26251.49,26251.49,6816.5,6816.5,3748.51,3067.99,0.0,0.0,0.0,683.83,0.0,1.0,1,0.0,398.0,30518.0,3.0,2.0,0.0,1.0,14.0,18773.0,78.0,3.0,4.0,9506.0,48.0,39500.0,0.0,3.0,2.0,5.0,3391.0,26355.0,30.8,0.0,0.0,98.0,136.0,2.0,2.0,0.0,3.0,3.0,1.0,3.0,3.0,5.0,7.0,9.0,7.0,14.0,3.0,9.0,0.0,0.0,0.0,3.0,95.7,0.0,0.0,0.0,63543.0,30518.0,38100.0,24043.0,0,0
69094,6000.0,0.16949999999999998,148.96,1,50000.0,0,1,n,28.59,0.0,1.0,24.0,0.0,3066.0,41.0,0,5166.71,5166.71,1776.22,1776.22,833.29,942.93,0.0,0.0,0.0,148.96,0.0,1.0,1,0.0,0.0,86659.0,1.0,16.0,1.0,3.0,6.0,83593.0,93.0,3.0,3.0,1120.0,81.0,17400.0,2.0,0.0,5.0,6.0,3611.0,6547.0,21.1,0.0,0.0,76.0,67.0,7.0,6.0,0.0,11.0,0.0,0.0,3.0,7.0,3.0,3.0,32.0,8.0,9.0,7.0,24.0,0.0,0.0,0.0,4.0,100.0,0.0,0.0,0.0,107598.0,86659.0,8300.0,90198.0,0,0
59345,4000.0,0.1862,145.86,2,250000.0,0,1,n,18.6,0.0,0.0,18.0,0.0,66131.0,38.0,0,0.0,0.0,4257.05,4257.05,4000.0,257.05,0.0,0.0,0.0,3823.61,0.0,1.0,1,0.0,0.0,909763.0,0.0,5.0,0.0,2.0,13.0,28130.0,50.0,1.0,1.0,18272.0,68.0,82500.0,1.0,3.0,3.0,3.0,50542.0,3100.0,94.6,0.0,0.0,78.0,426.0,7.0,7.0,6.0,7.0,2.0,0.0,5.0,10.0,5.0,11.0,10.0,10.0,20.0,10.0,18.0,0.0,0.0,0.0,1.0,92.1,80.0,0.0,0.0,1042448.0,131033.0,57000.0,56046.0,0,0
18634,15000.0,0.0702,463.3,2,41600.0,0,1,n,34.28,0.0,0.0,15.0,0.0,5023.0,20.0,0,11144.08,11144.08,4627.15,4627.15,3855.92,771.23,0.0,0.0,0.0,463.3,0.0,1.0,0,0.0,0.0,141026.0,2.0,3.0,2.0,3.0,4.0,14847.0,33.0,1.0,1.0,2212.0,22.0,47500.0,1.0,0.0,1.0,5.0,9402.0,25521.0,13.8,0.0,0.0,70.0,105.0,2.0,2.0,1.0,43.0,9.0,0.0,5.0,7.0,7.0,8.0,7.0,11.0,12.0,7.0,15.0,0.0,0.0,0.0,3.0,100.0,0.0,0.0,0.0,215644.0,19870.0,29600.0,44644.0,0,0
46393,8000.0,0.1102,261.99,1,36500.0,0,1,n,17.4,0.0,1.0,5.0,1.0,8109.0,7.0,0,5580.43,5580.43,3134.08,3134.08,2419.57,714.51,0.0,0.0,0.0,261.99,0.0,1.0,1,0.0,0.0,15170.0,1.0,1.0,1.0,2.0,7.0,7061.0,88.0,1.0,2.0,3478.0,62.0,16500.0,1.0,0.0,2.0,4.0,3034.0,8204.0,47.1,0.0,0.0,26.0,38.0,2.0,2.0,0.0,18.0,3.0,0.0,3.0,4.0,3.0,3.0,3.0,4.0,4.0,4.0,5.0,0.0,0.0,0.0,2.0,100.0,33.3,1.0,0.0,24500.0,15170.0,15500.0,8000.0,0,0
70244,5500.0,0.1033,178.33,2,55000.0,1,1,n,12.66,0.0,0.0,13.0,0.0,5921.0,18.0,0,3851.59,3851.59,2136.8,2136.8,1648.41,488.39,0.0,0.0,0.0,178.33,0.0,1.0,1,0.0,0.0,176276.0,1.0,1.0,0.0,1.0,20.0,9677.0,69.0,3.0,9.0,1701.0,46.0,19900.0,5.0,0.0,1.0,13.0,13560.0,9049.0,27.0,0.0,0.0,47.0,29.0,6.0,6.0,2.0,7.0,10.0,0.0,3.0,5.0,6.0,7.0,4.0,10.0,11.0,5.0,13.0,0.0,0.0,0.0,5.0,100.0,0.0,0.0,0.0,196043.0,15743.0,12400.0,13937.0,0,0
39522,16800.0,0.2305,650.77,2,85000.0,0,1,n,29.14,0.0,0.0,17.0,0.0,16928.0,31.0,0,15822.39,15822.39,4507.13,4507.13,977.61,3529.52,0.0,0.0,0.0,650.77,0.0,1.0,1,0.0,0.0,88166.0,7.0,6.0,8.0,8.0,1.0,71238.0,99.0,0.0,2.0,5240.0,87.0,29700.0,4.0,14.0,3.0,11.0,5186.0,9488.0,56.3,0.0,0.0,135.0,194.0,18.0,1.0,1.0,19.0,3.0,0.0,8.0,10.0,9.0,10.0,15.0,11.0,13.0,10.0,17.0,0.0,0.0,0.0,8.0,100.0,22.2,0.0,0.0,101881.0,88166.0,21700.0,72181.0,0,0
51558,15950.0,0.1308,363.57,2,56000.0,0,1,n,30.82,1.0,1.0,13.0,0.0,17289.0,20.0,0,13531.86,13531.86,4351.25,4351.25,2418.14,1933.11,0.0,0.0,0.0,363.57,0.0,1.0,1,0.0,0.0,168692.0,1.0,2.0,0.0,1.0,16.0,19781.0,47.0,1.0,1.0,4550.0,51.0,30300.0,1.0,0.0,1.0,2.0,12976.0,8743.0,56.9,0.0,0.0,133.0,194.0,4.0,4.0,1.0,74.0,4.0,0.0,5.0,10.0,5.0,6.0,6.0,10.0,13.0,10.0,13.0,0.0,0.0,0.0,1.0,89.5,20.0,0.0,0.0,217079.0,37070.0,20300.0,42442.0,0,0
8006,29450.0,0.1102,640.61,1,76542.0,0,1,n,15.49,1.0,0.0,14.0,0.0,8303.0,20.0,0,25591.62,25591.62,6370.04,6370.04,3858.38,2511.66,0.0,0.0,0.0,640.61,0.0,1.0,1,0.0,0.0,41093.0,0.0,2.0,1.0,3.0,11.0,32194.0,79.0,0.0,0.0,3618.0,49.0,41700.0,1.0,0.0,3.0,3.0,2935.0,30497.0,21.4,0.0,0.0,85.0,85.0,36.0,11.0,0.0,36.0,1.0,1.0,6.0,6.0,9.0,10.0,6.0,11.0,13.0,6.0,14.0,0.0,0.0,1.0,1.0,95.0,0.0,0.0,0.0,83331.0,41093.0,38800.0,41035.0,0,0
71830,24000.0,0.2565,713.61,2,130000.0,0,1,n,34.6,0.0,0.0,13.0,1.0,39707.0,42.0,0,21288.51,21288.51,8529.12,8529.12,2711.49,5817.63,0.0,0.0,0.0,713.61,0.0,1.0,1,0.0,0.0,320528.0,2.0,5.0,3.0,6.0,6.0,111290.0,53.0,1.0,4.0,4631.0,63.0,53600.0,2.0,13.0,1.0,11.0,24656.0,9544.0,34.6,0.0,0.0,145.0,302.0,6.0,6.0,2.0,6.0,12.0,0.0,2.0,4.0,4.0,6.0,25.0,7.0,14.0,4.0,13.0,0.0,0.0,0.0,4.0,100.0,25.0,1.0,0.0,372215.0,150997.0,14600.0,145415.0,0,0
49958,5000.0,0.08810000000000001,158.56,1,43000.0,0,1,n,19.15,0.0,1.0,10.0,0.0,5136.0,15.0,0,3477.26,3477.26,1900.27,1900.27,1522.74,377.53,0.0,0.0,0.0,158.56,0.0,1.0,1,0.0,0.0,22646.0,2.0,1.0,0.0,1.0,20.0,17510.0,79.0,5.0,5.0,1327.0,55.0,19100.0,5.0,3.0,3.0,6.0,2265.0,10056.0,27.1,0.0,0.0,55.0,75.0,4.0,4.0,0.0,4.0,4.0,0.0,7.0,9.0,7.0,8.0,3.0,9.0,12.0,9.0,10.0,0.0,0.0,0.0,5.0,100.0,0.0,0.0,0.0,41402.0,22646.0,13800.0,22302.0,0,0
52318,25475.0,0.0756,793.14,1,200000.0,1,1,n,11.07,0.0,0.0,16.0,0.0,27373.0,23.0,0,0.0,0.0,25948.65,25948.65,25475.0,473.65,0.0,0.0,0.0,24373.07,0.0,1.0,1,0.0,0.0,566695.0,1.0,3.0,1.0,1.0,12.0,68232.0,68.0,0.0,2.0,10997.0,46.0,79000.0,2.0,1.0,3.0,5.0,40478.0,47498.0,35.6,0.0,0.0,162.0,159.0,15.0,5.0,5.0,26.0,5.0,0.0,6.0,8.0,7.0,7.0,4.0,11.0,13.0,8.0,16.0,0.0,0.0,0.0,2.0,100.0,0.0,0.0,0.0,635540.0,95605.0,73700.0,75667.0,0,0
26501,8375.0,0.0646,256.54,2,48000.0,0,1,n,14.23,0.0,0.0,9.0,0.0,8174.0,16.0,0,5985.37,5985.37,2818.93,2818.93,2389.63,429.3,0.0,0.0,0.0,256.54,0.0,1.0,1,0.0,0.0,212085.0,0.0,1.0,1.0,1.0,12.0,7842.0,71.0,1.0,2.0,5041.0,31.0,40600.0,1.0,5.0,1.0,3.0,26511.0,24476.0,23.3,0.0,0.0,170.0,153.0,8.0,8.0,1.0,8.0,12.0,0.0,4.0,5.0,6.0,7.0,5.0,7.0,10.0,5.0,9.0,0.0,0.0,0.0,2.0,92.9,0.0,0.0,0.0,257796.0,16016.0,31900.0,11000.0,0,0
34160,15000.0,0.16949999999999998,372.39,0,120000.0,1,1,n,25.6,1.0,0.0,11.0,0.0,7651.0,25.0,0,13104.2,13104.2,4060.98,4060.98,1895.8,2165.18,0.0,0.0,0.0,372.39,0.0,1.0,1,0.0,344.0,178170.0,0.0,2.0,1.0,2.0,7.0,55690.0,56.0,1.0,2.0,4495.0,36.0,39600.0,5.0,0.0,4.0,4.0,16197.0,30049.0,20.3,0.0,0.0,169.0,287.0,11.0,7.0,4.0,11.0,2.0,7.0,3.0,3.0,5.0,6.0,9.0,7.0,12.0,3.0,11.0,0.0,0.0,0.0,2.0,56.0,40.0,0.0,0.0,359606.0,63341.0,37700.0,73006.0,0,0
72735,20000.0,0.1171,661.52,1,36400.0,0,1,n,30.73,0.0,0.0,7.0,0.0,6345.0,7.0,0,15524.47,15524.47,6602.19,6602.19,4475.53,2126.66,0.0,0.0,0.0,661.52,0.0,1.0,0,0.0,0.0,25442.0,0.0,2.0,0.0,2.0,15.0,19097.0,77.0,0.0,1.0,3165.0,70.0,11600.0,4.0,0.0,0.0,3.0,3635.0,5255.0,54.7,0.0,0.0,19.0,69.0,22.0,15.0,0.0,22.0,15.0,0.0,4.0,4.0,5.0,5.0,2.0,5.0,5.0,4.0,7.0,0.0,0.0,0.0,0.0,100.0,20.0,0.0,0.0,36397.0,25442.0,11600.0,24797.0,0,0
72899,8500.0,0.0756,264.64,1,53768.0,0,1,n,10.45,0.0,1.0,6.0,0.0,8247.0,8.0,0,5894.49,5894.49,3172.11,3172.11,2605.51,566.6,0.0,0.0,0.0,264.64,0.0,1.0,1,0.0,0.0,18133.0,0.0,1.0,0.0,1.0,14.0,9886.0,87.0,1.0,2.0,4536.0,76.0,12400.0,0.0,0.0,1.0,3.0,3022.0,2153.0,79.3,0.0,0.0,45.0,175.0,12.0,12.0,0.0,12.0,2.0,1.0,4.0,4.0,4.0,4.0,2.0,5.0,6.0,4.0,6.0,0.0,0.0,0.0,1.0,85.7,75.0,0.0,0.0,23800.0,18133.0,10400.0,11400.0,0,0
33862,40000.0,0.124,897.89,2,113036.0,1,1,n,16.88,6.0,3.0,11.0,0.0,27756.0,40.0,0,34385.77,34385.77,9807.9,9807.9,5614.23,4193.67,0.0,0.0,0.0,897.89,0.0,1.0,1,0.0,0.0,117873.0,0.0,2.0,0.0,0.0,29.0,25118.0,71.0,1.0,3.0,11064.0,54.0,63000.0,0.0,5.0,3.0,3.0,10716.0,20594.0,46.5,0.0,0.0,175.0,328.0,8.0,8.0,2.0,25.0,0.0,0.0,3.0,6.0,4.0,17.0,6.0,8.0,32.0,6.0,11.0,0.0,0.0,1.0,1.0,85.0,0.0,0.0,0.0,219100.0,52874.0,38500.0,35600.0,0,0
28152,35000.0,0.16949999999999998,868.9,2,102500.0,0,1,n,13.8,0.0,0.0,6.0,1.0,27703.0,20.0,0,31007.5,31007.5,8623.08,8623.08,3992.5,4630.58,0.0,0.0,0.0,0.0,0.0,1.0,1,0.0,0.0,441114.0,2.0,2.0,1.0,2.0,4.0,15988.0,59.0,0.0,1.0,17615.0,75.0,31200.0,0.0,0.0,1.0,4.0,73519.0,636.0,97.4,0.0,0.0,162.0,142.0,15.0,4.0,1.0,15.0,7.0,0.0,2.0,3.0,2.0,6.0,9.0,3.0,10.0,3.0,6.0,0.0,0.0,0.0,2.0,100.0,100.0,1.0,0.0,456874.0,43691.0,24500.0,26967.0,1,0
26387,10625.0,0.08810000000000001,336.94,3,109000.0,0,1,n,21.24,0.0,0.0,12.0,0.0,6303.0,26.0,0,7669.82,7669.82,3701.14,3701.14,2955.18,745.96,0.0,0.0,0.0,336.94,0.0,1.0,1,0.0,214.0,46370.0,5.0,3.0,0.0,2.0,16.0,30240.0,56.0,5.0,6.0,3723.0,53.0,21600.0,1.0,0.0,0.0,9.0,3864.0,397.0,91.7,0.0,0.0,152.0,357.0,2.0,2.0,5.0,19.0,16.0,1.0,2.0,6.0,2.0,4.0,8.0,8.0,12.0,6.0,12.0,0.0,0.0,0.0,5.0,76.9,100.0,0.0,0.0,88107.0,46370.0,4800.0,54477.0,0,0
3063,16000.0,0.0702,494.18,3,40000.0,1,1,n,16.5,0.0,0.0,8.0,0.0,257.0,12.0,0,14780.22,14780.22,2157.68,2157.68,1219.78,937.9,0.0,0.0,0.0,494.18,0.0,1.0,1,0.0,0.0,10462.0,0.0,2.0,2.0,3.0,7.0,10205.0,64.0,0.0,0.0,0.0,33.0,16000.0,1.0,0.0,1.0,3.0,1308.0,9900.0,0.0,0.0,0.0,41.0,205.0,35.0,7.0,0.0,40.0,7.0,0.0,0.0,1.0,3.0,4.0,4.0,6.0,8.0,1.0,8.0,0.0,0.0,0.0,2.0,100.0,0.0,0.0,0.0,32000.0,10462.0,9900.0,16000.0,0,0
30146,20000.0,0.0646,612.62,3,120000.0,0,1,n,19.25,0.0,0.0,12.0,0.0,24676.0,18.0,0,14293.56,14293.56,6731.64,6731.64,5706.44,1025.2,0.0,0.0,0.0,612.62,0.0,1.0,1,0.0,0.0,293317.0,0.0,3.0,1.0,1.0,8.0,12224.0,24.0,0.0,0.0,8995.0,28.0,79200.0,1.0,0.0,2.0,1.0,24443.0,48024.0,33.9,0.0,0.0,35.0,105.0,47.0,8.0,1.0,47.0,8.0,0.0,6.0,6.0,7.0,8.0,4.0,8.0,11.0,6.0,12.0,0.0,0.0,0.0,1.0,100.0,14.3,0.0,0.0,400475.0,36900.0,72700.0,51000.0,0,0
67718,13000.0,0.1612,316.97,1,60000.0,1,1,n,15.36,0.0,1.0,15.0,0.0,12095.0,26.0,0,10046.89,10046.89,4746.42,4746.42,2953.11,1793.31,0.0,0.0,0.0,316.97,0.0,1.0,1,0.0,0.0,95538.0,3.0,11.0,1.0,1.0,5.0,83443.0,114.0,2.0,2.0,9621.0,88.0,35300.0,1.0,0.0,1.0,3.0,6369.0,23205.0,34.3,0.0,0.0,175.0,168.0,5.0,5.0,0.0,5.0,5.0,1.0,3.0,3.0,4.0,4.0,21.0,4.0,4.0,3.0,15.0,0.0,0.0,0.0,3.0,95.7,50.0,0.0,0.0,108688.0,95538.0,35300.0,73388.0,0,0
42386,18000.0,0.0819,565.64,2,120000.0,1,1,n,11.01,0.0,0.0,11.0,0.0,19081.0,15.0,0,14199.67,14199.67,5082.57,5082.57,3800.33,1282.24,0.0,0.0,0.0,565.64,0.0,1.0,0,0.0,0.0,470987.0,0.0,1.0,0.0,1.0,13.0,11496.0,72.0,0.0,1.0,4447.0,56.0,38200.0,1.0,0.0,1.0,3.0,42817.0,12634.0,59.8,0.0,0.0,13.0,124.0,24.0,13.0,2.0,24.0,7.0,0.0,6.0,7.0,8.0,11.0,1.0,9.0,12.0,7.0,11.0,0.0,0.0,0.0,0.0,100.0,50.0,0.0,0.0,509989.0,30577.0,31400.0,16000.0,0,0
14355,23500.0,0.08810000000000001,485.66,2,141800.0,1,1,n,19.03,0.0,0.0,12.0,1.0,33742.0,17.0,0,20263.19,20263.19,4833.6,4833.6,3236.81,1596.79,0.0,0.0,0.0,485.66,0.0,1.0,1,0.0,0.0,98792.0,0.0,6.0,1.0,1.0,7.0,65050.0,62.0,0.0,0.0,12438.0,75.0,40700.0,2.0,4.0,3.0,1.0,8981.0,747.0,97.1,0.0,0.0,159.0,285.0,46.0,7.0,0.0,46.0,7.0,0.0,3.0,5.0,4.0,4.0,11.0,6.0,6.0,5.0,12.0,0.0,0.0,0.0,1.0,88.2,100.0,1.0,0.0,117967.0,98792.0,25700.0,77267.0,0,0
4013,9000.0,0.28800000000000003,376.18,2,45000.0,0,1,n,13.84,2.0,2.0,5.0,0.0,58.0,23.0,0,0.0,0.0,9906.72,9906.72,9000.0,906.72,0.0,0.0,0.0,8806.98,0.0,1.0,0,0.0,0.0,342233.0,1.0,0.0,0.0,2.0,14.0,17295.0,72.0,0.0,1.0,58.0,67.0,1700.0,6.0,1.0,4.0,4.0,68447.0,942.0,5.8,0.0,0.0,128.0,109.0,14.0,6.0,2.0,14.0,2.0,1.0,1.0,1.0,2.0,3.0,14.0,3.0,7.0,1.0,5.0,0.0,0.0,0.0,1.0,73.9,0.0,0.0,0.0,352839.0,17353.0,1000.0,24139.0,0,0
62117,7850.0,0.0646,240.46,2,81000.0,0,1,n,15.14,0.0,0.0,9.0,1.0,11742.0,15.0,0,5399.89,5399.89,2878.48,2878.48,2450.11,428.37,0.0,0.0,0.0,240.46,0.0,1.0,1,0.0,0.0,368306.0,0.0,2.0,0.0,1.0,21.0,21036.0,46.0,0.0,2.0,10302.0,33.0,54600.0,4.0,0.0,0.0,3.0,40923.0,42858.0,21.5,0.0,0.0,94.0,186.0,14.0,14.0,2.0,14.0,16.0,0.0,3.0,3.0,6.0,8.0,3.0,6.0,10.0,3.0,9.0,0.0,0.0,0.0,0.0,100.0,0.0,1.0,0.0,463093.0,32778.0,54600.0,46168.0,0,0
64044,31900.0,0.1102,1044.67,1,165000.0,0,1,n,9.24,0.0,4.0,24.0,0.0,28020.0,28.0,0,21268.38,21268.38,13559.22,13559.22,10631.62,2927.6,0.0,0.0,0.0,1044.67,0.0,1.0,1,0.0,0.0,42772.0,5.0,1.0,1.0,2.0,6.0,14752.0,49.0,4.0,8.0,10426.0,27.0,129200.0,2.0,0.0,6.0,11.0,1944.0,89150.0,23.6,0.0,0.0,16.0,288.0,0.0,0.0,0.0,0.0,0.0,0.0,5.0,6.0,18.0,19.0,2.0,22.0,24.0,6.0,24.0,0.0,0.0,0.0,5.0,100.0,12.5,0.0,0.0,161228.0,42772.0,116700.0,30000.0,0,0
74685,14500.0,0.0756,451.44,1,70000.0,1,1,n,14.28,0.0,0.0,15.0,1.0,15490.0,25.0,0,10026.0,10026.0,5405.1,5405.1,4474.0,931.1,0.0,0.0,0.0,451.44,0.0,1.0,1,0.0,0.0,17569.0,2.0,1.0,0.0,0.0,33.0,2079.0,15.0,4.0,4.0,4285.0,24.0,59700.0,0.0,0.0,1.0,4.0,1171.0,25146.0,36.3,0.0,0.0,153.0,138.0,4.0,4.0,0.0,4.0,8.0,0.0,6.0,8.0,7.0,8.0,7.0,14.0,18.0,8.0,15.0,0.0,0.0,0.0,4.0,100.0,0.0,1.0,0.0,73215.0,17569.0,39500.0,13515.0,0,0
18525,31725.0,0.1308,723.15,2,95000.0,1,1,n,23.07,0.0,0.0,23.0,0.0,18242.0,63.0,0,0.0,0.0,34948.93,34948.93,31725.0,3223.93,0.0,0.0,0.0,29186.78,0.0,1.0,1,0.0,0.0,174805.0,3.0,4.0,2.0,4.0,2.0,85828.0,89.0,1.0,3.0,5223.0,61.0,75500.0,2.0,0.0,0.0,7.0,7600.0,37022.0,14.3,0.0,0.0,162.0,186.0,4.0,2.0,2.0,18.0,18.0,0.0,4.0,9.0,10.0,11.0,36.0,18.0,25.0,9.0,23.0,0.0,0.0,0.0,3.0,100.0,10.0,0.0,0.0,288568.0,104070.0,43200.0,96233.0,0,0
76992,21275.0,0.2305,824.11,1,100000.0,1,1,n,8.83,0.0,0.0,13.0,0.0,9278.0,21.0,0,15727.66,15727.66,9834.83,9834.83,5547.34,4287.49,0.0,0.0,0.0,824.11,0.0,1.0,1,0.0,53.0,15495.0,0.0,1.0,0.0,0.0,25.0,6217.0,33.0,2.0,9.0,6364.0,21.0,54900.0,0.0,0.0,2.0,9.0,1192.0,42622.0,17.9,0.0,0.0,145.0,282.0,9.0,9.0,0.0,9.0,1.0,1.0,4.0,4.0,11.0,15.0,3.0,12.0,18.0,4.0,13.0,0.0,0.0,0.0,2.0,95.0,9.1,0.0,0.0,73551.0,15495.0,51900.0,18651.0,0,0
50023,19250.0,0.2565,772.01,1,70000.0,1,1,n,21.64,0.0,1.0,16.0,0.0,26047.0,20.0,0,0.0,0.0,20080.07,20080.07,19250.0,830.07,0.0,0.0,0.0,1.89,0.0,1.0,1,0.0,0.0,49946.0,1.0,4.0,2.0,3.0,4.0,23899.0,83.0,0.0,6.0,10385.0,56.0,60300.0,1.0,0.0,2.0,9.0,3122.0,33713.0,41.8,0.0,0.0,133.0,77.0,16.0,4.0,0.0,16.0,0.0,0.0,7.0,8.0,11.0,12.0,7.0,12.0,13.0,8.0,16.0,0.0,0.0,0.0,2.0,100.0,36.4,0.0,0.0,89217.0,49946.0,57900.0,28917.0,0,0
43830,9000.0,0.1524,215.25,2,110000.0,0,1,n,14.61,0.0,2.0,26.0,1.0,8107.0,48.0,0,4854.83,4854.83,5136.62,5136.62,4145.17,991.45,0.0,0.0,0.0,415.25,0.0,1.0,1,0.0,150.0,322508.0,6.0,3.0,1.0,5.0,1.0,58063.0,86.0,7.0,12.0,1129.0,38.0,105000.0,5.0,5.0,4.0,18.0,12404.0,34820.0,5.4,0.0,0.0,246.0,312.0,3.0,1.0,2.0,3.0,2.0,0.0,3.0,7.0,8.0,13.0,13.0,22.0,33.0,7.0,26.0,0.0,0.0,0.0,8.0,100.0,0.0,1.0,0.0,436729.0,66170.0,36800.0,67179.0,0,0
55516,6600.0,0.1524,229.57,2,54000.0,1,1,n,8.02,1.0,0.0,8.0,1.0,6657.0,23.0,0,0.0,0.0,6746.54,6746.54,6600.0,146.54,0.0,0.0,0.0,6752.13,0.0,1.0,1,0.0,0.0,194106.0,0.0,1.0,1.0,3.0,7.0,5046.0,96.0,2.0,2.0,6657.0,31.0,32000.0,3.0,1.0,3.0,7.0,24263.0,8643.0,43.5,0.0,0.0,154.0,110.0,7.0,7.0,3.0,7.0,2.0,0.0,1.0,1.0,2.0,4.0,10.0,6.0,10.0,1.0,8.0,0.0,0.0,0.0,5.0,95.7,0.0,1.0,0.0,221502.0,11703.0,15300.0,5263.0,0,0
41861,11000.0,0.0756,342.48,3,58000.0,0,1,n,15.5,0.0,0.0,10.0,0.0,14292.0,14.0,0,7898.55,7898.55,3758.04,3758.04,3101.45,656.59,0.0,0.0,0.0,342.48,0.0,1.0,1,0.0,0.0,21152.0,0.0,1.0,0.0,1.0,14.0,6860.0,69.0,2.0,2.0,4987.0,36.0,48400.0,2.0,0.0,1.0,3.0,2350.0,18444.0,35.3,0.0,0.0,112.0,125.0,11.0,11.0,0.0,11.0,12.0,0.0,3.0,7.0,4.0,4.0,3.0,9.0,11.0,7.0,10.0,0.0,0.0,0.0,2.0,100.0,0.0,0.0,0.0,58400.0,21152.0,28500.0,10000.0,0,0
38579,5500.0,0.08810000000000001,174.42,2,40000.0,0,1,n,29.43,0.0,0.0,13.0,0.0,4914.0,17.0,0,3978.91,3978.91,1915.93,1915.93,1521.09,394.84,0.0,0.0,0.0,174.42,0.0,1.0,1,0.0,2118.0,126484.0,0.0,3.0,0.0,1.0,18.0,8648.0,27.0,0.0,2.0,2041.0,25.0,22200.0,1.0,0.0,0.0,3.0,9730.0,5045.0,42.7,0.0,0.0,126.0,265.0,15.0,15.0,1.0,40.0,15.0,0.0,2.0,7.0,3.0,6.0,4.0,9.0,12.0,7.0,13.0,0.0,0.0,0.0,0.0,100.0,0.0,0.0,0.0,171969.0,13562.0,8800.0,32093.0,0,0
36665,4000.0,0.1033,129.69,1,61000.0,0,1,n,35.1,0.0,0.0,18.0,0.0,11679.0,32.0,1,2905.89,2905.89,1424.29,1424.29,1094.11,330.18,0.0,0.0,0.0,129.69,0.0,1.0,1,0.0,0.0,62787.0,1.0,4.0,2.0,3.0,5.0,51108.0,83.0,0.0,1.0,5045.0,49.0,47700.0,2.0,1.0,1.0,4.0,3488.0,30836.0,27.1,0.0,0.0,103.0,134.0,20.0,5.0,0.0,20.0,10.0,0.0,8.0,9.0,10.0,16.0,9.0,14.0,23.0,9.0,18.0,0.0,0.0,0.0,2.0,100.0,0.0,0.0,0.0,116115.0,62787.0,42300.0,68415.0,0,0
45559,5000.0,0.2055,187.23,2,35000.0,1,1,n,20.71,2.0,1.0,13.0,1.0,4926.0,21.0,0,3832.29,3832.29,2053.82,2053.82,1167.71,886.11,0.0,0.0,0.0,187.23,0.0,1.0,1,0.0,0.0,14472.0,1.0,1.0,2.0,2.0,3.0,9546.0,96.0,0.0,2.0,1189.0,23.0,53900.0,2.0,0.0,2.0,4.0,1113.0,27287.0,9.3,0.0,0.0,186.0,90.0,19.0,3.0,0.0,19.0,3.0,0.0,3.0,6.0,5.0,8.0,5.0,12.0,16.0,6.0,13.0,0.0,0.0,0.0,2.0,90.5,0.0,1.0,0.0,63900.0,14472.0,30100.0,10000.0,0,0
72663,1800.0,0.1524,62.61,2,36000.0,1,1,n,17.47,0.0,0.0,4.0,0.0,5273.0,6.0,0,1288.23,1288.23,749.8,749.8,511.77,238.03,0.0,0.0,0.0,62.61,0.0,1.0,1,0.0,671.0,72564.0,0.0,1.0,0.0,1.0,20.0,5095.0,54.0,1.0,1.0,1945.0,43.0,15000.0,0.0,0.0,2.0,3.0,18141.0,3055.0,38.9,0.0,0.0,161.0,46.0,9.0,9.0,1.0,46.0,11.0,0.0,1.0,2.0,1.0,1.0,3.0,2.0,2.0,2.0,4.0,0.0,0.0,0.0,2.0,100.0,0.0,0.0,0.0,87443.0,10368.0,5000.0,9393.0,0,0
63343,6000.0,0.0819,188.55,2,180000.0,0,1,n,5.55,0.0,2.0,9.0,0.0,1788.0,19.0,0,0.0,0.0,6274.25,6274.25,6000.0,274.25,0.0,0.0,0.0,5334.23,0.0,1.0,1,0.0,1005.0,41871.0,3.0,2.0,2.0,3.0,4.0,40083.0,93.0,1.0,3.0,626.0,27.0,14800.0,4.0,3.0,2.0,6.0,4652.0,9248.0,7.5,0.0,0.0,96.0,141.0,6.0,4.0,0.0,19.0,4.0,6.0,2.0,4.0,4.0,8.0,5.0,7.0,14.0,4.0,9.0,0.0,0.0,0.0,3.0,66.7,0.0,0.0,0.0,56199.0,41871.0,10000.0,41399.0,0,0
17414,14700.0,0.08810000000000001,466.16,2,564000.0,1,1,n,9.64,0.0,1.0,15.0,0.0,120120.0,30.0,0,8927.97,8927.97,6654.41,6654.41,5772.03,882.38,0.0,0.0,0.0,466.16,0.0,1.0,1,0.0,0.0,515543.0,2.0,6.0,2.0,4.0,5.0,147996.0,71.0,1.0,1.0,21048.0,71.0,149400.0,1.0,7.0,1.0,5.0,34370.0,21792.0,67.8,0.0,0.0,163.0,238.0,3.0,3.0,3.0,3.0,3.0,0.0,4.0,7.0,4.0,5.0,16.0,7.0,11.0,7.0,15.0,0.0,0.0,0.0,3.0,100.0,25.0,0.0,0.0,624106.0,268116.0,67700.0,182206.0,0,0
56410,12000.0,0.2055,321.62,1,60000.0,0,1,n,16.66,1.0,0.0,10.0,1.0,6391.0,25.0,0,11066.42,11066.42,3202.5,3202.5,933.58,2268.92,0.0,0.0,0.0,321.62,0.0,1.0,1,0.0,0.0,28003.0,0.0,2.0,1.0,1.0,12.0,21612.0,83.0,0.0,2.0,1423.0,78.0,10100.0,2.0,2.0,3.0,3.0,2800.0,1216.0,69.6,0.0,0.0,123.0,187.0,16.0,12.0,1.0,27.0,2.0,0.0,2.0,6.0,2.0,7.0,6.0,8.0,18.0,6.0,10.0,0.0,0.0,0.0,1.0,90.5,50.0,1.0,0.0,36104.0,28003.0,4000.0,26004.0,0,0
18202,32000.0,0.1102,696.08,2,90000.0,1,1,n,30.37,0.0,1.0,25.0,0.0,6321.0,33.0,0,27807.52,27807.52,6941.21,6941.21,4192.48,2748.73,0.0,0.0,0.0,696.08,0.0,1.0,1,0.0,0.0,298895.0,2.0,12.0,2.0,5.0,6.0,95097.0,82.0,1.0,2.0,3711.0,53.0,76000.0,2.0,1.0,6.0,8.0,11956.0,64070.0,8.5,0.0,0.0,87.0,84.0,11.0,4.0,3.0,11.0,5.0,0.0,6.0,7.0,10.0,11.0,16.0,12.0,14.0,7.0,25.0,0.0,0.0,0.0,4.0,100.0,0.0,0.0,0.0,391450.0,101418.0,70000.0,116250.0,0,0
3139,29775.0,0.17739999999999995,751.89,2,58000.0,1,1,n,33.13,0.0,1.0,14.0,0.0,49439.0,18.0,0,26460.51,26460.51,7560.21,7560.21,3314.49,4245.72,0.0,0.0,0.0,751.89,0.0,1.0,1,0.0,0.0,190418.0,1.0,1.0,0.0,0.0,28.0,5090.0,28.0,2.0,3.0,13316.0,53.0,85600.0,0.0,0.0,2.0,4.0,13601.0,26924.0,63.4,0.0,0.0,48.0,160.0,6.0,6.0,1.0,6.0,4.0,0.0,9.0,10.0,9.0,11.0,2.0,12.0,15.0,10.0,14.0,0.0,0.0,0.0,2.0,100.0,33.3,0.0,0.0,243600.0,54529.0,73500.0,18000.0,0,0
51587,19125.0,0.1171,632.58,1,60000.0,0,1,n,35.26,0.0,0.0,12.0,0.0,21980.0,24.0,0,13462.97,13462.97,7578.52,7578.52,5662.03,1916.49,0.0,0.0,0.0,632.58,0.0,1.0,1,0.0,0.0,54519.0,1.0,7.0,0.0,1.0,19.0,32539.0,55.0,1.0,1.0,9875.0,63.0,27300.0,1.0,2.0,0.0,2.0,4543.0,3412.0,86.5,0.0,0.0,150.0,254.0,4.0,4.0,0.0,4.0,19.0,0.0,3.0,4.0,4.0,5.0,13.0,5.0,9.0,4.0,12.0,0.0,0.0,0.0,1.0,95.8,50.0,0.0,0.0,86537.0,54519.0,25300.0,59237.0,0,0
199,25600.0,0.1102,556.87,2,185000.0,1,1,n,9.67,0.0,1.0,13.0,0.0,16485.0,27.0,0,22595.32,22595.32,4996.16,4996.16,3004.68,1991.48,0.0,0.0,0.0,0.0,0.0,1.0,1,0.0,0.0,277528.0,1.0,2.0,2.0,3.0,3.0,56607.0,79.0,0.0,1.0,8529.0,33.0,63600.0,0.0,6.0,2.0,4.0,30836.0,47115.0,25.9,0.0,0.0,126.0,220.0,16.0,3.0,4.0,16.0,1.0,0.0,4.0,4.0,10.0,16.0,6.0,10.0,17.0,4.0,13.0,0.0,0.0,0.0,2.0,96.3,16.7,0.0,0.0,336635.0,73092.0,63600.0,58984.0,0,0
33368,11000.0,0.0702,339.75,2,90000.0,1,1,n,13.33,0.0,0.0,15.0,0.0,11353.0,21.0,0,7880.42,7880.42,3732.96,3732.96,3119.58,613.38,0.0,0.0,0.0,339.75,0.0,1.0,1,0.0,1075.0,91469.0,1.0,2.0,0.0,2.0,13.0,15847.0,71.0,1.0,2.0,3308.0,41.0,43500.0,0.0,0.0,0.0,4.0,6098.0,31147.0,26.7,0.0,0.0,139.0,99.0,4.0,4.0,2.0,4.0,13.0,0.0,10.0,10.0,11.0,11.0,7.0,12.0,12.0,10.0,15.0,0.0,0.0,0.0,1.0,100.0,9.1,0.0,0.0,134615.0,27200.0,42500.0,22383.0,0,0
2416,5300.0,0.1102,173.57,1,61000.0,1,1,n,27.74,0.0,1.0,11.0,0.0,898.0,16.0,0,1959.86,1959.86,3762.46,3762.46,3340.14,422.32,0.0,0.0,0.0,2347.14,0.0,1.0,1,0.0,1014.0,40194.0,1.0,4.0,1.0,3.0,8.0,39296.0,72.0,1.0,1.0,770.0,60.0,10400.0,2.0,0.0,3.0,4.0,4019.0,9502.0,8.6,0.0,0.0,127.0,91.0,2.0,2.0,0.0,2.0,2.0,3.0,3.0,3.0,5.0,5.0,9.0,6.0,6.0,3.0,11.0,0.0,0.0,0.0,2.0,81.3,0.0,0.0,0.0,66517.0,40194.0,10400.0,54782.0,0,0
69794,8000.0,0.0646,245.05,2,98500.0,0,1,n,6.84,0.0,0.0,11.0,1.0,1882.0,22.0,1,0.0,0.0,8092.3121600008,8092.31,8000.0,92.31,0.0,0.0,0.0,2226.03,0.0,1.0,1,0.0,0.0,233043.0,0.0,2.0,1.0,1.0,12.0,24545.0,55.0,0.0,1.0,0.0,24.0,65600.0,1.0,5.0,1.0,3.0,21186.0,16000.0,0.0,0.0,0.0,171.0,112.0,13.0,12.0,4.0,61.0,12.0,0.0,0.0,5.0,2.0,5.0,8.0,7.0,10.0,5.0,11.0,0.0,0.0,0.0,1.0,100.0,0.0,1.0,0.0,325983.0,26427.0,16000.0,44533.0,0,0
12221,40000.0,0.08810000000000001,826.66,1,170000.0,1,1,n,22.64,0.0,1.0,24.0,0.0,71917.0,40.0,0,34490.49,34490.49,8247.02,8247.02,5509.51,2737.51,0.0,0.0,0.0,826.66,0.0,1.0,1,0.0,0.0,330682.0,0.0,5.0,0.0,1.0,22.0,254146.0,106.0,1.0,1.0,19235.0,85.0,88500.0,1.0,2.0,2.0,2.0,14377.0,4386.0,90.1,0.0,0.0,192.0,258.0,9.0,9.0,2.0,9.0,3.0,0.0,8.0,15.0,10.0,10.0,10.0,18.0,27.0,15.0,24.0,0.0,0.0,0.0,1.0,100.0,77.8,0.0,0.0,331642.0,330682.0,44200.0,236454.0,0,0
57933,3600.0,0.0756,112.09,3,39000.0,0,1,n,27.73,0.0,0.0,14.0,0.0,14481.0,29.0,0,1999.33,1999.33,1825.57,1825.57,1600.67,224.9,0.0,0.0,0.0,494.09,0.0,1.0,1,0.0,0.0,26970.0,2.0,3.0,1.0,1.0,12.0,12489.0,66.0,2.0,5.0,7114.0,31.0,68500.0,2.0,0.0,2.0,6.0,1926.0,51261.0,21.9,0.0,0.0,310.0,242.0,1.0,1.0,0.0,1.0,3.0,0.0,5.0,6.0,9.0,16.0,6.0,11.0,23.0,6.0,14.0,0.0,0.0,0.0,3.0,96.6,0.0,0.0,0.0,87464.0,26970.0,65600.0,18964.0,0,0
39325,14000.0,0.1102,458.48,3,40000.0,1,1,n,29.73,0.0,2.0,13.0,0.0,6006.0,21.0,0,0.0,0.0,14381.66,14381.66,14000.0,381.66,0.0,0.0,0.0,13931.75,0.0,1.0,1,0.0,0.0,35489.0,1.0,4.0,1.0,3.0,6.0,29483.0,77.0,1.0,3.0,1922.0,61.0,19600.0,3.0,0.0,2.0,6.0,2730.0,7815.0,40.3,0.0,0.0,112.0,52.0,12.0,6.0,0.0,12.0,2.0,0.0,3.0,4.0,7.0,9.0,10.0,9.0,11.0,4.0,13.0,0.0,0.0,0.0,2.0,100.0,0.0,0.0,0.0,57779.0,35489.0,13100.0,38179.0,0,0
52391,19000.0,0.1102,622.22,1,35000.0,0,1,n,32.34,0.0,0.0,7.0,0.0,10776.0,10.0,0,13347.31,13347.31,7455.01,7455.01,5652.69,1802.32,0.0,0.0,0.0,622.22,0.0,1.0,1,0.0,0.0,23102.0,0.0,2.0,0.0,1.0,13.0,12326.0,39.0,0.0,2.0,5606.0,42.0,23600.0,1.0,0.0,0.0,3.0,3300.0,8124.0,53.6,0.0,0.0,80.0,147.0,16.0,13.0,0.0,16.0,13.0,0.0,3.0,4.0,3.0,5.0,3.0,5.0,7.0,4.0,7.0,0.0,0.0,0.0,0.0,100.0,0.0,0.0,0.0,55243.0,23102.0,17500.0,31643.0,0,0
24884,6400.0,0.2055,239.65,1,26000.0,0,1,n,32.59,0.0,0.0,6.0,0.0,6946.0,6.0,0,0.0,0.0,7412.26,7412.26,6400.0,1012.26,0.0,0.0,0.0,5262.72,0.0,1.0,1,0.0,0.0,14124.0,0.0,2.0,0.0,0.0,27.0,7178.0,34.0,0.0,1.0,2430.0,46.0,9700.0,0.0,0.0,0.0,1.0,2354.0,70.0,97.2,0.0,0.0,52.0,62.0,23.0,23.0,0.0,26.0,15.0,0.0,1.0,4.0,1.0,1.0,2.0,4.0,4.0,4.0,6.0,0.0,0.0,0.0,0.0,100.0,100.0,0.0,0.0,30590.0,14124.0,2500.0,20890.0,0,0
6599,23000.0,0.0646,704.51,2,140000.0,0,1,n,15.78,0.0,0.0,16.0,0.0,10953.0,36.0,0,17050.36,17050.36,7036.85,7036.85,5949.64,1087.21,0.0,0.0,0.0,704.51,0.0,1.0,1,0.0,0.0,684435.0,1.0,3.0,1.0,3.0,7.0,58814.0,76.0,1.0,2.0,7917.0,29.0,89200.0,1.0,0.0,3.0,6.0,48888.0,53133.0,15.7,0.0,0.0,174.0,212.0,10.0,6.0,8.0,10.0,7.0,0.0,3.0,4.0,5.0,10.0,12.0,10.0,16.0,4.0,16.0,0.0,0.0,0.0,3.0,100.0,0.0,0.0,0.0,801641.0,69767.0,63000.0,75246.0,0,0
63550,12625.0,0.0756,393.07,2,165000.0,0,1,n,22.26,0.0,1.0,13.0,0.0,13386.0,26.0,0,9552.08,9552.08,3925.4,3925.4,3072.92,852.48,0.0,0.0,0.0,393.07,0.0,1.0,1,0.0,0.0,248042.0,0.0,3.0,1.0,1.0,8.0,61071.0,85.0,0.0,0.0,3567.0,64.0,32700.0,1.0,0.0,2.0,1.0,20670.0,15613.0,44.4,0.0,0.0,163.0,243.0,42.0,8.0,3.0,42.0,0.0,0.0,4.0,6.0,4.0,6.0,8.0,7.0,13.0,6.0,13.0,0.0,0.0,0.0,1.0,88.0,0.0,0.0,0.0,357364.0,99278.0,28100.0,114220.0,0,0
43242,15500.0,0.17739999999999995,391.41,1,123700.0,1,1,n,23.6,0.0,0.0,11.0,0.0,42564.0,14.0,0,3439.1,3439.1,14290.23,14290.23,12060.9,2229.33,0.0,0.0,0.0,391.41,0.0,1.0,1,0.0,0.0,79743.0,1.0,2.0,1.0,1.0,7.0,37179.0,5.0,1.0,2.0,12368.0,58.0,50200.0,0.0,1.0,0.0,3.0,7249.0,4764.0,83.5,0.0,0.0,52.0,368.0,2.0,2.0,0.0,2.0,19.0,0.0,3.0,9.0,3.0,4.0,4.0,9.0,10.0,9.0,11.0,0.0,0.0,0.0,2.0,100.0,66.7,0.0,0.0,113475.0,79743.0,28800.0,63275.0,0,0
34352,8500.0,0.14300000000000002,291.75,1,70000.0,1,1,n,28.96,0.0,0.0,9.0,0.0,15488.0,23.0,0,0.0,0.0,9470.42,9470.42,8500.0,970.42,0.0,0.0,0.0,6569.8,0.0,1.0,1,0.0,0.0,79440.0,0.0,4.0,1.0,3.0,12.0,63952.0,69.0,0.0,2.0,4258.0,77.0,16200.0,3.0,6.0,1.0,5.0,8827.0,342.0,92.6,0.0,0.0,131.0,146.0,20.0,12.0,0.0,142.0,12.0,0.0,1.0,5.0,1.0,2.0,15.0,5.0,8.0,5.0,9.0,0.0,0.0,0.0,1.0,95.7,100.0,0.0,0.0,89986.0,79440.0,4600.0,73786.0,0,0
62109,17000.0,0.1308,387.5,2,110000.0,1,1,n,16.42,0.0,1.0,19.0,1.0,13691.0,41.0,0,14422.72,14422.72,4619.12,4619.12,2577.28,2041.84,0.0,0.0,0.0,387.5,0.0,1.0,1,0.0,0.0,50618.0,3.0,3.0,2.0,3.0,4.0,36927.0,68.0,3.0,4.0,6284.0,37.0,83400.0,3.0,1.0,5.0,7.0,2664.0,64616.0,17.3,0.0,0.0,161.0,115.0,1.0,1.0,0.0,1.0,0.0,1.0,7.0,9.0,13.0,18.0,18.0,16.0,22.0,10.0,19.0,0.0,0.0,0.0,5.0,97.5,7.7,1.0,0.0,137856.0,50618.0,78100.0,54456.0,0,0
51889,20000.0,0.2055,536.02,1,80000.0,0,1,n,17.61,0.0,0.0,5.0,0.0,22339.0,7.0,0,0.0,0.0,21731.88,21731.88,20000.0,1731.88,0.0,0.0,0.0,19610.63,0.0,1.0,1,0.0,0.0,28918.0,0.0,2.0,0.0,1.0,17.0,6579.0,47.0,0.0,0.0,13536.0,79.0,22500.0,2.0,0.0,3.0,1.0,5784.0,254.0,98.5,0.0,0.0,42.0,100.0,41.0,17.0,0.0,41.0,7.0,0.0,2.0,3.0,2.0,2.0,4.0,3.0,3.0,3.0,5.0,0.0,0.0,0.0,0.0,100.0,100.0,0.0,0.0,36500.0,28918.0,17500.0,14000.0,0,0
17536,10000.0,0.0756,311.34,1,35000.0,1,1,n,27.91,0.0,0.0,9.0,0.0,9655.0,17.0,0,6596.46,6596.46,3920.54,3920.54,3403.54,517.0,0.0,0.0,0.0,311.34,0.0,1.0,1,0.0,0.0,24013.0,0.0,5.0,0.0,1.0,17.0,14358.0,45.0,0.0,1.0,9140.0,45.0,22100.0,0.0,0.0,1.0,2.0,2668.0,360.0,96.2,0.0,0.0,88.0,80.0,22.0,17.0,0.0,80.0,6.0,0.0,1.0,3.0,1.0,2.0,7.0,4.0,10.0,3.0,9.0,0.0,0.0,0.0,0.0,100.0,100.0,0.0,0.0,53741.0,24013.0,9500.0,31641.0,0,0
69351,14000.0,0.1308,472.26,1,99000.0,0,1,n,14.38,0.0,0.0,14.0,0.0,13479.0,43.0,0,9925.55,9925.55,5646.77,5646.77,4074.45,1572.32,0.0,0.0,0.0,472.26,0.0,1.0,1,0.0,0.0,383055.0,0.0,7.0,0.0,0.0,53.0,369576.0,101.0,1.0,1.0,9182.0,62.0,50000.0,1.0,0.0,0.0,1.0,27361.0,25521.0,34.6,0.0,0.0,154.0,106.0,10.0,10.0,0.0,10.0,17.0,0.0,4.0,4.0,5.0,5.0,34.0,7.0,9.0,4.0,14.0,0.0,0.0,0.0,1.0,97.6,0.0,0.0,0.0,319231.0,383055.0,39000.0,269231.0,0,0
61041,21000.0,0.1171,694.6,1,55000.0,1,1,n,31.66,1.0,0.0,10.0,1.0,6689.0,18.0,0,0.0,0.0,22831.87,22831.87,21000.0,1831.87,0.0,0.0,0.0,58.17,0.0,1.0,0,0.0,0.0,109493.0,0.0,3.0,2.0,4.0,7.0,47511.0,86.0,0.0,2.0,5446.0,70.0,22800.0,8.0,1.0,8.0,6.0,10949.0,12602.0,31.9,0.0,0.0,128.0,187.0,15.0,7.0,2.0,46.0,7.0,0.0,2.0,4.0,2.0,3.0,6.0,6.0,10.0,4.0,10.0,0.0,0.0,0.0,2.0,94.4,0.0,1.0,0.0,139981.0,54200.0,18500.0,55213.0,0,0
24636,20000.0,0.0819,407.35,2,100000.0,1,1,n,20.05,0.0,0.0,9.0,0.0,35061.0,34.0,1,0.0,0.0,20235.12,20235.12,20000.0,235.12,0.0,0.0,0.0,20244.22,0.0,1.0,0,0.0,0.0,661828.0,5.0,2.0,1.0,2.0,6.0,38753.0,90.0,2.0,2.0,15165.0,69.0,63500.0,1.0,7.0,2.0,6.0,73536.0,12235.0,55.3,0.0,0.0,123.0,231.0,2.0,2.0,6.0,4.0,6.0,0.0,1.0,3.0,2.0,10.0,11.0,5.0,17.0,3.0,9.0,0.0,0.0,0.0,5.0,100.0,50.0,0.0,0.0,722142.0,73814.0,27400.0,43074.0,0,0
35983,8000.0,0.0756,249.08,2,41004.0,1,1,n,19.46,0.0,0.0,10.0,0.0,10193.0,23.0,0,5744.36,5744.36,2736.52,2736.52,2255.64,480.88,0.0,0.0,0.0,249.08,0.0,1.0,1,0.0,0.0,63944.0,1.0,2.0,1.0,2.0,3.0,9060.0,71.0,0.0,3.0,1725.0,40.0,35900.0,2.0,7.0,2.0,5.0,7105.0,12653.0,15.6,0.0,0.0,145.0,199.0,13.0,3.0,2.0,35.0,3.0,0.0,2.0,5.0,2.0,3.0,8.0,7.0,13.0,5.0,10.0,0.0,0.0,0.0,1.0,100.0,0.0,0.0,0.0,106978.0,19253.0,15000.0,12828.0,0,0
57844,7425.0,0.1102,243.16,1,96400.0,1,1,n,18.97,1.0,0.0,17.0,0.0,13739.0,29.0,0,5221.59,5221.59,2913.37,2913.37,2203.41,709.96,0.0,0.0,0.0,243.16,0.0,1.0,1,0.0,0.0,76616.0,2.0,7.0,2.0,5.0,4.0,62877.0,77.0,1.0,1.0,5191.0,69.0,30000.0,1.0,0.0,1.0,6.0,4789.0,11476.0,52.0,0.0,0.0,174.0,81.0,11.0,4.0,1.0,28.0,11.0,0.0,5.0,7.0,7.0,7.0,18.0,10.0,10.0,7.0,17.0,0.0,0.0,0.0,3.0,88.5,16.7,0.0,0.0,111485.0,76616.0,23900.0,81485.0,0,0
42339,31900.0,0.1308,1076.07,2,46000.0,1,1,n,35.09,0.0,1.0,17.0,1.0,17313.0,39.0,0,23436.79,23436.79,11813.59,11813.59,8463.21,3350.38,0.0,0.0,0.0,1076.07,0.0,1.0,0,0.0,0.0,38819.0,4.0,2.0,1.0,1.0,12.0,21506.0,76.0,5.0,12.0,5785.0,41.0,51000.0,1.0,3.0,2.0,13.0,2283.0,22986.0,39.2,0.0,0.0,168.0,286.0,1.0,1.0,4.0,4.0,6.0,1.0,7.0,10.0,8.0,11.0,6.0,15.0,29.0,10.0,16.0,0.0,0.0,0.0,6.0,96.7,0.0,1.0,0.0,98518.0,38819.0,37800.0,47518.0,0,0
257,12000.0,0.1612,292.59,2,87856.0,0,1,n,13.28,0.0,1.0,8.0,0.0,20410.0,27.0,0,10751.92,10751.92,2622.56,2622.56,1248.08,1374.48,0.0,0.0,0.0,0.0,0.0,1.0,1,0.0,0.0,304115.0,3.0,1.0,1.0,3.0,7.0,13719.0,92.0,2.0,2.0,9669.0,53.0,49600.0,3.0,1.0,4.0,7.0,38014.0,17763.0,52.4,0.0,0.0,52.0,113.0,2.0,2.0,12.0,68.0,3.0,0.0,4.0,6.0,4.0,8.0,5.0,6.0,10.0,6.0,8.0,0.0,0.0,0.0,5.0,100.0,50.0,0.0,0.0,334461.0,34129.0,37300.0,14875.0,0,0
17063,9900.0,0.0819,311.1,1,54000.0,1,1,n,27.27,0.0,0.0,6.0,0.0,8391.0,15.0,1,7419.63,7419.63,3106.5,3106.5,2480.37,626.13,0.0,0.0,0.0,311.1,0.0,1.0,1,0.0,0.0,56365.0,0.0,3.0,0.0,2.0,18.0,47974.0,73.0,0.0,0.0,3149.0,75.0,8700.0,3.0,5.0,0.0,2.0,9394.0,0.0,101.6,0.0,0.0,125.0,112.0,59.0,18.0,0.0,112.0,24.0,0.0,1.0,3.0,1.0,3.0,8.0,3.0,7.0,3.0,6.0,0.0,0.0,0.0,0.0,100.0,100.0,0.0,0.0,74789.0,56365.0,3100.0,66089.0,0,0
70902,10000.0,0.1612,352.17,3,14330.0,0,1,n,19.26,0.0,1.0,3.0,0.0,1447.0,4.0,0,7215.02,7215.02,4217.08,4217.08,2784.98,1432.1,0.0,0.0,0.0,352.17,0.0,1.0,0,0.0,0.0,8320.0,0.0,1.0,1.0,1.0,7.0,6873.0,93.0,0.0,1.0,1124.0,67.0,5100.0,1.0,1.0,2.0,2.0,2773.0,876.0,56.2,0.0,0.0,65.0,77.0,13.0,7.0,0.0,13.0,2.0,0.0,1.0,2.0,1.0,1.0,2.0,2.0,2.0,2.0,3.0,0.0,0.0,0.0,1.0,100.0,0.0,0.0,0.0,12485.0,8320.0,2000.0,7385.0,0,0
37223,31900.0,0.17739999999999995,805.55,1,103000.0,1,1,n,17.38,0.0,0.0,15.0,0.0,13030.0,19.0,0,27502.97,27502.97,9218.51,9218.51,4397.03,4821.48,0.0,0.0,0.0,805.55,0.0,1.0,0,0.0,0.0,58560.0,1.0,4.0,0.0,2.0,15.0,45530.0,72.0,3.0,6.0,6309.0,49.0,36900.0,1.0,0.0,1.0,8.0,3904.0,15415.0,44.9,0.0,0.0,97.0,102.0,4.0,4.0,0.0,4.0,11.0,2.0,4.0,5.0,7.0,7.0,6.0,11.0,13.0,5.0,15.0,0.0,0.0,0.0,3.0,84.2,28.6,0.0,0.0,94964.0,58560.0,28000.0,58064.0,0,0
53859,40000.0,0.17739999999999995,1010.09,2,125000.0,1,1,n,26.64,1.0,1.0,16.0,0.0,46941.0,31.0,0,35194.26,35194.26,11032.15,11032.15,4805.74,6226.41,0.0,0.0,0.0,0.0,0.0,1.0,0,0.0,0.0,223307.0,1.0,2.0,2.0,2.0,10.0,34898.0,50.0,2.0,2.0,26183.0,36.0,133000.0,2.0,0.0,3.0,4.0,13957.0,54858.0,38.6,0.0,0.0,185.0,200.0,2.0,2.0,2.0,10.0,2.0,0.0,6.0,11.0,7.0,9.0,11.0,13.0,18.0,11.0,16.0,0.0,0.0,0.0,4.0,96.8,14.3,0.0,0.0,340535.0,81839.0,89400.0,47979.0,0,0
65720,11000.0,0.124,367.47,2,56000.0,1,1,n,11.96,0.0,1.0,8.0,0.0,8085.0,16.0,0,7796.37,7796.37,4402.06,4402.06,3203.63,1198.43,0.0,0.0,0.0,367.47,0.0,1.0,1,0.0,7808.0,188413.0,2.0,2.0,1.0,1.0,6.0,8056.0,50.0,2.0,3.0,6551.0,38.0,26300.0,2.0,2.0,4.0,4.0,23552.0,17215.0,32.0,0.0,0.0,155.0,161.0,4.0,4.0,1.0,4.0,1.0,0.0,1.0,1.0,4.0,9.0,4.0,5.0,11.0,2.0,8.0,0.0,0.0,0.0,3.0,87.5,0.0,0.0,0.0,240775.0,16141.0,25300.0,16201.0,0,0
44774,28000.0,0.1524,669.66,2,175000.0,1,1,n,32.35,0.0,0.0,26.0,0.0,73318.0,61.0,0,24505.0,24505.0,7342.55,7342.55,3495.0,3847.55,0.0,0.0,0.0,669.66,0.0,1.0,1,0.0,0.0,492945.0,0.0,10.0,0.0,1.0,20.0,87298.0,70.0,0.0,1.0,18403.0,72.0,97500.0,1.0,2.0,1.0,3.0,18959.0,6078.0,91.3,0.0,0.0,291.0,238.0,18.0,18.0,3.0,18.0,3.0,0.0,10.0,14.0,10.0,17.0,33.0,14.0,23.0,14.0,26.0,0.0,0.0,0.0,0.0,100.0,80.0,0.0,0.0,570553.0,161222.0,69600.0,125074.0,0,0
10066,36350.0,0.1612,886.29,2,150000.0,0,1,n,31.93,0.0,0.0,13.0,0.0,32591.0,27.0,0,32120.71,32120.71,8830.35,8830.35,4229.29,4601.06,0.0,0.0,0.0,886.29,0.0,1.0,0,0.0,0.0,424905.0,0.0,3.0,1.0,3.0,8.0,44800.0,74.0,0.0,1.0,13430.0,67.0,54700.0,2.0,0.0,0.0,4.0,32685.0,5566.0,84.6,0.0,0.0,90.0,367.0,20.0,8.0,2.0,20.0,17.0,0.0,4.0,6.0,5.0,8.0,6.0,8.0,18.0,6.0,13.0,0.0,0.0,0.0,1.0,100.0,60.0,0.0,0.0,519737.0,130669.0,36100.0,60935.0,0,0
44725,12625.0,0.08810000000000001,400.36,2,65000.0,0,1,n,30.21,0.0,0.0,17.0,0.0,14438.0,26.0,0,9107.58,9107.58,4397.78,4397.78,3517.42,880.36,0.0,0.0,0.0,400.36,0.0,1.0,1,0.0,4403.0,177491.0,0.0,3.0,0.0,1.0,17.0,26061.0,42.0,0.0,0.0,4663.0,36.0,43200.0,1.0,3.0,0.0,1.0,10441.0,24949.0,30.5,0.0,0.0,75.0,171.0,27.0,17.0,1.0,27.0,17.0,0.0,7.0,9.0,9.0,13.0,6.0,13.0,19.0,9.0,17.0,0.0,0.0,0.0,0.0,84.6,11.1,0.0,0.0,260681.0,40499.0,35900.0,55470.0,0,0
29031,25525.0,0.1862,930.75,3,72000.0,0,1,n,25.42,0.0,0.0,20.0,0.0,28558.0,26.0,0,19955.72,19955.72,9254.69,9254.69,5569.28,3685.41,0.0,0.0,0.0,930.75,0.0,1.0,1,0.0,0.0,43703.0,0.0,2.0,0.0,2.0,14.0,15145.0,76.0,2.0,3.0,6570.0,77.0,36800.0,1.0,1.0,0.0,5.0,2185.0,3482.0,88.6,0.0,0.0,53.0,202.0,8.0,8.0,0.0,8.0,14.0,0.0,9.0,15.0,10.0,12.0,4.0,18.0,22.0,15.0,20.0,0.0,0.0,0.0,2.0,100.0,70.0,0.0,0.0,56853.0,43703.0,26200.0,20053.0,0,0
19572,14300.0,0.2565,573.5,2,75000.0,1,1,n,31.68,0.0,0.0,11.0,0.0,59691.0,19.0,0,11348.75,11348.75,5714.62,5714.62,2951.25,2763.37,0.0,0.0,0.0,573.5,0.0,1.0,1,0.0,0.0,493004.0,1.0,2.0,1.0,1.0,2.0,32604.0,69.0,0.0,1.0,32020.0,73.0,79100.0,1.0,3.0,0.0,4.0,44819.0,13434.0,77.3,0.0,0.0,117.0,174.0,15.0,2.0,2.0,31.0,15.0,0.0,4.0,5.0,5.0,6.0,2.0,8.0,15.0,5.0,11.0,0.0,0.0,0.0,1.0,100.0,20.0,0.0,0.0,539219.0,92295.0,59100.0,47119.0,0,0
38365,35000.0,0.1524,837.07,2,76000.0,0,1,n,17.4,0.0,1.0,8.0,0.0,28506.0,14.0,0,30396.8,30396.8,9178.14,9178.14,4603.2,4574.94,0.0,0.0,0.0,837.07,0.0,1.0,1,0.0,0.0,159475.0,1.0,1.0,1.0,1.0,5.0,30401.0,96.0,0.0,1.0,11464.0,72.0,50400.0,2.0,2.0,9.0,2.0,19934.0,16235.0,51.1,0.0,0.0,98.0,176.0,19.0,5.0,1.0,107.0,6.0,2.0,3.0,6.0,3.0,4.0,4.0,6.0,9.0,6.0,8.0,0.0,0.0,0.0,1.0,78.6,0.0,0.0,0.0,205529.0,58907.0,33200.0,31790.0,0,0
17737,40000.0,0.1524,956.65,2,304000.0,1,1,n,11.81,0.0,0.0,16.0,0.0,162424.0,39.0,0,35248.22,35248.22,9532.63,9532.63,4751.78,4780.85,0.0,0.0,0.0,956.65,0.0,1.0,1,0.0,0.0,510211.0,2.0,3.0,1.0,2.0,3.0,75078.0,81.0,1.0,2.0,6328.0,47.0,324600.0,1.0,3.0,1.0,5.0,31888.0,52151.0,17.9,0.0,0.0,155.0,364.0,12.0,3.0,4.0,22.0,12.0,2.0,2.0,5.0,7.0,12.0,15.0,11.0,19.0,5.0,16.0,0.0,0.0,0.0,3.0,89.7,0.0,0.0,0.0,757198.0,239074.0,63500.0,99268.0,0,0
14952,16750.0,0.0819,526.36,1,50000.0,1,1,n,20.09,0.0,0.0,3.0,0.0,11606.0,5.0,0,12504.76,12504.76,5248.36,5248.36,4245.24,1003.12,0.0,0.0,0.0,526.36,0.0,1.0,1,0.0,0.0,15782.0,0.0,1.0,0.0,1.0,22.0,4176.0,46.0,0.0,2.0,5812.0,48.0,24000.0,1.0,0.0,0.0,3.0,5261.0,12394.0,48.4,0.0,0.0,22.0,80.0,19.0,19.0,0.0,38.0,19.0,0.0,2.0,2.0,2.0,3.0,1.0,2.0,4.0,2.0,3.0,0.0,0.0,0.0,0.0,100.0,0.0,0.0,0.0,33000.0,15782.0,24000.0,9000.0,0,0
29156,19125.0,0.1612,466.31,2,112260.0,0,1,n,37.19,0.0,0.0,12.0,0.0,40188.0,17.0,1,0.0,0.0,19778.2200009873,19778.22,19125.0,653.22,0.0,0.0,0.0,19329.04,0.0,1.0,1,0.0,0.0,350278.0,0.0,5.0,2.0,3.0,8.0,71354.0,67.0,0.0,0.0,9762.0,73.0,54000.0,2.0,2.0,1.0,3.0,29190.0,1833.0,91.1,0.0,0.0,75.0,257.0,29.0,8.0,2.0,52.0,8.0,0.0,2.0,6.0,2.0,2.0,8.0,6.0,7.0,6.0,12.0,0.0,0.0,0.0,2.0,100.0,100.0,0.0,0.0,443898.0,111542.0,20500.0,138363.0,0,0
40403,40000.0,0.0646,1225.24,2,220000.0,0,1,n,11.11,0.0,0.0,14.0,0.0,51956.0,20.0,0,28587.13,28587.13,13448.93,13448.93,11412.87,2036.06,0.0,0.0,0.0,1225.24,0.0,1.0,1,0.0,0.0,68172.0,0.0,1.0,1.0,1.0,9.0,16216.0,75.0,0.0,1.0,12617.0,57.0,97400.0,0.0,0.0,2.0,2.0,4869.0,36741.0,54.6,0.0,0.0,67.0,98.0,21.0,9.0,0.0,32.0,9.0,0.0,10.0,11.0,11.0,14.0,4.0,13.0,16.0,11.0,14.0,0.0,0.0,0.0,1.0,100.0,18.2,0.0,0.0,119021.0,68172.0,80900.0,21621.0,0,0
35054,10625.0,0.1033,344.49,2,39000.0,0,1,n,21.57,0.0,1.0,10.0,0.0,9414.0,13.0,0,7758.63,7758.63,3774.15,3774.15,2866.37,907.78,0.0,0.0,0.0,344.49,0.0,1.0,1,0.0,0.0,120261.0,1.0,1.0,1.0,1.0,9.0,9581.0,80.0,1.0,3.0,2710.0,44.0,31600.0,1.0,0.0,2.0,4.0,12026.0,13425.0,17.6,0.0,0.0,9.0,282.0,0.0,0.0,3.0,0.0,0.0,0.0,3.0,5.0,5.0,6.0,1.0,8.0,9.0,5.0,10.0,0.0,0.0,0.0,2.0,100.0,0.0,0.0,0.0,162070.0,18995.0,16300.0,12000.0,0,0
76643,25000.0,0.08810000000000001,516.66,2,47000.0,1,1,n,27.6,0.0,2.0,12.0,0.0,4856.0,33.0,0,22628.21,22628.21,4461.13,4461.13,2371.79,2089.34,0.0,0.0,0.0,516.66,0.0,1.0,1,0.0,0.0,89283.0,3.0,3.0,1.0,2.0,4.0,33256.0,79.0,3.0,4.0,3284.0,51.0,32800.0,2.0,1.0,2.0,6.0,7440.0,10216.0,24.3,0.0,0.0,129.0,162.0,1.0,1.0,2.0,1.0,4.0,0.0,1.0,5.0,2.0,8.0,15.0,8.0,16.0,5.0,12.0,0.0,0.0,0.0,4.0,100.0,0.0,0.0,0.0,133221.0,38112.0,13500.0,42187.0,0,0
54327,10000.0,0.14300000000000002,234.25,1,95000.0,0,1,n,13.04,0.0,0.0,12.0,0.0,3348.0,19.0,0,8524.79,8524.79,2795.11,2795.11,1475.21,1319.9,0.0,0.0,0.0,234.25,0.0,1.0,1,0.0,7679.0,26717.0,0.0,2.0,1.0,2.0,10.0,23369.0,69.0,1.0,3.0,1633.0,57.0,12800.0,2.0,0.0,1.0,5.0,2429.0,9192.0,25.3,0.0,0.0,164.0,86.0,7.0,7.0,1.0,7.0,10.0,3.0,5.0,6.0,9.0,10.0,7.0,10.0,11.0,6.0,12.0,0.0,0.0,0.0,2.0,88.9,0.0,0.0,0.0,46768.0,26717.0,12300.0,33968.0,0,0
73013,32400.0,0.2055,868.35,2,120000.0,1,1,n,29.65,0.0,0.0,20.0,0.0,31426.0,34.0,0,28515.31,28515.31,10383.21,10383.21,3884.69,6498.52,0.0,0.0,0.0,868.35,0.0,1.0,1,0.0,0.0,510221.0,2.0,4.0,2.0,3.0,4.0,73476.0,82.0,1.0,1.0,9340.0,58.0,75400.0,2.0,2.0,4.0,4.0,25511.0,16479.0,53.2,0.0,0.0,73.0,198.0,3.0,3.0,1.0,3.0,1.0,0.0,4.0,7.0,7.0,14.0,6.0,15.0,27.0,7.0,20.0,0.0,0.0,0.0,3.0,100.0,14.3,0.0,0.0,607572.0,104902.0,35200.0,110222.0,0,0
20381,25000.0,0.1308,569.86,2,140000.0,0,1,n,9.75,0.0,1.0,9.0,0.0,35483.0,14.0,0,21544.81,21544.81,6232.13,6232.13,3455.19,2776.94,0.0,0.0,0.0,569.86,0.0,1.0,1,0.0,0.0,118968.0,1.0,1.0,0.0,0.0,25.0,2170.0,39.0,1.0,1.0,16241.0,61.0,55700.0,0.0,1.0,1.0,1.0,13219.0,17917.0,66.4,0.0,0.0,179.0,110.0,5.0,5.0,3.0,5.0,5.0,0.0,5.0,5.0,5.0,5.0,4.0,7.0,7.0,5.0,9.0,0.0,0.0,0.0,1.0,100.0,60.0,0.0,0.0,188300.0,37653.0,53400.0,5600.0,0,0
66644,24000.0,0.14300000000000002,562.18,1,85000.0,1,1,n,11.55,1.0,0.0,9.0,0.0,7102.0,22.0,0,0.0,0.0,26119.11,26119.11,24000.0,2119.11,0.0,0.0,0.0,23889.46,0.0,1.0,1,0.0,0.0,41244.0,0.0,2.0,1.0,1.0,10.0,34142.0,83.0,1.0,3.0,1680.0,65.0,22800.0,0.0,5.0,1.0,4.0,5156.0,10820.0,13.4,0.0,0.0,239.0,239.0,10.0,10.0,4.0,10.0,10.0,1.0,1.0,2.0,4.0,6.0,7.0,7.0,10.0,2.0,9.0,0.0,0.0,0.0,2.0,86.4,0.0,0.0,0.0,63720.0,41244.0,12500.0,40920.0,0,0
70937,10525.0,0.08810000000000001,333.77,1,65000.0,0,1,n,15.45,0.0,0.0,23.0,0.0,1287.0,32.0,0,8724.15,8724.15,2665.01,2665.01,1800.85,864.16,0.0,0.0,0.0,333.77,0.0,1.0,1,0.0,0.0,115924.0,0.0,20.0,1.0,2.0,11.0,114637.0,117.0,0.0,1.0,1287.0,98.0,20800.0,3.0,0.0,5.0,3.0,5040.0,19513.0,6.2,0.0,0.0,209.0,49.0,18.0,11.0,0.0,33.0,11.0,0.0,1.0,1.0,3.0,5.0,26.0,3.0,6.0,1.0,23.0,0.0,0.0,0.0,1.0,100.0,0.0,0.0,0.0,118748.0,115924.0,20800.0,97948.0,0,0
76094,32000.0,0.1102,696.08,2,64000.0,0,1,n,9.88,0.0,0.0,6.0,0.0,3400.0,13.0,0,26922.04,26922.04,8313.78,8313.78,5077.96,3235.82,0.0,0.0,0.0,696.08,0.0,1.0,1,0.0,0.0,193566.0,0.0,2.0,0.0,1.0,18.0,20063.0,79.0,2.0,2.0,3351.0,69.0,8700.0,1.0,5.0,1.0,3.0,32261.0,5300.0,39.1,0.0,0.0,133.0,138.0,7.0,7.0,1.0,7.0,7.0,0.0,2.0,2.0,3.0,4.0,6.0,3.0,6.0,2.0,6.0,0.0,0.0,0.0,2.0,100.0,0.0,0.0,0.0,209373.0,23463.0,8700.0,25400.0,0,0
42621,7500.0,0.1524,260.88,2,107882.0,0,1,n,7.71,0.0,0.0,9.0,0.0,8880.0,14.0,1,5557.86,5557.86,2863.33,2863.33,1942.14,921.19,0.0,0.0,0.0,260.88,0.0,1.0,1,0.0,0.0,219200.0,1.0,1.0,0.0,1.0,19.0,2017.0,61.0,1.0,1.0,5032.0,71.0,13600.0,0.0,2.0,0.0,2.0,24356.0,2571.0,72.4,0.0,0.0,176.0,145.0,4.0,4.0,1.0,4.0,19.0,0.0,3.0,4.0,4.0,4.0,5.0,6.0,7.0,4.0,9.0,0.0,0.0,0.0,1.0,92.9,50.0,0.0,0.0,305720.0,17860.0,9300.0,3330.0,0,0
46585,20000.0,0.2305,774.72,1,102429.0,0,1,n,28.52,0.0,0.0,7.0,0.0,6888.0,17.0,0,15266.6,15266.6,8496.31,8496.31,4733.4,3762.91,0.0,0.0,0.0,774.72,0.0,1.0,1,0.0,0.0,85299.0,0.0,3.0,1.0,2.0,8.0,78411.0,84.0,1.0,1.0,4405.0,70.0,12300.0,1.0,1.0,2.0,3.0,12186.0,4512.0,60.4,0.0,0.0,134.0,44.0,7.0,7.0,0.0,7.0,7.0,0.0,3.0,3.0,3.0,5.0,11.0,4.0,6.0,3.0,7.0,0.0,0.0,0.0,2.0,94.1,33.3,0.0,0.0,119073.0,85299.0,11400.0,106773.0,0,0
61599,40000.0,0.1308,911.77,2,160000.0,0,1,n,37.49,0.0,1.0,15.0,0.0,27839.0,39.0,1,35916.03,35916.03,9045.03,9045.03,4083.97,4961.06,0.0,0.0,0.0,911.77,1.0,1.0,0,0.0,165.0,575923.0,5.0,5.0,2.0,3.0,3.0,168246.0,95.0,3.0,3.0,8770.0,56.0,59700.0,0.0,9.0,3.0,6.0,41137.0,21432.0,48.4,0.0,0.0,154.0,271.0,2.0,2.0,6.0,3.0,5.0,0.0,3.0,4.0,4.0,5.0,19.0,8.0,14.0,4.0,15.0,0.0,0.0,0.0,5.0,100.0,33.3,0.0,0.0,741858.0,196085.0,41500.0,258830.0,0,0
41750,16000.0,0.1102,523.98,1,120000.0,0,1,n,16.29,1.0,1.0,17.0,0.0,18795.0,29.0,0,0.0,0.0,17219.22,17219.22,16000.0,1219.22,0.0,0.0,0.0,8108.99,0.0,1.0,1,0.0,0.0,62883.0,2.0,3.0,1.0,4.0,6.0,44088.0,77.0,3.0,5.0,4000.0,64.0,45200.0,3.0,3.0,4.0,9.0,3699.0,16975.0,45.8,0.0,0.0,87.0,96.0,2.0,2.0,1.0,9.0,2.0,0.0,4.0,7.0,8.0,12.0,7.0,14.0,20.0,7.0,17.0,0.0,0.0,0.0,4.0,91.7,0.0,0.0,0.0,102402.0,62883.0,29800.0,57202.0,0,0
21509,15000.0,0.1171,496.14,1,73000.0,1,1,n,5.31,0.0,1.0,5.0,0.0,5133.0,17.0,0,0.0,0.0,16323.48,16323.48,15000.0,1323.48,0.0,0.0,0.0,11877.74,0.0,1.0,1,0.0,0.0,13383.0,1.0,1.0,1.0,1.0,1.0,8250.0,100.0,0.0,0.0,4617.0,41.0,24200.0,1.0,0.0,1.0,1.0,2677.0,15567.0,24.8,0.0,0.0,82.0,154.0,25.0,1.0,0.0,31.0,1.0,0.0,2.0,2.0,3.0,11.0,4.0,4.0,13.0,2.0,5.0,0.0,0.0,0.0,1.0,94.1,0.0,0.0,0.0,32450.0,13383.0,20700.0,8250.0,0,0
19402,5500.0,0.0756,171.24,3,50000.0,0,1,n,19.06,0.0,0.0,5.0,0.0,11034.0,12.0,0,3733.48,3733.48,2060.09,2060.09,1766.52,293.57,0.0,0.0,0.0,171.24,0.0,1.0,1,0.0,0.0,62940.0,0.0,2.0,0.0,2.0,20.0,7291.0,42.0,0.0,0.0,11034.0,65.0,11100.0,1.0,0.0,0.0,2.0,15735.0,66.0,99.4,0.0,0.0,99.0,275.0,96.0,20.0,2.0,275.0,20.0,0.0,1.0,1.0,1.0,1.0,6.0,1.0,3.0,1.0,5.0,0.0,0.0,0.0,0.0,100.0,100.0,0.0,0.0,82086.0,18325.0,11100.0,17311.0,0,0
16875,12000.0,0.2055,449.34,1,130000.0,1,1,n,29.01,0.0,2.0,23.0,0.0,42553.0,32.0,0,9364.85,9364.85,4479.7,4479.7,2635.15,1844.55,0.0,0.0,0.0,449.34,0.0,1.0,1,0.0,0.0,151390.0,4.0,5.0,1.0,2.0,4.0,108837.0,45.0,3.0,4.0,10409.0,53.0,71800.0,2.0,3.0,2.0,6.0,6582.0,18260.0,66.8,0.0,0.0,156.0,138.0,3.0,3.0,0.0,6.0,3.0,0.0,10.0,16.0,11.0,13.0,11.0,18.0,21.0,16.0,23.0,0.0,0.0,0.0,4.0,100.0,54.5,0.0,0.0,208684.0,151390.0,55000.0,136884.0,0,0
53781,31575.0,0.1308,719.73,2,22000.0,0,1,n,50.52,0.0,0.0,13.0,0.0,9784.0,23.0,0,26788.01,26788.01,8590.87,8590.87,4786.99,3803.88,0.0,0.0,0.0,719.73,0.0,1.0,0,0.0,0.0,340851.0,2.0,1.0,0.0,1.0,14.0,25109.0,75.0,2.0,4.0,6960.0,46.0,42100.0,2.0,2.0,1.0,7.0,28404.0,22616.0,30.2,0.0,0.0,134.0,144.0,4.0,4.0,5.0,4.0,6.0,0.0,3.0,3.0,7.0,9.0,5.0,11.0,13.0,3.0,13.0,0.0,0.0,0.0,3.0,100.0,14.3,0.0,0.0,383562.0,34893.0,32400.0,33470.0,0,0
3423,8500.0,0.0819,267.11,2,94000.0,1,1,n,27.09,0.0,0.0,20.0,0.0,36684.0,24.0,0,6343.62,6343.62,2663.36,2663.36,2156.38,506.98,0.0,0.0,0.0,267.11,0.0,1.0,1,0.0,0.0,185802.0,0.0,3.0,0.0,2.0,15.0,32409.0,64.0,0.0,3.0,8130.0,44.0,106700.0,2.0,0.0,0.0,5.0,9290.0,52758.0,39.8,0.0,0.0,162.0,182.0,20.0,15.0,2.0,20.0,15.0,0.0,10.0,13.0,12.0,12.0,4.0,16.0,18.0,13.0,20.0,0.0,0.0,0.0,0.0,100.0,8.3,0.0,0.0,314768.0,69093.0,87700.0,50968.0,0,0
5549,14000.0,0.0819,285.15,2,60000.0,1,1,n,16.64,0.0,0.0,7.0,0.0,15273.0,9.0,0,12044.7,12044.7,2845.13,2845.13,1955.3,889.83,0.0,0.0,0.0,285.15,0.0,1.0,1,0.0,0.0,16767.0,1.0,1.0,0.0,0.0,29.0,1494.0,16.0,2.0,4.0,10707.0,43.0,30000.0,0.0,1.0,1.0,4.0,2795.0,5503.0,67.6,0.0,0.0,34.0,126.0,3.0,3.0,0.0,13.0,6.0,0.0,2.0,5.0,3.0,3.0,2.0,6.0,7.0,5.0,7.0,0.0,0.0,0.0,2.0,100.0,50.0,0.0,0.0,39299.0,16767.0,17000.0,9299.0,0,0
63662,21450.0,0.124,481.5,1,80000.0,1,1,n,17.97,0.0,1.0,12.0,0.0,18932.0,28.0,0,19116.79,19116.79,4850.22,4850.22,2333.21,2517.01,0.0,0.0,0.0,481.5,0.0,1.0,1,0.0,0.0,38808.0,0.0,4.0,1.0,2.0,10.0,19876.0,44.0,0.0,1.0,6087.0,46.0,38300.0,2.0,2.0,3.0,3.0,3234.0,15368.0,55.2,0.0,0.0,104.0,174.0,15.0,10.0,0.0,15.0,1.0,0.0,6.0,6.0,6.0,11.0,6.0,8.0,22.0,6.0,12.0,0.0,0.0,0.0,1.0,100.0,33.3,0.0,0.0,83650.0,38808.0,34300.0,45350.0,0,0
39878,24000.0,0.0819,754.18,1,64000.0,0,1,n,25.31,0.0,1.0,8.0,0.0,25538.0,11.0,0,17279.61,17279.61,8285.06,8285.06,6720.39,1564.67,0.0,0.0,0.0,754.18,0.0,1.0,1,0.0,0.0,34299.0,0.0,1.0,0.0,0.0,31.0,8761.0,33.0,1.0,1.0,8767.0,47.0,47200.0,0.0,0.0,1.0,2.0,4287.0,21662.0,54.1,0.0,0.0,53.0,61.0,7.0,7.0,0.0,7.0,2.0,0.0,7.0,7.0,7.0,7.0,2.0,7.0,8.0,7.0,8.0,0.0,0.0,0.0,1.0,100.0,28.6,0.0,0.0,73483.0,34299.0,47200.0,26283.0,0,0
15796,31900.0,0.08810000000000001,1011.6,2,126000.0,1,1,n,15.96,0.0,0.0,15.0,0.0,44387.0,27.0,0,23864.06,23864.06,10084.77,10084.77,8035.94,2048.83,0.0,0.0,0.0,1011.6,0.0,1.0,1,0.0,0.0,45356.0,0.0,1.0,0.0,0.0,33.0,969.0,10.0,1.0,2.0,5935.0,45.0,91600.0,0.0,2.0,2.0,2.0,3024.0,29547.0,54.1,0.0,0.0,205.0,268.0,8.0,8.0,3.0,8.0,1.0,0.0,8.0,11.0,9.0,10.0,8.0,14.0,16.0,11.0,15.0,0.0,0.0,0.0,1.0,100.0,11.1,0.0,0.0,101600.0,45356.0,64400.0,10000.0,0,0
2014,17700.0,0.1524,615.66,1,240000.0,0,1,n,29.73,1.0,1.0,24.0,0.0,79788.0,47.0,0,13560.18,13560.18,6141.61,6141.61,4139.82,2001.79,0.0,0.0,0.0,615.66,0.0,1.0,1,0.0,0.0,374324.0,0.0,9.0,0.0,2.0,13.0,284329.0,71.0,0.0,0.0,16979.0,75.0,99100.0,1.0,0.0,1.0,3.0,17015.0,12953.0,85.0,0.0,0.0,189.0,579.0,28.0,13.0,0.0,32.0,0.0,0.0,9.0,10.0,11.0,14.0,27.0,13.0,17.0,10.0,24.0,0.0,0.0,0.0,0.0,97.8,80.0,0.0,0.0,409877.0,374324.0,86100.0,295460.0,0,0
68185,37000.0,0.08810000000000001,764.66,2,96000.0,1,1,n,24.52,0.0,1.0,14.0,0.0,36376.0,21.0,0,30760.43,30760.43,9139.7,9139.7,6239.57,2900.13,0.0,0.0,0.0,764.66,0.0,1.0,1,0.0,0.0,261684.0,1.0,2.0,0.0,1.0,24.0,36285.0,69.0,1.0,3.0,9188.0,76.0,44000.0,1.0,0.0,2.0,4.0,18692.0,1456.0,94.3,0.0,0.0,264.0,269.0,4.0,4.0,2.0,4.0,2.0,0.0,6.0,9.0,6.0,8.0,6.0,11.0,13.0,9.0,14.0,0.0,0.0,0.0,1.0,100.0,66.7,0.0,0.0,303437.0,72661.0,25500.0,52259.0,0,0
35875,26575.0,0.2305,749.93,2,140000.0,0,1,n,24.53,0.0,0.0,16.0,0.0,23881.0,27.0,0,23108.23,23108.23,8965.13,8965.13,3466.77,5498.36,0.0,0.0,0.0,749.93,0.0,1.0,1,0.0,0.0,289689.0,1.0,2.0,1.0,3.0,10.0,62487.0,81.0,3.0,4.0,5793.0,70.0,38500.0,3.0,0.0,5.0,9.0,19313.0,6098.0,77.1,0.0,0.0,186.0,212.0,3.0,3.0,4.0,10.0,7.0,1.0,6.0,9.0,7.0,8.0,7.0,12.0,16.0,9.0,16.0,0.0,0.0,0.0,5.0,85.2,57.1,0.0,0.0,316793.0,86368.0,26600.0,73474.0,0,0
65191,11200.0,0.2055,300.17,2,75000.0,0,1,n,32.24,1.0,0.0,10.0,0.0,7208.0,25.0,0,9769.8,9769.8,3589.25,3589.25,1430.2,2159.05,0.0,0.0,0.0,300.17,0.0,1.0,1,0.0,61.0,181104.0,0.0,3.0,0.0,3.0,15.0,87397.0,74.0,0.0,0.0,3819.0,51.0,34700.0,2.0,1.0,0.0,3.0,18110.0,19792.0,26.7,0.0,0.0,149.0,135.0,48.0,15.0,2.0,48.0,16.0,0.0,2.0,2.0,4.0,4.0,15.0,6.0,8.0,2.0,10.0,0.0,0.0,0.0,0.0,88.0,0.0,0.0,0.0,247802.0,94605.0,27000.0,108041.0,0,0
13720,5000.0,0.1171,165.38,3,78000.0,1,1,n,16.78,0.0,1.0,16.0,0.0,30275.0,37.0,1,3028.67,3028.67,2347.29,2347.29,1971.33,375.96,0.0,0.0,0.0,165.38,0.0,1.0,1,0.0,0.0,292709.0,1.0,2.0,2.0,4.0,8.0,14536.0,73.0,3.0,5.0,15995.0,35.0,107500.0,3.0,0.0,5.0,10.0,18294.0,53339.0,35.9,0.0,0.0,82.0,101.0,1.0,1.0,5.0,1.0,1.0,0.0,6.0,7.0,9.0,14.0,13.0,13.0,19.0,7.0,16.0,0.0,0.0,0.0,6.0,100.0,33.3,0.0,0.0,379500.0,44811.0,83200.0,20000.0,0,0
33925,4000.0,0.2305,154.95,2,69000.0,1,1,n,36.07,2.0,2.0,19.0,0.0,27521.0,36.0,0,3074.37,3074.37,1691.64,1691.64,925.63,766.01,0.0,0.0,0.0,154.95,0.0,1.0,1,0.0,290.0,73926.0,1.0,7.0,3.0,5.0,7.0,46405.0,92.0,2.0,2.0,7368.0,84.0,37600.0,3.0,1.0,8.0,7.0,3891.0,2284.0,88.7,0.0,0.0,136.0,291.0,2.0,2.0,3.0,2.0,2.0,1.0,5.0,12.0,5.0,7.0,17.0,12.0,16.0,12.0,19.0,0.0,0.0,0.0,5.0,85.7,80.0,0.0,0.0,88005.0,73926.0,20300.0,50405.0,0,0
70295,20000.0,0.0819,628.49,1,57000.0,1,1,n,14.34,0.0,1.0,8.0,0.0,21924.0,19.0,0,13869.39,13869.39,7532.78,7532.78,6130.61,1402.17,0.0,0.0,0.0,628.49,0.0,1.0,1,0.0,0.0,22722.0,0.0,1.0,0.0,0.0,60.0,798.0,32.0,0.0,0.0,4541.0,72.0,28900.0,0.0,0.0,1.0,0.0,3246.0,6976.0,75.9,0.0,0.0,135.0,176.0,62.0,60.0,0.0,62.0,1.0,0.0,6.0,6.0,7.0,11.0,8.0,7.0,11.0,6.0,8.0,0.0,0.0,0.0,0.0,94.7,66.7,0.0,0.0,31400.0,22722.0,28900.0,2500.0,0,0
24972,15950.0,0.124,358.04,2,28000.0,0,1,n,42.52,0.0,2.0,11.0,1.0,8573.0,18.0,0,14478.07,14478.07,3211.37,3211.37,1471.93,1739.44,0.0,0.0,0.0,358.04,0.0,1.0,0,0.0,0.0,235506.0,2.0,2.0,2.0,2.0,3.0,21292.0,82.0,1.0,1.0,4824.0,64.0,20600.0,1.0,1.0,4.0,4.0,21410.0,7963.0,39.2,0.0,0.0,101.0,196.0,2.0,2.0,1.0,41.0,2.0,0.0,2.0,3.0,3.0,5.0,5.0,8.0,12.0,3.0,11.0,0.0,0.0,0.0,3.0,88.9,0.0,1.0,0.0,257711.0,29865.0,13100.0,26006.0,0,0
60168,27000.0,0.1033,578.07,2,72000.0,0,1,n,24.02,0.0,0.0,7.0,0.0,21700.0,21.0,1,22684.19,22684.19,6898.1,6898.1,4315.81,2582.29,0.0,0.0,0.0,578.07,0.0,1.0,1,0.0,0.0,229205.0,0.0,2.0,0.0,0.0,25.0,20988.0,45.0,0.0,0.0,6969.0,47.0,44100.0,0.0,0.0,0.0,1.0,32744.0,22400.0,49.2,0.0,0.0,149.0,199.0,114.0,14.0,3.0,125.0,15.0,0.0,4.0,4.0,4.0,8.0,10.0,4.0,8.0,4.0,7.0,0.0,0.0,0.0,0.0,95.0,25.0,0.0,0.0,285570.0,42688.0,44100.0,47000.0,0,0
8242,7000.0,0.08810000000000001,221.98,1,100000.0,0,1,n,13.22,0.0,0.0,17.0,0.0,31124.0,20.0,0,5222.0,5222.0,2212.95,2212.95,1778.0,434.95,0.0,0.0,0.0,221.98,0.0,1.0,1,0.0,0.0,35062.0,3.0,1.0,0.0,2.0,14.0,3938.0,70.0,4.0,7.0,11504.0,53.0,60400.0,2.0,0.0,0.0,9.0,2191.0,23588.0,50.4,0.0,0.0,119.0,127.0,2.0,2.0,0.0,2.0,14.0,0.0,8.0,12.0,11.0,11.0,3.0,16.0,17.0,12.0,17.0,0.0,0.0,0.0,4.0,100.0,9.1,0.0,0.0,66000.0,35062.0,47600.0,5600.0,0,0
29775,7975.0,0.1102,261.17,2,50000.0,0,1,n,13.56,0.0,1.0,14.0,0.0,501.0,37.0,0,0.0,0.0,8480.44,8480.44,7975.0,505.44,0.0,0.0,0.0,6918.3,0.0,1.0,1,0.0,0.0,248406.0,3.0,1.0,2.0,2.0,6.0,11292.0,94.0,2.0,2.0,59.0,33.0,18800.0,2.0,7.0,4.0,5.0,19108.0,8941.0,0.7,0.0,0.0,180.0,363.0,3.0,3.0,6.0,3.0,6.0,2.0,1.0,3.0,6.0,10.0,13.0,11.0,17.0,3.0,14.0,0.0,0.0,0.0,5.0,89.2,0.0,0.0,0.0,279867.0,13993.0,9000.0,12000.0,0,0
55697,12000.0,0.0756,373.61,2,120000.0,0,1,n,22.07,0.0,1.0,15.0,0.0,4344.0,25.0,0,8278.43,8278.43,4478.28,4478.28,3721.57,756.71,0.0,0.0,0.0,373.61,0.0,1.0,1,0.0,0.0,50889.0,1.0,3.0,1.0,2.0,5.0,46545.0,61.0,0.0,0.0,1301.0,23.0,86000.0,2.0,1.0,2.0,2.0,3393.0,52156.0,7.7,0.0,0.0,154.0,171.0,33.0,5.0,0.0,33.0,5.0,4.0,8.0,8.0,9.0,13.0,6.0,12.0,19.0,8.0,15.0,0.0,0.0,0.0,1.0,83.3,0.0,0.0,0.0,156000.0,50889.0,56500.0,70000.0,0,0
61051,32075.0,0.14300000000000002,1100.93,2,280000.0,1,1,n,7.19,1.0,2.0,13.0,0.0,18331.0,27.0,0,22862.24,22862.24,13147.46,13147.46,9212.76,3934.7,0.0,0.0,0.0,1100.93,0.0,1.0,1,0.0,2130.0,585865.0,0.0,1.0,0.0,1.0,20.0,18877.0,54.0,0.0,0.0,12610.0,47.0,44300.0,4.0,0.0,6.0,1.0,45067.0,23513.0,42.7,0.0,0.0,148.0,242.0,26.0,20.0,3.0,30.0,1.0,0.0,6.0,7.0,7.0,8.0,7.0,10.0,17.0,7.0,13.0,0.0,0.0,0.0,0.0,92.6,28.6,0.0,0.0,650116.0,37208.0,41000.0,35000.0,0,0
51633,15400.0,0.1308,351.03,2,125000.0,1,1,n,10.57,0.0,0.0,8.0,0.0,5670.0,11.0,1,13065.28,13065.28,4201.17,4201.17,2334.72,1866.45,0.0,0.0,0.0,351.03,0.0,1.0,1,0.0,0.0,302194.0,2.0,2.0,0.0,2.0,15.0,32289.0,85.0,1.0,2.0,3156.0,64.0,21400.0,1.0,2.0,1.0,5.0,37774.0,8344.0,27.4,0.0,0.0,149.0,54.0,1.0,1.0,3.0,1.0,5.0,0.0,1.0,4.0,2.0,2.0,3.0,5.0,5.0,4.0,8.0,0.0,0.0,0.0,2.0,100.0,0.0,0.0,0.0,324566.0,37959.0,11500.0,38166.0,0,0
51497,13000.0,0.08810000000000001,268.67,3,25000.0,1,1,n,21.94,0.0,3.0,9.0,0.0,8999.0,13.0,0,10835.24,10835.24,3217.68,3217.68,2164.76,1052.92,0.0,0.0,0.0,268.67,0.0,1.0,1,0.0,0.0,13754.0,1.0,1.0,0.0,1.0,14.0,4755.0,68.0,1.0,4.0,3692.0,28.0,41800.0,0.0,2.0,3.0,5.0,1528.0,28400.0,23.9,0.0,0.0,33.0,167.0,5.0,5.0,0.0,5.0,3.0,0.0,4.0,6.0,6.0,6.0,2.0,8.0,11.0,6.0,9.0,0.0,0.0,0.0,1.0,100.0,0.0,0.0,0.0,48800.0,13754.0,37300.0,7000.0,0,0
12461,14400.0,0.2305,557.8,2,107000.0,0,1,n,19.25,0.0,2.0,15.0,0.0,22386.0,25.0,1,11332.06,11332.06,5559.56,5559.56,3067.94,2491.62,0.0,0.0,0.0,557.8,0.0,1.0,1,0.0,0.0,603287.0,1.0,2.0,0.0,2.0,21.0,20505.0,60.0,3.0,5.0,7674.0,62.0,31900.0,3.0,1.0,7.0,8.0,40219.0,5369.0,67.1,0.0,0.0,96.0,46.0,10.0,5.0,2.0,12.0,2.0,0.0,5.0,10.0,6.0,10.0,7.0,12.0,16.0,10.0,15.0,0.0,0.0,0.0,4.0,100.0,33.3,0.0,0.0,628320.0,42891.0,21600.0,34252.0,0,0
18196,30000.0,0.1308,683.83,2,51000.0,0,1,n,30.07,0.0,0.0,11.0,1.0,5428.0,56.0,0,26251.49,26251.49,6816.5,6816.5,3748.51,3067.99,0.0,0.0,0.0,683.83,0.0,1.0,0,0.0,0.0,281429.0,0.0,3.0,0.0,0.0,29.0,51794.0,85.0,1.0,1.0,730.0,75.0,15400.0,0.0,9.0,3.0,2.0,28143.0,5186.0,21.4,0.0,0.0,173.0,148.0,12.0,7.0,1.0,42.0,9.0,0.0,2.0,5.0,2.0,6.0,39.0,6.0,16.0,5.0,11.0,0.0,0.0,0.0,2.0,100.0,0.0,1.0,0.0,302879.0,57222.0,6600.0,60704.0,0,0
40946,40000.0,0.1033,856.4,2,75000.0,1,1,n,14.85,1.0,0.0,12.0,0.0,3302.0,32.0,0,0.0,0.0,42921.5,42921.5,40000.0,2921.5,0.0,0.0,0.0,36116.21,0.0,1.0,1,0.0,0.0,349758.0,0.0,5.0,1.0,1.0,8.0,64876.0,91.0,0.0,0.0,2225.0,57.0,47500.0,1.0,3.0,2.0,2.0,29147.0,44198.0,7.0,0.0,0.0,139.0,182.0,25.0,8.0,6.0,33.0,8.0,0.0,3.0,3.0,5.0,10.0,15.0,5.0,11.0,3.0,12.0,0.0,0.0,0.0,1.0,93.8,0.0,0.0,0.0,411733.0,68178.0,47500.0,71553.0,0,0
60021,40000.0,0.0756,1245.36,2,125000.0,0,1,n,32.34,0.0,0.0,26.0,0.0,57066.0,47.0,0,30280.41,30280.41,12411.6,12411.6,9719.59,2692.01,0.0,0.0,0.0,1245.36,0.0,1.0,1,0.0,0.0,234037.0,2.0,5.0,1.0,3.0,5.0,176971.0,105.0,2.0,4.0,12073.0,74.0,102800.0,0.0,6.0,1.0,7.0,9001.0,31299.0,58.4,0.0,0.0,188.0,310.0,4.0,4.0,1.0,4.0,7.0,0.0,12.0,16.0,14.0,19.0,13.0,21.0,33.0,16.0,26.0,0.0,0.0,0.0,3.0,100.0,35.7,0.0,0.0,302274.0,234037.0,75300.0,199474.0,0,0
8002,21050.0,0.0702,650.16,2,185000.0,1,1,n,17.46,0.0,1.0,19.0,0.0,65547.0,54.0,0,13436.06,13436.06,8687.71,8687.71,7613.94,1073.77,0.0,0.0,0.0,650.16,0.0,1.0,1,0.0,0.0,433038.0,2.0,5.0,1.0,2.0,5.0,57085.0,51.0,1.0,3.0,24950.0,44.0,169200.0,1.0,5.0,2.0,6.0,22791.0,77917.0,42.7,0.0,0.0,181.0,278.0,5.0,5.0,6.0,5.0,5.0,0.0,8.0,10.0,9.0,25.0,17.0,12.0,31.0,10.0,19.0,0.0,0.0,0.0,2.0,100.0,22.2,0.0,0.0,625206.0,122632.0,136000.0,112006.0,0,0
2803,2200.0,0.0756,68.5,2,45000.0,1,1,n,22.8,0.0,0.0,13.0,0.0,276.0,26.0,0,0.0,0.0,2287.74,2287.74,2200.0,87.74,0.0,0.0,0.0,1137.16,0.0,1.0,1,0.0,0.0,112166.0,1.0,1.0,1.0,2.0,12.0,27517.0,73.0,1.0,2.0,155.0,34.0,43300.0,2.0,0.0,1.0,4.0,8628.0,30345.0,0.5,0.0,0.0,94.0,83.0,5.0,5.0,2.0,15.0,12.0,0.0,1.0,2.0,5.0,6.0,12.0,10.0,12.0,2.0,13.0,0.0,0.0,0.0,2.0,100.0,0.0,0.0,0.0,178038.0,27793.0,30500.0,37800.0,0,0
36580,8000.0,0.2055,299.56,3,28000.0,0,1,n,28.38,0.0,1.0,8.0,0.0,13603.0,11.0,0,0.0,0.0,8558.7,8558.7,8000.0,558.7,0.0,0.0,0.0,7669.15,0.0,1.0,1,0.0,0.0,23828.0,1.0,1.0,1.0,1.0,5.0,10225.0,91.0,0.0,2.0,4726.0,43.0,80400.0,1.0,1.0,1.0,3.0,2979.0,66797.0,30.4,0.0,0.0,5.0,351.0,18.0,5.0,0.0,18.0,5.0,0.0,6.0,6.0,7.0,8.0,1.0,7.0,10.0,6.0,8.0,0.0,0.0,0.0,1.0,100.0,14.3,0.0,0.0,91600.0,23828.0,80400.0,11200.0,0,0
48047,40000.0,0.0646,1225.24,3,130000.0,0,1,n,13.61,0.0,0.0,14.0,0.0,171983.0,25.0,0,30712.41,30712.41,11385.27,11385.27,9287.59,2097.68,0.0,0.0,0.0,0.0,0.0,1.0,1,0.0,0.0,182348.0,1.0,2.0,0.0,0.0,51.0,10365.0,28.0,2.0,2.0,18132.0,22.0,264100.0,1.0,3.0,3.0,2.0,13025.0,70528.0,24.6,0.0,0.0,179.0,194.0,3.0,3.0,1.0,12.0,4.0,0.0,2.0,6.0,7.0,7.0,7.0,12.0,17.0,6.0,14.0,0.0,0.0,0.0,2.0,100.0,28.6,0.0,0.0,300907.0,182348.0,93600.0,36807.0,0,0
29855,5000.0,0.2305,193.68,1,69020.0,1,1,n,13.01,2.0,1.0,7.0,0.0,5036.0,11.0,0,3816.65,3816.65,2124.08,2124.08,1183.35,940.73,0.0,0.0,0.0,193.68,0.0,1.0,1,0.0,0.0,12341.0,1.0,2.0,1.0,1.0,5.0,7305.0,36.0,0.0,1.0,2861.0,43.0,7500.0,1.0,0.0,1.0,3.0,1763.0,1465.0,73.4,0.0,0.0,67.0,329.0,17.0,5.0,0.0,40.0,5.0,1.0,2.0,3.0,2.0,2.0,3.0,4.0,7.0,3.0,7.0,0.0,0.0,0.0,1.0,63.6,50.0,0.0,0.0,28963.0,12341.0,5500.0,20324.0,0,0
14077,25000.0,0.1308,569.86,2,141000.0,1,1,n,23.28,0.0,2.0,11.0,0.0,11309.0,31.0,0,21876.22,21876.22,5662.27,5662.27,3123.78,2538.49,0.0,0.0,0.0,569.86,0.0,1.0,1,0.0,84.0,419923.0,6.0,4.0,2.0,4.0,3.0,90014.0,68.0,3.0,3.0,5744.0,61.0,22600.0,4.0,0.0,8.0,9.0,38175.0,7707.0,45.7,0.0,0.0,124.0,154.0,4.0,3.0,2.0,6.0,3.0,1.0,2.0,4.0,3.0,10.0,13.0,5.0,15.0,4.0,11.0,0.0,0.0,0.0,6.0,93.5,0.0,0.0,0.0,461921.0,102028.0,14200.0,114651.0,0,0
75043,12000.0,0.1308,404.79,2,120000.0,0,1,n,19.62,0.0,2.0,14.0,0.0,24294.0,29.0,0,8507.68,8507.68,4840.04,4840.04,3492.32,1347.72,0.0,0.0,0.0,404.79,0.0,1.0,1,0.0,0.0,129469.0,1.0,3.0,2.0,2.0,2.0,58979.0,64.0,0.0,0.0,9244.0,58.0,44000.0,1.0,0.0,3.0,2.0,9248.0,4331.0,80.5,0.0,0.0,197.0,165.0,55.0,2.0,2.0,55.0,2.0,0.0,5.0,7.0,5.0,7.0,9.0,10.0,18.0,7.0,14.0,0.0,0.0,0.0,2.0,96.6,80.0,0.0,0.0,175897.0,83273.0,22200.0,66897.0,0,0
10314,10000.0,0.0646,306.31,2,77000.0,1,1,n,13.58,0.0,1.0,7.0,0.0,18800.0,13.0,0,0.0,0.0,10261.3,10261.3,10000.0,261.3,0.0,0.0,0.0,9039.65,0.0,1.0,1,0.0,0.0,176329.0,1.0,1.0,1.0,1.0,7.0,10632.0,71.0,2.0,4.0,10151.0,34.0,71000.0,1.0,0.0,1.0,5.0,25190.0,47700.0,28.3,0.0,0.0,7.0,211.0,4.0,4.0,3.0,4.0,6.0,0.0,3.0,3.0,4.0,5.0,1.0,5.0,9.0,3.0,7.0,0.0,0.0,0.0,3.0,100.0,0.0,0.0,0.0,249000.0,29432.0,66500.0,15000.0,0,0
37262,13000.0,0.14300000000000002,446.21,2,76000.0,1,1,n,16.31,1.0,0.0,19.0,0.0,18322.0,25.0,0,9657.01,9657.01,4897.98,4897.98,3342.99,1554.99,0.0,0.0,0.0,446.21,0.0,1.0,1,0.0,0.0,118157.0,0.0,2.0,0.0,1.0,17.0,11933.0,67.0,0.0,1.0,5028.0,55.0,37400.0,0.0,0.0,1.0,2.0,6564.0,10126.0,50.8,0.0,0.0,124.0,228.0,13.0,13.0,2.0,13.0,2.0,0.0,8.0,12.0,10.0,10.0,5.0,16.0,18.0,12.0,19.0,0.0,0.0,0.0,0.0,92.0,22.2,0.0,0.0,147107.0,30255.0,20600.0,17772.0,0,0
59013,17350.0,0.1171,383.41,1,48000.0,1,1,n,39.6,0.0,1.0,24.0,1.0,12772.0,32.0,0,14638.29,14638.29,4589.63,4589.63,2711.71,1877.92,0.0,0.0,0.0,383.41,0.0,1.0,1,0.0,0.0,33040.0,2.0,5.0,2.0,4.0,3.0,20268.0,65.0,2.0,6.0,3162.0,34.0,66000.0,1.0,0.0,1.0,10.0,1437.0,48030.0,15.0,0.0,0.0,60.0,110.0,8.0,3.0,0.0,8.0,3.0,0.0,10.0,11.0,12.0,14.0,9.0,19.0,23.0,11.0,24.0,0.0,0.0,0.0,4.0,100.0,0.0,1.0,0.0,97216.0,33040.0,56500.0,31216.0,0,0
17828,7000.0,0.0646,214.42,1,30000.0,1,1,n,27.32,0.0,0.0,4.0,0.0,6734.0,7.0,0,4904.48,4904.48,2441.69,2441.69,2095.52,346.17,0.0,0.0,0.0,214.42,0.0,1.0,1,0.0,0.0,26104.0,0.0,2.0,1.0,1.0,9.0,19370.0,75.0,1.0,1.0,6734.0,67.0,13500.0,3.0,2.0,11.0,2.0,6526.0,6766.0,49.9,0.0,0.0,46.0,64.0,8.0,8.0,0.0,8.0,8.0,0.0,1.0,1.0,2.0,4.0,3.0,2.0,4.0,1.0,4.0,0.0,0.0,0.0,2.0,100.0,0.0,0.0,0.0,39180.0,26104.0,13500.0,25680.0,0,0
59833,18000.0,0.1308,607.19,2,40000.0,1,1,n,19.11,2.0,0.0,12.0,0.0,13375.0,16.0,0,13287.43,13287.43,6671.63,6671.63,4712.57,1959.06,0.0,0.0,0.0,0.0,0.0,1.0,0,0.0,0.0,265642.0,0.0,1.0,2.0,2.0,7.0,5687.0,74.0,0.0,3.0,3092.0,51.0,29500.0,8.0,0.0,18.0,5.0,22137.0,4491.0,58.8,0.0,0.0,10.0,367.0,14.0,7.0,2.0,26.0,2.0,1.0,5.0,10.0,5.0,5.0,2.0,10.0,12.0,10.0,12.0,0.0,0.0,0.0,2.0,68.8,40.0,0.0,0.0,317162.0,19062.0,10900.0,7662.0,0,0
25016,17000.0,0.1612,598.68,2,61000.0,0,1,n,24.28,0.0,2.0,15.0,0.0,22328.0,20.0,0,12641.63,12641.63,6570.26,6570.26,4358.37,2211.89,0.0,0.0,0.0,598.68,0.0,1.0,0,0.0,0.0,27835.0,3.0,1.0,0.0,0.0,50.0,5507.0,27.0,5.0,5.0,6995.0,50.0,36000.0,1.0,0.0,7.0,5.0,1856.0,7068.0,72.7,0.0,0.0,73.0,75.0,0.0,0.0,0.0,0.0,0.0,0.0,8.0,12.0,10.0,10.0,5.0,14.0,15.0,12.0,15.0,0.0,0.0,0.0,5.0,100.0,60.0,0.0,0.0,56078.0,27835.0,25900.0,20078.0,0,0
75275,20000.0,0.1308,674.65,1,125000.0,0,1,n,10.57,0.0,0.0,11.0,0.0,2591.0,36.0,0,0.0,0.0,20329.98,20329.98,20000.0,329.98,0.0,0.0,0.0,9574.4,0.0,1.0,1,0.0,0.0,386335.0,2.0,2.0,0.0,3.0,15.0,29296.0,64.0,8.0,14.0,2589.0,47.0,22100.0,3.0,1.0,4.0,18.0,35121.0,6409.0,28.8,0.0,0.0,76.0,89.0,1.0,1.0,1.0,4.0,3.0,1.0,1.0,1.0,2.0,12.0,9.0,8.0,26.0,2.0,11.0,0.0,0.0,0.0,8.0,86.1,0.0,0.0,0.0,428374.0,31887.0,9000.0,45922.0,0,0
50382,10625.0,0.16949999999999998,378.55,2,58000.0,0,1,n,14.07,0.0,3.0,6.0,0.0,1336.0,16.0,0,7659.99,7659.99,4532.59,4532.59,2965.01,1567.58,0.0,0.0,0.0,378.55,0.0,1.0,1,0.0,0.0,33306.0,4.0,3.0,2.0,3.0,5.0,31970.0,95.0,2.0,2.0,925.0,90.0,3500.0,2.0,1.0,5.0,5.0,5551.0,164.0,89.1,0.0,0.0,214.0,249.0,0.0,0.0,0.0,4.0,0.0,1.0,2.0,2.0,2.0,3.0,10.0,3.0,6.0,2.0,6.0,0.0,0.0,0.0,4.0,93.8,100.0,0.0,0.0,37068.0,33306.0,1500.0,33568.0,0,0
25437,7425.0,0.08810000000000001,235.46,2,68000.0,0,1,n,17.03,0.0,0.0,12.0,0.0,12594.0,22.0,0,5564.04,5564.04,2350.97,2350.97,1860.96,490.01,0.0,0.0,0.0,0.0,0.0,1.0,1,0.0,0.0,260867.0,0.0,2.0,2.0,3.0,7.0,45743.0,76.0,0.0,4.0,6639.0,30.0,51600.0,8.0,1.0,15.0,8.0,21739.0,28606.0,30.6,0.0,0.0,144.0,152.0,13.0,7.0,2.0,13.0,7.0,0.0,2.0,2.0,5.0,5.0,9.0,9.0,11.0,2.0,12.0,0.0,0.0,0.0,3.0,90.9,20.0,0.0,0.0,304195.0,58337.0,41200.0,49595.0,0,0
64503,7000.0,0.1033,226.96,1,30000.0,1,1,n,32.08,0.0,0.0,12.0,0.0,5846.0,21.0,0,4906.23,4906.23,2719.5,2719.5,2093.77,625.73,0.0,0.0,0.0,226.96,0.0,1.0,1,0.0,0.0,110331.0,0.0,5.0,1.0,2.0,9.0,104086.0,76.0,1.0,1.0,4054.0,61.0,13200.0,1.0,3.0,2.0,3.0,9194.0,846.0,82.7,0.0,0.0,208.0,198.0,9.0,9.0,0.0,159.0,9.0,0.0,1.0,3.0,1.0,3.0,11.0,6.0,9.0,3.0,12.0,0.0,0.0,0.0,2.0,95.2,100.0,0.0,0.0,106891.0,110331.0,4900.0,92490.0,0,0
69514,13700.0,0.2565,549.44,2,80000.0,1,1,n,27.08,0.0,1.0,9.0,0.0,9861.0,27.0,0,0.0,0.0,14727.5,14727.5,13700.0,1027.5,0.0,0.0,0.0,11102.66,0.0,1.0,1,0.0,368.0,380664.0,3.0,5.0,3.0,5.0,2.0,49506.0,83.0,0.0,0.0,9840.0,80.0,14700.0,3.0,4.0,4.0,5.0,42296.0,4839.0,67.1,0.0,0.0,148.0,162.0,29.0,2.0,1.0,29.0,2.0,0.0,3.0,3.0,3.0,6.0,18.0,3.0,8.0,3.0,9.0,0.0,0.0,0.0,3.0,100.0,33.3,0.0,0.0,408072.0,59367.0,14700.0,59447.0,0,0
15509,35000.0,0.1862,900.62,2,148000.0,0,1,n,17.89,0.0,0.0,17.0,0.0,35478.0,33.0,0,31164.37,31164.37,8933.79,8933.79,3835.63,5098.16,0.0,0.0,0.0,900.62,0.0,1.0,1,0.0,0.0,591519.0,0.0,3.0,0.0,2.0,21.0,86112.0,55.0,1.0,3.0,8613.0,52.0,71400.0,0.0,0.0,5.0,7.0,34795.0,30453.0,53.8,0.0,0.0,127.0,160.0,10.0,10.0,2.0,10.0,1.0,0.0,9.0,10.0,11.0,14.0,10.0,13.0,20.0,10.0,17.0,0.0,0.0,0.0,3.0,100.0,18.2,0.0,0.0,659427.0,121590.0,65900.0,113027.0,0,0
2887,16000.0,0.1612,563.47,1,40000.0,1,1,n,21.09,0.0,0.0,11.0,1.0,8348.0,26.0,0,12296.22,12296.22,5620.37,5620.37,3703.78,1916.59,0.0,0.0,0.0,563.47,0.0,1.0,1,0.0,0.0,17839.0,0.0,2.0,1.0,2.0,8.0,9491.0,83.0,4.0,6.0,3782.0,66.0,15700.0,2.0,6.0,1.0,8.0,1622.0,5884.0,47.5,0.0,0.0,126.0,135.0,9.0,8.0,0.0,11.0,9.0,0.0,5.0,7.0,6.0,9.0,9.0,9.0,17.0,7.0,11.0,0.0,0.0,0.0,5.0,94.4,16.7,1.0,0.0,27200.0,17839.0,11200.0,11500.0,0,0
12009,15000.0,0.1308,341.92,2,65000.0,1,1,n,19.79,0.0,0.0,8.0,0.0,14928.0,17.0,0,13137.05,13137.05,3408.3,3408.3,1862.95,1545.35,0.0,0.0,0.0,341.92,0.0,1.0,1,0.0,0.0,125128.0,0.0,4.0,0.0,3.0,14.0,36872.0,68.0,0.0,0.0,11351.0,71.0,18100.0,0.0,2.0,2.0,3.0,15641.0,3072.0,82.9,0.0,0.0,171.0,84.0,34.0,14.0,5.0,34.0,6.0,0.0,2.0,2.0,2.0,2.0,9.0,3.0,3.0,2.0,8.0,0.0,0.0,0.0,0.0,100.0,50.0,0.0,0.0,159255.0,51800.0,18000.0,54625.0,0,0
65233,16125.0,0.2565,646.69,1,131800.0,0,1,n,23.22,2.0,1.0,10.0,0.0,36208.0,20.0,1,12042.84,12042.84,7737.3,7737.3,4082.16,3655.14,0.0,0.0,0.0,646.69,0.0,1.0,1,0.0,0.0,80080.0,1.0,4.0,3.0,4.0,3.0,43872.0,86.0,0.0,0.0,10013.0,73.0,58600.0,2.0,0.0,2.0,4.0,8008.0,22392.0,61.8,0.0,0.0,148.0,380.0,32.0,3.0,3.0,32.0,3.0,0.0,6.0,6.0,6.0,7.0,7.0,6.0,10.0,6.0,10.0,0.0,0.0,0.0,3.0,85.0,83.3,0.0,0.0,109600.0,80080.0,58600.0,51000.0,0,0
46726,32000.0,0.2305,903.02,2,105000.0,0,1,n,30.16,0.0,0.0,10.0,0.0,51034.0,20.0,0,24468.34,24468.34,13963.04,13963.04,7531.66,6431.38,0.0,0.0,0.0,4000.0,0.0,1.0,0,0.0,0.0,465854.0,0.0,4.0,0.0,2.0,17.0,30265.0,42.0,0.0,0.0,1543.0,62.0,59200.0,0.0,9.0,0.0,4.0,46585.0,457.0,77.2,0.0,0.0,174.0,241.0,25.0,17.0,2.0,33.0,15.0,0.0,1.0,5.0,1.0,3.0,10.0,5.0,8.0,5.0,10.0,0.0,0.0,0.0,0.0,100.0,100.0,0.0,0.0,524720.0,81299.0,2000.0,71875.0,0,0
63688,30000.0,0.1033,642.3,2,65000.0,0,1,n,16.51,0.0,0.0,12.0,0.0,22247.0,34.0,0,25166.82,25166.82,7690.38,7690.38,4833.18,2857.2,0.0,0.0,0.0,642.3,0.0,1.0,1,0.0,0.0,122504.0,1.0,2.0,0.0,2.0,16.0,3814.0,29.0,2.0,3.0,16912.0,37.0,56900.0,1.0,0.0,2.0,5.0,11137.0,25493.0,41.0,0.0,0.0,141.0,161.0,1.0,1.0,1.0,9.0,7.0,0.0,2.0,6.0,5.0,12.0,11.0,9.0,22.0,6.0,12.0,0.0,0.0,0.0,2.0,100.0,0.0,0.0,0.0,187937.0,26061.0,43200.0,13211.0,0,0
25267,12000.0,0.1862,308.79,1,60000.0,0,1,n,5.18,0.0,1.0,4.0,0.0,6154.0,9.0,0,0.0,0.0,13318.89,13318.89,12000.0,1318.89,0.0,0.0,0.0,11478.56,0.0,1.0,1,0.0,0.0,8869.0,1.0,1.0,2.0,3.0,6.0,2715.0,91.0,0.0,0.0,3925.0,50.0,14600.0,2.0,0.0,1.0,3.0,2217.0,8446.0,42.2,0.0,0.0,81.0,67.0,36.0,6.0,0.0,36.0,6.0,0.0,3.0,3.0,3.0,3.0,6.0,3.0,3.0,3.0,4.0,0.0,0.0,0.0,2.0,100.0,66.7,0.0,0.0,17600.0,8869.0,14600.0,3000.0,0,0
169,31900.0,0.08810000000000001,1011.6,2,114000.0,1,0,n,11.22,0.0,0.0,10.0,0.0,7359.0,33.0,0,0.0,0.0,3019.19,3019.19,1889.03,1130.16,0.0,0.0,0.0,1011.6,0.0,1.0,1,0.0,925.0,356256.0,0.0,4.0,1.0,3.0,8.0,17539.0,61.0,1.0,1.0,3118.0,66.0,8800.0,1.0,4.0,2.0,4.0,35626.0,184.0,96.5,0.0,0.0,205.0,172.0,8.0,8.0,3.0,43.0,8.0,0.0,2.0,4.0,2.0,4.0,19.0,4.0,11.0,4.0,10.0,0.0,0.0,0.0,2.0,96.8,100.0,0.0,0.0,405753.0,24898.0,5300.0,28794.0,0,0
267,20000.0,0.0819,628.49,2,103400.0,1,0,n,27.81,0.0,0.0,23.0,1.0,0.0,60.0,0,15454.8,15454.8,5647.31,5647.31,4545.2,1102.11,0.0,0.0,0.0,628.49,0.0,1.0,1,0.0,0.0,166039.0,0.0,4.0,3.0,5.0,9.0,166039.0,91.0,2.0,2.0,0.0,40.0,63500.0,7.0,0.0,14.0,7.0,8739.0,35800.0,0.0,0.0,0.0,155.0,163.0,12.0,9.0,2.0,12.0,5.0,6.0,0.0,0.0,11.0,14.0,29.0,19.0,29.0,0.0,23.0,0.0,0.0,0.0,5.0,74.5,0.0,1.0,0.0,233864.0,166039.0,35800.0,170364.0,0,0
297,10625.0,0.1612,374.18,2,53000.0,1,0,n,20.11,0.0,1.0,11.0,1.0,23151.0,22.0,0,0.0,0.0,1487.2,1487.2,944.63,542.57,0.0,0.0,0.0,0.0,0.0,1.0,1,0.0,0.0,325674.0,1.0,1.0,1.0,2.0,11.0,4816.0,80.0,2.0,2.0,10264.0,56.0,43600.0,2.0,2.0,3.0,6.0,29607.0,12036.0,65.2,0.0,0.0,146.0,63.0,5.0,5.0,5.0,7.0,5.0,0.0,5.0,6.0,7.0,9.0,6.0,9.0,11.0,6.0,11.0,0.0,0.0,0.0,3.0,100.0,42.9,1.0,0.0,351441.0,27967.0,34600.0,6000.0,0,0
313,8450.0,0.2055,316.41,3,135000.0,1,0,n,24.05,0.0,1.0,15.0,0.0,13238.0,26.0,0,7119.61,7119.61,2521.63,2521.63,1330.39,1191.24,0.0,0.0,0.0,0.0,0.0,1.0,1,0.0,0.0,91103.0,1.0,11.0,1.0,2.0,11.0,77865.0,18.0,1.0,1.0,9484.0,46.0,15900.0,3.0,1.0,3.0,3.0,6074.0,2662.0,83.3,0.0,0.0,206.0,236.0,4.0,4.0,3.0,4.0,2.0,0.0,3.0,3.0,4.0,7.0,16.0,4.0,7.0,3.0,15.0,0.0,0.0,0.0,2.0,80.8,50.0,0.0,0.0,132202.0,91103.0,15900.0,116302.0,0,0
441,32000.0,0.14300000000000002,749.58,2,240000.0,0,0,n,33.05,0.0,3.0,24.0,0.0,90912.0,30.0,0,28891.16,28891.16,6720.8,6720.8,3108.84,3611.96,0.0,0.0,0.0,749.58,0.0,1.0,1,0.0,0.0,378455.0,2.0,6.0,2.0,3.0,2.0,133238.0,48.0,6.0,8.0,16380.0,44.0,250700.0,2.0,1.0,5.0,11.0,15769.0,148355.0,34.0,0.0,0.0,124.0,236.0,5.0,2.0,4.0,5.0,2.0,0.0,14.0,16.0,14.0,14.0,9.0,16.0,16.0,16.0,24.0,0.0,0.0,0.0,8.0,100.0,0.0,0.0,0.0,794933.0,252938.0,224700.0,216195.0,0,0
461,25000.0,0.2305,705.49,2,80000.0,0,0,n,24.56,0.0,1.0,15.0,0.0,42510.0,20.0,0,0.0,0.0,2789.95,2789.95,927.42,1862.53,0.0,0.0,0.0,0.0,0.0,1.0,1,0.0,0.0,262768.0,1.0,2.0,0.0,0.0,34.0,13742.0,45.0,1.0,3.0,10350.0,73.0,47000.0,0.0,3.0,4.0,3.0,17518.0,1917.0,95.2,0.0,0.0,57.0,302.0,3.0,3.0,1.0,3.0,3.0,0.0,10.0,11.0,10.0,13.0,4.0,12.0,15.0,11.0,15.0,0.0,0.0,0.0,1.0,100.0,100.0,0.0,0.0,294014.0,56252.0,39800.0,30414.0,0,0
560,40000.0,0.1612,975.28,2,65000.0,1,0,n,18.56,0.0,4.0,10.0,0.0,10025.0,25.0,0,0.0,0.0,0.0,0.0,0.0,0.0,0.0,0.0,0.0,0.0,0.0,1.0,1,0.0,0.0,168800.0,3.0,2.0,3.0,5.0,6.0,71906.0,91.0,1.0,1.0,5032.0,46.0,37300.0,2.0,0.0,5.0,6.0,16880.0,17946.0,23.6,0.0,0.0,120.0,86.0,5.0,5.0,1.0,31.0,6.0,0.0,2.0,3.0,5.0,5.0,15.0,7.0,9.0,3.0,10.0,0.0,0.0,0.0,4.0,100.0,0.0,0.0,0.0,220065.0,81931.0,23500.0,74382.0,0,0
720,10000.0,0.16949999999999998,356.28,2,60000.0,1,0,n,32.12,0.0,1.0,16.0,0.0,10958.0,31.0,1,0.0,0.0,0.0,0.0,0.0,0.0,0.0,0.0,0.0,0.0,0.0,1.0,1,0.0,0.0,83234.0,2.0,4.0,1.0,3.0,8.0,20414.0,42.0,6.0,12.0,3632.0,37.0,35700.0,3.0,0.0,3.0,16.0,5202.0,16440.0,39.3,0.0,0.0,82.0,79.0,1.0,1.0,1.0,5.0,1.0,0.0,4.0,5.0,8.0,16.0,5.0,11.0,24.0,5.0,16.0,0.0,0.0,0.0,7.0,96.8,37.5,0.0,0.0,139460.0,31372.0,27100.0,48760.0,0,0
812,5300.0,0.14300000000000002,181.92,1,48000.0,1,0,n,24.08,0.0,1.0,6.0,0.0,13698.0,11.0,1,4187.16,4187.16,1628.86,1628.86,1112.84,516.02,0.0,0.0,0.0,181.92,0.0,1.0,1,0.0,0.0,122463.0,2.0,2.0,2.0,2.0,2.0,11559.0,89.0,0.0,1.0,8894.0,65.0,25600.0,2.0,0.0,5.0,4.0,20411.0,11902.0,53.5,0.0,0.0,8.0,72.0,16.0,2.0,1.0,16.0,0.0,0.0,2.0,2.0,3.0,4.0,2.0,3.0,8.0,2.0,6.0,0.0,0.0,0.0,3.0,100.0,0.0,0.0,0.0,135806.0,25257.0,25600.0,13000.0,0,0
826,4000.0,0.0819,125.7,1,36000.0,0,0,n,13.0,0.0,0.0,14.0,0.0,2642.0,16.0,0,3193.74,3193.74,1001.96,1001.96,806.26,195.7,0.0,0.0,0.0,0.0,0.0,1.0,1,0.0,0.0,58784.0,0.0,2.0,0.0,1.0,15.0,56142.0,65.0,0.0,0.0,1236.0,11.0,41800.0,1.0,0.0,0.0,1.0,4199.0,36027.0,5.9,0.0,0.0,83.0,64.0,36.0,15.0,0.0,36.0,15.0,0.0,6.0,7.0,11.0,13.0,2.0,12.0,14.0,7.0,14.0,0.0,0.0,0.0,0.0,100.0,0.0,0.0,0.0,91173.0,58784.0,38300.0,49373.0,0,0
849,15950.0,0.1524,381.47,2,178000.0,1,0,n,19.15,0.0,0.0,11.0,0.0,18539.0,14.0,0,14694.4,14694.4,3024.75,3024.75,1255.6,1769.15,0.0,0.0,0.0,381.47,0.0,1.0,1,0.0,0.0,258424.0,0.0,4.0,2.0,3.0,11.0,153569.0,86.0,0.0,0.0,7168.0,85.0,22500.0,1.0,0.0,6.0,3.0,23493.0,3961.0,82.4,0.0,0.0,117.0,294.0,45.0,11.0,2.0,45.0,11.0,0.0,6.0,6.0,6.0,6.0,6.0,6.0,6.0,6.0,11.0,0.0,0.0,0.0,2.0,92.9,66.7,0.0,0.0,307309.0,172108.0,22500.0,179338.0,0,0
1025,2125.0,0.1612,74.84,1,64000.0,0,0,n,17.74,0.0,0.0,6.0,0.0,15101.0,19.0,0,1101.79,1101.79,1193.71,1193.71,1023.21,170.5,0.0,0.0,0.0,0.0,0.0,1.0,1,0.0,0.0,44190.0,1.0,1.0,3.0,3.0,7.0,29089.0,93.0,1.0,1.0,2744.0,76.0,27300.0,1.0,7.0,4.0,4.0,7365.0,10411.0,21.7,0.0,0.0,87.0,91.0,1.0,1.0,0.0,1.0,7.0,1.0,2.0,3.0,3.0,3.0,9.0,5.0,10.0,3.0,6.0,0.0,0.0,0.0,4.0,84.2,33.3,0.0,0.0,58484.0,44190.0,13300.0,31184.0,0,0
1138,21050.0,0.0819,428.74,2,117000.0,0,0,n,22.01,0.0,0.0,17.0,0.0,17256.0,49.0,0,18413.17,18413.17,3839.5,3839.5,2636.83,1202.67,0.0,0.0,0.0,0.0,0.0,1.0,1,0.0,0.0,388207.0,1.0,2.0,2.0,4.0,6.0,79739.0,83.0,1.0,2.0,4265.0,49.0,62500.0,4.0,8.0,2.0,6.0,22836.0,38444.0,31.0,0.0,0.0,145.0,238.0,11.0,6.0,3.0,11.0,6.0,0.0,9.0,9.0,9.0,14.0,24.0,13.0,22.0,9.0,17.0,0.0,0.0,0.0,3.0,98.0,0.0,0.0,0.0,455918.0,96995.0,55700.0,87508.0,0,0
1174,37225.0,0.08810000000000001,1180.46,1,150000.0,1,0,n,29.52,0.0,0.0,10.0,0.0,18263.0,23.0,1,28821.94,28821.94,10587.7,10587.7,8403.06,2184.64,0.0,0.0,0.0,0.0,0.0,1.0,1,0.0,0.0,87941.0,0.0,3.0,0.0,1.0,14.0,29045.0,39.0,0.0,0.0,9043.0,48.0,22900.0,2.0,1.0,2.0,1.0,9771.0,4366.0,80.1,0.0,0.0,163.0,165.0,28.0,14.0,0.0,93.0,3.0,0.0,3.0,4.0,5.0,6.0,13.0,6.0,9.0,4.0,10.0,0.0,0.0,0.0,0.0,100.0,50.0,0.0,0.0,138834.0,87941.0,21900.0,74834.0,0,0
1218,10000.0,0.1308,337.33,3,45000.0,0,0,n,34.32,0.0,0.0,8.0,0.0,13028.0,18.0,0,0.0,0.0,997.46,997.46,725.9,271.56,0.0,0.0,0.0,337.33,0.0,1.0,1,0.0,0.0,35917.0,0.0,2.0,0.0,2.0,13.0,22889.0,72.0,0.0,0.0,5020.0,61.0,27200.0,2.0,1.0,0.0,2.0,4490.0,6972.0,65.1,0.0,0.0,156.0,298.0,41.0,13.0,1.0,91.0,13.0,0.0,4.0,4.0,4.0,7.0,7.0,6.0,10.0,4.0,8.0,0.0,0.0,0.0,0.0,100.0,50.0,0.0,0.0,59200.0,35917.0,20000.0,32000.0,0,0
1244,2000.0,0.1612,70.44,2,65000.0,1,0,n,20.62,1.0,1.0,14.0,0.0,22231.0,32.0,0,1586.09,1586.09,630.38,630.38,413.91,216.47,0.0,0.0,0.0,0.0,0.0,1.0,1,0.0,0.0,218264.0,0.0,11.0,0.0,0.0,30.0,18759.0,63.0,0.0,1.0,16502.0,82.0,20200.0,1.0,3.0,2.0,2.0,15590.0,0.0,110.1,0.0,0.0,174.0,224.0,24.0,22.0,1.0,24.0,0.0,0.0,2.0,2.0,2.0,5.0,22.0,2.0,9.0,2.0,14.0,0.0,0.0,0.0,0.0,96.9,100.0,0.0,0.0,231265.0,40990.0,20200.0,29908.0,0,0
1283,25000.0,0.0819,785.61,2,130000.0,1,0,n,4.3,0.0,1.0,4.0,0.0,5900.0,10.0,0,19311.6,19311.6,7047.74,7047.74,5688.4,1359.34,0.0,0.0,0.0,785.61,0.0,1.0,1,0.0,0.0,18947.0,0.0,1.0,1.0,2.0,12.0,13047.0,87.0,0.0,0.0,5900.0,43.0,29000.0,2.0,0.0,3.0,2.0,4737.0,23100.0,20.3,0.0,0.0,127.0,99.0,25.0,12.0,0.0,25.0,1.0,0.0,1.0,1.0,3.0,5.0,5.0,3.0,5.0,1.0,4.0,0.0,0.0,0.0,1.0,88.9,0.0,0.0,0.0,44000.0,18947.0,29000.0,15000.0,0,0
1321,25000.0,0.1033,535.25,1,56000.0,0,0,n,20.1,0.0,2.0,21.0,0.0,25400.0,30.0,0,0.0,0.0,3788.7,3788.7,320.04,186.52,0.0,3282.14,590.7852,0.0,0.0,1.0,1,0.0,0.0,25566.0,3.0,1.0,0.0,0.0,35.0,166.0,3.0,4.0,6.0,3271.0,13.0,190400.0,0.0,0.0,3.0,6.0,1217.0,114283.0,15.3,0.0,0.0,84.0,145.0,2.0,2.0,0.0,2.0,0.0,0.0,13.0,18.0,14.0,16.0,4.0,20.0,26.0,18.0,21.0,0.0,0.0,0.0,4.0,100.0,0.0,0.0,0.0,196340.0,25566.0,134900.0,5940.0,0,0
1334,4500.0,0.1862,164.09,1,33600.0,0,0,n,7.71,0.0,2.0,6.0,0.0,4363.0,6.0,0,3981.42,3981.42,1057.28,1057.28,518.58,538.7,0.0,0.0,0.0,0.0,0.0,1.0,1,0.0,82.0,5401.0,1.0,1.0,1.0,1.0,7.0,1038.0,65.0,1.0,2.0,1498.0,27.0,18700.0,1.0,0.0,3.0,3.0,900.0,14337.0,23.3,0.0,0.0,7.0,60.0,5.0,5.0,0.0,5.0,1.0,0.0,5.0,5.0,5.0,5.0,1.0,5.0,5.0,5.0,6.0,0.0,0.0,0.0,2.0,100.0,0.0,0.0,0.0,20300.0,5401.0,18700.0,1600.0,0,0
1375,37300.0,0.1102,811.37,2,85000.0,1,0,n,23.93,0.0,1.0,11.0,0.0,10252.0,23.0,0,32922.15,32922.15,7256.66,7256.66,4377.85,2878.81,0.0,0.0,0.0,811.37,0.0,1.0,0,0.0,0.0,401240.0,1.0,4.0,0.0,1.0,14.0,55651.0,75.0,1.0,3.0,4599.0,69.0,21100.0,2.0,6.0,3.0,5.0,36476.0,10360.0,48.5,0.0,0.0,80.0,71.0,9.0,2.0,5.0,9.0,0.0,0.0,4.0,5.0,4.0,4.0,10.0,5.0,6.0,5.0,11.0,0.0,0.0,0.0,2.0,100.0,0.0,0.0,0.0,433810.0,65903.0,20100.0,74708.0,0,0
1378,15000.0,0.1862,385.98,2,40000.0,0,0,n,9.12,0.0,4.0,10.0,0.0,1012.0,20.0,0,15000.0,15000.0,1285.95,1285.95,0.0,1285.95,0.0,0.0,0.0,192.99,0.0,1.0,1,0.0,0.0,23896.0,1.0,3.0,1.0,1.0,5.0,22884.0,105.0,2.0,2.0,559.0,55.0,58400.0,2.0,0.0,11.0,3.0,2390.0,57388.0,4.7,0.0,0.0,128.0,54.0,10.0,5.0,0.0,10.0,2.0,6.0,5.0,5.0,7.0,7.0,13.0,7.0,7.0,5.0,10.0,0.0,0.0,0.0,3.0,68.4,0.0,0.0,0.0,80265.0,23896.0,58400.0,21865.0,1,0
1413,33000.0,0.1612,1162.14,1,165000.0,0,0,n,24.04,0.0,0.0,10.0,0.0,63474.0,26.0,0,28539.49,28539.49,6913.73,6913.73,4460.51,2453.22,0.0,0.0,0.0,0.0,0.0,1.0,1,0.0,0.0,139317.0,1.0,3.0,0.0,1.0,21.0,75843.0,69.0,1.0,1.0,25268.0,72.0,87000.0,1.0,0.0,0.0,2.0,13932.0,23526.0,73.0,0.0,0.0,148.0,218.0,2.0,2.0,0.0,2.0,21.0,0.0,7.0,7.0,7.0,13.0,11.0,7.0,14.0,7.0,10.0,0.0,0.0,0.0,1.0,96.2,57.1,0.0,0.0,190730.0,139317.0,87000.0,103730.0,0,0
1485,16000.0,0.1524,382.66,1,37500.0,0,0,n,32.8,0.0,1.0,7.0,0.0,14697.0,13.0,0,13072.52,13072.52,4586.45,4586.45,2927.48,1658.97,0.0,0.0,0.0,400.0,0.0,1.0,1,0.0,0.0,48010.0,0.0,3.0,0.0,0.0,29.0,33313.0,61.0,1.0,3.0,6142.0,57.0,29200.0,0.0,3.0,1.0,3.0,6859.0,14503.0,50.3,0.0,0.0,81.0,162.0,7.0,7.0,0.0,7.0,0.0,0.0,4.0,4.0,4.0,7.0,6.0,4.0,7.0,4.0,7.0,0.0,0.0,0.0,1.0,100.0,25.0,0.0,0.0,83662.0,48010.0,29200.0,54462.0,0,0
1537,10000.0,0.124,334.06,2,95000.0,1,0,n,24.07,1.0,1.0,19.0,0.0,15591.0,26.0,0,8844.51,8844.51,2022.66,2022.66,1155.49,867.17,0.0,0.0,0.0,167.03,0.0,1.0,1,0.0,0.0,253211.0,2.0,5.0,2.0,4.0,7.0,46318.0,65.0,2.0,3.0,4016.0,62.0,27700.0,3.0,1.0,2.0,7.0,14067.0,5590.0,64.6,0.0,0.0,56.0,100.0,1.0,1.0,5.0,5.0,1.0,0.0,5.0,10.0,5.0,6.0,6.0,13.0,15.0,10.0,19.0,0.0,0.0,0.0,4.0,96.0,40.0,0.0,0.0,303011.0,61909.0,15800.0,71638.0,1,0
1556,13075.0,0.28800000000000003,413.44,2,98000.0,1,0,n,20.85,0.0,0.0,10.0,0.0,19677.0,23.0,0,0.0,0.0,1219.4,1219.4,300.94,918.46,0.0,0.0,0.0,413.44,0.0,1.0,1,0.0,0.0,526405.0,2.0,1.0,1.0,2.0,8.0,46902.0,56.0,2.0,2.0,19677.0,53.0,37900.0,2.0,0.0,3.0,5.0,58489.0,11223.0,63.7,0.0,0.0,35.0,240.0,4.0,4.0,7.0,4.0,0.0,0.0,1.0,1.0,5.0,6.0,4.0,7.0,12.0,1.0,10.0,0.0,0.0,0.0,4.0,91.3,25.0,0.0,0.0,556439.0,66579.0,30900.0,57194.0,0,0
1626,11525.0,0.1308,262.71,2,108500.0,0,0,n,7.39,0.0,3.0,9.0,0.0,9577.0,19.0,0,0.0,0.0,5500.0,5500.0,0.0,0.0,0.0,5500.0,990.0,0.0,0.0,1.0,1,0.0,610.0,307316.0,2.0,1.0,1.0,1.0,4.0,13148.0,95.0,1.0,4.0,2992.0,58.0,25400.0,1.0,0.0,3.0,5.0,34146.0,12292.0,26.8,0.0,0.0,88.0,183.0,6.0,4.0,2.0,20.0,2.0,1.0,4.0,6.0,4.0,9.0,2.0,7.0,15.0,6.0,9.0,0.0,0.0,0.0,2.0,94.7,0.0,0.0,0.0,330967.0,22725.0,16800.0,13825.0,0,0
1665,8000.0,0.0646,245.05,3,44000.0,1,0,n,18.14,0.0,4.0,34.0,0.0,7152.0,41.0,1,6353.36,6353.36,1957.53,1957.53,1646.64,310.89,0.0,0.0,0.0,245.05,0.0,1.0,1,0.0,0.0,16145.0,3.0,1.0,1.0,2.0,10.0,8993.0,90.0,10.0,21.0,707.0,9.0,180300.0,1.0,0.0,15.0,23.0,505.0,85346.0,2.6,0.0,0.0,118.0,152.0,3.0,3.0,0.0,3.0,1.0,0.0,7.0,12.0,16.0,17.0,4.0,33.0,37.0,12.0,34.0,0.0,0.0,0.0,11.0,100.0,0.0,0.0,0.0,190300.0,16145.0,87600.0,10000.0,0,0
1701,6300.0,0.2565,252.66,1,42000.0,0,0,n,26.4,0.0,0.0,8.0,0.0,7917.0,20.0,1,0.0,0.0,243.68,243.68,118.0,125.68,0.0,0.0,0.0,0.0,1.0,1.0,1,0.0,101.0,28711.0,0.0,2.0,1.0,3.0,8.0,20794.0,87.0,1.0,1.0,4637.0,76.0,13800.0,3.0,1.0,1.0,4.0,3589.0,2883.0,73.3,0.0,0.0,73.0,208.0,10.0,8.0,0.0,51.0,8.0,0.0,3.0,3.0,3.0,8.0,6.0,6.0,14.0,3.0,8.0,0.0,0.0,0.0,2.0,100.0,66.7,0.0,0.0,37625.0,28711.0,10800.0,23825.0,0,0
1746,32000.0,0.16949999999999998,794.43,1,100000.0,1,0,n,14.74,0.0,0.0,20.0,0.0,8354.0,24.0,0,0.0,0.0,764.3,764.3,342.43,421.87,0.0,0.0,0.0,0.0,0.0,1.0,1,0.0,0.0,28081.0,3.0,5.0,1.0,2.0,9.0,19727.0,56.0,3.0,6.0,4100.0,34.0,41200.0,2.0,0.0,1.0,9.0,1478.0,28946.0,22.4,0.0,0.0,126.0,55.0,4.0,4.0,0.0,4.0,9.0,0.0,8.0,8.0,11.0,11.0,7.0,14.0,16.0,8.0,20.0,0.0,0.0,0.0,4.0,83.3,0.0,0.0,0.0,81762.0,28081.0,37300.0,35250.0,0,0
1766,15400.0,0.2305,434.58,3,80000.0,1,0,n,23.6,0.0,0.0,15.0,0.0,24679.0,21.0,0,0.0,0.0,1718.6,1718.6,571.29,1147.31,0.0,0.0,0.0,0.0,0.0,1.0,1,0.0,0.0,34156.0,0.0,2.0,1.0,4.0,9.0,8994.0,68.0,0.0,2.0,9166.0,74.0,33000.0,5.0,0.0,3.0,6.0,2846.0,8321.0,74.8,0.0,0.0,31.0,65.0,19.0,9.0,0.0,19.0,9.0,2.0,9.0,9.0,12.0,14.0,6.0,12.0,14.0,9.0,15.0,0.0,0.0,0.0,1.0,90.5,77.8,0.0,0.0,85744.0,34156.0,33000.0,52261.0,0,0
1772,12800.0,0.14300000000000002,299.83,1,80000.0,1,0,n,25.37,0.0,0.0,23.0,0.0,19876.0,30.0,0,0.0,0.0,889.32,889.32,447.18,442.14,0.0,0.0,0.0,299.83,0.0,1.0,1,0.0,0.0,57979.0,1.0,3.0,0.0,3.0,16.0,38103.0,85.0,2.0,4.0,6268.0,46.0,81100.0,1.0,0.0,0.0,7.0,2635.0,17296.0,52.4,0.0,0.0,154.0,263.0,1.0,1.0,0.0,1.0,16.0,0.0,8.0,12.0,10.0,14.0,4.0,20.0,26.0,12.0,23.0,0.0,0.0,0.0,2.0,100.0,11.1,0.0,0.0,126161.0,57979.0,36300.0,45061.0,0,0
1782,12425.0,0.0756,386.84,1,111700.0,0,0,n,10.54,0.0,0.0,8.0,0.0,10.0,40.0,0,9576.92,9576.92,3476.34,3476.34,2848.08,628.26,0.0,0.0,0.0,386.84,0.0,1.0,1,0.0,0.0,216428.0,0.0,3.0,1.0,1.0,9.0,216418.0,81.0,0.0,0.0,8.0,64.0,11100.0,1.0,1.0,1.0,1.0,27054.0,11090.0,0.1,0.0,0.0,131.0,100.0,28.0,9.0,0.0,28.0,9.0,0.0,2.0,2.0,5.0,5.0,35.0,5.0,5.0,2.0,8.0,0.0,0.0,0.0,1.0,94.3,0.0,0.0,0.0,206090.0,216428.0,11100.0,194990.0,1,0
1803,10000.0,0.1171,330.76,1,39400.0,0,0,n,35.97,0.0,0.0,11.0,1.0,14848.0,36.0,0,9728.44,9728.44,939.83,939.83,271.56,668.27,0.0,0.0,0.0,0.0,0.0,1.0,1,0.0,0.0,32977.0,0.0,2.0,0.0,2.0,14.0,18129.0,75.0,1.0,2.0,7135.0,65.0,26800.0,1.0,4.0,0.0,4.0,2998.0,9513.0,57.0,0.0,0.0,117.0,357.0,8.0,8.0,0.0,8.0,14.0,0.0,5.0,7.0,6.0,13.0,7.0,9.0,29.0,7.0,11.0,0.0,0.0,0.0,1.0,100.0,0.0,1.0,0.0,51000.0,32977.0,22100.0,24200.0,0,0
1820,12625.0,0.08810000000000001,400.36,2,103000.0,0,0,n,20.16,0.0,0.0,11.0,0.0,26485.0,17.0,0,10744.76,10744.76,2395.98,2395.98,1880.24,515.74,0.0,0.0,0.0,0.0,0.0,1.0,1,0.0,0.0,361948.0,0.0,3.0,1.0,3.0,12.0,57632.0,72.0,0.0,3.0,13305.0,60.0,60300.0,1.0,0.0,2.0,8.0,36195.0,25708.0,50.2,0.0,0.0,161.0,129.0,17.0,7.0,2.0,17.0,9.0,0.0,3.0,4.0,5.0,5.0,8.0,7.0,7.0,4.0,11.0,0.0,0.0,0.0,2.0,100.0,25.0,0.0,0.0,420199.0,84117.0,51600.0,79649.0,0,0
1826,7425.0,0.1033,240.74,1,75000.0,1,0,n,29.9,0.0,0.0,15.0,0.0,34578.0,17.0,0,5967.05,5967.05,1921.66,1921.66,1457.95,463.71,0.0,0.0,0.0,0.0,0.0,1.0,1,0.0,0.0,52115.0,0.0,4.0,0.0,1.0,23.0,17537.0,46.0,1.0,1.0,8957.0,52.0,62300.0,2.0,0.0,1.0,2.0,3474.0,27722.0,55.5,0.0,0.0,38.0,223.0,11.0,11.0,0.0,11.0,7.0,0.0,11.0,11.0,11.0,11.0,4.0,11.0,13.0,11.0,15.0,0.0,0.0,0.0,1.0,100.0,27.3,0.0,0.0,100300.0,52115.0,62300.0,38000.0,0,0
1860,35000.0,0.14300000000000002,1201.33,1,510000.0,1,0,n,15.74,0.0,0.0,25.0,0.0,113729.0,37.0,0,27595.81,27595.81,10784.16,10784.16,7404.19,3379.97,0.0,0.0,0.0,0.0,0.0,1.0,1,0.0,0.0,207319.0,0.0,5.0,0.0,2.0,16.0,80242.0,31.0,1.0,2.0,45192.0,53.0,151600.0,0.0,1.0,1.0,4.0,8293.0,8472.0,89.4,0.0,0.0,197.0,195.0,7.0,7.0,0.0,7.0,7.0,0.0,9.0,11.0,11.0,17.0,7.0,19.0,29.0,11.0,25.0,0.0,0.0,0.0,1.0,97.3,63.6,0.0,0.0,345243.0,207319.0,118500.0,165544.0,0,0
1886,25000.0,0.124,835.15,2,100000.0,0,0,n,13.45,0.0,1.0,14.0,0.0,7324.0,24.0,0,20807.46,20807.46,5828.83,5828.83,4192.54,1636.29,0.0,0.0,0.0,0.0,0.0,1.0,1,0.0,1098.0,115480.0,2.0,2.0,1.0,3.0,12.0,32099.0,74.0,2.0,3.0,4937.0,55.0,28100.0,4.0,0.0,2.0,6.0,8249.0,8360.0,37.1,0.0,0.0,66.0,169.0,2.0,2.0,2.0,2.0,5.0,0.0,2.0,4.0,3.0,5.0,5.0,11.0,17.0,4.0,14.0,0.0,0.0,0.0,3.0,100.0,33.3,0.0,0.0,164625.0,39423.0,13300.0,43246.0,0,0
1959,22650.0,0.1171,749.18,3,200000.0,1,0,n,23.59,0.0,0.0,10.0,0.0,64499.0,22.0,0,19221.59,19221.59,5229.52,5229.52,3428.41,1801.11,0.0,0.0,0.0,0.0,0.0,1.0,1,0.0,0.0,156702.0,1.0,4.0,0.0,2.0,13.0,92203.0,71.0,1.0,1.0,38535.0,72.0,73700.0,1.0,11.0,0.0,3.0,15670.0,1907.0,97.1,0.0,0.0,165.0,131.0,6.0,6.0,1.0,6.0,13.0,0.0,3.0,6.0,3.0,4.0,9.0,6.0,12.0,6.0,10.0,0.0,0.0,0.0,1.0,100.0,100.0,0.0,0.0,202023.0,156702.0,55000.0,128323.0,0,0
1963,7000.0,0.1033,226.96,3,26000.0,0,0,n,20.91,0.0,1.0,11.0,0.0,5014.0,25.0,0,5625.51,5625.51,1811.66,1811.66,1374.49,437.17,0.0,0.0,0.0,0.0,0.0,1.0,1,0.0,324.0,10232.0,2.0,1.0,0.0,1.0,16.0,5218.0,65.0,2.0,3.0,2376.0,27.0,29600.0,1.0,1.0,1.0,4.0,930.0,15619.0,22.3,0.0,0.0,226.0,299.0,2.0,2.0,0.0,2.0,2.0,0.0,3.0,5.0,4.0,8.0,3.0,9.0,21.0,5.0,11.0,0.0,0.0,0.0,2.0,100.0,0.0,0.0,0.0,38025.0,10232.0,20100.0,8000.0,0,0
1966,21275.0,0.2055,570.19,3,60000.0,0,0,n,38.12,0.0,0.0,11.0,0.0,13742.0,19.0,0,21275.0,21275.0,1274.59,1274.59,0.0,1274.59,0.0,0.0,0.0,285.1,0.0,1.0,1,0.0,0.0,34461.0,0.0,3.0,1.0,2.0,8.0,20719.0,37.0,1.0,1.0,3199.0,38.0,35000.0,1.0,0.0,2.0,3.0,3133.0,12234.0,37.6,0.0,0.0,125.0,110.0,8.0,8.0,2.0,27.0,8.0,0.0,3.0,5.0,4.0,5.0,8.0,8.0,9.0,5.0,11.0,0.0,0.0,0.0,2.0,93.8,0.0,0.0,0.0,91070.0,34461.0,19600.0,56070.0,0,0
2023,5000.0,0.124,167.03,2,53560.0,1,0,n,10.13,1.0,2.0,10.0,0.0,3675.0,17.0,0,3917.76,3917.76,1499.83,1499.83,1082.24,417.59,0.0,0.0,0.0,0.0,0.0,1.0,0,0.0,0.0,159911.0,2.0,1.0,0.0,1.0,16.0,1744.0,11.0,3.0,4.0,1071.0,24.0,6500.0,2.0,0.0,4.0,5.0,15991.0,1101.0,69.4,0.0,0.0,69.0,184.0,4.0,4.0,1.0,5.0,4.0,2.0,4.0,7.0,4.0,7.0,4.0,8.0,12.0,7.0,10.0,0.0,0.0,1.0,3.0,88.2,75.0,0.0,0.0,204382.0,5419.0,3600.0,15882.0,0,0
2057,25000.0,0.124,561.18,3,75000.0,0,0,n,32.3,0.0,0.0,4.0,0.0,17043.0,19.0,0,19995.67,19995.67,7033.4,7033.4,5004.33,2029.07,0.0,0.0,0.0,561.18,0.0,1.0,0,0.0,0.0,128241.0,0.0,3.0,2.0,2.0,7.0,111198.0,98.0,0.0,0.0,17043.0,82.0,25000.0,0.0,1.0,2.0,2.0,32060.0,7957.0,68.2,0.0,0.0,177.0,187.0,57.0,7.0,2.0,187.0,7.0,0.0,1.0,1.0,1.0,1.0,11.0,1.0,6.0,1.0,4.0,0.0,0.0,0.0,2.0,100.0,0.0,0.0,0.0,151616.0,128241.0,25000.0,126616.0,0,0
2076,17375.0,0.1612,423.64,2,64000.0,0,0,n,44.52,0.0,0.0,12.0,1.0,9608.0,21.0,0,0.0,0.0,1388.24,1388.24,383.03,1005.21,0.0,0.0,0.0,100.0,0.0,1.0,0,0.0,0.0,66705.0,1.0,4.0,2.0,4.0,3.0,57097.0,75.0,0.0,0.0,4859.0,60.0,34900.0,1.0,1.0,2.0,4.0,5559.0,20429.0,27.8,0.0,0.0,162.0,426.0,32.0,3.0,2.0,39.0,3.0,0.0,4.0,6.0,5.0,6.0,9.0,8.0,10.0,6.0,12.0,0.0,0.0,0.0,2.0,100.0,40.0,1.0,0.0,111200.0,66705.0,28300.0,76300.0,0,0
2123,40000.0,0.08810000000000001,826.66,2,130000.0,1,0,n,34.83,0.0,0.0,14.0,0.0,92960.0,39.0,0,0.0,0.0,4940.38,4940.38,3267.43,1672.95,0.0,0.0,0.0,826.66,0.0,1.0,1,0.0,0.0,247853.0,0.0,4.0,0.0,4.0,14.0,92572.0,59.0,0.0,0.0,11460.0,62.0,107500.0,6.0,13.0,2.0,4.0,17704.0,12809.0,65.4,0.0,0.0,139.0,165.0,28.0,14.0,1.0,28.0,7.0,0.0,3.0,5.0,5.0,5.0,29.0,7.0,9.0,5.0,14.0,0.0,0.0,0.0,0.0,97.4,40.0,0.0,0.0,332121.0,185532.0,37000.0,144121.0,0,0
2177,20000.0,0.1524,695.66,1,73500.0,1,0,n,14.2,0.0,0.0,7.0,0.0,16075.0,10.0,0,20000.0,20000.0,1882.39,1882.39,0.0,1882.39,0.0,0.0,0.0,695.66,0.0,1.0,1,0.0,0.0,22953.0,1.0,1.0,0.0,1.0,21.0,6878.0,44.0,2.0,2.0,7834.0,56.0,25600.0,0.0,0.0,0.0,3.0,3279.0,4944.0,68.9,0.0,0.0,51.0,77.0,0.0,0.0,0.0,0.0,18.0,0.0,2.0,5.0,3.0,4.0,2.0,6.0,8.0,5.0,7.0,0.0,0.0,0.0,2.0,100.0,66.7,0.0,0.0,41134.0,22953.0,15900.0,15534.0,0,0
2286,14000.0,0.17739999999999995,504.31,3,37400.0,1,0,n,22.59,0.0,0.0,11.0,0.0,12572.0,19.0,0,11494.47,11494.47,4020.68,4020.68,2505.53,1515.15,0.0,0.0,0.0,0.0,0.0,1.0,1,0.0,0.0,108057.0,1.0,4.0,0.0,1.0,13.0,68090.0,93.0,3.0,3.0,4127.0,88.0,18400.0,0.0,1.0,1.0,5.0,9823.0,5428.0,69.8,0.0,0.0,44.0,52.0,4.0,4.0,1.0,4.0,9.0,0.0,5.0,5.0,5.0,10.0,5.0,6.0,13.0,5.0,11.0,0.0,0.0,0.0,3.0,100.0,40.0,0.0,0.0,119403.0,80662.0,18000.0,73003.0,0,0
2400,40000.0,0.08810000000000001,1268.46,1,130000.0,1,0,n,20.09,0.0,0.0,13.0,0.0,29208.0,16.0,0,32029.21,32029.21,10128.1,10128.1,7970.79,2157.31,0.0,0.0,0.0,0.0,0.0,1.0,1,0.0,0.0,56098.0,0.0,1.0,0.0,1.0,21.0,12427.0,50.0,0.0,2.0,5600.0,49.0,57600.0,1.0,0.0,0.0,4.0,4315.0,16984.0,57.1,0.0,0.0,211.0,120.0,20.0,18.0,0.0,20.0,21.0,0.0,5.0,10.0,5.0,6.0,3.0,10.0,11.0,10.0,13.0,0.0,0.0,0.0,0.0,100.0,0.0,0.0,0.0,114464.0,56098.0,39600.0,25000.0,0,0
2425,3600.0,0.0756,112.09,2,66000.0,1,0,n,4.95,0.0,2.0,7.0,0.0,1969.0,22.0,0,2787.98,2787.98,1007.3,1007.3,812.02,195.28,0.0,0.0,0.0,112.09,0.0,1.0,1,0.0,0.0,184902.0,1.0,1.0,1.0,2.0,5.0,6417.0,92.0,2.0,2.0,1550.0,21.0,33900.0,2.0,0.0,5.0,6.0,26415.0,28050.0,5.2,0.0,0.0,43.0,286.0,8.0,5.0,10.0,8.0,0.0,0.0,1.0,2.0,4.0,6.0,3.0,5.0,9.0,2.0,7.0,0.0,0.0,0.0,5.0,95.5,25.0,0.0,0.0,218900.0,8386.0,29600.0,7000.0,0,0
2506,25000.0,0.17739999999999995,900.56,1,115000.0,1,0,n,19.15,0.0,0.0,10.0,0.0,14087.0,11.0,1,0.0,0.0,0.0,0.0,0.0,0.0,0.0,0.0,0.0,0.0,0.0,1.0,1,0.0,0.0,53433.0,1.0,2.0,2.0,2.0,5.0,39346.0,88.0,0.0,1.0,5461.0,81.0,21100.0,0.0,0.0,3.0,3.0,5343.0,4178.0,69.5,0.0,0.0,7.0,53.0,14.0,5.0,0.0,25.0,6.0,0.0,5.0,8.0,5.0,6.0,2.0,8.0,9.0,8.0,10.0,0.0,0.0,0.0,2.0,100.0,60.0,0.0,0.0,65617.0,53433.0,13700.0,44517.0,0,0
2512,16000.0,0.1308,364.71,2,100000.0,0,0,n,19.13,0.0,0.0,15.0,0.0,23128.0,21.0,0,0.0,0.0,1082.5,1082.5,230.43,852.07,0.0,0.0,0.0,0.0,0.0,1.0,0,0.0,0.0,62208.0,3.0,2.0,2.0,2.0,7.0,39080.0,92.0,5.0,5.0,1741.0,59.0,63300.0,3.0,2.0,4.0,7.0,4147.0,22013.0,15.7,0.0,0.0,79.0,219.0,4.0,4.0,1.0,4.0,7.0,0.0,3.0,8.0,6.0,7.0,3.0,13.0,17.0,8.0,15.0,0.0,0.0,0.0,7.0,95.2,0.0,0.0,0.0,105725.0,62208.0,26100.0,42425.0,0,0
2538,10525.0,0.0756,327.69,2,68000.0,0,0,n,38.0,0.0,1.0,15.0,0.0,21818.0,22.0,0,9201.52,9201.52,1749.97,1749.97,1323.48,426.49,0.0,0.0,0.0,57.97,0.0,1.0,1,0.0,0.0,190369.0,1.0,5.0,1.0,2.0,3.0,10008.0,16.0,0.0,1.0,8491.0,27.0,55800.0,1.0,3.0,3.0,4.0,13598.0,24562.0,43.8,0.0,0.0,67.0,298.0,16.0,3.0,3.0,61.0,0.0,0.0,5.0,6.0,6.0,6.0,7.0,9.0,12.0,6.0,15.0,0.0,0.0,0.0,2.0,100.0,60.0,0.0,0.0,281511.0,31826.0,43700.0,61061.0,0,0
2540,12000.0,0.1308,273.53,3,80000.0,0,0,n,11.04,0.0,1.0,11.0,0.0,17032.0,17.0,0,10657.97,10657.97,2453.05,2453.05,1342.03,1111.02,0.0,0.0,0.0,273.53,0.0,1.0,1,0.0,155.0,146983.0,1.0,1.0,0.0,1.0,13.0,5612.0,70.0,2.0,5.0,4913.0,67.0,25800.0,1.0,0.0,2.0,6.0,13362.0,4101.0,78.9,0.0,0.0,165.0,114.0,4.0,4.0,3.0,7.0,4.0,1.0,7.0,8.0,7.0,7.0,5.0,9.0,9.0,8.0,11.0,0.0,0.0,0.0,2.0,93.8,71.4,0.0,0.0,162750.0,22644.0,19400.0,8000.0,0,0
2603,20000.0,0.124,448.95,2,125000.0,0,0,n,14.97,0.0,0.0,19.0,0.0,20268.0,26.0,0,0.0,0.0,1333.07,1333.07,273.32,1059.75,0.0,0.0,0.0,448.95,0.0,1.0,1,0.0,0.0,189818.0,1.0,3.0,0.0,1.0,16.0,41776.0,45.0,1.0,7.0,5206.0,53.0,36900.0,0.0,1.0,2.0,9.0,10545.0,9007.0,59.8,0.0,0.0,96.0,122.0,2.0,2.0,3.0,2.0,8.0,0.0,7.0,13.0,9.0,10.0,7.0,15.0,16.0,13.0,19.0,0.0,0.0,0.0,2.0,100.0,50.0,0.0,0.0,225114.0,62044.0,22400.0,59348.0,0,0
2619,25000.0,0.08810000000000001,516.66,1,106000.0,0,0,n,16.94,0.0,0.0,14.0,0.0,18094.0,45.0,0,24783.74,24783.74,1904.84,1904.84,216.26,1688.58,0.0,0.0,0.0,516.66,0.0,1.0,1,0.0,0.0,286315.0,0.0,4.0,1.0,3.0,7.0,268221.0,107.0,2.0,3.0,12466.0,55.0,62100.0,0.0,0.0,1.0,6.0,20451.0,41506.0,30.4,0.0,0.0,153.0,182.0,10.0,7.0,0.0,10.0,7.0,2.0,5.0,5.0,8.0,11.0,29.0,10.0,16.0,5.0,14.0,0.0,0.0,0.0,3.0,95.5,12.5,0.0,0.0,311676.0,286315.0,59600.0,249576.0,0,0
2646,5025.0,0.08810000000000001,159.35,2,142000.0,0,0,n,37.72,0.0,1.0,22.0,0.0,41019.0,35.0,0,0.0,0.0,659.94,659.94,495.25,139.69,0.0,25.0,4.5,159.35,0.0,1.0,1,0.0,0.0,500091.0,2.0,7.0,1.0,1.0,4.0,126378.0,51.0,2.0,6.0,9259.0,47.0,96100.0,1.0,2.0,5.0,7.0,22731.0,55081.0,43.5,0.0,0.0,184.0,204.0,4.0,4.0,9.0,4.0,0.0,0.0,9.0,9.0,13.0,13.0,13.0,13.0,13.0,9.0,22.0,0.0,0.0,0.0,3.0,97.0,38.5,0.0,0.0,666191.0,167397.0,96100.0,217783.0,0,0
2692,20000.0,0.2305,564.39,1,80000.0,0,0,n,31.38,1.0,2.0,15.0,0.0,4740.0,17.0,0,20000.0,20000.0,1307.73,1307.73,0.0,1307.73,0.0,0.0,0.0,565.0,0.0,1.0,1,0.0,0.0,61871.0,1.0,4.0,2.0,3.0,5.0,54241.0,89.0,0.0,0.0,1565.0,57.0,22800.0,0.0,2.0,3.0,3.0,4125.0,4320.0,40.8,0.0,0.0,35.0,48.0,32.0,5.0,0.0,35.0,4.0,0.0,3.0,6.0,5.0,5.0,5.0,10.0,10.0,6.0,15.0,0.0,0.0,0.0,2.0,93.8,0.0,0.0,0.0,95396.0,61871.0,7300.0,69497.0,0,0
2782,25000.0,0.1862,911.61,3,80000.0,1,0,n,26.82,0.0,1.0,18.0,0.0,42309.0,34.0,0,20619.5,20619.5,7241.16,7241.16,4380.5,2860.66,0.0,0.0,0.0,0.0,0.0,1.0,1,0.0,0.0,329537.0,2.0,4.0,0.0,2.0,16.0,24267.0,68.0,2.0,4.0,14582.0,59.0,77900.0,0.0,0.0,1.0,6.0,18308.0,16170.0,65.0,0.0,0.0,99.0,155.0,1.0,1.0,4.0,1.0,4.0,0.0,4.0,9.0,5.0,12.0,10.0,12.0,20.0,9.0,18.0,0.0,0.0,0.0,2.0,100.0,40.0,0.0,0.0,395675.0,66576.0,46200.0,35775.0,0,0
2812,12000.0,0.2565,356.81,2,75000.0,0,0,n,24.86,0.0,0.0,13.0,1.0,3014.0,43.0,0,0.0,0.0,1660.35,1660.35,302.72,1357.63,0.0,0.0,0.0,250.21,0.0,1.0,1,0.0,0.0,234786.0,6.0,6.0,7.0,16.0,4.0,28158.0,85.0,1.0,3.0,1529.0,80.0,6200.0,2.0,1.0,3.0,20.0,19566.0,1832.0,46.1,0.0,0.0,79.0,161.0,2.0,2.0,1.0,2.0,8.0,0.0,2.0,4.0,4.0,9.0,27.0,6.0,15.0,4.0,13.0,0.0,0.0,0.0,9.0,97.0,33.3,1.0,0.0,243939.0,31172.0,3400.0,33016.0,0,0
2814,17000.0,0.1612,598.68,1,68000.0,0,0,n,13.75,1.0,0.0,2.0,0.0,18641.0,8.0,0,0.0,0.0,4175.54,4175.54,2699.03,1476.51,0.0,0.0,0.0,0.0,0.0,1.0,1,0.0,0.0,37668.0,0.0,1.0,0.0,1.0,23.0,19027.0,80.0,0.0,0.0,18641.0,88.0,19200.0,7.0,0.0,8.0,1.0,18834.0,559.0,97.1,0.0,0.0,69.0,273.0,27.0,23.0,0.0,27.0,8.0,0.0,1.0,1.0,1.0,1.0,2.0,1.0,6.0,1.0,2.0,0.0,0.0,0.0,0.0,87.5,100.0,0.0,0.0,43069.0,37668.0,19200.0,23869.0,0,0
2815,29000.0,0.0702,895.71,2,60000.0,0,0,n,13.94,0.0,0.0,10.0,0.0,29704.0,26.0,0,0.0,0.0,4467.24,4467.24,3352.34,1114.9,0.0,0.0,0.0,895.71,0.0,1.0,1,0.0,0.0,228111.0,1.0,3.0,0.0,1.0,22.0,93080.0,100.0,2.0,2.0,14675.0,62.0,62000.0,0.0,4.0,2.0,4.0,22811.0,26061.0,46.5,0.0,0.0,139.0,113.0,6.0,6.0,2.0,6.0,0.0,0.0,3.0,4.0,5.0,7.0,14.0,6.0,10.0,4.0,10.0,0.0,0.0,0.0,2.0,100.0,20.0,0.0,0.0,247519.0,122784.0,48700.0,78784.0,0,0
2819,12000.0,0.16949999999999998,427.54,1,75000.0,1,0,n,24.24,1.0,0.0,11.0,0.0,15384.0,19.0,0,10927.71,10927.71,2687.62,2687.62,1072.29,1615.33,0.0,0.0,0.0,141.31,0.0,1.0,1,0.0,0.0,30299.0,1.0,1.0,1.0,1.0,3.0,14915.0,42.0,0.0,1.0,7399.0,49.0,26900.0,1.0,0.0,3.0,2.0,3030.0,10061.0,54.9,0.0,0.0,106.0,145.0,17.0,3.0,0.0,45.0,3.0,0.0,3.0,5.0,6.0,8.0,4.0,8.0,15.0,5.0,11.0,0.0,0.0,0.0,1.0,72.2,33.3,0.0,0.0,62240.0,30299.0,22300.0,35340.0,0,0
2866,8500.0,0.1171,281.15,2,100000.0,1,0,n,29.94,0.0,1.0,22.0,0.0,34535.0,37.0,0,7071.29,7071.29,1962.52,1962.52,1428.71,533.81,0.0,0.0,0.0,0.0,0.0,1.0,1,0.0,0.0,222597.0,4.0,4.0,2.0,3.0,5.0,34055.0,57.0,3.0,6.0,5432.0,60.0,54700.0,3.0,2.0,2.0,9.0,10118.0,17000.0,63.2,0.0,0.0,108.0,239.0,4.0,4.0,3.0,4.0,5.0,0.0,11.0,13.0,13.0,17.0,11.0,16.0,23.0,13.0,22.0,0.0,0.0,0.0,5.0,100.0,46.2,0.0,0.0,279825.0,68590.0,46200.0,60054.0,0,0
2875,10625.0,0.1033,344.49,2,75000.0,0,0,n,4.3,0.0,0.0,4.0,0.0,3531.0,12.0,0,8267.75,8267.75,3094.31,3094.31,2357.25,737.06,0.0,0.0,0.0,0.0,0.0,1.0,1,0.0,0.0,34796.0,0.0,1.0,0.0,0.0,27.0,1868.0,37.0,0.0,0.0,2337.0,53.0,5200.0,1.0,0.0,0.0,0.0,8699.0,1669.0,67.9,0.0,0.0,61.0,202.0,27.0,27.0,2.0,27.0,21.0,0.0,2.0,2.0,2.0,2.0,3.0,2.0,7.0,2.0,4.0,0.0,0.0,0.0,0.0,90.9,50.0,0.0,0.0,47250.0,5399.0,5200.0,5000.0,0,0
2925,14000.0,0.2055,375.22,1,32000.0,0,0,n,15.38,0.0,0.0,20.0,0.0,6582.0,26.0,0,13552.62,13552.62,2425.12,2425.12,447.38,1977.74,0.0,0.0,0.0,380.0,0.0,1.0,1,0.0,0.0,103778.0,0.0,17.0,2.0,4.0,8.0,97196.0,102.0,0.0,1.0,4409.0,94.0,15300.0,4.0,0.0,5.0,5.0,5189.0,5174.0,54.2,0.0,0.0,125.0,80.0,16.0,8.0,0.0,33.0,8.0,0.0,2.0,3.0,2.0,2.0,23.0,3.0,3.0,3.0,20.0,0.0,0.0,0.0,2.0,96.2,50.0,0.0,0.0,110848.0,103778.0,11300.0,95548.0,0,0
2935,13150.0,0.2565,527.38,2,150000.0,0,0,n,19.75,0.0,0.0,12.0,0.0,36435.0,33.0,0,10742.39,10742.39,4708.94,4708.94,2407.61,2301.33,0.0,0.0,0.0,0.0,0.0,1.0,1,0.0,0.0,541265.0,2.0,5.0,2.0,5.0,1.0,57792.0,79.0,1.0,3.0,10174.0,82.0,41900.0,2.0,7.0,1.0,9.0,45105.0,2265.0,94.1,0.0,0.0,197.0,197.0,12.0,1.0,9.0,12.0,12.0,0.0,5.0,5.0,5.0,6.0,12.0,6.0,10.0,5.0,12.0,0.0,0.0,0.0,4.0,100.0,80.0,0.0,0.0,567866.0,94227.0,38700.0,72974.0,0,0
2951,35000.0,0.1033,1134.79,1,640000.0,1,0,n,4.03,0.0,0.0,9.0,0.0,9739.0,14.0,0,27234.96,27234.96,10193.02,10193.02,7765.04,2427.98,0.0,0.0,0.0,0.0,0.0,1.0,1,0.0,0.0,276991.0,1.0,3.0,0.0,2.0,19.0,17879.0,43.0,1.0,3.0,7946.0,31.0,48000.0,1.0,1.0,0.0,5.0,30777.0,30554.0,20.6,0.0,0.0,166.0,255.0,0.0,0.0,2.0,19.0,19.0,1.0,1.0,2.0,3.0,4.0,4.0,5.0,7.0,2.0,9.0,0.0,0.0,0.0,1.0,92.9,33.3,0.0,0.0,373275.0,27618.0,38500.0,41775.0,0,0
2961,7500.0,0.2565,300.79,1,75000.0,1,0,n,29.46,0.0,2.0,20.0,0.0,14818.0,34.0,0,6548.64,6548.64,2394.84,2394.84,951.36,1443.48,0.0,0.0,0.0,300.79,0.0,1.0,1,0.0,0.0,64830.0,3.0,12.0,6.0,6.0,2.0,50012.0,87.0,0.0,0.0,7085.0,73.0,31600.0,3.0,0.0,3.0,6.0,3242.0,13782.0,51.8,0.0,0.0,166.0,95.0,30.0,2.0,0.0,39.0,2.0,8.0,6.0,6.0,7.0,7.0,25.0,8.0,9.0,6.0,20.0,0.0,0.0,0.0,6.0,75.0,14.3,0.0,0.0,89034.0,64830.0,28600.0,57434.0,0,0
2964,11200.0,0.1033,363.14,1,41000.0,1,0,n,44.38,0.0,1.0,9.0,0.0,13613.0,18.0,0,10304.42,10304.42,1446.13,1446.13,895.58,550.55,0.0,0.0,0.0,363.14,0.0,1.0,0,0.0,0.0,48122.0,1.0,1.0,0.0,2.0,21.0,34509.0,48.0,1.0,2.0,3082.0,67.0,17000.0,3.0,0.0,2.0,4.0,5347.0,1502.0,85.4,0.0,0.0,140.0,155.0,5.0,5.0,0.0,5.0,5.0,0.0,5.0,7.0,5.0,7.0,7.0,7.0,11.0,7.0,9.0,0.0,0.0,0.0,1.0,100.0,80.0,0.0,0.0,63424.0,48122.0,10300.0,46424.0,0,0
3004,6025.0,0.2305,233.39,1,120000.0,1,0,n,27.84,0.0,0.0,8.0,0.0,14357.0,13.0,0,6021.14,6021.14,692.46,692.46,3.86,688.6,0.0,0.0,0.0,116.7,0.0,1.0,1,0.0,0.0,107332.0,1.0,3.0,1.0,3.0,1.0,92975.0,74.0,0.0,0.0,6176.0,41.0,62300.0,2.0,1.0,0.0,3.0,13417.0,47943.0,23.0,0.0,0.0,78.0,60.0,39.0,1.0,0.0,40.0,15.0,0.0,5.0,5.0,5.0,6.0,6.0,5.0,7.0,5.0,8.0,0.0,0.0,0.0,1.0,92.3,0.0,0.0,0.0,169823.0,107332.0,62300.0,107523.0,0,0
3033,3600.0,0.0756,112.09,1,55000.0,1,0,n,28.54,0.0,1.0,11.0,0.0,12707.0,21.0,0,3021.95,3021.95,783.12,783.12,578.05,205.07,0.0,0.0,0.0,112.09,0.0,1.0,1,0.0,230.0,48131.0,1.0,3.0,2.0,3.0,6.0,35424.0,82.0,0.0,1.0,9209.0,55.0,45100.0,2.0,1.0,3.0,4.0,4376.0,23363.0,34.6,0.0,0.0,142.0,312.0,18.0,6.0,0.0,18.0,6.0,0.0,3.0,4.0,6.0,8.0,6.0,8.0,15.0,4.0,11.0,0.0,0.0,0.0,2.0,100.0,0.0,0.0,0.0,88253.0,48131.0,35700.0,43153.0,0,0
3066,30000.0,0.0819,611.03,2,76000.0,1,0,n,12.54,0.0,0.0,16.0,0.0,13170.0,27.0,0,27118.47,27118.47,4263.56,4263.56,2881.53,1382.03,0.0,0.0,0.0,611.03,0.0,1.0,1,0.0,0.0,255197.0,2.0,7.0,1.0,1.0,11.0,37596.0,85.0,1.0,2.0,4745.0,56.0,47500.0,1.0,0.0,2.0,5.0,15950.0,33330.0,28.3,0.0,0.0,151.0,145.0,3.0,3.0,2.0,3.0,6.0,0.0,6.0,6.0,7.0,10.0,10.0,8.0,15.0,6.0,16.0,0.0,0.0,0.0,3.0,100.0,0.0,0.0,0.0,296550.0,50766.0,46500.0,44000.0,0,0
3071,8000.0,0.124,267.25,1,38537.38,0,0,n,14.05,0.0,0.0,9.0,0.0,8342.0,13.0,0,6704.65,6704.65,2031.62,2031.62,1295.35,736.27,0.0,0.0,0.0,300.0,0.0,1.0,1,0.0,0.0,22006.0,0.0,2.0,0.0,1.0,21.0,13664.0,73.0,0.0,1.0,4703.0,49.0,25900.0,2.0,0.0,0.0,2.0,2751.0,17558.0,32.2,0.0,0.0,85.0,115.0,16.0,16.0,0.0,16.0,16.0,1.0,2.0,2.0,6.0,9.0,3.0,7.0,10.0,2.0,9.0,0.0,0.0,0.0,0.0,92.3,0.0,0.0,0.0,44619.0,22006.0,25900.0,18719.0,0,0
3101,13000.0,0.17739999999999995,468.29,2,57000.0,0,0,n,28.67,0.0,0.0,7.0,0.0,12776.0,16.0,1,10874.46,10874.46,3252.41,3252.41,2125.54,1126.87,0.0,0.0,0.0,0.0,0.0,1.0,1,0.0,0.0,156122.0,1.0,2.0,1.0,3.0,7.0,23004.0,59.0,1.0,3.0,6983.0,65.0,16000.0,0.0,5.0,2.0,7.0,22303.0,120.0,98.4,0.0,0.0,116.0,38.0,1.0,1.0,2.0,1.0,3.0,0.0,2.0,4.0,2.0,2.0,9.0,4.0,5.0,4.0,7.0,0.0,0.0,0.0,2.0,100.0,50.0,0.0,0.0,178531.0,35780.0,7700.0,39331.0,0,0
3105,8400.0,0.1612,295.82,3,72000.0,1,0,n,26.05,0.0,0.0,8.0,0.0,9954.0,14.0,0,6668.26,6668.26,2683.33,2683.33,1731.74,951.59,0.0,0.0,0.0,295.82,0.0,1.0,1,0.0,0.0,66409.0,1.0,3.0,1.0,4.0,7.0,56455.0,86.0,2.0,5.0,3468.0,78.0,20200.0,3.0,0.0,2.0,9.0,8301.0,9046.0,52.4,0.0,0.0,114.0,28.0,2.0,2.0,0.0,2.0,7.0,0.0,4.0,4.0,4.0,5.0,8.0,5.0,6.0,4.0,8.0,0.0,0.0,0.0,3.0,100.0,0.0,0.0,0.0,85634.0,66409.0,19000.0,65434.0,0,0
3137,30000.0,0.16949999999999998,1068.84,1,100000.0,1,0,n,21.9,0.0,0.0,10.0,0.0,18223.0,14.0,1,0.0,0.0,2081.18,2081.18,645.09,1436.09,0.0,0.0,0.0,1068.84,0.0,1.0,1,0.0,392.0,60160.0,1.0,2.0,2.0,2.0,8.0,41937.0,87.0,1.0,1.0,6178.0,67.0,42000.0,2.0,0.0,3.0,3.0,6684.0,12484.0,58.2,0.0,0.0,9.0,183.0,3.0,3.0,0.0,3.0,8.0,0.0,3.0,5.0,3.0,4.0,2.0,8.0,12.0,5.0,10.0,0.0,0.0,0.0,3.0,85.7,0.0,0.0,0.0,90256.0,60160.0,29900.0,48256.0,0,0
3201,8175.0,0.2055,306.11,3,62000.0,1,0,n,20.27,0.0,1.0,9.0,0.0,18538.0,47.0,0,8008.89,8008.89,1173.99,1173.99,166.11,1007.88,0.0,0.0,0.0,0.0,0.0,1.0,1,0.0,0.0,34503.0,1.0,3.0,1.0,5.0,12.0,15965.0,79.0,2.0,3.0,11143.0,73.0,27000.0,1.0,10.0,4.0,8.0,4313.0,5035.0,78.6,0.0,0.0,127.0,352.0,2.0,2.0,0.0,2.0,1.0,3.0,3.0,4.0,4.0,12.0,27.0,6.0,20.0,4.0,9.0,0.0,0.0,0.0,3.0,95.7,66.7,0.0,0.0,47325.0,34503.0,23500.0,20325.0,0,0
3221,26325.0,0.2055,985.73,1,170000.0,1,0,n,22.47,0.0,0.0,20.0,0.0,71129.0,36.0,0,0.0,0.0,2897.08,2897.08,1632.38,1264.7,0.0,0.0,0.0,0.0,0.0,1.0,1,0.0,0.0,104783.0,1.0,2.0,0.0,1.0,16.0,33654.0,80.0,2.0,4.0,12990.0,43.0,187500.0,1.0,0.0,2.0,5.0,5239.0,94269.0,42.4,0.0,0.0,80.0,240.0,4.0,4.0,0.0,7.0,7.0,0.0,12.0,14.0,13.0,17.0,5.0,18.0,31.0,14.0,20.0,0.0,0.0,0.0,2.0,100.0,7.7,0.0,0.0,250500.0,104783.0,163700.0,63000.0,0,0
3374,10000.0,0.14300000000000002,234.25,3,65000.0,0,0,n,15.23,0.0,1.0,49.0,0.0,16066.0,65.0,0,0.0,0.0,916.88,916.88,349.39,567.49,0.0,0.0,0.0,0.0,0.0,1.0,1,0.0,0.0,23919.0,5.0,1.0,0.0,1.0,17.0,7853.0,79.0,11.0,19.0,4220.0,14.0,161300.0,1.0,0.0,4.0,20.0,498.0,86322.0,10.5,0.0,0.0,162.0,70.0,1.0,1.0,0.0,1.0,2.0,0.0,11.0,16.0,27.0,30.0,2.0,47.0,62.0,16.0,49.0,0.0,0.0,0.0,11.0,100.0,3.8,0.0,0.0,172874.0,23919.0,96800.0,10000.0,0,0
3381,23200.0,0.2055,868.72,1,200000.0,1,0,n,19.02,0.0,1.0,20.0,0.0,18090.0,39.0,0,20234.67,20234.67,5185.83,5185.83,2965.33,2220.5,0.0,0.0,0.0,868.72,0.0,1.0,1,0.0,0.0,117142.0,4.0,4.0,4.0,5.0,3.0,99052.0,89.0,8.0,10.0,7217.0,67.0,51300.0,1.0,3.0,5.0,15.0,6165.0,25510.0,41.5,0.0,0.0,148.0,229.0,3.0,3.0,0.0,3.0,2.0,2.0,11.0,11.0,12.0,19.0,10.0,16.0,29.0,11.0,20.0,0.0,0.0,0.0,12.0,97.4,16.7,0.0,0.0,163858.0,117142.0,43600.0,112558.0,0,0
3433,19125.0,0.2055,512.57,1,70000.0,0,0,n,13.75,0.0,0.0,7.0,0.0,13511.0,11.0,0,17761.14,17761.14,3544.32,3544.32,1363.86,2180.46,0.0,0.0,0.0,0.0,0.0,1.0,1,0.0,0.0,26836.0,0.0,1.0,1.0,1.0,8.0,13325.0,93.0,0.0,0.0,5612.0,94.0,14100.0,1.0,0.0,1.0,1.0,3834.0,589.0,95.8,0.0,0.0,88.0,341.0,53.0,8.0,0.0,53.0,7.0,0.0,6.0,6.0,6.0,7.0,3.0,6.0,8.0,6.0,7.0,0.0,0.0,0.0,1.0,100.0,83.3,0.0,0.0,28500.0,26836.0,14100.0,14400.0,0,0
3442,31900.0,0.2055,854.95,3,80000.0,1,0,n,33.53,0.0,0.0,13.0,0.0,51822.0,26.0,0,31591.34,31591.34,5283.93,5283.93,308.66,4975.27,0.0,0.0,0.0,854.95,0.0,1.0,1,0.0,0.0,81280.0,0.0,2.0,1.0,1.0,11.0,29458.0,57.0,0.0,0.0,21870.0,73.0,59500.0,2.0,0.0,3.0,1.0,6773.0,5915.0,86.3,0.0,0.0,177.0,178.0,30.0,11.0,2.0,30.0,10.0,0.0,5.0,9.0,5.0,7.0,10.0,10.0,14.0,9.0,13.0,0.0,0.0,0.0,1.0,96.2,60.0,0.0,0.0,110895.0,81280.0,43100.0,51395.0,0,0
3454,7500.0,0.2055,280.84,1,43200.0,1,0,n,39.85,0.0,1.0,9.0,0.0,22219.0,19.0,0,6376.78,6376.78,1957.32,1957.32,1123.22,834.1,0.0,0.0,0.0,280.84,0.0,1.0,0,0.0,0.0,67436.0,2.0,2.0,1.0,3.0,12.0,45217.0,86.0,3.0,4.0,8608.0,73.0,33000.0,3.0,8.0,1.0,7.0,7493.0,1554.0,91.2,0.0,0.0,206.0,95.0,4.0,4.0,2.0,4.0,4.0,0.0,3.0,6.0,3.0,3.0,8.0,7.0,9.0,6.0,9.0,0.0,0.0,0.0,4.0,100.0,66.7,0.0,0.0,85458.0,67436.0,17700.0,52458.0,0,0
3476,31900.0,0.1171,1055.13,2,75000.0,1,0,n,15.46,0.0,1.0,14.0,1.0,6781.0,24.0,0,24938.1,24938.1,9454.66,9454.66,6961.9,2492.76,0.0,0.0,0.0,0.0,0.0,1.0,1,0.0,415.0,240650.0,2.0,3.0,1.0,1.0,10.0,101851.0,78.0,2.0,2.0,5077.0,48.0,27800.0,1.0,1.0,3.0,4.0,18512.0,6532.0,50.5,0.0,0.0,172.0,189.0,2.0,2.0,1.0,5.0,2.0,0.0,4.0,5.0,5.0,7.0,8.0,9.0,14.0,5.0,14.0,0.0,0.0,0.0,3.0,100.0,0.0,1.0,0.0,260012.0,108632.0,13200.0,97694.0,0,0
3592,21000.0,0.124,701.52,1,65000.0,0,0,n,31.35,0.0,0.0,15.0,0.0,21600.0,20.0,0,17065.11,17065.11,5583.23,5583.23,3934.89,1648.34,0.0,0.0,0.0,0.0,0.0,1.0,0,0.0,0.0,70547.0,1.0,3.0,0.0,1.0,17.0,48947.0,83.0,1.0,3.0,11376.0,65.0,43200.0,2.0,3.0,0.0,4.0,4703.0,9761.0,64.8,0.0,0.0,89.0,88.0,6.0,6.0,0.0,6.0,17.0,0.0,5.0,9.0,5.0,6.0,7.0,12.0,13.0,9.0,15.0,0.0,0.0,0.0,1.0,100.0,20.0,0.0,0.0,115928.0,70547.0,27700.0,72728.0,1,0
3617,3625.0,0.2055,135.74,2,90000.0,1,0,n,22.51,1.0,0.0,12.0,0.0,12576.0,29.0,0,3082.11,3082.11,941.9,941.9,542.89,399.01,0.0,0.0,0.0,135.74,0.0,1.0,1,0.0,0.0,392712.0,2.0,3.0,0.0,1.0,16.0,88414.0,69.0,2.0,3.0,7454.0,62.0,21500.0,1.0,3.0,2.0,5.0,32726.0,6124.0,67.3,0.0,0.0,160.0,106.0,3.0,3.0,6.0,3.0,4.0,1.0,3.0,3.0,4.0,5.0,10.0,8.0,13.0,3.0,12.0,0.0,0.0,0.0,3.0,92.6,50.0,0.0,0.0,419743.0,100990.0,18700.0,105638.0,0,0
3649,24000.0,0.14300000000000002,562.18,2,120000.0,0,0,n,14.41,0.0,0.0,8.0,0.0,26535.0,21.0,0,21392.54,21392.54,5021.49,5021.49,2607.46,2414.03,0.0,0.0,0.0,562.18,0.0,1.0,1,0.0,0.0,275044.0,1.0,1.0,0.0,1.0,16.0,14670.0,58.0,1.0,2.0,14121.0,61.0,42900.0,1.0,0.0,1.0,4.0,34381.0,16365.0,61.9,0.0,0.0,147.0,232.0,5.0,5.0,4.0,5.0,9.0,0.0,6.0,6.0,6.0,7.0,5.0,6.0,12.0,6.0,8.0,0.0,0.0,0.0,1.0,85.7,50.0,0.0,0.0,307249.0,41205.0,42900.0,25149.0,0,0
3656,25475.0,0.1862,655.53,2,125000.0,1,0,n,30.46,0.0,1.0,10.0,0.0,41259.0,27.0,0,22982.05,22982.05,5847.07,5847.07,2492.95,3354.12,0.0,0.0,0.0,0.0,0.0,1.0,1,0.0,0.0,371750.0,0.0,2.0,1.0,2.0,7.0,37569.0,80.0,1.0,1.0,15795.0,82.0,48900.0,3.0,5.0,2.0,4.0,37175.0,530.0,97.2,0.0,0.0,122.0,187.0,12.0,7.0,4.0,42.0,6.0,0.0,2.0,6.0,2.0,3.0,11.0,7.0,12.0,6.0,10.0,0.0,0.0,0.0,2.0,100.0,50.0,0.0,0.0,394862.0,78828.0,19000.0,46712.0,0,0
3668,32000.0,0.1612,1126.93,2,59000.0,0,0,n,58.62,0.0,1.0,25.0,0.0,62430.0,32.0,0,0.0,0.0,3323.47,3323.47,697.06,2626.41,0.0,0.0,0.0,1126.93,0.0,1.0,0,0.0,103.0,304146.0,0.0,15.0,0.0,1.0,24.0,48648.0,50.0,2.0,2.0,22208.0,67.0,68000.0,1.0,0.0,5.0,3.0,12673.0,6861.0,88.1,0.0,0.0,177.0,150.0,7.0,7.0,4.0,7.0,3.0,0.0,5.0,7.0,7.0,8.0,17.0,9.0,11.0,7.0,25.0,0.0,0.0,0.0,2.0,96.9,83.3,0.0,0.0,373251.0,111078.0,57500.0,97829.0,0,0
3675,32000.0,0.1308,729.41,2,50000.0,0,0,n,29.55,0.0,0.0,10.0,0.0,2063.0,40.0,0,29653.2,29653.2,4329.95,4329.95,2346.8,1983.15,0.0,0.0,0.0,729.41,0.0,1.0,0,0.0,0.0,21536.0,0.0,0.0,0.0,0.0,30.0,19473.0,36.0,1.0,3.0,1229.0,27.0,24200.0,0.0,0.0,3.0,4.0,2154.0,13074.0,9.2,1.0,0.0,157.0,198.0,10.0,10.0,2.0,15.0,5.0,8.0,3.0,4.0,5.0,13.0,18.0,8.0,20.0,4.0,10.0,0.0,0.0,0.0,1.0,75.0,0.0,0.0,0.0,78483.0,21536.0,14400.0,54283.0,0,0
3725,21275.0,0.2055,570.19,1,150000.0,1,0,n,21.99,0.0,0.0,12.0,0.0,22279.0,12.0,0,0.0,0.0,1091.8,1091.8,415.24,676.56,0.0,0.0,0.0,0.0,0.0,1.0,1,0.0,0.0,74156.0,0.0,4.0,1.0,2.0,10.0,51101.0,65.0,0.0,1.0,6252.0,63.0,32700.0,1.0,1.0,1.0,4.0,6180.0,4866.0,71.2,0.0,0.0,34.0,92.0,21.0,10.0,0.0,41.0,10.0,0.0,4.0,7.0,4.0,4.0,4.0,7.0,7.0,7.0,12.0,0.0,0.0,0.0,1.0,100.0,50.0,0.0,0.0,118731.0,74156.0,16900.0,78265.0,0,0
3766,11700.0,0.1308,266.7,1,46600.0,0,0,n,18.03,0.0,1.0,13.0,0.0,4186.0,18.0,0,0.0,0.0,1049.8,1049.8,565.85,483.95,0.0,0.0,0.0,0.0,0.0,1.0,1,0.0,0.0,26097.0,1.0,1.0,1.0,1.0,7.0,21911.0,94.0,3.0,3.0,3272.0,37.0,47800.0,1.0,0.0,2.0,4.0,2007.0,39473.0,8.6,0.0,0.0,66.0,98.0,6.0,6.0,0.0,6.0,6.0,0.0,4.0,6.0,10.0,10.0,5.0,12.0,12.0,6.0,13.0,0.0,0.0,0.0,4.0,100.0,0.0,0.0,0.0,71200.0,26097.0,43200.0,23400.0,0,0
3772,4800.0,0.1171,158.77,1,120000.0,1,0,n,3.7,0.0,1.0,10.0,0.0,7051.0,14.0,0,3993.18,3993.18,1105.14,1105.14,806.82,298.32,0.0,0.0,0.0,0.0,0.0,1.0,1,0.0,0.0,9925.0,0.0,1.0,1.0,1.0,8.0,2874.0,72.0,1.0,3.0,1762.0,55.0,14100.0,2.0,0.0,2.0,4.0,993.0,5449.0,56.4,0.0,0.0,8.0,157.0,10.0,8.0,0.0,10.0,3.0,0.0,6.0,6.0,6.0,9.0,1.0,9.0,13.0,6.0,10.0,0.0,0.0,0.0,2.0,100.0,16.7,0.0,0.0,18100.0,9925.0,12500.0,4000.0,0,0
3897,35000.0,0.17739999999999995,883.83,2,102000.0,0,0,n,51.41,0.0,0.0,20.0,0.0,32202.0,43.0,0,0.0,0.0,5408.35,5408.35,366.41,448.43,0.0,4593.51,826.8318,883.83,0.0,1.0,0,0.0,0.0,445625.0,0.0,14.0,0.0,0.0,25.0,147598.0,74.0,0.0,0.0,10215.0,75.0,40600.0,0.0,4.0,3.0,1.0,22281.0,2085.0,83.0,0.0,0.0,175.0,171.0,39.0,7.0,4.0,46.0,9.0,0.0,1.0,5.0,1.0,4.0,23.0,5.0,15.0,5.0,20.0,0.0,0.0,0.0,1.0,100.0,100.0,0.0,0.0,535268.0,179800.0,12300.0,226557.0,0,0
3965,36000.0,0.1612,877.75,2,120000.0,1,0,n,19.88,0.0,0.0,11.0,0.0,20065.0,16.0,0,0.0,0.0,4801.37,4801.37,394.15,419.12,0.0,3988.1,717.8580000000002,0.0,0.0,1.0,1,0.0,243.0,429935.0,0.0,3.0,1.0,2.0,10.0,25251.0,54.0,0.0,0.0,7143.0,62.0,26000.0,2.0,0.0,4.0,2.0,39085.0,5935.0,77.2,0.0,0.0,71.0,117.0,34.0,10.0,1.0,34.0,2.0,0.0,5.0,5.0,7.0,8.0,6.0,7.0,9.0,5.0,11.0,0.0,0.0,0.0,1.0,100.0,57.1,0.0,0.0,483118.0,45316.0,26000.0,46728.0,0,0
3974,12300.0,0.2305,476.46,2,48000.0,1,0,n,25.93,0.0,1.0,15.0,0.0,27405.0,47.0,0,0.0,0.0,444.96,444.96,240.2,204.76,0.0,0.0,0.0,0.0,0.0,1.0,1,0.0,0.0,290654.0,4.0,2.0,0.0,0.0,26.0,32235.0,70.0,6.0,6.0,8528.0,52.0,69100.0,0.0,18.0,1.0,6.0,19377.0,34236.0,44.2,0.0,0.0,144.0,144.0,2.0,2.0,5.0,2.0,2.0,0.0,7.0,8.0,8.0,15.0,14.0,12.0,28.0,8.0,15.0,0.0,0.0,0.0,6.0,100.0,50.0,0.0,0.0,354999.0,59640.0,61300.0,46269.0,0,0
4002,21275.0,0.1862,547.45,1,45000.0,1,0,n,16.64,0.0,0.0,8.0,0.0,5424.0,18.0,0,21057.67,21057.67,1704.38,1704.38,217.33,1487.05,0.0,0.0,0.0,0.0,0.0,1.0,1,0.0,0.0,31207.0,1.0,2.0,1.0,1.0,10.0,25783.0,92.0,2.0,2.0,5380.0,61.0,23500.0,1.0,0.0,1.0,3.0,3901.0,17076.0,24.1,0.0,0.0,76.0,93.0,4.0,4.0,0.0,4.0,10.0,1.0,2.0,2.0,5.0,6.0,8.0,6.0,10.0,2.0,8.0,0.0,0.0,0.0,3.0,94.4,0.0,0.0,0.0,51511.0,31207.0,22500.0,28011.0,0,0
4037,21275.0,0.28800000000000003,672.73,2,95000.0,1,0,n,22.59,0.0,1.0,10.0,0.0,13381.0,39.0,0,0.0,0.0,3295.57,3295.57,672.24,2623.33,0.0,0.0,0.0,0.0,0.0,1.0,1,0.0,1559.0,310974.0,3.0,4.0,1.0,3.0,6.0,88379.0,86.0,2.0,2.0,3457.0,85.0,16300.0,1.0,7.0,1.0,5.0,31097.0,1089.0,81.8,0.0,0.0,190.0,163.0,6.0,6.0,3.0,46.0,6.0,0.0,2.0,4.0,2.0,6.0,14.0,5.0,22.0,4.0,10.0,0.0,0.0,0.0,3.0,92.3,50.0,0.0,0.0,333636.0,101760.0,6000.0,92484.0,0,0
4051,8000.0,0.2305,309.89,2,65000.0,1,0,n,19.46,0.0,2.0,14.0,0.0,4807.0,37.0,0,6603.66,6603.66,2768.52,2768.52,1396.34,1372.18,0.0,0.0,0.0,309.89,0.0,1.0,1,0.0,3258.0,27255.0,3.0,4.0,4.0,6.0,5.0,22448.0,86.0,2.0,2.0,2553.0,71.0,12400.0,3.0,0.0,4.0,8.0,1947.0,293.0,93.9,0.0,0.0,145.0,185.0,3.0,3.0,0.0,3.0,3.0,0.0,3.0,5.0,3.0,5.0,13.0,10.0,24.0,5.0,14.0,0.0,0.0,0.0,6.0,81.1,100.0,0.0,0.0,38379.0,27255.0,4800.0,25979.0,0,0
4072,9050.0,0.17739999999999995,326.01,2,138000.0,0,0,n,34.43,0.0,0.0,10.0,0.0,31961.0,16.0,0,7232.12,7232.12,2916.25,2916.25,1817.88,1098.37,0.0,0.0,0.0,326.01,1.0,1.0,1,0.0,4020.0,236260.0,0.0,3.0,0.0,3.0,15.0,65929.0,68.0,0.0,1.0,9959.0,48.0,78600.0,1.0,0.0,2.0,4.0,23626.0,44106.0,24.7,0.0,0.0,104.0,140.0,23.0,15.0,1.0,33.0,3.0,0.0,3.0,4.0,5.0,8.0,6.0,6.0,9.0,4.0,10.0,0.0,0.0,0.0,0.0,100.0,0.0,0.0,0.0,338386.0,97890.0,58600.0,110000.0,0,0
4089,2000.0,0.1524,69.57,2,48000.0,0,0,n,15.1,0.0,2.0,10.0,0.0,8136.0,27.0,0,1665.08,1665.08,483.6,483.6,334.92,148.68,0.0,0.0,0.0,0.0,0.0,1.0,1,0.0,0.0,31137.0,5.0,2.0,5.0,8.0,2.0,23001.0,99.0,2.0,5.0,8078.0,48.0,41800.0,4.0,1.0,4.0,13.0,3114.0,22464.0,26.6,0.0,0.0,88.0,355.0,3.0,2.0,0.0,3.0,2.0,0.0,2.0,2.0,5.0,6.0,14.0,8.0,13.0,2.0,10.0,0.0,0.0,0.0,7.0,100.0,0.0,0.0,0.0,65095.0,31137.0,30600.0,23295.0,0,0
4110,14500.0,0.124,484.39,2,87000.0,0,0,n,23.52,0.0,1.0,8.0,0.0,10956.0,11.0,0,11361.49,11361.49,4339.53,4339.53,3138.51,1201.02,0.0,0.0,0.0,484.39,0.0,1.0,1,0.0,0.0,289377.0,3.0,3.0,3.0,3.0,2.0,53097.0,99.0,0.0,1.0,9339.0,65.0,45000.0,0.0,0.0,2.0,4.0,36172.0,32544.0,25.2,0.0,0.0,3.0,85.0,20.0,2.0,3.0,20.0,0.0,0.0,2.0,2.0,3.0,3.0,3.0,4.0,5.0,2.0,8.0,0.0,0.0,0.0,3.0,90.9,0.0,0.0,0.0,338015.0,64053.0,43500.0,53815.0,0,0
4194,27600.0,0.14300000000000002,947.33,1,62000.0,0,0,n,14.42,0.0,0.0,6.0,0.0,5878.0,9.0,0,26355.74,26355.74,3107.13,3107.13,1244.26,1862.87,0.0,0.0,0.0,314.08,0.0,1.0,1,0.0,210.0,22695.0,0.0,1.0,1.0,2.0,10.0,16817.0,93.0,0.0,2.0,3085.0,84.0,8800.0,1.0,0.0,1.0,4.0,4539.0,2973.0,58.7,0.0,0.0,60.0,95.0,16.0,10.0,0.0,22.0,10.0,0.0,3.0,4.0,4.0,4.0,4.0,5.0,5.0,4.0,6.0,0.0,0.0,0.0,1.0,88.9,66.7,0.0,0.0,26875.0,22695.0,7200.0,18075.0,0,0
4218,20000.0,0.2565,802.09,1,60000.0,0,0,n,33.72,0.0,0.0,9.0,1.0,10031.0,15.0,0,18021.15,18021.15,5557.63,5557.63,1978.85,3578.78,0.0,0.0,0.0,802.09,0.0,1.0,1,0.0,0.0,57062.0,0.0,3.0,0.0,3.0,16.0,47031.0,71.0,0.0,1.0,2638.0,74.0,12500.0,4.0,1.0,1.0,4.0,6340.0,2414.0,73.8,0.0,0.0,104.0,75.0,15.0,15.0,0.0,15.0,8.0,0.0,3.0,5.0,4.0,5.0,7.0,6.0,8.0,5.0,9.0,0.0,0.0,0.0,0.0,100.0,50.0,1.0,0.0,79674.0,57062.0,9200.0,67174.0,0,0
4387,12750.0,0.2055,341.72,3,89400.0,0,0,n,28.91,0.0,1.0,28.0,1.0,64129.0,41.0,0,11701.76,11701.76,2704.65,2704.65,1048.24,1656.41,0.0,0.0,0.0,341.72,0.0,1.0,1,0.0,0.0,273364.0,7.0,3.0,1.0,3.0,5.0,69448.0,87.0,11.0,15.0,4635.0,45.0,132000.0,1.0,9.0,2.0,18.0,9763.0,53432.0,24.3,0.0,0.0,133.0,91.0,1.0,1.0,2.0,1.0,6.0,0.0,7.0,11.0,17.0,19.0,12.0,24.0,27.0,11.0,28.0,0.0,0.0,0.0,12.0,100.0,5.9,1.0,0.0,360535.0,133577.0,70600.0,82335.0,0,0
4405,24000.0,0.1308,547.06,3,125000.0,1,0,n,24.33,1.0,2.0,9.0,0.0,5765.0,26.0,0,23714.54,23714.54,1849.75,1849.75,285.46,1564.29,0.0,0.0,0.0,273.53,0.0,1.0,1,0.0,0.0,170465.0,1.0,5.0,1.0,2.0,7.0,164700.0,73.0,1.0,3.0,1509.0,54.0,25200.0,2.0,1.0,8.0,5.0,18941.0,7991.0,24.6,0.0,0.0,194.0,83.0,6.0,6.0,0.0,6.0,6.0,0.0,2.0,3.0,2.0,3.0,20.0,4.0,6.0,3.0,9.0,0.0,0.0,0.0,2.0,95.7,0.0,0.0,0.0,204537.0,170465.0,10600.0,179337.0,1,0
4536,14875.0,0.1308,339.07,2,45000.0,0,0,n,70.37,0.0,0.0,16.0,0.0,21061.0,37.0,0,13356.14,13356.14,3041.75,3041.75,1518.86,1522.89,0.0,0.0,0.0,339.07,0.0,1.0,0,0.0,0.0,85715.0,0.0,5.0,0.0,2.0,17.0,64654.0,64.0,0.0,0.0,4927.0,63.0,35000.0,0.0,22.0,2.0,2.0,5357.0,7960.0,40.2,0.0,0.0,131.0,118.0,25.0,17.0,0.0,25.0,2.0,0.0,2.0,5.0,4.0,5.0,21.0,11.0,16.0,5.0,16.0,0.0,0.0,0.0,0.0,100.0,25.0,0.0,0.0,136424.0,85715.0,13300.0,101424.0,0,0
4549,33625.0,0.124,1123.27,1,195000.0,0,0,n,17.75,0.0,1.0,22.0,1.0,39847.0,33.0,0,33463.21,33463.21,2918.3,2918.3,161.79,2756.51,0.0,0.0,0.0,0.0,0.0,1.0,1,0.0,0.0,99131.0,1.0,3.0,1.0,3.0,5.0,59284.0,69.0,1.0,7.0,13261.0,56.0,89400.0,5.0,2.0,4.0,10.0,4721.0,33827.0,46.9,0.0,0.0,168.0,183.0,7.0,5.0,0.0,7.0,4.0,0.0,11.0,14.0,12.0,13.0,9.0,19.0,24.0,14.0,22.0,0.0,0.0,0.0,2.0,100.0,8.3,1.0,0.0,175966.0,99131.0,63700.0,86566.0,0,0
4598,30000.0,0.1171,662.95,2,95000.0,0,0,n,11.28,0.0,0.0,8.0,0.0,22583.0,13.0,0,0.0,0.0,2932.28,2932.28,1382.44,1349.84,0.0,200.0,36.0,100.0,0.0,1.0,1,0.0,0.0,29475.0,0.0,1.0,0.0,1.0,18.0,6892.0,63.0,1.0,2.0,9996.0,60.0,38400.0,0.0,0.0,0.0,3.0,3684.0,8434.0,70.8,0.0,0.0,103.0,185.0,11.0,11.0,0.0,11.0,18.0,0.0,4.0,6.0,4.0,5.0,4.0,7.0,9.0,6.0,8.0,0.0,0.0,0.0,1.0,100.0,50.0,0.0,0.0,49431.0,29475.0,28900.0,11031.0,0,0
4632,13825.0,0.1524,480.88,2,80000.0,1,0,n,26.31,0.0,0.0,30.0,0.0,24974.0,50.0,0,0.0,0.0,1911.81,1911.81,1244.67,667.14,0.0,0.0,0.0,480.88,0.0,1.0,0,0.0,0.0,220408.0,2.0,22.0,1.0,1.0,4.0,195434.0,118.0,2.0,5.0,8487.0,113.0,30000.0,1.0,0.0,8.0,6.0,7347.0,3176.0,88.1,0.0,0.0,221.0,360.0,0.0,0.0,0.0,0.0,1.0,0.0,4.0,5.0,6.0,6.0,40.0,8.0,10.0,5.0,30.0,0.0,0.0,0.0,3.0,100.0,66.7,0.0,0.0,195935.0,220408.0,26700.0,165935.0,0,0
4710,21000.0,0.2305,813.46,2,100000.0,0,0,n,27.84,0.0,0.0,11.0,0.0,22997.0,17.0,0,21000.0,21000.0,2413.49,2413.49,0.0,2413.49,0.0,0.0,0.0,0.0,0.0,1.0,1,0.0,0.0,73481.0,0.0,1.0,1.0,1.0,8.0,25723.0,82.0,1.0,1.0,3772.0,80.0,32000.0,0.0,1.0,0.0,3.0,8165.0,914.0,91.8,0.0,0.0,152.0,76.0,9.0,8.0,0.0,28.0,20.0,0.0,3.0,5.0,5.0,5.0,5.0,9.0,11.0,5.0,11.0,0.0,0.0,0.0,3.0,100.0,100.0,0.0,0.0,92332.0,73481.0,11200.0,31253.0,0,0
4746,22325.0,0.1102,485.63,1,110000.0,1,0,n,4.71,0.0,4.0,3.0,0.0,6844.0,12.0,0,20884.14,20884.14,3372.07,3372.07,1440.86,1931.21,0.0,0.0,0.0,485.63,0.0,1.0,1,0.0,61.0,14913.0,4.0,1.0,1.0,1.0,10.0,8069.0,81.0,4.0,8.0,6844.0,30.0,40500.0,2.0,0.0,6.0,9.0,4971.0,33656.0,16.9,0.0,0.0,10.0,77.0,1.0,1.0,0.0,5.0,1.0,0.0,1.0,1.0,2.0,5.0,1.0,2.0,11.0,1.0,3.0,0.0,0.0,0.0,5.0,100.0,0.0,0.0,0.0,50500.0,14913.0,40500.0,10000.0,0,0
4750,6300.0,0.0819,197.98,2,40000.0,0,0,n,19.32,0.0,0.0,5.0,0.0,18248.0,26.0,0,4866.47,4866.47,1778.95,1778.95,1433.53,345.42,0.0,0.0,0.0,197.98,0.0,1.0,0,0.0,0.0,93925.0,0.0,1.0,0.0,1.0,14.0,8673.0,69.0,0.0,1.0,5875.0,55.0,36000.0,2.0,5.0,0.0,2.0,18785.0,12125.0,32.6,0.0,0.0,164.0,207.0,24.0,14.0,3.0,207.0,14.0,0.0,1.0,2.0,1.0,4.0,15.0,3.0,8.0,2.0,5.0,0.0,0.0,0.0,0.0,100.0,0.0,0.0,0.0,196575.0,26921.0,18000.0,12575.0,0,0
4761,18000.0,0.0819,565.64,1,65000.0,0,0,n,36.84,0.0,0.0,20.0,0.0,10700.0,31.0,0,0.0,0.0,557.45,557.45,156.14,401.31,0.0,0.0,0.0,565.64,0.0,1.0,1,0.0,0.0,67985.0,3.0,4.0,1.0,3.0,3.0,57285.0,74.0,4.0,7.0,3079.0,52.0,52000.0,3.0,0.0,5.0,10.0,3399.0,29034.0,25.0,0.0,0.0,122.0,113.0,5.0,3.0,0.0,5.0,3.0,0.0,7.0,8.0,11.0,11.0,10.0,16.0,21.0,8.0,20.0,0.0,0.0,0.0,5.0,93.5,0.0,0.0,0.0,129838.0,67985.0,38700.0,77838.0,0,0
4781,24150.0,0.1102,525.33,2,96000.0,0,0,n,18.88,0.0,0.0,9.0,0.0,22368.0,19.0,0,21443.67,21443.67,4698.4,4698.4,2706.33,1992.07,0.0,0.0,0.0,525.33,0.0,1.0,1,0.0,60.0,431972.0,0.0,1.0,0.0,1.0,23.0,26339.0,75.0,0.0,2.0,7731.0,59.0,42500.0,2.0,0.0,2.0,4.0,47997.0,19332.0,44.5,0.0,0.0,88.0,453.0,20.0,17.0,3.0,20.0,8.0,0.0,5.0,5.0,6.0,7.0,2.0,7.0,14.0,5.0,9.0,0.0,0.0,0.0,0.0,88.9,33.3,0.0,0.0,467500.0,48707.0,41700.0,35000.0,0,0
4805,15400.0,0.2565,457.9,1,74120.0,1,0,n,27.82,0.0,0.0,19.0,0.0,23739.0,40.0,0,14728.27,14728.27,2725.46,2725.46,671.73,2053.73,0.0,0.0,0.0,457.9,0.0,1.0,1,0.0,0.0,114511.0,0.0,13.0,2.0,4.0,8.0,90772.0,102.0,0.0,3.0,11198.0,94.0,29900.0,1.0,3.0,0.0,8.0,6027.0,0.0,101.4,0.0,0.0,140.0,79.0,16.0,8.0,3.0,16.0,14.0,0.0,4.0,5.0,4.0,4.0,31.0,6.0,6.0,5.0,19.0,0.0,0.0,0.0,2.0,100.0,100.0,0.0,0.0,121949.0,114511.0,19800.0,92049.0,0,0
4810,12000.0,0.08810000000000001,380.54,2,180000.0,0,0,n,29.55,0.0,0.0,18.0,0.0,79364.0,28.0,0,0.0,0.0,1135.75,1135.75,883.78,251.97,0.0,0.0,0.0,380.54,0.0,1.0,1,0.0,0.0,286634.0,0.0,6.0,1.0,2.0,10.0,78722.0,42.0,0.0,0.0,20121.0,57.0,106900.0,1.0,6.0,0.0,2.0,15924.0,20290.0,78.1,0.0,0.0,157.0,215.0,25.0,10.0,1.0,25.0,16.0,0.0,8.0,10.0,8.0,9.0,13.0,10.0,13.0,10.0,18.0,0.0,0.0,0.0,1.0,100.0,50.0,0.0,0.0,412472.0,162156.0,92800.0,120399.0,0,0
4824,25000.0,0.08810000000000001,792.79,1,48000.0,0,0,n,27.55,0.0,1.0,13.0,1.0,12659.0,23.0,0,25000.0,25000.0,1135.43,1135.43,0.0,1135.43,0.0,0.0,0.0,396.4,0.0,1.0,1,0.0,0.0,27777.0,6.0,1.0,1.0,4.0,11.0,15118.0,78.0,7.0,7.0,3292.0,45.0,42000.0,0.0,0.0,2.0,11.0,2137.0,25583.0,31.6,0.0,0.0,191.0,70.0,2.0,2.0,0.0,2.0,5.0,0.0,8.0,11.0,9.0,10.0,8.0,12.0,15.0,11.0,13.0,0.0,0.0,0.0,8.0,100.0,0.0,1.0,0.0,61500.0,27777.0,37400.0,19500.0,0,0
4838,6000.0,0.2305,232.42,2,80000.0,0,0,n,32.33,0.0,0.0,26.0,0.0,54503.0,45.0,0,5131.0,5131.0,1619.26,1619.26,869.0,750.26,0.0,0.0,0.0,0.0,0.0,1.0,1,0.0,0.0,109246.0,1.0,2.0,2.0,2.0,2.0,33284.0,92.0,0.0,1.0,8908.0,58.0,115300.0,1.0,3.0,1.0,3.0,4202.0,27101.0,64.6,0.0,0.0,149.0,162.0,19.0,2.0,1.0,27.0,10.0,0.0,11.0,16.0,12.0,20.0,6.0,22.0,37.0,16.0,26.0,0.0,0.0,0.0,2.0,100.0,41.7,0.0,0.0,160651.0,87787.0,76600.0,36295.0,0,0
4878,27000.0,0.2305,1045.87,3,72000.0,0,0,n,12.33,0.0,0.0,21.0,0.0,11772.0,29.0,0,0.0,0.0,0.0,0.0,0.0,0.0,0.0,0.0,0.0,0.0,0.0,1.0,1,0.0,127.0,12020.0,0.0,1.0,0.0,1.0,24.0,248.0,4.0,2.0,5.0,1425.0,31.0,33800.0,0.0,0.0,1.0,6.0,601.0,8643.0,31.4,0.0,0.0,84.0,140.0,9.0,9.0,2.0,23.0,10.0,1.0,4.0,11.0,7.0,10.0,2.0,20.0,25.0,11.0,21.0,0.0,0.0,0.0,2.0,96.4,14.3,0.0,0.0,39429.0,12020.0,12600.0,5629.0,0,0
4888,25000.0,0.17739999999999995,900.56,2,82000.0,1,0,n,36.22,0.0,1.0,10.0,0.0,6390.0,25.0,0,0.0,0.0,4478.16,4478.16,2734.55,1743.61,0.0,0.0,0.0,0.0,0.0,1.0,1,0.0,68.0,101101.0,1.0,4.0,3.0,5.0,2.0,94711.0,86.0,0.0,3.0,4687.0,79.0,14800.0,2.0,2.0,4.0,8.0,11233.0,8410.0,43.2,0.0,0.0,146.0,113.0,15.0,2.0,0.0,15.0,3.0,0.0,3.0,3.0,5.0,6.0,18.0,5.0,7.0,3.0,10.0,0.0,0.0,0.0,3.0,100.0,0.0,0.0,0.0,130752.0,101101.0,14800.0,115952.0,0,0
4938,5400.0,0.1524,187.83,2,185000.0,1,0,n,18.12,0.0,1.0,18.0,0.0,98020.0,32.0,0,4284.75,4284.75,1685.9,1685.9,1115.25,570.65,0.0,0.0,0.0,0.0,0.0,1.0,1,0.0,0.0,242600.0,2.0,1.0,2.0,5.0,4.0,9686.0,65.0,3.0,7.0,15980.0,71.0,111500.0,1.0,3.0,3.0,12.0,13478.0,6853.0,85.3,0.0,0.0,104.0,227.0,5.0,4.0,2.0,8.0,6.0,0.0,10.0,15.0,10.0,10.0,12.0,15.0,17.0,15.0,18.0,0.0,0.0,0.0,5.0,100.0,50.0,0.0,0.0,321081.0,108277.0,46500.0,15000.0,0,0
4965,27000.0,0.2305,1045.87,1,60000.0,0,0,n,32.6,0.0,0.0,8.0,0.0,27345.0,13.0,0,24274.93,24274.93,7832.16,7832.16,2725.07,5107.09,0.0,0.0,0.0,525.0,0.0,1.0,1,0.0,0.0,49118.0,0.0,1.0,1.0,1.0,11.0,21773.0,77.0,0.0,0.0,11251.0,83.0,32100.0,1.0,1.0,1.0,1.0,6140.0,2755.0,90.8,0.0,0.0,120.0,87.0,41.0,11.0,0.0,41.0,11.0,0.0,4.0,4.0,5.0,5.0,5.0,6.0,8.0,4.0,8.0,0.0,0.0,0.0,1.0,100.0,60.0,0.0,0.0,89500.0,49118.0,30100.0,57400.0,0,0
5013,18600.0,0.28800000000000003,588.14,2,51912.52,0,0,n,25.91,0.0,0.0,6.0,0.0,12178.0,10.0,0,17366.12,17366.12,5263.5,5263.5,1233.88,4029.62,0.0,0.0,0.0,588.14,0.0,1.0,0,0.0,0.0,197025.0,0.0,2.0,0.0,0.0,27.0,16581.0,43.0,0.0,0.0,7968.0,56.0,12500.0,0.0,0.0,1.0,2.0,32838.0,322.0,97.4,0.0,0.0,70.0,83.0,27.0,18.0,2.0,27.0,12.0,0.0,2.0,2.0,2.0,4.0,4.0,2.0,4.0,2.0,6.0,0.0,0.0,0.0,0.0,90.0,100.0,0.0,0.0,223293.0,28759.0,12500.0,38963.0,0,0
5137,10000.0,0.16949999999999998,356.28,3,55377.0,0,0,n,28.87,2.0,1.0,10.0,0.0,4756.0,28.0,0,0.0,0.0,2484.54,2484.54,1570.52,914.02,0.0,0.0,0.0,356.28,0.0,1.0,1,0.0,0.0,29909.0,1.0,3.0,2.0,3.0,11.0,25153.0,64.0,2.0,4.0,1927.0,57.0,12800.0,0.0,0.0,1.0,7.0,2991.0,7039.0,34.8,0.0,0.0,147.0,376.0,6.0,6.0,0.0,6.0,6.0,9.0,5.0,7.0,5.0,11.0,8.0,7.0,19.0,7.0,10.0,0.0,0.0,1.0,4.0,64.3,40.0,0.0,0.0,52201.0,29909.0,10800.0,39401.0,0,0
5141,21950.0,0.14300000000000002,753.41,1,60000.0,1,0,n,26.12,0.0,1.0,11.0,0.0,15695.0,33.0,1,0.0,0.0,1489.38,1489.38,989.54,499.84,0.0,0.0,0.0,0.0,0.0,1.0,1,0.0,0.0,44548.0,3.0,2.0,2.0,3.0,5.0,28853.0,82.0,2.0,5.0,11433.0,42.0,71000.0,2.0,0.0,2.0,8.0,4050.0,36697.0,29.7,0.0,0.0,36.0,117.0,3.0,3.0,0.0,3.0,5.0,1.0,5.0,6.0,7.0,19.0,4.0,9.0,28.0,6.0,11.0,0.0,0.0,0.0,4.0,97.0,14.3,0.0,0.0,106000.0,44548.0,52200.0,35000.0,0,0
5149,6000.0,0.124,200.44,1,36400.0,1,0,n,34.52,0.0,0.0,6.0,0.0,10459.0,12.0,1,4740.25,4740.25,1799.83,1799.83,1259.75,540.08,0.0,0.0,0.0,200.44,0.0,1.0,1,0.0,0.0,22158.0,0.0,2.0,0.0,1.0,19.0,11699.0,63.0,0.0,0.0,5426.0,75.0,10800.0,1.0,0.0,1.0,1.0,3693.0,341.0,96.8,0.0,0.0,94.0,104.0,75.0,19.0,0.0,75.0,8.0,0.0,4.0,4.0,4.0,4.0,8.0,4.0,4.0,4.0,6.0,0.0,0.0,0.0,0.0,100.0,100.0,0.0,0.0,29500.0,22158.0,10800.0,18700.0,0,0
5155,35000.0,0.1102,761.34,1,135000.0,0,0,n,16.02,0.0,0.0,24.0,0.0,49423.0,28.0,0,32433.68,32433.68,4546.61,4546.61,2566.32,1980.29,0.0,0.0,0.0,761.34,0.0,1.0,1,0.0,0.0,61564.0,0.0,1.0,0.0,1.0,18.0,8544.0,71.0,0.0,3.0,10063.0,50.0,106900.0,1.0,0.0,0.0,4.0,2565.0,33023.0,52.8,0.0,0.0,84.0,371.0,14.0,14.0,0.0,20.0,14.0,0.0,11.0,19.0,13.0,13.0,3.0,22.0,24.0,19.0,24.0,0.0,0.0,0.0,0.0,100.0,23.1,0.0,0.0,122497.0,61564.0,69900.0,12000.0,0,0
5229,3000.0,0.1612,105.65,2,85000.0,0,0,n,16.45,2.0,2.0,13.0,0.0,5781.0,45.0,1,2934.65,2934.65,287.48,287.48,65.35,222.13,0.0,0.0,0.0,52.83,0.0,1.0,1,0.0,0.0,321430.0,3.0,8.0,3.0,4.0,2.0,202146.0,113.0,0.0,2.0,2559.0,107.0,11100.0,6.0,7.0,10.0,6.0,24725.0,3102.0,57.5,0.0,0.0,174.0,153.0,22.0,2.0,2.0,26.0,1.0,3.0,2.0,3.0,2.0,6.0,33.0,4.0,9.0,3.0,12.0,0.0,0.0,2.0,3.0,93.2,50.0,0.0,0.0,342502.0,207927.0,7300.0,184218.0,0,0
5273,35000.0,0.1308,1180.64,1,120000.0,1,0,n,18.47,0.0,0.0,6.0,0.0,43578.0,8.0,0,27692.12,27692.12,10600.33,10600.33,7307.88,3292.45,0.0,0.0,0.0,0.0,0.0,1.0,1,0.0,0.0,52392.0,0.0,1.0,0.0,1.0,23.0,8814.0,44.0,0.0,0.0,19161.0,80.0,45600.0,1.0,1.0,0.0,1.0,8732.0,2022.0,95.6,0.0,0.0,64.0,72.0,27.0,23.0,0.0,27.0,20.0,0.0,5.0,5.0,5.0,5.0,2.0,5.0,6.0,5.0,6.0,0.0,0.0,0.0,0.0,100.0,100.0,0.0,0.0,65600.0,52392.0,45600.0,20000.0,0,0
5306,4000.0,0.1308,134.93,1,37000.0,0,0,n,31.63,0.0,1.0,10.0,0.0,1997.0,14.0,0,3444.87,3444.87,941.6,941.6,555.13,386.47,0.0,0.0,0.0,134.93,0.0,1.0,1,0.0,1026.0,21637.0,2.0,3.0,1.0,3.0,5.0,19640.0,71.0,3.0,6.0,606.0,54.0,12500.0,4.0,0.0,3.0,9.0,2164.0,8504.0,19.0,0.0,0.0,109.0,36.0,4.0,4.0,0.0,4.0,1.0,0.0,4.0,5.0,5.0,5.0,6.0,7.0,8.0,5.0,10.0,0.0,0.0,0.0,4.0,92.9,20.0,0.0,0.0,40194.0,21637.0,10500.0,27694.0,0,0
5346,15000.0,0.124,336.71,1,120000.0,0,0,n,17.27,0.0,5.0,27.0,0.0,29420.0,41.0,0,14463.53,14463.53,1673.22,1673.22,536.47,1136.75,0.0,0.0,0.0,336.71,0.0,1.0,1,0.0,0.0,55017.0,3.0,2.0,2.0,3.0,7.0,25597.0,85.0,5.0,9.0,5308.0,34.0,133400.0,1.0,0.0,8.0,13.0,2038.0,95188.0,20.0,0.0,0.0,112.0,332.0,4.0,4.0,0.0,6.0,2.0,0.0,16.0,19.0,20.0,24.0,6.0,24.0,34.0,19.0,27.0,0.0,0.0,0.0,7.0,100.0,5.0,0.0,0.0,163975.0,55017.0,119000.0,30025.0,0,0
5358,18650.0,0.2565,747.95,2,212000.0,1,0,n,13.25,0.0,2.0,20.0,0.0,36010.0,33.0,0,0.0,0.0,0.0,0.0,0.0,0.0,0.0,0.0,0.0,0.0,0.0,1.0,1,0.0,0.0,653028.0,3.0,4.0,0.0,3.0,16.0,46479.0,69.0,4.0,6.0,15000.0,57.0,71800.0,5.0,6.0,7.0,11.0,34370.0,22850.0,56.2,0.0,0.0,141.0,159.0,3.0,3.0,4.0,6.0,0.0,0.0,4.0,7.0,7.0,12.0,9.0,11.0,18.0,7.0,20.0,0.0,0.0,0.0,6.0,100.0,33.3,0.0,0.0,749384.0,85790.0,52200.0,67371.0,0,0
5432,10000.0,0.2305,282.2,2,73000.0,1,0,n,24.48,0.0,1.0,17.0,0.0,7717.0,23.0,0,10000.0,10000.0,833.79,833.79,0.0,833.79,0.0,0.0,0.0,282.2,0.0,1.0,1,0.0,840.0,242386.0,1.0,8.0,4.0,5.0,5.0,51168.0,84.0,0.0,1.0,4045.0,79.0,13800.0,1.0,5.0,7.0,8.0,14258.0,1580.0,81.6,0.0,0.0,149.0,55.0,23.0,5.0,4.0,30.0,0.0,0.0,4.0,5.0,4.0,5.0,8.0,7.0,10.0,5.0,17.0,0.0,0.0,0.0,6.0,95.5,50.0,0.0,0.0,259877.0,58885.0,8600.0,60746.0,0,0
5494,18000.0,0.28800000000000003,569.17,3,153000.0,0,0,n,22.13,0.0,3.0,24.0,1.0,10756.0,81.0,0,18000.0,18000.0,2817.05,2817.05,0.0,2817.05,0.0,0.0,0.0,569.17,0.0,1.0,1,0.0,0.0,426807.0,4.0,5.0,3.0,6.0,1.0,76769.0,93.0,2.0,9.0,2670.0,66.0,33400.0,7.0,6.0,6.0,17.0,19400.0,7617.0,42.7,0.0,0.0,138.0,153.0,5.0,1.0,5.0,14.0,1.0,0.0,4.0,11.0,8.0,16.0,20.0,18.0,56.0,11.0,24.0,0.0,0.0,0.0,6.0,100.0,16.7,1.0,0.0,460385.0,87525.0,13300.0,86130.0,0,0
5522,30000.0,0.2565,1203.14,1,72000.0,1,0,n,15.5,0.0,2.0,3.0,0.0,0.0,14.0,0,0.0,0.0,2363.53,2363.53,1135.79,1227.74,0.0,0.0,0.0,0.0,0.0,1.0,1,0.0,95.0,31206.0,2.0,2.0,2.0,3.0,3.0,31206.0,97.0,0.0,0.0,0.0,78.0,7700.0,2.0,0.0,2.0,3.0,10402.0,7700.0,0.0,0.0,0.0,119.0,154.0,33.0,3.0,0.0,58.0,4.0,1.0,0.0,0.0,1.0,7.0,5.0,1.0,8.0,0.0,3.0,0.0,0.0,0.0,2.0,92.9,0.0,0.0,0.0,39842.0,31206.0,7700.0,32142.0,0,0
5536,35000.0,0.124,1169.2,2,226000.0,0,0,n,27.27,2.0,1.0,40.0,0.0,45025.0,68.0,0,33376.6,33376.6,3374.28,3374.28,1623.4,1750.88,0.0,0.0,0.0,1169.2,0.0,1.0,1,0.0,0.0,263948.0,2.0,5.0,0.0,1.0,15.0,117644.0,54.0,4.0,5.0,2929.0,45.0,113700.0,3.0,7.0,3.0,6.0,6768.0,58382.0,22.9,0.0,0.0,100.0,222.0,4.0,4.0,1.0,4.0,3.0,0.0,14.0,30.0,17.0,21.0,17.0,34.0,50.0,30.0,40.0,0.0,0.0,0.0,4.0,96.9,35.3,0.0,0.0,444327.0,162669.0,75700.0,188615.0,0,0
5543,5000.0,0.1033,162.12,1,60000.0,0,0,n,14.16,0.0,1.0,8.0,0.0,3694.0,12.0,0,0.0,0.0,159.25,159.25,119.08,40.17,0.0,0.0,0.0,0.0,0.0,1.0,1,0.0,0.0,35893.0,1.0,3.0,1.0,4.0,11.0,32199.0,92.0,1.0,4.0,822.0,82.0,9200.0,1.0,1.0,3.0,8.0,4487.0,3391.0,24.6,0.0,0.0,173.0,30.0,4.0,4.0,0.0,4.0,4.0,0.0,2.0,5.0,2.0,2.0,6.0,5.0,6.0,5.0,8.0,0.0,0.0,0.0,2.0,100.0,0.0,0.0,0.0,44066.0,35893.0,4500.0,34866.0,0,0
5646,10625.0,0.2055,284.76,1,80000.0,1,0,n,18.53,0.0,2.0,10.0,0.0,3043.0,15.0,0,0.0,0.0,557.39,557.39,207.37,350.02,0.0,0.0,0.0,0.0,0.0,1.0,1,0.0,0.0,43406.0,0.0,2.0,1.0,2.0,8.0,40363.0,74.0,0.0,0.0,57.0,66.0,10900.0,2.0,3.0,3.0,2.0,6201.0,4224.0,1.8,0.0,0.0,82.0,86.0,27.0,8.0,0.0,27.0,0.0,1.0,2.0,3.0,6.0,7.0,6.0,8.0,9.0,3.0,10.0,0.0,0.0,0.0,1.0,93.3,0.0,0.0,0.0,65499.0,43406.0,4300.0,54599.0,0,0
5720,4450.0,0.14300000000000002,152.74,1,92000.0,1,0,n,11.97,0.0,2.0,28.0,2.0,8289.0,46.0,1,0.0,0.0,0.0,0.0,0.0,0.0,0.0,0.0,0.0,0.0,0.0,1.0,1,0.0,0.0,63450.0,3.0,11.0,2.0,5.0,6.0,55161.0,101.0,7.0,13.0,1873.0,65.0,43200.0,2.0,2.0,15.0,18.0,2266.0,4084.0,52.5,0.0,0.0,169.0,149.0,3.0,3.0,0.0,9.0,2.0,4.0,4.0,10.0,4.0,12.0,15.0,17.0,28.0,10.0,28.0,0.0,0.0,0.0,9.0,93.9,25.0,2.0,0.0,97841.0,63450.0,8600.0,54641.0,0,0
5737,1800.0,0.2565,72.19,3,14852.0,0,0,n,31.45,0.0,1.0,7.0,0.0,1229.0,9.0,0,1533.75,1533.75,502.77,502.77,266.25,236.52,0.0,0.0,0.0,0.0,0.0,1.0,1,0.0,176.0,9842.0,1.0,2.0,1.0,1.0,4.0,8613.0,67.0,1.0,1.0,208.0,49.0,7200.0,1.0,0.0,2.0,2.0,1406.0,1792.0,10.4,0.0,0.0,41.0,43.0,7.0,4.0,0.0,26.0,4.0,0.0,1.0,3.0,2.0,4.0,2.0,5.0,7.0,3.0,7.0,0.0,0.0,0.0,2.0,100.0,0.0,0.0,0.0,20030.0,9842.0,2000.0,12830.0,0,0
5738,20000.0,0.2305,774.72,3,78000.0,0,0,n,35.88,0.0,0.0,10.0,0.0,44834.0,18.0,0,0.0,0.0,2298.55,2298.55,1194.31,1104.24,0.0,0.0,0.0,0.0,0.0,1.0,1,0.0,0.0,179309.0,0.0,2.0,0.0,2.0,19.0,15382.0,44.0,1.0,1.0,13003.0,74.0,46800.0,1.0,1.0,1.0,3.0,17931.0,1966.0,95.8,0.0,0.0,86.0,186.0,8.0,8.0,4.0,8.0,8.0,0.0,7.0,7.0,7.0,10.0,4.0,7.0,10.0,7.0,10.0,0.0,0.0,0.0,1.0,100.0,85.7,0.0,0.0,216439.0,60216.0,46800.0,34639.0,0,0
5740,8000.0,0.2305,309.89,3,65000.0,0,0,n,15.21,1.0,3.0,12.0,0.0,1515.0,23.0,0,7047.73,7047.73,1849.1,1849.1,952.27,896.83,0.0,0.0,0.0,0.0,0.0,1.0,1,0.0,0.0,16892.0,3.0,3.0,1.0,2.0,2.0,10479.0,53.0,2.0,7.0,519.0,57.0,4900.0,5.0,0.0,4.0,10.0,1408.0,3185.0,32.2,0.0,0.0,81.0,47.0,5.0,2.0,0.0,11.0,1.0,1.0,6.0,6.0,7.0,10.0,7.0,8.0,13.0,6.0,12.0,0.0,0.0,0.0,4.0,95.7,14.3,0.0,0.0,29725.0,16892.0,4700.0,19825.0,0,0
5752,9600.0,0.2305,371.87,2,50000.0,1,0,n,35.12,0.0,1.0,10.0,0.0,91280.0,18.0,0,8419.76,8419.76,2218.93,2218.93,1180.24,1038.69,0.0,0.0,0.0,0.0,0.0,1.0,1,0.0,0.0,231866.0,2.0,1.0,0.0,1.0,22.0,6583.0,88.0,2.0,4.0,17787.0,57.0,137000.0,0.0,0.0,2.0,5.0,23187.0,33134.0,46.8,0.0,0.0,58.0,152.0,5.0,5.0,3.0,5.0,5.0,0.0,4.0,8.0,4.0,6.0,5.0,8.0,10.0,8.0,10.0,0.0,0.0,0.0,2.0,100.0,25.0,0.0,0.0,284500.0,97863.0,62300.0,7500.0,0,0
5829,14000.0,0.1308,472.26,3,32000.0,1,0,n,15.72,0.0,1.0,8.0,0.0,7281.0,41.0,0,13625.65,13625.65,1380.57,1380.57,374.35,1006.22,0.0,0.0,0.0,148.85,0.0,1.0,1,0.0,0.0,90105.0,1.0,3.0,1.0,2.0,12.0,82824.0,113.0,3.0,3.0,7281.0,71.0,19900.0,4.0,13.0,7.0,5.0,12872.0,7719.0,48.5,0.0,0.0,112.0,155.0,2.0,2.0,2.0,2.0,1.0,0.0,1.0,1.0,3.0,14.0,17.0,5.0,21.0,1.0,8.0,0.0,0.0,0.0,4.0,100.0,50.0,0.0,0.0,85447.0,90105.0,15000.0,65547.0,0,0
5973,12000.0,0.28800000000000003,379.45,2,35000.0,1,0,n,56.72,0.0,2.0,18.0,1.0,9714.0,36.0,0,11705.68,11705.68,2820.02,2820.02,294.32,2525.7,0.0,0.0,0.0,379.45,0.0,1.0,0,0.0,200.0,313795.0,4.0,4.0,2.0,4.0,3.0,53635.0,87.0,6.0,8.0,3874.0,63.0,38700.0,3.0,1.0,8.0,13.0,18459.0,16247.0,23.7,0.0,0.0,132.0,122.0,2.0,2.0,2.0,2.0,2.0,0.0,4.0,8.0,7.0,8.0,16.0,13.0,17.0,8.0,18.0,0.0,0.0,0.0,8.0,100.0,0.0,1.0,0.0,354255.0,63349.0,21300.0,61345.0,0,0
5974,15000.0,0.2565,446.01,1,90000.0,1,0,n,15.23,0.0,3.0,23.0,0.0,16730.0,25.0,0,0.0,0.0,0.0,0.0,0.0,0.0,0.0,0.0,0.0,0.0,0.0,1.0,1,0.0,0.0,42777.0,5.0,6.0,1.0,2.0,5.0,26047.0,85.0,5.0,8.0,5079.0,28.0,122300.0,2.0,0.0,4.0,10.0,1860.0,87931.0,12.6,0.0,0.0,33.0,52.0,1.0,1.0,0.0,1.0,2.0,0.0,4.0,6.0,13.0,15.0,6.0,17.0,19.0,9.0,23.0,0.0,0.0,0.0,6.0,100.0,23.1,0.0,0.0,153003.0,42777.0,100600.0,30703.0,0,0
5984,14000.0,0.0819,439.94,2,77000.0,0,0,n,26.14,1.0,0.0,22.0,0.0,19996.0,44.0,0,0.0,0.0,0.0,0.0,0.0,0.0,0.0,0.0,0.0,0.0,0.0,1.0,1,0.0,0.0,293879.0,0.0,11.0,0.0,2.0,18.0,162619.0,113.0,0.0,0.0,10355.0,103.0,33400.0,1.0,1.0,0.0,3.0,13358.0,6881.0,70.6,0.0,0.0,177.0,188.0,46.0,18.0,3.0,69.0,19.0,3.0,3.0,4.0,4.0,9.0,23.0,9.0,17.0,4.0,22.0,0.0,0.0,0.0,0.0,90.9,25.0,0.0,0.0,292056.0,188879.0,23400.0,144392.0,0,0
6032,15000.0,0.1102,326.29,2,54000.0,0,0,n,12.28,0.0,1.0,9.0,0.0,9870.0,19.0,0,13643.3,13643.3,2274.85,2274.85,1356.7,918.15,0.0,0.0,0.0,0.0,0.0,1.0,1,0.0,0.0,135399.0,2.0,1.0,0.0,0.0,51.0,2514.0,19.0,3.0,3.0,4399.0,32.0,25500.0,0.0,0.0,3.0,4.0,16925.0,13180.0,35.7,0.0,0.0,144.0,122.0,4.0,4.0,1.0,6.0,4.0,2.0,2.0,3.0,4.0,5.0,4.0,6.0,13.0,3.0,9.0,0.0,0.0,0.0,3.0,85.7,25.0,0.0,0.0,163686.0,12384.0,20500.0,13487.0,0,0
6063,16000.0,0.1612,390.11,3,84000.0,0,0,n,26.44,0.0,0.0,12.0,0.0,18592.0,19.0,0,15100.27,15100.27,2326.33,2326.33,899.73,1426.6,0.0,0.0,0.0,0.0,0.0,1.0,1,0.0,0.0,214595.0,1.0,3.0,2.0,4.0,6.0,52724.0,80.0,0.0,1.0,3374.0,60.0,51800.0,2.0,0.0,1.0,6.0,17883.0,28343.0,31.7,0.0,0.0,144.0,69.0,21.0,6.0,1.0,33.0,12.0,0.0,5.0,6.0,6.0,6.0,10.0,8.0,8.0,6.0,12.0,0.0,0.0,0.0,2.0,100.0,0.0,0.0,0.0,264396.0,71316.0,41500.0,66295.0,0,0
6145,12000.0,0.17739999999999995,303.03,1,45000.0,0,0,n,23.04,0.0,0.0,15.0,0.0,15918.0,26.0,0,11162.21,11162.21,2456.7,2456.7,837.79,1618.91,0.0,0.0,0.0,303.03,0.0,1.0,1,0.0,0.0,54083.0,0.0,11.0,0.0,1.0,16.0,38165.0,106.0,0.0,1.0,7433.0,97.0,19500.0,1.0,0.0,0.0,2.0,3606.0,3582.0,81.6,0.0,0.0,126.0,69.0,21.0,16.0,0.0,21.0,16.0,0.0,4.0,4.0,4.0,4.0,22.0,4.0,4.0,4.0,15.0,0.0,0.0,0.0,0.0,100.0,75.0,0.0,0.0,55500.0,54083.0,19500.0,36000.0,1,0
6158,16050.0,0.1862,585.26,1,160000.0,1,0,n,33.67,0.0,0.0,19.0,0.0,64389.0,33.0,0,15713.78,15713.78,2129.24,2129.24,336.22,1793.02,0.0,0.0,0.0,585.26,0.0,1.0,0,0.0,0.0,163919.0,0.0,9.0,1.0,3.0,7.0,99530.0,96.0,4.0,5.0,17142.0,60.0,126600.0,2.0,1.0,2.0,8.0,8627.0,62211.0,50.9,0.0,0.0,173.0,265.0,8.0,7.0,0.0,8.0,4.0,6.0,7.0,7.0,10.0,10.0,23.0,10.0,10.0,7.0,19.0,0.0,0.0,0.0,5.0,81.8,50.0,0.0,0.0,236962.0,163919.0,126600.0,110362.0,0,0
6188,20000.0,0.1612,704.33,2,83000.0,0,0,n,21.13,0.0,1.0,11.0,0.0,17713.0,29.0,0,19564.34,19564.34,2095.08,2095.08,435.66,1659.42,0.0,0.0,0.0,0.0,0.0,1.0,1,0.0,0.0,79068.0,1.0,3.0,1.0,2.0,3.0,60210.0,81.0,2.0,3.0,12658.0,56.0,63800.0,1.0,1.0,2.0,7.0,7188.0,39379.0,29.3,0.0,0.0,192.0,106.0,7.0,3.0,1.0,7.0,1.0,2.0,4.0,5.0,5.0,6.0,17.0,7.0,9.0,5.0,11.0,0.0,0.0,0.0,3.0,92.6,0.0,0.0,0.0,140305.0,79068.0,55700.0,74275.0,0,0
6429,12500.0,0.17739999999999995,450.28,2,84000.0,0,0,n,32.93,0.0,2.0,30.0,1.0,16472.0,38.0,0,0.0,0.0,1338.52,1338.52,808.3,530.22,0.0,0.0,0.0,0.0,0.0,1.0,1,0.0,0.0,406331.0,3.0,21.0,3.0,5.0,2.0,146002.0,99.0,1.0,5.0,7573.0,80.0,56100.0,4.0,1.0,9.0,11.0,13544.0,32626.0,30.7,0.0,0.0,257.0,146.0,12.0,2.0,4.0,12.0,2.0,0.0,3.0,4.0,7.0,9.0,24.0,8.0,10.0,4.0,30.0,0.0,0.0,0.0,5.0,97.4,14.3,1.0,0.0,450136.0,162474.0,47100.0,147136.0,0,0
6584,6400.0,0.2305,247.91,1,53000.0,0,0,n,35.1,0.0,1.0,8.0,0.0,9369.0,16.0,0,6400.0,6400.0,487.62,487.62,0.0,487.62,0.0,0.0,0.0,247.91,0.0,1.0,1,0.0,0.0,42577.0,0.0,2.0,1.0,4.0,7.0,33208.0,78.0,0.0,0.0,3375.0,75.0,16700.0,3.0,0.0,2.0,4.0,5322.0,6258.0,70.0,0.0,0.0,64.0,64.0,29.0,7.0,0.0,29.0,0.0,0.0,3.0,4.0,4.0,4.0,9.0,5.0,7.0,4.0,8.0,0.0,0.0,0.0,1.0,100.0,25.0,0.0,0.0,59453.0,42577.0,15400.0,42753.0,0,0
6707,12750.0,0.1524,443.49,2,70000.0,1,0,n,36.6,0.0,0.0,15.0,0.0,12297.0,21.0,0,10225.11,10225.11,3984.2,3984.2,2524.89,1459.31,0.0,0.0,0.0,444.0,0.0,1.0,1,0.0,0.0,201365.0,0.0,5.0,0.0,2.0,18.0,41885.0,59.0,0.0,3.0,3286.0,65.0,15700.0,2.0,1.0,0.0,5.0,13424.0,1462.0,87.4,0.0,0.0,95.0,146.0,16.0,16.0,1.0,16.0,16.0,0.0,7.0,9.0,7.0,9.0,8.0,9.0,12.0,9.0,15.0,0.0,0.0,0.0,0.0,100.0,71.4,0.0,0.0,249619.0,54182.0,11600.0,80299.0,0,0
6716,2400.0,0.1524,83.48,1,50000.0,0,0,n,25.32,1.0,0.0,10.0,0.0,5303.0,15.0,0,1956.7,1956.7,665.81,665.81,443.3,222.51,0.0,0.0,0.0,0.0,0.0,1.0,1,0.0,0.0,16232.0,0.0,2.0,0.0,1.0,21.0,10929.0,38.0,0.0,2.0,2368.0,43.0,8600.0,1.0,0.0,0.0,3.0,1804.0,66.0,98.5,1.0,0.0,148.0,144.0,14.0,14.0,0.0,33.0,14.0,1.0,2.0,5.0,3.0,5.0,4.0,8.0,11.0,5.0,10.0,0.0,0.0,1.0,0.0,93.3,100.0,0.0,0.0,37654.0,16232.0,4400.0,29054.0,0,0
6724,10625.0,0.1612,259.06,1,80000.0,1,0,n,13.79,0.0,0.0,10.0,0.0,5477.0,14.0,0,9777.12,9777.12,1803.9,1803.9,847.88,956.02,0.0,0.0,0.0,0.0,1.0,1.0,1,0.0,100.0,24699.0,1.0,2.0,2.0,2.0,9.0,19222.0,79.0,2.0,4.0,2327.0,41.0,36700.0,1.0,0.0,1.0,6.0,2470.0,22479.0,19.4,0.0,0.0,73.0,61.0,4.0,4.0,0.0,4.0,9.0,0.0,3.0,4.0,5.0,5.0,5.0,7.0,8.0,4.0,10.0,0.0,0.0,0.0,4.0,100.0,0.0,0.0,0.0,60913.0,24699.0,27900.0,24213.0,0,0
6807,20825.0,0.1612,507.76,3,65000.0,1,0,n,21.47,0.0,2.0,18.0,0.0,21387.0,36.0,0,0.0,0.0,489.11,489.11,0.0,489.11,0.0,0.0,0.0,0.0,0.0,1.0,1,0.0,0.0,218536.0,3.0,1.0,1.0,2.0,4.0,15607.0,96.0,3.0,6.0,1900.0,58.0,48000.0,2.0,1.0,7.0,12.0,12141.0,15952.0,18.6,0.0,0.0,177.0,125.0,5.0,2.0,4.0,5.0,2.0,0.0,5.0,9.0,7.0,12.0,8.0,15.0,22.0,9.0,18.0,0.0,0.0,0.0,7.0,97.2,0.0,0.0,0.0,245917.0,37084.0,19600.0,16275.0,0,0
6854,15000.0,0.16949999999999998,372.39,1,70000.0,0,0,n,27.82,0.0,1.0,18.0,0.0,21669.0,43.0,0,14002.25,14002.25,2220.22,2220.22,997.75,1222.47,0.0,0.0,0.0,372.39,0.0,1.0,1,0.0,0.0,52486.0,0.0,2.0,1.0,3.0,11.0,30817.0,73.0,1.0,3.0,6068.0,45.0,75200.0,6.0,0.0,5.0,6.0,3087.0,32455.0,38.1,0.0,0.0,72.0,95.0,12.0,11.0,0.0,16.0,3.0,0.0,6.0,10.0,7.0,14.0,6.0,16.0,37.0,10.0,18.0,0.0,0.0,0.0,2.0,100.0,28.6,0.0,0.0,117602.0,52486.0,52400.0,42402.0,0,0
6982,15600.0,0.17739999999999995,393.94,1,140000.0,1,0,n,13.07,0.0,1.0,7.0,0.0,5057.0,18.0,1,15436.68,15436.68,1166.45,1166.45,163.32,1003.13,0.0,0.0,0.0,393.94,0.0,1.0,1,0.0,0.0,29443.0,2.0,3.0,1.0,3.0,1.0,24386.0,54.0,1.0,2.0,3735.0,47.0,17400.0,3.0,1.0,1.0,5.0,4206.0,10843.0,31.8,0.0,0.0,123.0,157.0,3.0,1.0,0.0,3.0,1.0,1.0,3.0,3.0,3.0,6.0,9.0,4.0,8.0,3.0,7.0,0.0,0.0,0.0,2.0,88.9,0.0,0.0,0.0,62725.0,29443.0,15900.0,45325.0,0,0
6986,20000.0,0.17739999999999995,720.45,1,100000.0,1,0,n,25.63,0.0,1.0,17.0,0.0,31048.0,35.0,0,16891.35,16891.35,5023.44,5023.44,3108.65,1914.79,0.0,0.0,0.0,0.0,0.0,1.0,1,0.0,0.0,101801.0,0.0,5.0,0.0,2.0,16.0,70753.0,84.0,0.0,2.0,7006.0,76.0,43000.0,0.0,3.0,1.0,4.0,5988.0,5191.0,80.0,0.0,0.0,115.0,108.0,21.0,16.0,0.0,24.0,4.0,0.0,8.0,11.0,8.0,8.0,19.0,12.0,15.0,11.0,17.0,0.0,0.0,0.0,0.0,94.1,75.0,0.0,0.0,138248.0,101801.0,25900.0,95248.0,0,0
7086,3000.0,0.08810000000000001,95.14,3,30000.0,0,0,n,19.64,0.0,0.0,12.0,0.0,4519.0,18.0,0,0.0,0.0,188.81,188.81,93.52,95.29,0.0,0.0,0.0,0.0,0.0,1.0,1,0.0,0.0,16525.0,0.0,2.0,2.0,3.0,8.0,12006.0,78.0,1.0,1.0,3447.0,47.0,19500.0,2.0,0.0,3.0,4.0,1377.0,8236.0,33.0,0.0,0.0,67.0,68.0,7.0,7.0,0.0,34.0,8.0,0.0,2.0,3.0,5.0,5.0,6.0,10.0,12.0,3.0,12.0,0.0,0.0,0.0,3.0,100.0,20.0,0.0,0.0,35000.0,16525.0,12300.0,15500.0,0,0
7137,24000.0,0.1033,778.14,2,87700.0,0,0,n,25.05,0.0,2.0,21.0,0.0,69918.0,44.0,0,20440.49,20440.49,5433.21,5433.21,3559.51,1873.7,0.0,0.0,0.0,778.14,0.0,1.0,1,0.0,0.0,355759.0,2.0,1.0,2.0,2.0,9.0,13262.0,83.0,3.0,6.0,17607.0,44.0,182200.0,3.0,3.0,6.0,8.0,16941.0,112282.0,40.0,0.0,0.0,143.0,272.0,2.0,2.0,6.0,2.0,1.0,0.0,14.0,14.0,18.0,24.0,12.0,18.0,26.0,14.0,21.0,0.0,0.0,0.0,5.0,100.0,16.7,0.0,0.0,513875.0,83180.0,182200.0,16000.0,0,0
7147,9125.0,0.17739999999999995,328.71,1,24000.0,0,0,n,34.7,0.0,0.0,12.0,0.0,6698.0,12.0,0,7989.76,7989.76,2282.98,2282.98,1135.24,1147.74,0.0,0.0,0.0,328.71,0.0,1.0,1,0.0,0.0,51905.0,1.0,2.0,1.0,2.0,8.0,45207.0,101.0,3.0,6.0,2315.0,92.0,11800.0,5.0,0.0,7.0,8.0,4325.0,3419.0,64.0,0.0,0.0,51.0,39.0,2.0,2.0,0.0,2.0,8.0,0.0,5.0,7.0,6.0,6.0,3.0,9.0,9.0,7.0,12.0,0.0,0.0,0.0,4.0,100.0,33.3,0.0,0.0,56432.0,51905.0,9500.0,44632.0,0,0
7177,40000.0,0.0646,1225.24,2,120000.0,1,0,n,23.17,0.0,1.0,29.0,0.0,66238.0,48.0,0,33367.51,33367.51,8562.32,8562.32,6632.49,1929.83,0.0,0.0,0.0,1225.24,0.0,1.0,1,0.0,0.0,433212.0,1.0,2.0,1.0,2.0,11.0,21674.0,4.0,1.0,3.0,9385.0,36.0,175400.0,0.0,17.0,2.0,5.0,14938.0,64954.0,34.3,0.0,0.0,132.0,159.0,6.0,6.0,5.0,6.0,6.0,0.0,11.0,19.0,13.0,15.0,13.0,25.0,30.0,19.0,29.0,0.0,0.0,0.0,2.0,100.0,23.1,0.0,0.0,642392.0,87912.0,98800.0,50616.0,0,0
7199,20850.0,0.16949999999999998,742.85,1,58000.0,1,0,n,20.5,1.0,1.0,13.0,0.0,8132.0,27.0,0,17106.54,17106.54,6294.61,6294.61,3743.46,2551.15,0.0,0.0,0.0,371.43,0.0,1.0,1,0.0,0.0,18763.0,1.0,1.0,0.0,1.0,13.0,10631.0,76.0,2.0,4.0,4513.0,40.0,27000.0,1.0,0.0,2.0,5.0,1443.0,2587.0,0.0,0.0,0.0,13.0,173.0,3.0,3.0,0.0,74.0,2.0,0.0,1.0,7.0,2.0,5.0,1.0,12.0,26.0,7.0,13.0,0.0,0.0,0.0,2.0,95.8,50.0,0.0,0.0,41000.0,18763.0,7100.0,14000.0,0,0
7229,29775.0,0.1524,712.11,3,90000.0,1,0,n,13.11,0.0,0.0,7.0,0.0,12997.0,59.0,0,0.0,0.0,3535.34,3535.34,1712.79,1822.55,0.0,0.0,0.0,0.0,0.0,1.0,1,0.0,0.0,124942.0,3.0,2.0,1.0,1.0,2.0,7807.0,42.0,2.0,3.0,8062.0,55.0,19400.0,0.0,0.0,0.0,5.0,17849.0,4617.0,73.5,0.0,0.0,29.0,161.0,2.0,2.0,5.0,2.0,19.0,0.0,3.0,4.0,3.0,39.0,2.0,4.0,52.0,4.0,7.0,0.0,0.0,0.0,3.0,100.0,66.7,0.0,0.0,148900.0,20804.0,17400.0,18500.0,0,0
7234,10000.0,0.28800000000000003,316.21,2,85000.0,0,0,n,22.56,1.0,1.0,7.0,0.0,1326.0,22.0,0,9301.69,9301.69,2829.89,2829.89,698.31,2131.58,0.0,0.0,0.0,316.21,0.0,1.0,1,0.0,291.0,357106.0,1.0,4.0,2.0,4.0,2.0,44952.0,75.0,1.0,1.0,667.0,75.0,1800.0,3.0,0.0,5.0,5.0,51015.0,474.0,73.7,0.0,0.0,148.0,176.0,8.0,2.0,5.0,8.0,2.0,0.0,2.0,2.0,2.0,3.0,13.0,2.0,4.0,2.0,7.0,0.0,0.0,0.0,3.0,95.5,50.0,0.0,0.0,394208.0,46278.0,1800.0,59724.0,0,0
7280,20000.0,0.1612,704.33,1,140000.0,0,0,n,6.75,0.0,1.0,13.0,0.0,14220.0,15.0,0,0.0,0.0,0.0,0.0,0.0,0.0,0.0,0.0,0.0,0.0,0.0,1.0,1,0.0,0.0,15051.0,1.0,1.0,0.0,1.0,24.0,831.0,21.0,1.0,1.0,3200.0,64.0,19500.0,3.0,0.0,4.0,2.0,1158.0,3503.0,78.9,0.0,0.0,24.0,174.0,5.0,5.0,0.0,32.0,5.0,0.0,7.0,10.0,8.0,9.0,1.0,12.0,14.0,10.0,13.0,0.0,0.0,0.0,1.0,100.0,62.5,0.0,0.0,23500.0,15051.0,16600.0,4000.0,0,0
7413,10000.0,0.2565,401.05,1,56000.0,0,0,n,21.3,0.0,0.0,12.0,0.0,11336.0,14.0,0,8814.41,8814.41,2392.05,2392.05,1185.59,1206.46,0.0,0.0,0.0,0.0,0.0,1.0,1,0.0,0.0,21691.0,0.0,2.0,1.0,2.0,10.0,10355.0,69.0,1.0,3.0,1877.0,66.0,18100.0,2.0,2.0,1.0,5.0,1808.0,397.0,91.9,0.0,0.0,151.0,75.0,12.0,10.0,0.0,32.0,10.0,0.0,5.0,9.0,5.0,5.0,4.0,10.0,10.0,9.0,12.0,0.0,0.0,0.0,2.0,100.0,80.0,0.0,0.0,33098.0,21691.0,4900.0,14998.0,0,0
7464,4500.0,0.124,150.33,3,60000.0,0,0,n,26.12,0.0,2.0,14.0,0.0,10349.0,58.0,0,0.0,0.0,1199.54,1199.54,861.31,338.23,0.0,0.0,0.0,0.0,0.0,1.0,1,0.0,0.0,56179.0,2.0,1.0,2.0,3.0,7.0,45830.0,94.0,3.0,6.0,6609.0,48.0,68800.0,2.0,3.0,6.0,9.0,4013.0,46451.0,18.2,0.0,0.0,107.0,60.0,1.0,1.0,0.0,1.0,2.0,0.0,6.0,6.0,10.0,12.0,43.0,12.0,15.0,6.0,14.0,0.0,0.0,0.0,5.0,100.0,10.0,0.0,0.0,117647.0,56179.0,56800.0,48847.0,0,0
7495,2500.0,0.2055,93.62,1,32000.0,1,0,n,31.7,0.0,0.0,8.0,0.0,5344.0,8.0,0,2282.26,2282.26,558.87,558.87,217.74,341.13,0.0,0.0,0.0,0.0,0.0,1.0,1,0.0,0.0,26024.0,0.0,3.0,1.0,2.0,12.0,20680.0,70.0,1.0,1.0,1914.0,43.0,30500.0,2.0,0.0,2.0,3.0,3253.0,23980.0,17.0,0.0,0.0,31.0,139.0,7.0,7.0,0.0,7.0,9.0,0.0,4.0,5.0,4.0,4.0,3.0,5.0,5.0,5.0,8.0,0.0,0.0,0.0,2.0,100.0,25.0,0.0,0.0,60023.0,26024.0,28900.0,29523.0,0,0
7536,16000.0,0.2055,599.12,1,73368.0,1,0,n,25.4,0.0,1.0,5.0,0.0,2970.0,14.0,0,13237.69,13237.69,4756.43,4756.43,2762.31,1994.12,0.0,0.0,0.0,0.0,0.0,1.0,1,0.0,0.0,32086.0,1.0,4.0,2.0,3.0,4.0,29116.0,52.0,0.0,0.0,2970.0,54.0,3000.0,2.0,0.0,1.0,3.0,6417.0,30.0,99.0,0.0,0.0,151.0,428.0,152.0,4.0,0.0,170.0,4.0,1.0,1.0,1.0,1.0,2.0,10.0,1.0,4.0,1.0,5.0,0.0,0.0,0.0,2.0,85.7,100.0,0.0,0.0,59285.0,32086.0,3000.0,56285.0,0,0
7556,35000.0,0.1308,797.8,1,128000.0,0,0,n,9.38,0.0,1.0,12.0,0.0,7846.0,13.0,0,0.0,0.0,1570.17,1570.17,69.6,1500.57,0.0,0.0,0.0,797.8,0.0,1.0,1,0.0,0.0,22606.0,0.0,1.0,0.0,1.0,16.0,14760.0,49.0,0.0,2.0,4287.0,38.0,28900.0,1.0,0.0,1.0,3.0,1884.0,21054.0,27.1,0.0,0.0,35.0,70.0,17.0,16.0,0.0,17.0,0.0,0.0,10.0,10.0,11.0,11.0,2.0,11.0,11.0,10.0,12.0,0.0,0.0,0.0,0.0,100.0,0.0,0.0,0.0,59201.0,22606.0,28900.0,30301.0,0,0
7558,15000.0,0.17739999999999995,540.34,1,42600.0,1,0,n,32.7,1.0,0.0,9.0,0.0,13753.0,15.0,0,0.0,0.0,2672.13,2672.13,1403.89,1268.24,0.0,0.0,0.0,0.0,0.0,1.0,1,0.0,0.0,25746.0,0.0,1.0,0.0,1.0,20.0,11993.0,47.0,0.0,0.0,3129.0,62.0,15700.0,0.0,0.0,0.0,1.0,2861.0,546.0,92.7,0.0,0.0,152.0,252.0,38.0,20.0,0.0,38.0,20.0,0.0,5.0,8.0,5.0,5.0,4.0,8.0,11.0,8.0,9.0,0.0,0.0,0.0,0.0,92.9,80.0,0.0,0.0,41484.0,25746.0,7500.0,25784.0,0,0
7561,20000.0,0.124,668.12,3,250000.0,1,0,n,7.2,1.0,0.0,11.0,0.0,7536.0,24.0,0,0.0,0.0,654.34,654.34,461.45,192.89,0.0,0.0,0.0,0.0,0.0,1.0,1,0.0,0.0,34261.0,0.0,2.0,1.0,2.0,10.0,26725.0,76.0,4.0,4.0,3616.0,52.0,30500.0,1.0,0.0,3.0,6.0,3115.0,14632.0,31.9,0.0,0.0,111.0,97.0,9.0,9.0,0.0,10.0,10.0,1.0,4.0,5.0,6.0,8.0,6.0,9.0,18.0,5.0,11.0,0.0,0.0,0.0,5.0,84.2,33.3,0.0,0.0,65524.0,34261.0,21500.0,35024.0,0,0
7671,30000.0,0.1308,683.83,1,65000.0,1,0,n,26.33,0.0,1.0,9.0,0.0,16380.0,14.0,0,27419.01,27419.01,4765.01,4765.01,2580.99,2184.02,0.0,0.0,0.0,0.0,0.0,1.0,1,0.0,0.0,69956.0,0.0,3.0,1.0,1.0,9.0,53576.0,59.0,1.0,2.0,7475.0,32.0,72900.0,2.0,0.0,6.0,3.0,7773.0,56520.0,22.5,0.0,0.0,127.0,91.0,9.0,9.0,1.0,9.0,1.0,0.0,5.0,5.0,6.0,7.0,6.0,6.0,7.0,5.0,9.0,0.0,0.0,0.0,2.0,100.0,16.7,0.0,0.0,138326.0,69956.0,72900.0,65426.0,0,0
7684,10000.0,0.0646,306.31,2,234000.0,0,0,n,1.9,0.0,2.0,9.0,0.0,10069.0,27.0,0,7678.16,7678.16,2753.2,2753.2,2321.84,431.36,0.0,0.0,0.0,0.0,0.0,1.0,1,0.0,0.0,144830.0,3.0,1.0,0.0,2.0,19.0,6052.0,71.0,6.0,6.0,3318.0,60.0,18200.0,0.0,5.0,7.0,9.0,18104.0,7124.0,49.8,0.0,0.0,122.0,145.0,1.0,1.0,9.0,4.0,2.0,0.0,4.0,5.0,5.0,7.0,7.0,7.0,11.0,5.0,9.0,0.0,0.0,0.0,7.0,100.0,0.0,0.0,0.0,156711.0,16121.0,14200.0,8511.0,0,0
7725,9350.0,0.14300000000000002,320.93,1,54000.0,1,0,n,21.56,0.0,0.0,9.0,0.0,10999.0,17.0,0,8602.16,8602.16,1798.89,1798.89,747.84,1051.05,0.0,0.0,0.0,320.93,0.0,1.0,1,0.0,0.0,26137.0,0.0,2.0,1.0,1.0,7.0,15138.0,50.0,0.0,1.0,3282.0,60.0,13700.0,1.0,0.0,1.0,2.0,2904.0,2701.0,80.3,0.0,0.0,146.0,160.0,13.0,7.0,0.0,13.0,7.0,0.0,7.0,7.0,7.0,7.0,8.0,7.0,8.0,7.0,9.0,0.0,0.0,0.0,1.0,100.0,71.4,0.0,0.0,43948.0,26137.0,13700.0,30248.0,0,0
7726,25525.0,0.1308,861.03,3,54000.0,0,0,n,24.2,0.0,2.0,13.0,0.0,12297.0,37.0,0,0.0,0.0,3425.57,3425.57,2369.62,1055.95,0.0,0.0,0.0,861.03,0.0,1.0,1,0.0,450.0,48519.0,2.0,3.0,1.0,2.0,6.0,36222.0,96.0,1.0,1.0,1510.0,87.0,17600.0,3.0,2.0,4.0,3.0,3732.0,4536.0,60.2,0.0,0.0,170.0,76.0,5.0,5.0,0.0,5.0,4.0,0.0,8.0,10.0,8.0,8.0,26.0,10.0,11.0,10.0,13.0,0.0,0.0,0.0,2.0,85.7,12.5,0.0,0.0,55502.0,48519.0,11400.0,37902.0,0,0
7761,10000.0,0.2055,374.45,2,70000.0,1,0,n,16.63,0.0,0.0,15.0,0.0,27636.0,30.0,0,8125.35,8125.35,3358.63,3358.63,1874.65,1483.98,0.0,0.0,0.0,374.45,0.0,1.0,1,0.0,0.0,217801.0,2.0,1.0,1.0,3.0,6.0,1445.0,92.0,0.0,2.0,4233.0,53.0,53200.0,1.0,0.0,1.0,6.0,14520.0,23550.0,47.4,0.0,0.0,148.0,348.0,13.0,4.0,3.0,13.0,6.0,0.0,9.0,13.0,9.0,11.0,11.0,13.0,16.0,13.0,15.0,0.0,0.0,0.0,2.0,100.0,44.4,0.0,0.0,244775.0,29081.0,44800.0,1575.0,0,0
7787,32425.0,0.1102,705.33,2,125000.0,0,0,n,21.03,0.0,0.0,11.0,0.0,10736.0,25.0,0,29839.68,29839.68,4212.13,4212.13,2585.32,1626.81,0.0,0.0,0.0,0.0,0.0,1.0,1,0.0,0.0,95521.0,0.0,4.0,1.0,3.0,10.0,84785.0,69.0,0.0,2.0,3159.0,54.0,39400.0,2.0,3.0,1.0,5.0,8684.0,28664.0,27.2,0.0,0.0,172.0,77.0,22.0,10.0,2.0,22.0,10.0,0.0,7.0,7.0,7.0,7.0,14.0,7.0,9.0,7.0,11.0,0.0,0.0,0.0,1.0,100.0,0.0,0.0,0.0,156444.0,95521.0,39400.0,117044.0,0,0
7799,12000.0,0.17739999999999995,303.03,2,5000.0,0,0,n,349.52,0.0,1.0,19.0,0.0,1064.0,47.0,1,0.0,0.0,885.44,885.44,54.67,830.77,0.0,0.0,0.0,303.03,0.0,1.0,0,0.0,3127.0,307621.0,2.0,10.0,1.0,4.0,4.0,115767.0,114.0,1.0,2.0,359.0,103.0,11400.0,3.0,1.0,2.0,6.0,16191.0,7241.0,4.7,0.0,0.0,200.0,76.0,2.0,2.0,2.0,18.0,4.0,0.0,1.0,2.0,4.0,6.0,28.0,8.0,17.0,2.0,19.0,0.0,0.0,0.0,2.0,100.0,0.0,0.0,0.0,313319.0,116831.0,7600.0,101614.0,0,0
7829,20000.0,0.124,668.12,2,75000.0,1,0,n,30.1,0.0,1.0,16.0,0.0,8241.0,32.0,0,19441.31,19441.31,1990.58,1990.58,558.69,1431.89,0.0,0.0,0.0,0.0,0.0,1.0,1,0.0,0.0,262938.0,2.0,5.0,1.0,2.0,4.0,111543.0,73.0,1.0,1.0,3489.0,63.0,26200.0,1.0,4.0,2.0,4.0,16434.0,14808.0,32.1,0.0,0.0,129.0,104.0,2.0,2.0,1.0,2.0,4.0,1.0,4.0,7.0,5.0,7.0,14.0,10.0,17.0,7.0,16.0,0.0,0.0,0.0,2.0,96.8,20.0,0.0,0.0,298942.0,119784.0,21800.0,127443.0,0,0
7853,22100.0,0.08810000000000001,700.83,1,35000.0,0,0,n,29.97,0.0,0.0,5.0,0.0,1406.0,8.0,0,20472.37,20472.37,2091.67,2091.67,1627.63,464.04,0.0,0.0,0.0,0.0,0.0,1.0,1,0.0,0.0,14458.0,0.0,2.0,1.0,2.0,7.0,13052.0,65.0,1.0,1.0,290.0,50.0,8700.0,1.0,0.0,1.0,3.0,2892.0,5154.0,9.6,0.0,0.0,28.0,114.0,11.0,7.0,0.0,36.0,11.0,0.0,2.0,3.0,2.0,2.0,3.0,3.0,5.0,3.0,5.0,0.0,0.0,0.0,2.0,100.0,0.0,0.0,0.0,28790.0,14458.0,5700.0,20090.0,0,0
7914,21000.0,0.0819,659.91,2,64000.0,0,0,n,19.31,1.0,2.0,11.0,0.0,36937.0,18.0,0,0.0,0.0,1300.71,1300.71,1036.7,264.01,0.0,0.0,0.0,0.0,0.0,1.0,1,0.0,0.0,243129.0,2.0,1.0,0.0,0.0,28.0,14738.0,69.0,2.0,4.0,6663.0,57.0,68600.0,0.0,3.0,2.0,4.0,22103.0,11347.0,64.0,0.0,0.0,77.0,138.0,2.0,2.0,3.0,2.0,2.0,1.0,4.0,6.0,5.0,6.0,4.0,9.0,11.0,6.0,11.0,0.0,0.0,0.0,2.0,88.2,40.0,0.0,0.0,290613.0,51675.0,31500.0,21362.0,0,0
7956,28700.0,0.1102,939.88,1,50000.0,1,0,n,60.18,1.0,0.0,9.0,0.0,885.0,12.0,0,23112.32,23112.32,7483.9,7483.9,5587.68,1896.22,0.0,0.0,0.0,0.0,0.0,1.0,0,0.0,0.0,80704.0,0.0,5.0,0.0,4.0,17.0,79819.0,63.0,0.0,1.0,646.0,56.0,9500.0,3.0,0.0,4.0,5.0,8967.0,8115.0,9.8,0.0,0.0,53.0,40.0,24.0,17.0,0.0,24.0,3.0,0.0,3.0,3.0,3.0,3.0,7.0,4.0,4.0,3.0,9.0,0.0,0.0,0.0,0.0,91.7,0.0,0.0,0.0,127084.0,80704.0,9000.0,117584.0,0,0
7993,20000.0,0.1308,455.89,2,38000.0,0,0,n,35.19,0.0,0.0,11.0,0.0,21060.0,24.0,1,17872.57,17872.57,4088.48,4088.48,2127.43,1961.05,0.0,0.0,0.0,1367.67,0.0,1.0,0,0.0,0.0,223164.0,0.0,2.0,1.0,2.0,10.0,33986.0,76.0,0.0,1.0,5368.0,76.0,28400.0,0.0,0.0,0.0,3.0,20288.0,1071.0,89.6,0.0,0.0,137.0,169.0,14.0,10.0,6.0,163.0,14.0,1.0,2.0,6.0,2.0,3.0,9.0,6.0,9.0,6.0,11.0,0.0,0.0,0.0,1.0,95.8,100.0,0.0,0.0,277926.0,55046.0,10300.0,44526.0,0,0
7994,7425.0,0.1612,261.49,1,35000.0,1,0,n,11.49,0.0,0.0,8.0,1.0,2400.0,19.0,0,5968.28,5968.28,2340.11,2340.11,1456.72,883.39,0.0,0.0,0.0,261.49,0.0,1.0,1,0.0,0.0,73885.0,0.0,2.0,1.0,2.0,11.0,71485.0,77.0,0.0,4.0,859.0,54.0,6500.0,1.0,0.0,2.0,6.0,9236.0,341.0,71.6,0.0,0.0,138.0,73.0,14.0,11.0,0.0,15.0,8.0,0.0,1.0,4.0,1.0,1.0,11.0,6.0,8.0,4.0,8.0,0.0,0.0,0.0,1.0,100.0,0.0,1.0,0.0,69844.0,73885.0,1200.0,63344.0,0,0
8010,19200.0,0.2305,743.73,1,46000.0,0,0,n,28.02,0.0,0.0,10.0,0.0,20685.0,28.0,0,17414.36,17414.36,4378.0,4378.0,1785.64,2592.36,0.0,0.0,0.0,743.73,0.0,1.0,1,0.0,0.0,36088.0,1.0,1.0,1.0,1.0,5.0,15403.0,98.0,1.0,2.0,4215.0,82.0,28200.0,0.0,12.0,0.0,3.0,3609.0,271.0,95.6,0.0,0.0,131.0,127.0,8.0,5.0,0.0,28.0,16.0,0.0,2.0,8.0,2.0,4.0,9.0,9.0,19.0,8.0,10.0,0.0,0.0,0.0,2.0,100.0,100.0,0.0,0.0,43973.0,36088.0,6100.0,15773.0,0,0
8014,4450.0,0.28800000000000003,186.0,1,35000.0,1,0,n,30.26,0.0,2.0,7.0,0.0,9638.0,7.0,0,3760.54,3760.54,1473.76,1473.76,689.46,784.3,0.0,0.0,0.0,0.0,0.0,1.0,1,0.0,0.0,19847.0,0.0,2.0,2.0,2.0,12.0,9792.0,54.0,1.0,2.0,7473.0,60.0,13100.0,1.0,0.0,5.0,4.0,2835.0,3462.0,73.6,0.0,0.0,12.0,53.0,8.0,8.0,0.0,8.0,0.0,0.0,4.0,4.0,4.0,4.0,2.0,4.0,4.0,4.0,7.0,0.0,0.0,0.0,3.0,100.0,25.0,0.0,0.0,33236.0,19847.0,13100.0,18224.0,0,0
8121,9600.0,0.14300000000000002,329.51,2,42000.0,1,0,n,29.2,0.0,2.0,8.0,1.0,4340.0,29.0,0,8270.27,8270.27,1961.81,1961.81,1329.73,632.08,0.0,0.0,0.0,329.51,0.0,1.0,1,0.0,0.0,17158.0,2.0,3.0,2.0,2.0,10.0,12818.0,60.0,5.0,7.0,3241.0,50.0,12900.0,3.0,0.0,6.0,9.0,2145.0,3059.0,51.4,0.0,0.0,270.0,195.0,4.0,4.0,0.0,4.0,2.0,1.0,1.0,2.0,3.0,9.0,12.0,5.0,17.0,2.0,8.0,0.0,0.0,0.0,7.0,92.9,0.0,1.0,0.0,34392.0,17158.0,6300.0,21492.0,0,0
8130,15000.0,0.1612,365.73,2,96000.0,0,0,n,37.91,0.0,2.0,20.0,1.0,17445.0,38.0,0,0.0,0.0,704.59,704.59,164.23,540.36,0.0,0.0,0.0,0.0,0.0,1.0,1,0.0,0.0,370460.0,2.0,5.0,3.0,4.0,1.0,96167.0,96.0,0.0,0.0,10738.0,64.0,77500.0,3.0,0.0,3.0,5.0,18523.0,34520.0,29.0,0.0,0.0,160.0,260.0,38.0,1.0,1.0,38.0,1.0,0.0,4.0,6.0,5.0,11.0,12.0,14.0,25.0,6.0,20.0,0.0,0.0,0.0,3.0,97.3,0.0,1.0,0.0,442324.0,113612.0,48600.0,99814.0,0,0
8179,20000.0,0.0702,617.73,1,52000.0,0,0,n,28.17,1.0,0.0,6.0,0.0,19618.0,8.0,0,19075.42,19075.42,1837.6,1837.6,924.58,913.02,0.0,0.0,0.0,308.87,0.0,1.0,1,0.0,0.0,66274.0,0.0,2.0,0.0,1.0,21.0,46656.0,73.0,0.0,2.0,10656.0,77.0,22000.0,0.0,5.0,1.0,3.0,11046.0,1659.0,91.3,0.0,0.0,75.0,324.0,15.0,15.0,0.0,22.0,12.0,0.0,2.0,3.0,2.0,2.0,3.0,4.0,5.0,3.0,6.0,0.0,0.0,0.0,0.0,87.5,100.0,0.0,0.0,86304.0,66274.0,19000.0,64304.0,0,0
8200,12000.0,0.17739999999999995,432.27,2,75000.0,1,0,n,34.22,0.0,2.0,20.0,0.0,39595.0,41.0,0,11439.14,11439.14,2352.7,2352.7,560.86,1791.84,0.0,0.0,0.0,648.41,0.0,1.0,0,0.0,0.0,97658.0,1.0,4.0,2.0,5.0,4.0,42516.0,78.0,2.0,4.0,12209.0,60.0,81800.0,3.0,18.0,8.0,9.0,4883.0,5371.0,75.0,0.0,0.0,103.0,139.0,7.0,4.0,3.0,8.0,3.0,0.0,3.0,10.0,4.0,6.0,15.0,15.0,23.0,10.0,20.0,0.0,0.0,0.0,4.0,97.6,50.0,0.0,0.0,194055.0,82111.0,21500.0,54655.0,0,0
8209,9375.0,0.2565,375.98,2,45000.0,1,0,n,29.65,0.0,1.0,10.0,0.0,11256.0,15.0,0,8317.27,8317.27,2229.16,2229.16,1057.73,1171.43,0.0,0.0,0.0,0.0,0.0,1.0,1,0.0,0.0,235053.0,1.0,3.0,1.0,1.0,7.0,32375.0,80.0,1.0,2.0,6395.0,82.0,12700.0,1.0,0.0,2.0,3.0,23505.0,1275.0,89.7,0.0,0.0,114.0,50.0,4.0,4.0,2.0,13.0,4.0,2.0,4.0,5.0,4.0,4.0,8.0,5.0,5.0,5.0,10.0,0.0,0.0,0.0,2.0,86.7,75.0,0.0,0.0,280200.0,43631.0,12400.0,40500.0,0,0
8244,35000.0,0.17739999999999995,883.83,1,175000.0,0,0,n,12.25,0.0,1.0,11.0,0.0,13978.0,20.0,0,34142.78,34142.78,4350.16,4350.16,857.22,3492.94,0.0,0.0,0.0,0.0,0.0,1.0,1,0.0,0.0,44676.0,2.0,4.0,1.0,2.0,6.0,30698.0,63.0,2.0,3.0,2117.0,70.0,15700.0,1.0,0.0,2.0,5.0,4061.0,796.0,83.1,0.0,0.0,140.0,163.0,6.0,6.0,0.0,16.0,6.0,0.0,4.0,7.0,4.0,6.0,11.0,7.0,9.0,7.0,11.0,0.0,0.0,0.0,3.0,84.2,50.0,0.0,0.0,64314.0,44676.0,4700.0,48614.0,0,0
8269,4000.0,0.1102,131.0,1,24000.0,0,0,n,14.75,0.0,1.0,9.0,0.0,4214.0,12.0,0,3119.76,3119.76,1174.1,1174.1,880.24,293.86,0.0,0.0,0.0,0.0,0.0,1.0,1,0.0,0.0,7241.0,1.0,1.0,0.0,1.0,17.0,3027.0,61.0,2.0,4.0,920.0,32.0,18000.0,1.0,2.0,1.0,5.0,905.0,5080.0,15.3,0.0,0.0,17.0,58.0,4.0,4.0,0.0,4.0,4.0,0.0,1.0,4.0,2.0,2.0,1.0,8.0,11.0,4.0,9.0,0.0,0.0,0.0,2.0,100.0,50.0,0.0,0.0,23000.0,7241.0,6000.0,5000.0,0,0
8273,16000.0,0.14300000000000002,374.79,1,64000.0,0,0,n,4.99,1.0,2.0,10.0,0.0,9985.0,18.0,0,0.0,0.0,1111.66,1111.66,442.84,668.82,0.0,0.0,0.0,0.0,0.0,1.0,1,0.0,0.0,36648.0,4.0,1.0,1.0,1.0,2.0,26663.0,97.0,6.0,9.0,2637.0,55.0,39800.0,2.0,2.0,6.0,10.0,3665.0,19815.0,33.5,0.0,0.0,136.0,173.0,2.0,2.0,0.0,2.0,2.0,0.0,7.0,7.0,7.0,9.0,6.0,9.0,12.0,7.0,10.0,0.0,0.0,0.0,7.0,86.7,0.0,0.0,0.0,67283.0,36648.0,29800.0,27483.0,0,0
8286,25000.0,0.28800000000000003,790.51,2,120000.0,1,0,n,13.42,0.0,0.0,9.0,0.0,8863.0,10.0,0,0.0,0.0,3872.55,3872.55,772.67,3099.88,0.0,0.0,0.0,790.51,0.0,1.0,1,0.0,0.0,410433.0,1.0,5.0,1.0,3.0,6.0,63638.0,87.0,0.0,0.0,19.0,85.0,12400.0,1.0,0.0,1.0,4.0,45604.0,3064.0,1.2,0.0,0.0,56.0,105.0,55.0,6.0,1.0,55.0,3.0,0.0,2.0,3.0,2.0,2.0,6.0,3.0,3.0,3.0,9.0,0.0,0.0,0.0,1.0,100.0,0.0,0.0,0.0,432319.0,72501.0,3100.0,72919.0,0,0
8319,40000.0,0.1308,1349.3,2,50000.0,1,0,n,52.45,0.0,0.0,18.0,1.0,9688.0,32.0,0,38859.59,38859.59,4372.17,4372.17,1140.41,3231.76,0.0,0.0,0.0,850.54,0.0,1.0,0,0.0,0.0,73471.0,2.0,4.0,1.0,2.0,6.0,63783.0,70.0,1.0,3.0,3458.0,54.0,32900.0,2.0,0.0,2.0,5.0,4082.0,13912.0,41.1,0.0,0.0,164.0,72.0,4.0,4.0,1.0,4.0,9.0,0.0,5.0,5.0,9.0,12.0,7.0,14.0,24.0,5.0,18.0,0.0,0.0,0.0,2.0,100.0,11.1,1.0,0.0,119462.0,73471.0,23600.0,86562.0,0,0
8324,30000.0,0.08810000000000001,951.35,2,130000.0,1,0,n,16.38,0.0,2.0,24.0,0.0,28441.0,31.0,0,0.0,0.0,4173.27,4173.27,2956.76,1216.51,0.0,0.0,0.0,198.69,0.0,1.0,1,0.0,0.0,485155.0,3.0,13.0,0.0,2.0,19.0,53809.0,80.0,2.0,2.0,12621.0,74.0,43900.0,2.0,1.0,4.0,5.0,20215.0,9101.0,68.4,0.0,0.0,107.0,89.0,3.0,3.0,1.0,4.0,3.0,0.0,4.0,6.0,6.0,9.0,16.0,10.0,14.0,6.0,24.0,0.0,0.0,0.0,3.0,93.1,16.7,0.0,0.0,555587.0,82250.0,28800.0,105705.0,0,0
8424,15000.0,0.1033,486.34,2,85000.0,0,0,n,14.87,0.0,2.0,8.0,0.0,15393.0,12.0,0,12063.82,12063.82,3873.5,3873.5,2936.18,937.32,0.0,0.0,0.0,486.34,0.0,1.0,1,0.0,0.0,316921.0,0.0,2.0,0.0,0.0,25.0,21169.0,60.0,0.0,2.0,4474.0,71.0,16300.0,0.0,1.0,2.0,4.0,39615.0,678.0,95.6,0.0,0.0,64.0,69.0,17.0,17.0,2.0,19.0,3.0,0.0,4.0,5.0,4.0,5.0,4.0,5.0,6.0,5.0,8.0,0.0,0.0,0.0,0.0,100.0,100.0,0.0,0.0,337147.0,36562.0,15300.0,35547.0,0,0
8459,6000.0,0.2055,224.67,3,58750.0,1,0,n,21.0,0.0,1.0,12.0,0.0,3968.0,19.0,0,4824.34,4824.34,2008.33,2008.33,1175.66,832.67,0.0,0.0,0.0,224.67,0.0,1.0,1,0.0,0.0,19896.0,2.0,2.0,1.0,2.0,8.0,15928.0,73.0,3.0,6.0,1526.0,47.0,20300.0,2.0,0.0,4.0,8.0,1658.0,15774.0,19.1,0.0,0.0,100.0,110.0,3.0,3.0,0.0,3.0,6.0,2.0,5.0,6.0,8.0,9.0,6.0,10.0,13.0,6.0,12.0,0.0,0.0,0.0,4.0,89.5,25.0,0.0,0.0,42191.0,19896.0,19500.0,21891.0,0,0
8469,16000.0,0.1612,390.11,2,111000.0,1,0,n,20.45,0.0,1.0,17.0,1.0,9128.0,27.0,0,0.0,0.0,2312.0,2312.0,1087.0,1225.0,0.0,0.0,0.0,0.0,0.0,1.0,1,0.0,0.0,65013.0,4.0,3.0,1.0,4.0,3.0,55885.0,81.0,5.0,8.0,3153.0,46.0,72000.0,1.0,2.0,3.0,12.0,3824.0,42489.0,13.6,0.0,0.0,90.0,93.0,2.0,2.0,0.0,4.0,2.0,0.0,5.0,11.0,7.0,8.0,8.0,14.0,19.0,11.0,17.0,0.0,0.0,0.0,6.0,100.0,0.0,1.0,0.0,140742.0,65013.0,49200.0,68742.0,0,0
8562,5000.0,0.2305,141.1,1,31000.0,1,0,n,14.79,0.0,1.0,12.0,0.0,4009.0,13.0,0,4580.52,4580.52,1257.09,1257.09,419.48,837.61,0.0,0.0,0.0,141.1,0.0,1.0,1,0.0,0.0,9595.0,5.0,3.0,2.0,2.0,5.0,5586.0,76.0,4.0,5.0,1120.0,44.0,14600.0,0.0,0.0,1.0,7.0,800.0,3978.0,41.5,0.0,0.0,53.0,43.0,3.0,3.0,0.0,5.0,3.0,0.0,4.0,6.0,4.0,4.0,4.0,9.0,9.0,6.0,12.0,0.0,0.0,0.0,6.0,100.0,25.0,0.0,0.0,21942.0,9595.0,6800.0,7342.0,0,0
8588,40000.0,0.0646,1225.24,2,150000.0,1,0,n,5.47,0.0,0.0,27.0,0.0,17522.0,44.0,0,37590.36,37590.36,3847.01,3847.01,2409.64,1437.37,0.0,0.0,0.0,1225.24,0.0,1.0,1,0.0,0.0,495564.0,1.0,1.0,0.0,0.0,31.0,15245.0,56.0,2.0,5.0,7180.0,19.0,192600.0,3.0,0.0,7.0,6.0,18354.0,150301.0,13.8,0.0,0.0,116.0,153.0,9.0,6.0,2.0,9.0,7.0,0.0,3.0,4.0,19.0,21.0,11.0,24.0,29.0,4.0,27.0,0.0,0.0,0.0,3.0,100.0,10.5,0.0,0.0,731041.0,32767.0,167500.0,27374.0,0,0
8660,18200.0,0.1308,414.86,2,97519.0,1,0,n,33.21,0.0,1.0,18.0,0.0,11348.0,29.0,0,16164.54,16164.54,3707.29,3707.29,2035.46,1671.83,0.0,0.0,0.0,0.0,0.0,1.0,1,0.0,0.0,381131.0,3.0,8.0,3.0,10.0,2.0,166763.0,95.0,1.0,2.0,4675.0,73.0,56500.0,5.0,4.0,2.0,12.0,21174.0,31390.0,19.7,0.0,0.0,179.0,68.0,4.0,2.0,1.0,17.0,6.0,0.0,2.0,3.0,4.0,5.0,17.0,8.0,11.0,3.0,18.0,0.0,0.0,0.0,4.0,100.0,0.0,0.0,0.0,451625.0,178111.0,39100.0,181298.0,1,0
8691,10625.0,0.08810000000000001,336.94,3,70000.0,0,0,n,33.6,0.0,0.0,14.0,1.0,32844.0,28.0,0,0.0,0.0,1337.36,1337.36,1047.2,290.16,0.0,0.0,0.0,0.0,0.0,1.0,1,0.0,0.0,69074.0,0.0,1.0,1.0,1.0,12.0,36230.0,74.0,0.0,1.0,12084.0,57.0,60800.0,1.0,0.0,1.0,2.0,4934.0,18990.0,62.6,0.0,0.0,99.0,78.0,24.0,12.0,0.0,24.0,12.0,0.0,6.0,7.0,7.0,9.0,12.0,12.0,16.0,7.0,14.0,0.0,0.0,0.0,1.0,100.0,42.9,1.0,0.0,113053.0,69074.0,50800.0,52253.0,0,0
8744,25000.0,0.08810000000000001,792.79,2,126000.0,0,0,n,26.13,2.0,0.0,17.0,0.0,34835.0,34.0,0,19352.95,19352.95,7110.64,7110.64,5647.05,1463.59,0.0,0.0,0.0,0.0,0.0,1.0,1,0.0,0.0,283048.0,1.0,2.0,0.0,1.0,21.0,49418.0,56.0,1.0,2.0,6141.0,62.0,54100.0,1.0,1.0,0.0,3.0,16650.0,6642.0,74.0,0.0,0.0,185.0,208.0,3.0,3.0,3.0,21.0,21.0,0.0,7.0,9.0,8.0,11.0,7.0,13.0,24.0,9.0,17.0,0.0,0.0,0.0,1.0,91.2,75.0,0.0,0.0,359542.0,84253.0,25500.0,91787.0,0,0
8752,15950.0,0.1612,561.71,1,38000.0,1,0,n,9.29,0.0,1.0,7.0,0.0,2546.0,7.0,0,13364.62,13364.62,3956.4,3956.4,2585.38,1371.02,0.0,0.0,0.0,53.0,0.0,1.0,1,0.0,0.0,7316.0,1.0,1.0,1.0,1.0,4.0,4770.0,95.0,1.0,3.0,1194.0,63.0,6700.0,2.0,0.0,1.0,4.0,1045.0,806.0,59.7,0.0,0.0,4.0,59.0,12.0,4.0,0.0,19.0,4.0,0.0,1.0,2.0,2.0,2.0,1.0,6.0,6.0,2.0,7.0,0.0,0.0,0.0,2.0,100.0,50.0,0.0,0.0,11700.0,7316.0,2000.0,5000.0,0,0
8786,30000.0,0.2305,846.58,1,65000.0,0,0,n,16.69,0.0,0.0,9.0,0.0,18211.0,9.0,0,29729.67,29729.67,4156.07,4156.07,270.33,3885.74,0.0,0.0,0.0,846.58,0.0,1.0,1,0.0,0.0,27135.0,0.0,1.0,0.0,1.0,24.0,8924.0,74.0,1.0,2.0,5147.0,44.0,49200.0,1.0,0.0,1.0,3.0,3015.0,30989.0,37.0,0.0,0.0,24.0,93.0,9.0,9.0,0.0,9.0,9.0,0.0,6.0,6.0,8.0,8.0,1.0,8.0,8.0,6.0,9.0,0.0,0.0,0.0,1.0,100.0,0.0,0.0,0.0,61200.0,27135.0,49200.0,12000.0,0,0
8806,7200.0,0.1033,233.45,1,15600.0,0,0,n,22.62,0.0,1.0,10.0,1.0,4024.0,22.0,0,0.0,0.0,1158.99,1158.99,872.24,286.75,0.0,0.0,0.0,0.0,0.0,1.0,1,0.0,0.0,6058.0,1.0,1.0,0.0,1.0,21.0,2034.0,57.0,3.0,5.0,361.0,26.0,19800.0,3.0,1.0,3.0,6.0,757.0,15552.0,2.8,0.0,0.0,165.0,140.0,4.0,4.0,0.0,4.0,4.0,0.0,4.0,5.0,8.0,15.0,2.0,9.0,20.0,5.0,10.0,0.0,0.0,0.0,3.0,100.0,0.0,1.0,0.0,23400.0,6058.0,16000.0,3600.0,0,0
8865,30475.0,0.1171,1008.0,2,80000.0,0,0,n,28.88,0.0,0.0,14.0,0.0,30223.0,30.0,1,0.0,0.0,5000.35,5000.35,2867.45,2132.9,0.0,0.0,0.0,1008.0,0.0,1.0,1,0.0,0.0,163102.0,1.0,2.0,0.0,0.0,32.0,32982.0,52.0,1.0,3.0,10361.0,37.0,91100.0,0.0,0.0,0.0,3.0,11650.0,45707.0,39.8,0.0,0.0,137.0,196.0,3.0,3.0,7.0,3.0,15.0,0.0,6.0,7.0,7.0,9.0,8.0,11.0,15.0,7.0,14.0,0.0,0.0,0.0,1.0,100.0,28.6,0.0,0.0,271050.0,63205.0,75900.0,61000.0,0,0
8940,10625.0,0.1308,358.41,2,45000.0,1,0,n,21.39,0.0,0.0,6.0,0.0,1929.0,13.0,0,9184.24,9184.24,2346.32,2346.32,1440.76,905.56,0.0,0.0,0.0,0.0,0.0,1.0,1,0.0,0.0,164412.0,1.0,3.0,2.0,5.0,2.0,25669.0,89.0,0.0,0.0,469.0,89.0,2000.0,7.0,6.0,7.0,5.0,27402.0,31.0,93.8,0.0,0.0,131.0,66.0,43.0,2.0,2.0,43.0,12.0,1.0,1.0,2.0,1.0,2.0,8.0,2.0,3.0,2.0,6.0,0.0,0.0,0.0,2.0,92.3,100.0,0.0,0.0,172748.0,27598.0,500.0,28866.0,1,0
8965,36000.0,0.08810000000000001,1141.61,1,50000.0,1,0,n,19.04,0.0,0.0,4.0,0.0,4092.0,33.0,0,0.0,0.0,6557.37,6557.37,5589.79,366.58,0.0,601.0,108.18,0.0,0.0,1.0,1,0.0,0.0,35496.0,1.0,2.0,1.0,2.0,4.0,31404.0,86.0,1.0,2.0,4092.0,71.0,13600.0,4.0,1.0,6.0,4.0,8874.0,5508.0,42.6,0.0,0.0,192.0,137.0,10.0,4.0,1.0,27.0,4.0,0.0,1.0,1.0,1.0,10.0,12.0,2.0,20.0,1.0,4.0,0.0,0.0,0.0,2.0,96.8,0.0,0.0,0.0,50077.0,35496.0,9600.0,36477.0,0,0
8986,20000.0,0.2055,536.02,1,30084.0,0,0,n,73.43,0.0,1.0,8.0,0.0,3048.0,10.0,0,18134.12,18134.12,4778.51,4778.51,1865.88,2912.63,0.0,0.0,0.0,0.0,0.0,1.0,0,0.0,0.0,31371.0,1.0,3.0,0.0,1.0,15.0,28323.0,25.0,1.0,2.0,2256.0,20.0,25800.0,1.0,0.0,1.0,3.0,3921.0,15116.0,13.6,0.0,0.0,51.0,231.0,6.0,6.0,0.0,6.0,2.0,0.0,2.0,4.0,3.0,3.0,4.0,5.0,6.0,4.0,8.0,0.0,0.0,0.0,1.0,100.0,0.0,0.0,0.0,99402.0,31371.0,17500.0,73602.0,0,0
9052,39000.0,0.1612,1373.44,3,140000.0,1,0,n,5.55,2.0,2.0,10.0,0.0,1056.0,44.0,0,0.0,0.0,0.0,0.0,0.0,0.0,0.0,0.0,0.0,0.0,0.0,1.0,0,0.0,0.0,373730.0,1.0,3.0,1.0,1.0,5.0,16408.0,66.0,2.0,4.0,1056.0,24.0,47000.0,3.0,0.0,6.0,5.0,37373.0,43444.0,2.4,0.0,0.0,206.0,181.0,8.0,5.0,3.0,8.0,1.0,0.0,1.0,1.0,5.0,26.0,11.0,6.0,30.0,1.0,10.0,0.0,0.0,0.0,3.0,92.9,0.0,0.0,0.0,487785.0,17464.0,44500.0,24785.0,0,0
9059,20000.0,0.16949999999999998,496.52,2,60500.0,0,0,n,21.54,0.0,0.0,11.0,0.0,16317.0,19.0,0,0.0,0.0,1451.89,1451.89,651.17,800.72,0.0,0.0,0.0,0.0,0.0,1.0,1,0.0,0.0,130148.0,1.0,2.0,0.0,1.0,14.0,27034.0,57.0,1.0,4.0,5122.0,49.0,41800.0,1.0,0.0,1.0,6.0,11832.0,24028.0,36.4,0.0,0.0,119.0,106.0,5.0,5.0,2.0,5.0,9.0,0.0,4.0,5.0,7.0,7.0,6.0,8.0,11.0,5.0,11.0,0.0,0.0,0.0,1.0,100.0,14.3,0.0,0.0,178508.0,43351.0,37800.0,47608.0,0,0
9087,16000.0,0.14300000000000002,549.18,1,25740.0,0,0,n,15.24,0.0,0.0,4.0,0.0,1336.0,4.0,0,13398.89,13398.89,3818.84,3818.84,2601.11,1217.73,0.0,0.0,0.0,0.0,0.0,1.0,0,0.0,0.0,13170.0,0.0,1.0,0.0,1.0,17.0,11834.0,85.0,0.0,2.0,1032.0,42.0,17800.0,4.0,0.0,1.0,3.0,3293.0,16464.0,7.5,0.0,0.0,17.0,55.0,23.0,17.0,0.0,23.0,0.0,0.0,2.0,2.0,3.0,3.0,1.0,3.0,3.0,2.0,4.0,0.0,0.0,0.0,0.0,100.0,0.0,0.0,0.0,31707.0,13170.0,17800.0,13907.0,0,0
9094,22000.0,0.2305,852.19,2,52000.0,1,0,n,18.74,0.0,1.0,5.0,0.0,16481.0,25.0,0,22000.0,22000.0,2037.25,2037.25,0.0,2037.25,0.0,0.0,0.0,400.0,0.0,1.0,1,0.0,0.0,164686.0,1.0,1.0,2.0,3.0,5.0,12703.0,98.0,0.0,1.0,10962.0,85.0,21300.0,1.0,0.0,3.0,5.0,32937.0,4819.0,77.4,0.0,0.0,167.0,115.0,13.0,5.0,3.0,13.0,2.0,1.0,3.0,3.0,3.0,4.0,17.0,3.0,5.0,3.0,5.0,0.0,0.0,0.0,2.0,84.0,66.7,0.0,0.0,172050.0,29184.0,21300.0,13000.0,0,0
9221,12000.0,0.1308,273.53,3,65000.0,0,0,n,12.28,0.0,0.0,8.0,0.0,6858.0,8.0,0,11857.27,11857.27,1061.65,1061.65,142.73,918.92,0.0,0.0,0.0,0.0,0.0,1.0,1,0.0,0.0,18338.0,1.0,2.0,0.0,1.0,15.0,11480.0,69.0,1.0,2.0,2647.0,76.0,7600.0,5.0,0.0,0.0,3.0,2292.0,609.0,91.0,0.0,0.0,28.0,202.0,5.0,5.0,0.0,5.0,15.0,0.0,5.0,6.0,5.0,5.0,2.0,6.0,6.0,6.0,8.0,0.0,0.0,0.0,1.0,100.0,80.0,0.0,0.0,24145.0,18338.0,6800.0,16545.0,0,0
9269,9200.0,0.14300000000000002,315.78,1,45000.0,1,0,n,21.49,0.0,2.0,11.0,0.0,6350.0,26.0,0,7299.13,7299.13,2827.4,2827.4,1900.87,926.53,0.0,0.0,0.0,315.78,0.0,1.0,0,0.0,0.0,31371.0,5.0,3.0,2.0,5.0,6.0,25021.0,87.0,5.0,6.0,0.0,53.0,30400.0,3.0,7.0,10.0,11.0,3137.0,500.0,0.0,0.0,0.0,61.0,76.0,5.0,5.0,0.0,6.0,2.0,8.0,0.0,3.0,1.0,3.0,9.0,8.0,17.0,3.0,11.0,0.0,0.0,0.0,7.0,64.0,0.0,0.0,0.0,59221.0,31371.0,500.0,28821.0,0,0
9283,6375.0,0.1524,221.75,2,84250.0,1,0,n,5.51,4.0,2.0,13.0,0.0,2788.0,38.0,0,5359.57,5359.57,1541.45,1541.45,1015.43,526.02,0.0,0.0,0.0,0.0,0.0,1.0,0,0.0,0.0,278831.0,2.0,1.0,0.0,5.0,13.0,12723.0,88.0,4.0,7.0,2660.0,46.0,18900.0,4.0,0.0,5.0,15.0,21449.0,13612.0,17.0,0.0,0.0,295.0,159.0,2.0,2.0,6.0,2.0,2.0,7.0,4.0,4.0,9.0,10.0,15.0,11.0,16.0,4.0,13.0,0.0,0.0,0.0,6.0,81.3,0.0,0.0,0.0,298401.0,15511.0,16400.0,14501.0,0,0
9347,11200.0,0.17739999999999995,282.83,1,45000.0,1,0,n,19.44,2.0,0.0,15.0,0.0,5979.0,22.0,0,10234.89,10234.89,2523.39,2523.39,965.11,1558.28,0.0,0.0,0.0,282.83,0.0,1.0,1,0.0,0.0,40113.0,1.0,7.0,1.0,1.0,12.0,34134.0,92.0,3.0,5.0,2802.0,82.0,11500.0,0.0,2.0,0.0,6.0,2674.0,3352.0,62.3,0.0,0.0,91.0,89.0,2.0,2.0,0.0,2.0,16.0,1.0,3.0,5.0,5.0,8.0,10.0,8.0,12.0,5.0,15.0,0.0,0.0,0.0,4.0,86.4,40.0,0.0,0.0,48722.0,40113.0,8900.0,37222.0,0,0
9405,30000.0,0.14300000000000002,702.73,1,75000.0,1,0,n,15.09,0.0,0.0,10.0,0.0,10440.0,14.0,0,0.0,0.0,655.06,655.06,345.23,309.83,0.0,0.0,0.0,0.0,0.0,1.0,1,0.0,4320.0,163981.0,1.0,3.0,1.0,1.0,9.0,153541.0,55.0,2.0,3.0,6653.0,41.0,34100.0,3.0,0.0,3.0,4.0,16398.0,21060.0,33.1,0.0,0.0,167.0,118.0,3.0,3.0,0.0,3.0,8.0,0.0,3.0,3.0,6.0,9.0,4.0,7.0,10.0,3.0,10.0,0.0,0.0,0.0,3.0,100.0,16.7,0.0,0.0,139636.0,163981.0,31500.0,105536.0,0,0
9428,17125.0,0.1612,603.08,2,37000.0,1,0,n,28.67,0.0,0.0,14.0,0.0,4147.0,31.0,0,0.0,0.0,1778.57,1778.57,751.08,1027.49,0.0,0.0,0.0,603.08,0.0,1.0,1,0.0,0.0,152857.0,3.0,9.0,2.0,5.0,4.0,49527.0,73.0,0.0,0.0,1301.0,67.0,12000.0,1.0,0.0,2.0,7.0,10918.0,1994.0,54.7,0.0,0.0,138.0,134.0,54.0,2.0,2.0,54.0,4.0,0.0,2.0,3.0,3.0,8.0,18.0,4.0,11.0,3.0,14.0,0.0,0.0,0.0,3.0,87.1,33.3,0.0,0.0,178961.0,53674.0,4400.0,67653.0,0,0
9447,2100.0,0.17739999999999995,75.65,1,25000.0,1,0,n,8.98,0.0,0.0,4.0,0.0,1464.0,4.0,0,1933.55,1933.55,376.18,376.18,166.45,209.73,0.0,0.0,0.0,0.0,0.0,1.0,1,0.0,0.0,1989.0,0.0,1.0,1.0,1.0,11.0,525.0,35.0,0.0,1.0,981.0,66.0,1500.0,0.0,0.0,1.0,2.0,663.0,36.0,97.6,0.0,0.0,11.0,181.0,20.0,11.0,0.0,20.0,8.0,0.0,2.0,2.0,3.0,3.0,1.0,3.0,3.0,2.0,4.0,0.0,0.0,0.0,1.0,100.0,100.0,0.0,0.0,3000.0,1989.0,1500.0,1500.0,0,0
9500,33625.0,0.14300000000000002,787.64,1,110000.0,0,0,n,35.08,0.0,1.0,12.0,0.0,74922.0,27.0,0,0.0,0.0,2221.85,2221.85,386.94,1834.91,0.0,0.0,0.0,700.0,0.0,1.0,1,0.0,0.0,195386.0,0.0,2.0,0.0,2.0,21.0,34009.0,59.0,0.0,1.0,13245.0,70.0,98000.0,2.0,0.0,1.0,3.0,16282.0,23078.0,76.5,0.0,0.0,192.0,289.0,21.0,21.0,5.0,21.0,3.0,0.0,8.0,8.0,8.0,12.0,5.0,8.0,16.0,8.0,12.0,0.0,0.0,0.0,0.0,100.0,62.5,0.0,0.0,263210.0,111442.0,98000.0,57217.0,0,0
9514,19000.0,0.17739999999999995,479.8,2,63000.0,1,0,n,7.37,0.0,0.0,9.0,0.0,13125.0,21.0,0,18599.23,18599.23,1401.95,1401.95,400.77,1001.18,0.0,0.0,0.0,0.0,0.0,1.0,1,0.0,0.0,212479.0,3.0,1.0,0.0,4.0,13.0,8592.0,96.0,2.0,2.0,4618.0,67.0,23500.0,0.0,8.0,3.0,7.0,23609.0,7577.0,43.9,0.0,0.0,162.0,39.0,3.0,3.0,2.0,3.0,5.0,3.0,4.0,6.0,5.0,6.0,11.0,7.0,8.0,6.0,9.0,0.0,0.0,0.0,3.0,81.0,0.0,0.0,0.0,223709.0,21717.0,13500.0,8919.0,0,0
9575,15000.0,0.14300000000000002,514.86,1,50000.0,0,0,n,14.21,0.0,1.0,18.0,0.0,12975.0,31.0,0,12674.42,12674.42,3572.76,3572.76,2325.58,1247.18,0.0,0.0,0.0,250.0,0.0,1.0,1,0.0,0.0,16309.0,2.0,1.0,0.0,1.0,16.0,3334.0,67.0,6.0,16.0,2709.0,43.0,33300.0,1.0,0.0,1.0,17.0,959.0,8079.0,43.9,0.0,0.0,125.0,316.0,2.0,2.0,0.0,4.0,4.0,0.0,4.0,8.0,6.0,8.0,2.0,17.0,29.0,8.0,18.0,0.0,0.0,0.0,6.0,100.0,33.3,0.0,0.0,38300.0,16309.0,14400.0,5000.0,0,0
9604,12000.0,0.17739999999999995,303.03,2,86000.0,1,0,n,34.2,0.0,0.0,14.0,0.0,21805.0,42.0,0,0.0,0.0,1491.5,1491.5,633.99,857.51,0.0,0.0,0.0,303.03,0.0,1.0,1,0.0,0.0,210706.0,2.0,7.0,2.0,3.0,4.0,121620.0,88.0,2.0,4.0,7191.0,78.0,34100.0,1.0,11.0,2.0,7.0,15050.0,9872.0,50.9,0.0,0.0,159.0,112.0,2.0,2.0,2.0,2.0,8.0,0.0,3.0,5.0,4.0,5.0,33.0,6.0,7.0,5.0,14.0,0.0,0.0,0.0,4.0,100.0,50.0,0.0,0.0,254211.0,143425.0,20100.0,140316.0,0,0
9661,25000.0,0.2055,670.03,1,110000.0,1,0,n,18.43,0.0,2.0,16.0,0.0,20022.0,20.0,0,0.0,0.0,0.0,0.0,0.0,0.0,0.0,0.0,0.0,1340.06,0.0,1.0,1,0.0,0.0,49951.0,9.0,2.0,1.0,3.0,4.0,29929.0,83.0,7.0,10.0,7577.0,41.0,85400.0,2.0,4.0,3.0,14.0,3122.0,31050.0,28.9,0.0,0.0,18.0,54.0,5.0,4.0,0.0,5.0,4.0,0.0,5.0,7.0,9.0,12.0,3.0,13.0,16.0,7.0,16.0,0.0,0.0,0.0,9.0,100.0,0.0,0.0,0.0,121907.0,49951.0,43700.0,35957.0,0,0
9678,40000.0,0.0646,1225.24,2,150000.0,1,0,n,13.64,0.0,0.0,11.0,0.0,59524.0,16.0,0,0.0,0.0,2121.53,2121.53,1055.38,1066.15,0.0,0.0,0.0,100.0,0.0,1.0,1,0.0,0.0,166834.0,0.0,1.0,0.0,0.0,38.0,16201.0,54.0,1.0,1.0,20551.0,54.0,108400.0,0.0,0.0,0.0,1.0,16683.0,43876.0,58.1,0.0,0.0,66.0,304.0,11.0,11.0,2.0,11.0,13.0,0.0,6.0,6.0,7.0,8.0,2.0,9.0,12.0,6.0,11.0,0.0,0.0,0.0,1.0,100.0,14.3,0.0,0.0,252400.0,75725.0,103400.0,30000.0,0,0
9687,18000.0,0.1102,589.47,1,72240.0,1,0,n,17.48,0.0,0.0,8.0,0.0,21825.0,20.0,0,0.0,0.0,1757.92,1757.92,1506.72,251.2,0.0,0.0,0.0,0.0,0.0,1.0,1,0.0,0.0,208603.0,1.0,2.0,3.0,4.0,10.0,27510.0,83.0,2.0,3.0,3140.0,78.0,29900.0,5.0,4.0,3.0,8.0,26075.0,1801.0,71.9,0.0,0.0,125.0,129.0,4.0,4.0,1.0,13.0,10.0,1.0,3.0,5.0,3.0,3.0,11.0,5.0,7.0,5.0,8.0,0.0,0.0,0.0,6.0,95.0,33.3,0.0,0.0,223563.0,49335.0,6400.0,33000.0,0,0
9733,30800.0,0.1524,1071.32,1,68000.0,1,0,n,25.93,0.0,1.0,13.0,0.0,1862.0,28.0,0,0.0,0.0,5304.45,5304.45,3488.28,1816.17,0.0,0.0,0.0,0.0,0.0,1.0,1,0.0,3426.0,39318.0,2.0,5.0,5.0,7.0,5.0,37456.0,81.0,1.0,2.0,1842.0,48.0,36100.0,1.0,6.0,2.0,9.0,3277.0,20238.0,8.4,0.0,0.0,133.0,226.0,11.0,5.0,0.0,24.0,6.0,0.0,2.0,2.0,5.0,11.0,11.0,8.0,17.0,2.0,13.0,0.0,0.0,0.0,6.0,100.0,0.0,0.0,0.0,82550.0,39318.0,22100.0,46450.0,0,0
9747,16000.0,0.1524,556.53,1,40000.0,1,0,n,14.82,0.0,0.0,8.0,0.0,3683.0,10.0,0,12748.09,12748.09,4981.68,4981.68,3251.91,1729.77,0.0,0.0,0.0,556.53,0.0,1.0,1,0.0,0.0,9181.0,1.0,3.0,0.0,0.0,37.0,5498.0,45.0,2.0,5.0,1828.0,52.0,5300.0,0.0,1.0,0.0,5.0,1148.0,1137.0,70.8,0.0,0.0,42.0,35.0,2.0,2.0,0.0,2.0,20.0,0.0,4.0,5.0,4.0,6.0,3.0,5.0,7.0,5.0,8.0,0.0,0.0,0.0,2.0,90.0,25.0,0.0,0.0,17654.0,9181.0,3900.0,12354.0,0,0
9820,5000.0,0.2305,193.68,2,95000.0,1,0,n,17.32,0.0,2.0,11.0,0.0,7293.0,22.0,1,0.0,0.0,574.64,574.64,210.2,364.44,0.0,0.0,0.0,193.68,0.0,1.0,1,0.0,0.0,52500.0,3.0,2.0,1.0,3.0,6.0,45207.0,92.0,2.0,2.0,4753.0,70.0,25400.0,2.0,1.0,2.0,5.0,4773.0,16807.0,30.3,0.0,0.0,119.0,168.0,3.0,3.0,0.0,3.0,4.0,3.0,7.0,7.0,8.0,13.0,7.0,9.0,15.0,7.0,11.0,0.0,0.0,0.0,3.0,77.3,25.0,0.0,0.0,74816.0,52500.0,24100.0,49416.0,0,0
9853,20000.0,0.1524,695.66,2,65000.0,1,0,n,23.58,0.0,1.0,15.0,0.0,29969.0,24.0,0,0.0,0.0,678.73,678.73,340.06,338.67,0.0,0.0,0.0,0.0,0.0,1.0,1,0.0,0.0,157559.0,0.0,1.0,0.0,1.0,18.0,16671.0,83.0,1.0,1.0,7409.0,61.0,56700.0,1.0,0.0,2.0,2.0,10504.0,23427.0,55.8,0.0,0.0,154.0,192.0,9.0,9.0,1.0,9.0,1.0,0.0,11.0,12.0,11.0,13.0,6.0,13.0,17.0,12.0,15.0,0.0,0.0,0.0,1.0,100.0,27.3,0.0,0.0,197626.0,46640.0,53000.0,20154.0,0,0
9872,16075.0,0.0819,505.15,2,65000.0,0,0,n,36.87,1.0,0.0,9.0,0.0,14101.0,24.0,1,0.0,0.0,2614.24,2492.27,2039.61,574.63,0.0,0.0,0.0,0.0,0.0,1.0,0,0.0,0.0,174200.0,1.0,3.0,0.0,2.0,15.0,40909.0,68.0,1.0,3.0,8270.0,60.0,29000.0,1.0,0.0,1.0,5.0,19356.0,11699.0,54.7,0.0,0.0,176.0,426.0,5.0,5.0,2.0,5.0,8.0,1.0,3.0,3.0,3.0,9.0,10.0,4.0,12.0,3.0,9.0,0.0,0.0,0.0,1.0,70.8,0.0,0.0,0.0,261233.0,55010.0,25800.0,81833.0,0,0
9938,24000.0,0.1524,573.99,2,68000.0,1,0,n,33.75,0.0,0.0,15.0,1.0,6517.0,36.0,0,0.0,0.0,553.67,553.67,0.0,553.67,0.0,0.0,0.0,573.99,0.0,1.0,0,0.0,0.0,183730.0,1.0,5.0,4.0,7.0,5.0,71691.0,77.0,1.0,1.0,4114.0,53.0,31400.0,4.0,6.0,8.0,9.0,12249.0,17429.0,27.1,0.0,0.0,107.0,101.0,7.0,5.0,2.0,26.0,5.0,0.0,4.0,5.0,7.0,9.0,19.0,9.0,15.0,5.0,15.0,0.0,0.0,0.0,6.0,100.0,0.0,1.0,0.0,223832.0,78208.0,23900.0,86033.0,0,0
9982,15000.0,0.17739999999999995,540.34,3,80000.0,0,0,n,15.08,3.0,1.0,11.0,0.0,17182.0,15.0,0,12768.7,12768.7,3767.6,3767.6,2231.3,1536.3,0.0,0.0,0.0,0.0,0.0,1.0,1,0.0,0.0,235791.0,2.0,2.0,0.0,1.0,13.0,7957.0,73.0,2.0,4.0,8071.0,80.0,20400.0,1.0,0.0,1.0,5.0,21436.0,2308.0,88.1,0.0,0.0,31.0,106.0,4.0,4.0,3.0,4.0,4.0,0.0,7.0,8.0,7.0,8.0,2.0,8.0,10.0,8.0,11.0,0.0,0.0,1.0,2.0,85.7,57.1,0.0,0.0,257127.0,25139.0,19400.0,10927.0,0,0
10130,25000.0,0.2305,968.4,1,132000.0,1,0,n,14.4,0.0,0.0,12.0,0.0,20168.0,35.0,0,0.0,0.0,1911.39,1911.39,990.59,920.8,0.0,0.0,0.0,0.0,0.0,1.0,1,0.0,0.0,100109.0,1.0,3.0,2.0,2.0,10.0,79941.0,51.0,1.0,1.0,5971.0,64.0,23100.0,1.0,0.0,2.0,3.0,8342.0,1494.0,92.2,0.0,0.0,133.0,147.0,2.0,2.0,0.0,2.0,10.0,6.0,7.0,9.0,7.0,7.0,25.0,9.0,10.0,9.0,12.0,0.0,0.0,0.0,3.0,82.4,85.7,0.0,0.0,120436.0,100109.0,19100.0,97336.0,0,0
10148,28000.0,0.1308,944.51,2,200000.0,0,0,n,5.82,2.0,2.0,6.0,0.0,17186.0,8.0,0,21988.86,21988.86,8480.24,8480.24,6011.14,2469.1,0.0,0.0,0.0,0.0,0.0,1.0,1,0.0,0.0,38067.0,0.0,1.0,0.0,1.0,22.0,19445.0,56.0,0.0,0.0,9968.0,41.0,49600.0,3.0,0.0,3.0,1.0,6345.0,24314.0,41.4,0.0,0.0,35.0,100.0,41.0,22.0,0.0,50.0,1.0,0.0,3.0,3.0,3.0,4.0,2.0,4.0,5.0,3.0,6.0,0.0,0.0,1.0,0.0,75.0,33.3,0.0,0.0,94057.0,38067.0,41500.0,34590.0,0,0
10228,30000.0,0.0756,934.02,3,72000.0,0,0,n,10.38,0.0,1.0,7.0,0.0,5383.0,27.0,0,26686.42,26686.42,4657.5,4657.5,3313.58,1343.92,0.0,0.0,0.0,0.0,0.0,1.0,1,0.0,0.0,9711.0,0.0,1.0,2.0,6.0,10.0,4328.0,27.0,0.0,0.0,5383.0,20.0,31500.0,5.0,0.0,4.0,6.0,1387.0,26117.0,17.1,0.0,0.0,63.0,98.0,29.0,10.0,0.0,29.0,1.0,0.0,1.0,1.0,6.0,12.0,13.0,6.0,14.0,1.0,7.0,0.0,0.0,0.0,2.0,100.0,16.7,0.0,0.0,47500.0,9711.0,31500.0,16000.0,0,0
10287,25000.0,0.17739999999999995,900.56,1,69904.0,1,0,n,16.0,0.0,1.0,11.0,0.0,32480.0,13.0,0,20407.09,20407.09,8055.76,8055.76,4592.91,3462.85,0.0,0.0,0.0,900.56,0.0,1.0,1,0.0,0.0,36435.0,2.0,1.0,0.0,0.0,115.0,3955.0,42.0,3.0,6.0,9800.0,45.0,71400.0,0.0,0.0,1.0,6.0,3312.0,28220.0,53.5,0.0,0.0,115.0,48.0,2.0,2.0,0.0,2.0,2.0,0.0,6.0,6.0,7.0,7.0,1.0,10.0,12.0,6.0,11.0,0.0,0.0,0.0,3.0,100.0,0.0,0.0,0.0,80900.0,36435.0,60700.0,9500.0,0,0
10307,18600.0,0.2055,696.47,2,35800.0,1,0,n,19.68,2.0,1.0,18.0,1.0,3917.0,45.0,0,0.0,0.0,2372.77,2372.77,964.68,1408.09,0.0,0.0,0.0,302.01,0.0,1.0,0,0.0,0.0,200912.0,3.0,1.0,1.0,3.0,1.0,10875.0,101.0,1.0,4.0,1805.0,39.0,27300.0,1.0,0.0,4.0,9.0,11162.0,2095.0,46.3,0.0,0.0,67.0,430.0,4.0,1.0,4.0,28.0,1.0,0.0,1.0,5.0,2.0,8.0,4.0,16.0,37.0,5.0,18.0,0.0,0.0,0.0,3.0,94.3,50.0,1.0,0.0,224479.0,14792.0,3900.0,10752.0,0,0
10525,24000.0,0.16949999999999998,595.82,3,70000.0,0,0,n,28.36,0.0,0.0,10.0,0.0,23238.0,22.0,0,23321.48,23321.48,4156.5,4156.5,678.52,3477.98,0.0,0.0,0.0,300.0,0.0,1.0,1,0.0,0.0,142093.0,1.0,5.0,1.0,1.0,3.0,118855.0,84.0,0.0,0.0,9898.0,90.0,23600.0,3.0,0.0,3.0,1.0,14209.0,362.0,98.5,0.0,0.0,185.0,156.0,68.0,3.0,0.0,68.0,3.0,0.0,4.0,4.0,4.0,4.0,15.0,4.0,7.0,4.0,10.0,0.0,0.0,0.0,1.0,100.0,100.0,0.0,0.0,145339.0,142093.0,23600.0,121739.0,0,0
10555,25000.0,0.124,561.18,2,38028.0,1,0,n,41.4,0.0,0.0,13.0,0.0,22188.0,22.0,0,24288.58,24288.58,3069.27,3069.27,711.42,2357.85,0.0,0.0,0.0,280.59,0.0,1.0,0,0.0,0.0,129281.0,2.0,2.0,1.0,2.0,5.0,33968.0,88.0,1.0,2.0,5057.0,65.0,47300.0,1.0,1.0,0.0,4.0,9945.0,15914.0,38.3,0.0,0.0,190.0,340.0,3.0,3.0,1.0,27.0,17.0,0.0,5.0,8.0,5.0,5.0,10.0,10.0,11.0,8.0,13.0,0.0,0.0,0.0,2.0,100.0,20.0,0.0,0.0,173463.0,56156.0,25800.0,38731.0,1,0
10614,8450.0,0.1524,293.92,2,34999.0,0,0,n,20.45,0.0,0.0,7.0,0.0,6601.0,7.0,0,0.0,0.0,1168.53,1168.53,760.76,407.77,0.0,0.0,0.0,0.0,0.0,1.0,1,0.0,0.0,124382.0,2.0,1.0,0.0,0.0,27.0,16281.0,73.0,2.0,3.0,2033.0,64.0,13500.0,2.0,1.0,2.0,4.0,17769.0,5263.0,47.4,0.0,0.0,27.0,38.0,1.0,1.0,1.0,1.0,4.0,0.0,4.0,5.0,4.0,4.0,1.0,5.0,5.0,5.0,7.0,0.0,0.0,0.0,3.0,100.0,25.0,0.0,0.0,137358.0,22882.0,10000.0,22358.0,0,0
10629,10000.0,0.2055,374.45,2,90000.0,0,0,n,17.19,1.0,3.0,14.0,0.0,15561.0,19.0,0,0.0,0.0,1860.83,1860.83,1051.4,809.43,0.0,0.0,0.0,374.45,0.0,1.0,1,0.0,0.0,351527.0,2.0,2.0,1.0,2.0,6.0,28301.0,84.0,1.0,2.0,471.0,73.0,26700.0,3.0,1.0,4.0,4.0,31957.0,4298.0,17.3,0.0,0.0,55.0,152.0,2.0,2.0,1.0,18.0,2.0,1.0,3.0,5.0,7.0,8.0,6.0,11.0,12.0,5.0,14.0,0.0,0.0,1.0,2.0,100.0,0.0,0.0,0.0,384283.0,43862.0,5200.0,33561.0,0,0
10706,11200.0,0.28800000000000003,468.13,2,85000.0,1,0,n,16.19,2.0,0.0,22.0,0.0,4128.0,29.0,0,11000.67,11000.67,1854.6,1854.6,199.33,1655.27,0.0,0.0,0.0,0.0,0.0,1.0,1,0.0,0.0,275200.0,1.0,13.0,2.0,7.0,7.0,165379.0,105.0,0.0,1.0,2607.0,93.0,20100.0,2.0,0.0,1.0,9.0,12509.0,15972.0,20.5,0.0,0.0,142.0,72.0,14.0,4.0,1.0,14.0,6.0,0.0,2.0,2.0,8.0,9.0,19.0,8.0,9.0,2.0,22.0,0.0,0.0,1.0,3.0,93.1,12.5,0.0,0.0,290177.0,169507.0,20100.0,164257.0,0,0
10741,29000.0,0.0819,911.3,2,70000.0,0,0,n,19.81,0.0,0.0,7.0,0.0,28291.0,11.0,0,25042.81,25042.81,5454.6,5454.6,3957.19,1497.41,0.0,0.0,0.0,911.3,0.0,1.0,1,0.0,0.0,250934.0,0.0,2.0,0.0,1.0,17.0,10391.0,62.0,1.0,1.0,15664.0,55.0,53300.0,0.0,0.0,1.0,3.0,35848.0,25009.0,53.1,0.0,0.0,210.0,76.0,12.0,11.0,1.0,12.0,9.0,1.0,4.0,4.0,4.0,4.0,5.0,4.0,5.0,4.0,7.0,0.0,0.0,0.0,2.0,90.9,25.0,0.0,0.0,284825.0,38682.0,53300.0,16875.0,0,0
10904,19125.0,0.2055,512.57,3,95000.0,1,0,n,36.48,0.0,0.0,17.0,0.0,20189.0,28.0,0,0.0,0.0,0.0,0.0,0.0,0.0,0.0,0.0,0.0,0.0,0.0,1.0,1,0.0,0.0,105260.0,0.0,7.0,0.0,3.0,14.0,85071.0,59.0,0.0,1.0,7385.0,53.0,46600.0,1.0,0.0,0.0,4.0,6579.0,17730.0,50.9,0.0,0.0,159.0,152.0,18.0,14.0,0.0,18.0,15.0,0.0,6.0,8.0,7.0,11.0,11.0,10.0,17.0,8.0,17.0,0.0,0.0,0.0,0.0,96.4,57.1,0.0,0.0,181206.0,105260.0,36100.0,134606.0,0,0
10973,15950.0,0.14300000000000002,547.47,3,155000.0,1,0,n,20.8,1.0,2.0,8.0,0.0,15339.0,18.0,0,0.0,0.0,2202.21,2202.21,1425.83,751.38,0.0,25.0,4.5,547.47,0.0,1.0,1,0.0,0.0,107577.0,0.0,4.0,0.0,2.0,15.0,92238.0,22.0,0.0,0.0,12263.0,54.0,19600.0,7.0,4.0,6.0,2.0,13447.0,1461.0,91.3,0.0,0.0,73.0,67.0,31.0,15.0,0.0,60.0,0.0,0.0,3.0,3.0,3.0,4.0,13.0,4.0,5.0,3.0,8.0,0.0,0.0,0.0,0.0,94.4,66.7,0.0,0.0,137892.0,107577.0,16800.0,118292.0,0,0
11014,24525.0,0.17739999999999995,883.45,1,50000.0,0,0,n,24.17,0.0,0.0,8.0,0.0,20844.0,13.0,0,20832.78,20832.78,6805.8,6805.8,3692.22,3113.58,0.0,0.0,0.0,883.45,0.0,1.0,0,0.0,0.0,42776.0,0.0,2.0,2.0,2.0,12.0,21932.0,85.0,1.0,2.0,8446.0,69.0,36500.0,0.0,4.0,2.0,4.0,5347.0,5036.0,68.9,0.0,0.0,124.0,160.0,7.0,7.0,0.0,7.0,7.0,0.0,3.0,4.0,3.0,4.0,5.0,6.0,8.0,4.0,8.0,0.0,0.0,0.0,3.0,100.0,66.7,0.0,0.0,62350.0,42776.0,16200.0,25850.0,0,0
11047,39000.0,0.0756,1214.22,2,66000.0,1,0,n,26.66,0.0,1.0,22.0,1.0,23924.0,33.0,0,0.0,0.0,1197.84,1197.84,0.0,1197.84,0.0,0.0,0.0,1214.22,0.0,1.0,1,0.0,0.0,63444.0,1.0,3.0,1.0,2.0,9.0,37650.0,76.0,5.0,7.0,8240.0,34.0,124000.0,0.0,4.0,4.0,9.0,2884.0,89256.0,21.1,0.0,0.0,137.0,171.0,4.0,4.0,2.0,4.0,1.0,0.0,7.0,8.0,15.0,16.0,9.0,18.0,21.0,8.0,22.0,0.0,0.0,0.0,6.0,100.0,6.7,1.0,0.0,188839.0,63444.0,113100.0,49274.0,0,0
11057,10000.0,0.2565,401.05,2,96000.0,1,0,n,25.24,0.0,1.0,13.0,0.0,33565.0,24.0,1,9033.3,9033.3,2803.37,2803.37,966.7,1836.67,0.0,0.0,0.0,0.0,0.0,1.0,1,0.0,0.0,110498.0,0.0,3.0,0.0,2.0,14.0,76933.0,68.0,1.0,2.0,12273.0,76.0,41500.0,1.0,2.0,1.0,4.0,8500.0,5931.0,83.5,0.0,0.0,188.0,271.0,8.0,8.0,4.0,8.0,6.0,3.0,6.0,8.0,7.0,9.0,6.0,10.0,14.0,8.0,13.0,0.0,0.0,0.0,1.0,87.0,71.4,0.0,0.0,106239.0,110498.0,36000.0,64739.0,0,0
11118,19500.0,0.1612,475.45,1,37656.0,1,0,n,26.74,0.0,0.0,8.0,0.0,17804.0,15.0,0,18175.2,18175.2,2835.24,2835.24,1324.8,1510.44,0.0,0.0,0.0,475.45,0.0,1.0,1,0.0,0.0,38207.0,1.0,1.0,0.0,1.0,18.0,20403.0,73.0,2.0,2.0,4489.0,56.0,40000.0,0.0,1.0,0.0,3.0,4776.0,20696.0,46.2,0.0,0.0,31.0,56.0,6.0,6.0,0.0,6.0,13.0,0.0,5.0,5.0,6.0,9.0,2.0,7.0,13.0,5.0,8.0,0.0,0.0,0.0,2.0,100.0,33.3,0.0,0.0,67822.0,38207.0,38500.0,27822.0,0,0
11191,40000.0,0.28800000000000003,1264.81,2,66000.0,1,0,n,48.27,0.0,2.0,10.0,0.0,105677.0,22.0,0,39383.06,39383.06,7518.06,7518.06,616.94,6901.12,0.0,0.0,0.0,632.41,0.0,1.0,0,0.0,0.0,669777.0,0.0,3.0,2.0,4.0,8.0,184524.0,72.0,1.0,1.0,2239.0,71.0,130600.0,4.0,4.0,6.0,5.0,66978.0,61.0,97.3,0.0,0.0,266.0,103.0,7.0,7.0,2.0,103.0,2.0,0.0,1.0,6.0,1.0,1.0,13.0,6.0,7.0,6.0,10.0,0.0,0.0,0.0,3.0,85.0,100.0,0.0,0.0,721550.0,290201.0,2300.0,188550.0,0,0
11195,15000.0,0.0819,471.37,1,57460.0,0,0,n,25.04,0.0,0.0,10.0,0.0,22478.0,27.0,0,0.0,0.0,3764.14,3764.14,2969.76,794.38,0.0,0.0,0.0,471.37,0.0,1.0,1,0.0,0.0,42909.0,0.0,0.0,0.0,0.0,31.0,20431.0,73.0,0.0,2.0,5789.0,66.0,36800.0,0.0,3.0,0.0,2.0,4768.0,7764.0,59.8,0.0,0.0,204.0,430.0,23.0,23.0,0.0,107.0,23.0,0.0,2.0,7.0,4.0,8.0,11.0,9.0,16.0,7.0,10.0,0.0,0.0,0.0,0.0,92.6,33.3,0.0,0.0,64915.0,42909.0,19300.0,28115.0,0,0
11266,12425.0,0.1524,297.16,2,155000.0,1,0,n,12.58,0.0,1.0,15.0,0.0,30277.0,23.0,0,0.0,0.0,286.64,286.64,0.0,286.64,0.0,0.0,0.0,297.16,0.0,1.0,1,0.0,0.0,856329.0,2.0,1.0,1.0,3.0,6.0,43894.0,61.0,1.0,3.0,9403.0,47.0,66800.0,5.0,0.0,5.0,7.0,57089.0,27166.0,48.2,0.0,0.0,50.0,220.0,6.0,6.0,4.0,6.0,6.0,0.0,5.0,7.0,7.0,10.0,5.0,11.0,14.0,7.0,15.0,0.0,0.0,0.0,3.0,100.0,28.6,0.0,0.0,928800.0,74171.0,52400.0,48640.0,0,0
11317,8400.0,0.0756,261.53,2,50000.0,0,0,n,41.31,0.0,0.0,11.0,0.0,7033.0,18.0,0,7018.34,7018.34,1827.18,1827.18,1381.66,445.52,0.0,0.0,0.0,261.53,0.0,1.0,0,0.0,0.0,334079.0,0.0,3.0,1.0,3.0,12.0,36474.0,64.0,0.0,1.0,3202.0,52.0,26500.0,4.0,1.0,7.0,4.0,30371.0,16967.0,29.3,0.0,0.0,83.0,71.0,17.0,12.0,2.0,17.0,2.0,0.0,5.0,5.0,6.0,6.0,6.0,7.0,10.0,5.0,11.0,0.0,0.0,0.0,1.0,100.0,0.0,0.0,0.0,382909.0,43507.0,24000.0,57159.0,0,0
11491,16000.0,0.0819,502.79,1,40000.0,0,0,n,39.75,0.0,0.0,8.0,0.0,17243.0,14.0,0,0.0,0.0,0.0,0.0,0.0,0.0,0.0,0.0,0.0,0.0,0.0,1.0,1,0.0,0.0,56882.0,2.0,2.0,1.0,2.0,6.0,39639.0,77.0,1.0,1.0,4996.0,60.0,42800.0,1.0,1.0,3.0,3.0,7110.0,16579.0,36.0,0.0,0.0,84.0,119.0,6.0,6.0,0.0,6.0,6.0,0.0,3.0,4.0,4.0,5.0,5.0,6.0,9.0,4.0,8.0,0.0,0.0,0.0,2.0,100.0,0.0,0.0,0.0,94123.0,56882.0,25900.0,51323.0,0,0
11510,3000.0,0.16949999999999998,106.89,1,30000.0,1,0,n,34.12,0.0,1.0,9.0,0.0,12369.0,12.0,0,2607.77,2607.77,638.52,638.52,392.23,246.29,0.0,0.0,0.0,0.0,0.0,1.0,1,0.0,0.0,30983.0,0.0,1.0,0.0,0.0,31.0,18614.0,62.0,1.0,4.0,6332.0,62.0,20240.0,1.0,0.0,1.0,4.0,3443.0,989.0,92.6,0.0,0.0,54.0,52.0,9.0,9.0,0.0,18.0,1.0,0.0,4.0,5.0,4.0,4.0,2.0,8.0,10.0,5.0,9.0,0.0,0.0,0.0,1.0,100.0,100.0,0.0,0.0,50368.0,30983.0,13300.0,30128.0,0,0
11551,7225.0,0.1612,254.44,1,101000.0,1,0,n,16.05,0.0,0.0,13.0,0.0,25803.0,54.0,0,0.0,0.0,1011.29,1011.29,625.5,385.79,0.0,0.0,0.0,254.44,0.0,1.0,1,0.0,0.0,444115.0,1.0,3.0,2.0,2.0,1.0,100716.0,58.0,0.0,0.0,14360.0,58.0,43700.0,0.0,16.0,2.0,3.0,34163.0,6155.0,78.4,0.0,0.0,219.0,221.0,31.0,1.0,4.0,31.0,1.0,2.0,5.0,6.0,5.0,11.0,30.0,9.0,20.0,6.0,13.0,0.0,0.0,0.0,3.0,96.2,40.0,0.0,0.0,468927.0,126519.0,28500.0,103799.0,0,0
11594,20000.0,0.14300000000000002,468.49,2,48000.0,0,0,n,25.37,0.0,1.0,7.0,0.0,15368.0,18.0,0,19654.74,19654.74,921.09,921.09,345.26,575.83,0.0,0.0,0.0,0.0,0.0,1.0,0,0.0,0.0,199041.0,1.0,2.0,1.0,2.0,11.0,30085.0,86.0,1.0,1.0,5708.0,89.0,16300.0,2.0,10.0,1.0,4.0,28434.0,591.0,94.9,0.0,0.0,139.0,248.0,5.0,5.0,3.0,5.0,5.0,0.0,2.0,4.0,2.0,2.0,10.0,4.0,5.0,4.0,7.0,0.0,0.0,0.0,2.0,94.4,100.0,0.0,0.0,206981.0,45453.0,11500.0,35004.0,0,0
11619,17000.0,0.17739999999999995,612.38,0,48000.0,0,0,n,24.5,0.0,1.0,7.0,0.0,16734.0,14.0,0,0.0,0.0,0.0,0.0,0.0,0.0,0.0,0.0,0.0,0.0,0.0,1.0,1,0.0,0.0,32400.0,2.0,1.0,1.0,1.0,11.0,15666.0,81.0,3.0,3.0,4763.0,68.0,28200.0,0.0,1.0,1.0,4.0,4629.0,11466.0,59.3,0.0,0.0,154.0,43.0,1.0,1.0,2.0,1.0,4.0,1.0,6.0,6.0,6.0,6.0,6.0,6.0,6.0,6.0,7.0,0.0,0.0,0.0,4.0,85.7,50.0,0.0,0.0,47668.0,32400.0,28200.0,19468.0,0,0
11714,25000.0,0.17739999999999995,631.31,1,153000.0,0,0,n,9.09,0.0,1.0,16.0,0.0,7677.0,27.0,0,23929.65,23929.65,3208.12,3208.12,1070.35,2137.77,0.0,0.0,0.0,0.0,0.0,1.0,1,0.0,0.0,33445.0,2.0,3.0,1.0,3.0,9.0,25768.0,82.0,3.0,10.0,1732.0,65.0,19800.0,2.0,2.0,3.0,13.0,2090.0,9023.0,46.0,0.0,0.0,62.0,167.0,4.0,4.0,0.0,4.0,4.0,0.0,9.0,9.0,10.0,13.0,7.0,13.0,20.0,9.0,16.0,0.0,0.0,0.0,4.0,100.0,20.0,0.0,0.0,51435.0,33445.0,16700.0,31635.0,0,0
11734,15425.0,0.2565,618.62,1,65000.0,0,0,n,36.37,0.0,0.0,15.0,0.0,32202.0,30.0,0,13596.22,13596.22,3689.74,3689.74,1828.78,1860.96,0.0,0.0,0.0,-618.62,0.0,1.0,1,0.0,0.0,72010.0,0.0,2.0,2.0,2.0,7.0,39808.0,89.0,1.0,3.0,10391.0,66.0,63400.0,1.0,0.0,3.0,6.0,5539.0,22178.0,58.4,0.0,0.0,68.0,290.0,9.0,7.0,2.0,9.0,7.0,0.0,5.0,6.0,11.0,15.0,5.0,13.0,22.0,6.0,15.0,0.0,0.0,0.0,3.0,100.0,33.3,0.0,0.0,108402.0,72010.0,53300.0,45002.0,0,0
11757,3200.0,0.2305,123.96,1,75000.0,1,0,n,28.56,0.0,2.0,14.0,0.0,9077.0,20.0,0,0.0,0.0,367.78,367.78,191.1,176.68,0.0,0.0,0.0,0.0,0.0,1.0,1,0.0,0.0,43177.0,0.0,6.0,2.0,3.0,8.0,34100.0,71.0,1.0,3.0,2971.0,68.0,14800.0,2.0,3.0,8.0,6.0,3084.0,1754.0,77.9,0.0,0.0,108.0,60.0,9.0,8.0,0.0,31.0,3.0,0.0,5.0,6.0,5.0,6.0,11.0,8.0,9.0,6.0,14.0,0.0,0.0,0.0,3.0,84.2,60.0,0.0,0.0,63101.0,43177.0,9400.0,48301.0,0,0
11765,12000.0,0.2305,338.64,2,45600.0,1,0,n,35.84,0.0,0.0,13.0,0.0,27097.0,14.0,0,11074.43,11074.43,3032.39,3032.39,925.57,2106.82,0.0,0.0,0.0,338.64,0.0,1.0,1,0.0,0.0,162898.0,1.0,2.0,0.0,0.0,34.0,11218.0,32.0,2.0,2.0,11192.0,34.0,75700.0,0.0,1.0,3.0,3.0,12531.0,38117.0,40.5,0.0,0.0,52.0,58.0,6.0,6.0,1.0,6.0,7.0,0.0,5.0,7.0,6.0,6.0,2.0,10.0,11.0,7.0,13.0,0.0,0.0,0.0,3.0,100.0,16.7,0.0,0.0,236909.0,38315.0,64100.0,35528.0,0,0
11788,20000.0,0.2055,748.89,1,28000.0,0,0,n,63.18,0.0,3.0,6.0,0.0,2195.0,15.0,0,0.0,0.0,748.89,748.89,0.0,0.0,0.0,748.89,134.8002,0.0,0.0,1.0,0,0.0,0.0,42774.0,1.0,3.0,1.0,3.0,10.0,40579.0,18.0,1.0,3.0,59.0,20.0,10500.0,2.0,1.0,3.0,6.0,7129.0,5941.0,1.0,0.0,0.0,39.0,160.0,1.0,1.0,0.0,79.0,0.0,0.0,1.0,3.0,1.0,3.0,4.0,3.0,11.0,3.0,6.0,0.0,0.0,0.0,2.0,93.3,0.0,0.0,0.0,60015.0,42774.0,6000.0,49515.0,0,0
11847,22000.0,0.1524,526.16,2,59000.0,0,0,n,18.8,0.0,0.0,10.0,0.0,7447.0,27.0,0,21569.37,21569.37,1033.69,1033.69,430.63,603.06,0.0,0.0,0.0,0.0,0.0,1.0,0,0.0,0.0,408990.0,1.0,5.0,1.0,3.0,12.0,30974.0,82.0,2.0,5.0,2389.0,77.0,12000.0,4.0,4.0,4.0,9.0,40899.0,611.0,79.6,0.0,0.0,121.0,126.0,10.0,2.0,1.0,27.0,3.0,0.0,1.0,3.0,1.0,7.0,11.0,4.0,15.0,3.0,10.0,0.0,0.0,0.0,4.0,88.5,100.0,0.0,0.0,420816.0,38421.0,3000.0,37663.0,0,0
11848,24000.0,0.1612,585.17,1,44500.0,1,0,n,25.35,0.0,1.0,5.0,0.0,19481.0,7.0,0,0.0,0.0,563.68,563.68,262.77,300.91,0.0,0.0,0.0,585.17,0.0,1.0,1,0.0,0.0,45037.0,1.0,2.0,0.0,1.0,16.0,25556.0,77.0,1.0,2.0,1407.0,66.0,34500.0,0.0,3.0,1.0,3.0,9007.0,7192.0,24.3,0.0,0.0,38.0,26.0,5.0,5.0,0.0,5.0,0.0,0.0,2.0,3.0,2.0,2.0,3.0,3.0,3.0,3.0,5.0,0.0,0.0,0.0,1.0,100.0,0.0,0.0,0.0,67807.0,45037.0,9500.0,33307.0,0,0
11874,17400.0,0.2305,491.02,1,62000.0,0,0,n,39.78,0.0,0.0,12.0,0.0,51148.0,24.0,0,16006.14,16006.14,4396.9,4396.9,1393.86,3003.04,0.0,0.0,0.0,491.02,0.0,1.0,1,0.0,0.0,71574.0,0.0,2.0,0.0,0.0,26.0,20426.0,66.0,0.0,1.0,14376.0,80.0,58900.0,0.0,2.0,0.0,1.0,5965.0,417.0,98.7,0.0,0.0,153.0,118.0,19.0,19.0,0.0,19.0,15.0,0.0,4.0,10.0,4.0,8.0,6.0,10.0,18.0,10.0,12.0,0.0,0.0,0.0,0.0,100.0,100.0,0.0,0.0,89644.0,71574.0,31800.0,30744.0,0,0
11927,38000.0,0.1102,826.6,1,95000.0,0,0,n,10.12,0.0,0.0,14.0,0.0,22516.0,37.0,0,33779.68,33779.68,7416.14,7416.14,4220.32,3195.82,0.0,0.0,0.0,826.6,0.0,1.0,1,0.0,0.0,93670.0,0.0,2.0,0.0,0.0,30.0,71154.0,69.0,1.0,4.0,11685.0,36.0,72400.0,0.0,0.0,4.0,4.0,6691.0,40584.0,35.7,0.0,0.0,159.0,291.0,10.0,10.0,0.0,10.0,2.0,0.0,4.0,4.0,6.0,7.0,20.0,12.0,17.0,4.0,14.0,0.0,0.0,0.0,1.0,100.0,0.0,0.0,0.0,140229.0,93670.0,63100.0,67829.0,0,0
11967,10525.0,0.0702,325.08,3,24000.0,1,0,n,24.75,0.0,0.0,9.0,1.0,4184.0,14.0,0,0.0,0.0,320.98,320.98,263.51,57.47,0.0,0.0,0.0,0.0,0.0,1.0,1,0.0,0.0,9281.0,0.0,1.0,0.0,1.0,21.0,5097.0,51.0,0.0,0.0,1169.0,21.0,34600.0,1.0,0.0,0.0,1.0,1031.0,17899.0,13.9,0.0,0.0,48.0,141.0,35.0,21.0,0.0,35.0,21.0,0.0,4.0,6.0,4.0,5.0,2.0,8.0,11.0,6.0,9.0,0.0,0.0,0.0,0.0,100.0,0.0,1.0,0.0,44600.0,9281.0,20800.0,10000.0,0,0
11975,30000.0,0.1524,717.49,3,75000.0,1,0,n,15.42,0.0,1.0,11.0,0.0,12909.0,29.0,0,0.0,0.0,0.0,0.0,0.0,0.0,0.0,0.0,0.0,0.0,0.0,1.0,1,0.0,0.0,45496.0,2.0,4.0,1.0,1.0,7.0,32587.0,94.0,2.0,2.0,8088.0,42.0,73100.0,1.0,3.0,2.0,3.0,4136.0,38476.0,23.2,0.0,0.0,176.0,172.0,3.0,3.0,0.0,5.0,3.0,0.0,3.0,5.0,4.0,7.0,13.0,7.0,16.0,5.0,11.0,0.0,0.0,0.0,3.0,100.0,25.0,0.0,0.0,107867.0,45496.0,50100.0,34767.0,0,0
12000,5000.0,0.1308,168.67,1,28800.0,1,0,n,8.79,0.0,0.0,6.0,0.0,5091.0,7.0,0,4308.11,4308.11,1008.39,1008.39,691.89,316.5,0.0,0.0,0.0,0.0,0.0,1.0,1,0.0,0.0,10537.0,2.0,3.0,1.0,1.0,4.0,5446.0,91.0,2.0,3.0,4424.0,55.0,13000.0,0.0,0.0,0.0,4.0,1756.0,7909.0,39.2,0.0,0.0,102.0,23.0,1.0,1.0,0.0,1.0,24.0,1.0,3.0,3.0,3.0,3.0,4.0,3.0,3.0,3.0,6.0,0.0,0.0,0.0,3.0,85.7,0.0,0.0,0.0,19020.0,10537.0,13000.0,6020.0,0,0
12053,8100.0,0.1308,273.24,1,80000.0,0,0,n,20.21,0.0,1.0,9.0,0.0,18715.0,19.0,0,6562.71,6562.71,2180.03,2180.03,1537.29,642.74,0.0,0.0,0.0,273.24,0.0,1.0,1,0.0,0.0,237883.0,0.0,3.0,0.0,3.0,16.0,18951.0,58.0,0.0,2.0,7634.0,66.0,24700.0,1.0,4.0,3.0,5.0,26431.0,5985.0,75.8,0.0,0.0,137.0,68.0,21.0,16.0,2.0,22.0,2.0,0.0,4.0,4.0,5.0,8.0,9.0,5.0,8.0,4.0,9.0,0.0,0.0,0.0,0.0,94.7,60.0,0.0,0.0,263986.0,37666.0,24700.0,32686.0,0,0
12056,2400.0,0.16949999999999998,85.51,2,75000.0,0,0,n,38.88,0.0,0.0,18.0,0.0,25025.0,32.0,0,0.0,0.0,339.78,339.78,212.08,127.7,0.0,0.0,0.0,85.51,0.0,1.0,1,0.0,0.0,283397.0,0.0,5.0,1.0,4.0,11.0,64804.0,54.0,1.0,3.0,8217.0,56.0,42500.0,4.0,4.0,1.0,7.0,15744.0,4051.0,82.1,0.0,0.0,131.0,92.0,11.0,11.0,3.0,11.0,11.0,1.0,5.0,7.0,5.0,8.0,9.0,12.0,20.0,7.0,18.0,0.0,0.0,0.0,2.0,96.9,100.0,0.0,0.0,347747.0,89829.0,22600.0,103227.0,0,0
12081,25000.0,0.2305,705.49,2,70000.0,0,0,n,20.81,3.0,1.0,9.0,0.0,22636.0,19.0,0,23581.71,23581.71,4200.93,4200.93,1418.29,2782.64,0.0,0.0,0.0,705.49,0.0,1.0,1,0.0,0.0,171717.0,1.0,3.0,1.0,1.0,6.0,20628.0,83.0,0.0,2.0,2780.0,86.0,25800.0,1.0,4.0,1.0,3.0,21465.0,978.0,85.0,0.0,0.0,180.0,116.0,15.0,6.0,1.0,60.0,6.0,0.0,2.0,4.0,3.0,3.0,11.0,5.0,6.0,4.0,9.0,0.0,0.0,0.0,1.0,84.2,100.0,0.0,0.0,212749.0,43264.0,6500.0,53949.0,0,0
12133,20000.0,0.17739999999999995,720.45,3,85000.0,0,0,n,13.03,0.0,0.0,11.0,0.0,19091.0,11.0,0,20000.0,20000.0,1292.09,1292.09,0.0,1292.09,0.0,0.0,0.0,360.23,0.0,1.0,1,0.0,0.0,57135.0,0.0,2.0,0.0,1.0,13.0,38044.0,98.0,0.0,1.0,4801.0,86.0,28000.0,1.0,0.0,0.0,2.0,5714.0,545.0,94.7,0.0,0.0,44.0,92.0,15.0,13.0,0.0,29.0,13.0,0.0,4.0,8.0,5.0,5.0,2.0,9.0,9.0,8.0,11.0,0.0,0.0,0.0,0.0,100.0,100.0,0.0,0.0,66827.0,57135.0,10300.0,38827.0,0,0
12161,7000.0,0.0702,216.21,2,82000.0,0,0,n,5.39,0.0,2.0,12.0,1.0,2893.0,21.0,0,5729.25,5729.25,1511.53,1511.53,1270.75,240.78,0.0,0.0,0.0,0.0,0.0,1.0,1,0.0,0.0,285827.0,3.0,1.0,1.0,1.0,5.0,6352.0,91.0,4.0,10.0,593.0,36.0,18700.0,2.0,0.0,5.0,11.0,23819.0,8273.0,12.0,0.0,0.0,137.0,386.0,2.0,2.0,2.0,2.0,1.0,2.0,2.0,4.0,5.0,5.0,5.0,10.0,14.0,4.0,12.0,0.0,0.0,0.0,5.0,90.0,0.0,1.0,0.0,303200.0,9245.0,9400.0,7000.0,0,0
12173,14000.0,0.1171,463.07,1,125000.0,1,0,n,10.9,1.0,1.0,21.0,0.0,13780.0,34.0,0,13289.64,13289.64,1652.3,1652.3,710.36,941.94,0.0,0.0,0.0,0.0,0.0,1.0,1,0.0,0.0,32331.0,1.0,1.0,2.0,3.0,5.0,17775.0,64.0,1.0,6.0,3335.0,54.0,28300.0,9.0,0.0,8.0,9.0,1540.0,13577.0,48.4,0.0,0.0,113.0,135.0,10.0,5.0,0.0,10.0,2.0,2.0,11.0,13.0,15.0,17.0,8.0,18.0,25.0,13.0,21.0,0.0,0.0,1.0,3.0,91.2,40.0,0.0,0.0,60013.0,32331.0,26300.0,27897.0,0,0
12186,20000.0,0.17739999999999995,720.45,1,22000.0,1,0,n,84.78,0.0,1.0,10.0,1.0,9589.0,11.0,0,720.73,720.73,21823.22,21823.22,19279.27,2543.95,0.0,0.0,0.0,0.0,0.0,1.0,0,0.0,0.0,45508.0,1.0,2.0,1.0,2.0,10.0,35919.0,82.0,4.0,4.0,1714.0,74.0,17300.0,1.0,0.0,3.0,6.0,4551.0,6171.0,55.0,0.0,0.0,42.0,71.0,2.0,2.0,0.0,2.0,2.0,0.0,7.0,8.0,7.0,7.0,3.0,8.0,8.0,8.0,10.0,0.0,0.0,0.0,5.0,90.9,14.3,1.0,0.0,61191.0,45508.0,13700.0,43891.0,0,0
12213,27000.0,0.2305,1045.87,2,158000.0,0,0,n,33.09,0.0,2.0,28.0,0.0,59715.0,44.0,0,21873.38,21873.38,9378.25,9378.25,5126.62,4251.63,0.0,0.0,0.0,0.0,0.0,1.0,1,0.0,888.0,451392.0,1.0,6.0,1.0,2.0,6.0,134015.0,112.0,1.0,2.0,5719.0,76.0,104600.0,2.0,3.0,4.0,4.0,16718.0,20385.0,52.9,0.0,0.0,171.0,77.0,12.0,6.0,4.0,12.0,3.0,0.0,12.0,20.0,12.0,14.0,11.0,21.0,29.0,20.0,28.0,0.0,0.0,0.0,2.0,97.7,0.0,0.0,0.0,593943.0,193730.0,43300.0,210220.0,0,0
12401,24850.0,0.0702,767.53,1,46000.0,0,0,n,30.16,0.0,0.0,14.0,0.0,4826.0,25.0,0,19769.63,19769.63,6130.55,6130.55,5080.37,1050.18,0.0,0.0,0.0,767.53,0.0,1.0,1,0.0,0.0,18041.0,1.0,2.0,0.0,1.0,21.0,13215.0,44.0,2.0,3.0,2130.0,17.0,76200.0,1.0,0.0,1.0,4.0,1289.0,61812.0,5.2,0.0,0.0,107.0,252.0,5.0,5.0,0.0,5.0,9.0,0.0,5.0,7.0,10.0,12.0,6.0,12.0,19.0,7.0,14.0,0.0,0.0,0.0,2.0,92.0,0.0,0.0,0.0,106200.0,18041.0,65200.0,30000.0,0,0
12409,4000.0,0.2305,154.95,1,62000.0,0,0,n,35.6,0.0,0.0,11.0,0.0,45112.0,24.0,0,3386.52,3386.52,1164.34,1164.34,613.48,550.86,0.0,0.0,0.0,154.95,0.0,1.0,1,0.0,0.0,96233.0,0.0,4.0,0.0,2.0,17.0,51121.0,92.0,0.0,1.0,26535.0,88.0,53000.0,1.0,0.0,1.0,3.0,9623.0,1888.0,96.0,0.0,0.0,107.0,387.0,24.0,17.0,0.0,46.0,8.0,0.0,4.0,4.0,4.0,8.0,7.0,7.0,17.0,4.0,11.0,0.0,0.0,0.0,0.0,100.0,75.0,0.0,0.0,108820.0,96233.0,47000.0,55820.0,0,0
12444,31275.0,0.1308,712.89,1,189000.0,1,0,n,5.41,0.0,2.0,15.0,0.0,12313.0,24.0,0,0.0,0.0,690.16,690.16,371.99,318.17,0.0,0.0,0.0,0.0,0.0,1.0,1,0.0,0.0,15289.0,7.0,1.0,0.0,0.0,74.0,2976.0,34.0,8.0,11.0,4780.0,12.0,123800.0,0.0,0.0,2.0,11.0,1019.0,68209.0,10.6,0.0,0.0,143.0,145.0,1.0,1.0,0.0,1.0,0.0,0.0,9.0,11.0,11.0,14.0,4.0,14.0,20.0,11.0,15.0,0.0,0.0,0.0,8.0,100.0,0.0,0.0,0.0,132526.0,15289.0,76300.0,8726.0,0,0
12481,30400.0,0.1612,741.21,2,86000.0,0,0,n,18.2,0.0,1.0,9.0,0.0,18817.0,26.0,0,0.0,0.0,6643.67,6643.67,3160.69,3482.98,0.0,0.0,0.0,0.0,0.0,1.0,1,0.0,0.0,182943.0,2.0,3.0,1.0,3.0,4.0,30150.0,54.0,3.0,4.0,11591.0,48.0,47000.0,2.0,7.0,3.0,8.0,20327.0,27552.0,38.8,0.0,0.0,146.0,115.0,4.0,4.0,3.0,4.0,4.0,2.0,3.0,4.0,4.0,7.0,14.0,5.0,9.0,4.0,9.0,0.0,0.0,0.0,5.0,92.3,0.0,0.0,0.0,238134.0,48967.0,45000.0,55868.0,1,0
12520,15000.0,0.1862,546.97,2,64000.0,1,0,n,29.7,0.0,0.0,10.0,0.0,14855.0,13.0,0,14042.64,14042.64,2172.36,2172.36,957.36,1215.0,0.0,0.0,0.0,0.0,0.0,1.0,1,0.0,130.0,259449.0,0.0,2.0,1.0,2.0,7.0,45197.0,66.0,1.0,1.0,4787.0,62.0,25000.0,2.0,0.0,1.0,3.0,25945.0,9999.0,59.5,0.0,0.0,48.0,54.0,9.0,7.0,2.0,9.0,7.0,0.0,6.0,7.0,6.0,7.0,3.0,7.0,8.0,7.0,10.0,0.0,0.0,0.0,2.0,100.0,33.3,0.0,0.0,285707.0,60052.0,24700.0,51565.0,0,0
12532,24000.0,0.1862,617.57,2,80000.0,0,0,n,21.86,0.0,2.0,13.0,0.0,14013.0,17.0,0,23770.19,23770.19,2445.45,2445.45,229.81,2215.64,0.0,0.0,0.0,0.0,0.0,1.0,1,0.0,0.0,103457.0,4.0,5.0,2.0,6.0,4.0,89444.0,73.0,2.0,5.0,5381.0,52.0,47200.0,9.0,0.0,8.0,11.0,7958.0,30954.0,23.8,0.0,0.0,112.0,218.0,5.0,4.0,0.0,5.0,1.0,0.0,4.0,5.0,6.0,6.0,8.0,8.0,9.0,5.0,13.0,0.0,0.0,0.0,4.0,94.1,16.7,0.0,0.0,146685.0,103457.0,40600.0,99485.0,0,0
12539,12000.0,0.2055,449.34,2,60000.0,1,0,n,17.48,0.0,1.0,12.0,0.0,17687.0,14.0,0,10926.45,10926.45,2627.16,2627.16,1073.55,1553.61,0.0,0.0,0.0,449.34,0.0,1.0,1,0.0,0.0,87786.0,3.0,2.0,3.0,3.0,11.0,70099.0,59.0,5.0,6.0,4985.0,55.0,33900.0,2.0,0.0,4.0,9.0,7316.0,16213.0,52.2,0.0,0.0,140.0,54.0,5.0,5.0,0.0,5.0,5.0,0.0,7.0,7.0,9.0,9.0,5.0,9.0,9.0,7.0,12.0,0.0,0.0,0.0,8.0,100.0,22.2,0.0,0.0,115730.0,87786.0,33900.0,81830.0,0,0
12542,10625.0,0.1862,273.41,1,35838.0,1,0,n,19.52,0.0,0.0,10.0,0.0,5407.0,18.0,0,0.0,0.0,1082.65,1082.65,444.39,638.26,0.0,0.0,0.0,0.0,0.0,1.0,1,0.0,0.0,21577.0,0.0,2.0,0.0,2.0,15.0,16170.0,82.0,1.0,4.0,2532.0,72.0,10500.0,1.0,0.0,0.0,6.0,2397.0,2693.0,66.8,0.0,0.0,51.0,159.0,12.0,12.0,0.0,12.0,15.0,1.0,5.0,5.0,6.0,11.0,4.0,8.0,14.0,5.0,10.0,0.0,0.0,0.0,1.0,88.9,40.0,0.0,0.0,30116.0,21577.0,8100.0,19616.0,0,0
12546,25000.0,0.17739999999999995,900.56,2,300000.0,1,0,n,29.23,0.0,0.0,27.0,0.0,228258.0,32.0,0,0.0,0.0,0.0,0.0,0.0,0.0,0.0,0.0,0.0,0.0,0.0,1.0,1,0.0,0.0,723571.0,1.0,5.0,0.0,3.0,20.0,121695.0,69.0,1.0,4.0,27486.0,75.0,255900.0,4.0,4.0,0.0,7.0,26799.0,26836.0,82.0,0.0,0.0,93.0,59.0,3.0,3.0,1.0,3.0,20.0,0.0,18.0,20.0,18.0,18.0,10.0,20.0,20.0,20.0,27.0,0.0,0.0,0.0,1.0,100.0,61.1,0.0,0.0,844290.0,350489.0,148800.0,169819.0,0,0
12551,3375.0,0.1033,109.43,1,35000.0,0,0,n,23.01,0.0,0.0,8.0,0.0,12685.0,21.0,0,2803.15,2803.15,764.07,764.07,571.85,192.22,0.0,0.0,0.0,0.0,0.0,1.0,1,0.0,0.0,24873.0,0.0,2.0,1.0,2.0,12.0,12188.0,74.0,0.0,1.0,4893.0,52.0,31800.0,2.0,0.0,1.0,3.0,3109.0,19115.0,39.9,0.0,0.0,22.0,262.0,24.0,12.0,0.0,24.0,12.0,0.0,6.0,6.0,6.0,17.0,2.0,6.0,19.0,6.0,8.0,0.0,0.0,0.0,1.0,100.0,33.3,0.0,0.0,48260.0,24873.0,31800.0,16460.0,0,0
12616,20000.0,0.2055,536.02,2,47000.0,0,0,n,7.45,1.0,1.0,16.0,0.0,7971.0,33.0,0,18355.8,18355.8,4265.33,4265.33,1644.2,2621.13,0.0,0.0,0.0,0.0,1.0,1.0,0,0.0,0.0,184976.0,1.0,1.0,0.0,0.0,65.0,6592.0,76.0,1.0,3.0,2292.0,24.0,51100.0,2.0,0.0,2.0,4.0,11561.0,39889.0,15.3,0.0,0.0,96.0,316.0,5.0,5.0,2.0,5.0,5.0,2.0,4.0,5.0,11.0,17.0,2.0,14.0,28.0,5.0,16.0,0.0,0.0,1.0,2.0,90.9,9.1,0.0,0.0,231270.0,14563.0,47100.0,8670.0,0,0
12631,15950.0,0.1171,527.57,1,50000.0,0,0,n,39.63,0.0,0.0,12.0,0.0,12575.0,34.0,0,14440.38,14440.38,2099.9,2099.9,1509.62,590.28,0.0,0.0,0.0,0.0,0.0,1.0,0,0.0,0.0,40171.0,0.0,3.0,1.0,1.0,12.0,27596.0,52.0,0.0,0.0,11331.0,45.0,36000.0,1.0,0.0,1.0,1.0,3652.0,12425.0,50.3,0.0,0.0,104.0,171.0,26.0,12.0,0.0,40.0,12.0,0.0,2.0,2.0,4.0,12.0,6.0,9.0,28.0,2.0,12.0,0.0,0.0,0.0,1.0,97.1,33.3,0.0,0.0,88763.0,40171.0,25000.0,52763.0,0,0
12654,18000.0,0.2305,507.95,1,82000.0,0,0,n,23.83,0.0,1.0,13.0,0.0,18472.0,19.0,0,0.0,0.0,2341.68,2341.68,667.74,1673.94,0.0,0.0,0.0,0.0,1.0,1.0,1,0.0,93.0,73325.0,5.0,3.0,1.0,2.0,6.0,54853.0,59.0,4.0,9.0,2910.0,63.0,26800.0,0.0,8.0,1.0,12.0,5640.0,4708.0,61.1,0.0,0.0,37.0,37.0,2.0,2.0,1.0,2.0,5.0,0.0,4.0,7.0,6.0,8.0,6.0,10.0,12.0,7.0,13.0,0.0,0.0,0.0,5.0,100.0,33.3,0.0,0.0,102027.0,73325.0,12100.0,75227.0,0,0
12664,5000.0,0.124,112.24,1,74643.33,1,0,n,4.57,0.0,1.0,5.0,0.0,3612.0,6.0,0,4563.54,4563.54,782.24,782.24,436.46,345.78,0.0,0.0,0.0,0.0,0.0,1.0,1,0.0,0.0,18807.0,1.0,2.0,0.0,0.0,66.0,15195.0,96.0,1.0,1.0,3285.0,62.0,14300.0,1.0,0.0,1.0,1.0,3761.0,10688.0,25.3,0.0,0.0,96.0,67.0,1.0,1.0,0.0,1.0,0.0,0.0,2.0,2.0,3.0,3.0,3.0,3.0,3.0,2.0,5.0,0.0,0.0,0.0,1.0,66.7,0.0,0.0,0.0,30165.0,18807.0,14300.0,15865.0,0,0
12665,10000.0,0.1102,327.49,2,36000.0,0,0,n,36.97,0.0,1.0,9.0,0.0,3853.0,14.0,0,0.0,0.0,1303.84,1303.84,919.16,384.68,0.0,0.0,0.0,0.0,0.0,1.0,1,0.0,134.0,83193.0,2.0,2.0,0.0,1.0,20.0,79340.0,52.0,3.0,5.0,1900.0,25.0,23500.0,0.0,2.0,3.0,6.0,9244.0,17203.0,16.1,0.0,0.0,175.0,182.0,3.0,3.0,0.0,3.0,1.0,0.0,4.0,5.0,4.0,5.0,6.0,7.0,8.0,5.0,9.0,0.0,0.0,0.0,3.0,100.0,0.0,0.0,0.0,135500.0,83193.0,20500.0,112000.0,0,0
12703,24850.0,0.17739999999999995,895.15,1,55000.0,1,0,n,35.72,0.0,0.0,7.0,0.0,15225.0,14.0,0,0.0,0.0,9451.26,9451.26,8022.5,1428.76,0.0,0.0,0.0,0.0,0.0,1.0,1,0.0,0.0,59775.0,5.0,3.0,3.0,4.0,4.0,44550.0,68.0,3.0,4.0,9460.0,62.0,30500.0,2.0,3.0,5.0,8.0,8539.0,11263.0,54.0,0.0,0.0,67.0,92.0,5.0,4.0,0.0,5.0,5.0,0.0,2.0,3.0,3.0,5.0,6.0,4.0,8.0,3.0,7.0,0.0,0.0,0.0,6.0,100.0,33.3,0.0,0.0,95887.0,59775.0,24500.0,65387.0,0,0
12715,2000.0,0.17739999999999995,72.05,2,53000.0,0,0,n,24.84,0.0,0.0,6.0,0.0,1710.0,11.0,0,0.0,0.0,214.18,214.18,129.34,84.84,0.0,0.0,0.0,0.0,0.0,1.0,1,0.0,72.0,109791.0,0.0,2.0,1.0,2.0,7.0,26522.0,73.0,1.0,1.0,1554.0,73.0,2300.0,6.0,0.0,3.0,3.0,18299.0,46.0,97.1,0.0,0.0,136.0,111.0,8.0,7.0,1.0,38.0,7.0,2.0,1.0,2.0,1.0,1.0,7.0,2.0,3.0,2.0,6.0,0.0,0.0,0.0,2.0,81.8,100.0,0.0,0.0,127146.0,28232.0,1600.0,36346.0,0,0
12750,1000.0,0.1102,32.75,1,40000.0,1,0,n,32.01,0.0,2.0,10.0,0.0,2007.0,10.0,0,0.0,0.0,195.89,195.89,126.7,69.19,0.0,0.0,0.0,32.75,0.0,1.0,1,0.0,0.0,36452.0,2.0,3.0,1.0,2.0,4.0,34445.0,70.0,3.0,4.0,1254.0,53.0,20000.0,3.0,0.0,3.0,6.0,3645.0,16686.0,9.3,0.0,0.0,38.0,52.0,2.0,2.0,0.0,2.0,2.0,0.0,2.0,3.0,5.0,5.0,3.0,7.0,7.0,3.0,10.0,0.0,0.0,0.0,4.0,100.0,20.0,0.0,0.0,69257.0,36452.0,18400.0,49257.0,0,0
12782,22325.0,0.1033,477.98,2,85000.0,0,0,n,6.93,0.0,1.0,14.0,0.0,6836.0,36.0,0,20840.22,20840.22,3333.05,3333.05,1484.78,1848.27,0.0,0.0,0.0,477.98,0.0,1.0,1,0.0,0.0,382817.0,2.0,1.0,0.0,2.0,15.0,6033.0,47.0,2.0,3.0,2562.0,19.0,55200.0,2.0,0.0,2.0,6.0,27344.0,38298.0,14.7,0.0,0.0,67.0,109.0,2.0,2.0,3.0,2.0,2.0,0.0,4.0,5.0,8.0,16.0,8.0,12.0,25.0,5.0,14.0,0.0,0.0,0.0,2.0,94.4,12.5,0.0,0.0,447422.0,12869.0,44900.0,12722.0,0,0
12786,5000.0,0.2055,187.23,1,30000.0,0,0,n,14.72,0.0,0.0,5.0,0.0,10911.0,5.0,1,4755.46,4755.46,743.21,743.21,244.54,498.67,0.0,0.0,0.0,187.23,0.0,1.0,1,0.0,0.0,12856.0,0.0,1.0,1.0,1.0,10.0,1945.0,78.0,0.0,1.0,2452.0,67.0,16700.0,0.0,0.0,1.0,2.0,2571.0,5118.0,47.2,0.0,0.0,10.0,44.0,15.0,10.0,0.0,27.0,10.0,0.0,3.0,4.0,3.0,3.0,1.0,4.0,4.0,4.0,5.0,0.0,0.0,0.0,1.0,100.0,33.3,0.0,0.0,19200.0,12856.0,9700.0,2500.0,0,0
12789,20000.0,0.17739999999999995,720.45,1,64000.0,1,0,n,17.27,0.0,5.0,31.0,1.0,12451.0,54.0,0,20000.0,20000.0,1874.09,1874.09,0.0,1874.09,0.0,0.0,0.0,0.0,0.0,1.0,1,0.0,0.0,28941.0,4.0,3.0,0.0,1.0,17.0,16490.0,94.0,11.0,17.0,2463.0,60.0,31600.0,1.0,1.0,6.0,18.0,1034.0,4060.0,72.6,0.0,0.0,355.0,188.0,1.0,1.0,0.0,9.0,1.0,0.0,10.0,14.0,13.0,22.0,5.0,28.0,49.0,14.0,31.0,0.0,0.0,0.0,11.0,100.0,50.0,1.0,0.0,49099.0,28941.0,14800.0,17499.0,1,0
12865,15000.0,0.1308,341.92,3,72000.0,0,0,n,6.18,0.0,2.0,9.0,0.0,1330.0,19.0,0,14067.96,14067.96,2040.7,2040.7,932.04,1108.66,0.0,0.0,0.0,683.84,0.0,1.0,1,0.0,7434.0,400430.0,3.0,1.0,1.0,1.0,4.0,9501.0,95.0,2.0,3.0,431.0,42.0,17200.0,1.0,0.0,3.0,4.0,44492.0,7744.0,6.7,0.0,0.0,70.0,72.0,5.0,4.0,4.0,6.0,4.0,0.0,2.0,3.0,2.0,3.0,4.0,6.0,10.0,3.0,9.0,0.0,0.0,0.0,3.0,94.7,0.0,0.0,0.0,504340.0,11729.0,8300.0,10000.0,0,0
12911,15000.0,0.2305,423.29,1,53000.0,1,0,n,29.21,0.0,0.0,18.0,0.0,21887.0,44.0,0,14727.07,14727.07,1958.93,1958.93,272.93,1686.0,0.0,0.0,0.0,282.89,0.0,1.0,1,0.0,0.0,115316.0,2.0,7.0,2.0,3.0,6.0,93429.0,85.0,1.0,5.0,9842.0,79.0,31600.0,0.0,0.0,2.0,8.0,6406.0,3490.0,86.0,0.0,0.0,174.0,170.0,5.0,5.0,0.0,14.0,6.0,3.0,5.0,7.0,5.0,11.0,22.0,11.0,22.0,7.0,18.0,0.0,0.0,0.0,3.0,93.0,60.0,0.0,0.0,129694.0,115316.0,25000.0,98094.0,0,0
12950,32000.0,0.0756,996.29,2,207000.0,1,0,n,9.65,0.0,2.0,16.0,1.0,8650.0,30.0,0,30805.65,30805.65,2562.3,2562.3,1194.35,1367.95,0.0,0.0,0.0,195.0,0.0,1.0,1,0.0,0.0,378248.0,1.0,3.0,1.0,4.0,9.0,96985.0,57.0,3.0,7.0,5487.0,23.0,82900.0,4.0,2.0,7.0,12.0,25217.0,53545.0,11.3,0.0,0.0,220.0,92.0,2.0,2.0,2.0,2.0,1.0,0.0,4.0,5.0,8.0,10.0,12.0,12.0,15.0,5.0,16.0,0.0,0.0,0.0,5.0,100.0,0.0,1.0,0.0,444462.0,105635.0,60400.0,87562.0,0,0
12984,25000.0,0.14300000000000002,858.09,1,77823.0,0,0,n,21.5,1.0,0.0,12.0,0.0,7725.0,25.0,1,22633.88,22633.88,5128.68,5128.68,2366.12,2762.56,0.0,0.0,0.0,0.0,0.0,1.0,1,0.0,0.0,21256.0,0.0,2.0,1.0,1.0,10.0,13531.0,50.0,1.0,2.0,4136.0,42.0,23800.0,1.0,2.0,2.0,3.0,1771.0,8475.0,47.7,0.0,0.0,235.0,146.0,7.0,7.0,0.0,7.0,7.0,0.0,4.0,4.0,7.0,8.0,12.0,10.0,13.0,4.0,12.0,0.0,0.0,0.0,2.0,84.0,14.3,0.0,0.0,50800.0,21256.0,16200.0,27000.0,0,0
13030,10000.0,0.17739999999999995,360.23,3,72000.0,1,0,n,9.55,0.0,2.0,17.0,0.0,4201.0,37.0,0,8325.05,8325.05,2891.87,2891.87,1674.95,1216.92,0.0,0.0,0.0,180.12,0.0,1.0,0,0.0,0.0,33719.0,2.0,7.0,4.0,5.0,5.0,29518.0,93.0,1.0,3.0,2148.0,74.0,14000.0,3.0,3.0,9.0,8.0,1983.0,4799.0,46.7,0.0,0.0,178.0,141.0,2.0,2.0,2.0,15.0,1.0,0.0,4.0,4.0,6.0,10.0,20.0,10.0,15.0,4.0,17.0,0.0,0.0,0.0,5.0,91.4,16.7,0.0,0.0,45685.0,33719.0,9000.0,31685.0,1,0
13053,30000.0,0.1171,992.28,2,80000.0,1,0,n,27.65,0.0,1.0,8.0,1.0,1890.0,21.0,0,0.0,0.0,637.46,637.46,0.0,580.48,0.0,56.98,10.2564,100.0,0.0,1.0,0,0.0,0.0,393704.0,2.0,3.0,5.0,6.0,1.0,106699.0,91.0,3.0,4.0,1865.0,69.0,13100.0,4.0,7.0,4.0,11.0,49213.0,11210.0,14.4,0.0,0.0,59.0,68.0,9.0,1.0,1.0,10.0,0.0,0.0,3.0,3.0,4.0,8.0,11.0,4.0,9.0,3.0,8.0,0.0,0.0,0.0,9.0,100.0,0.0,1.0,0.0,414589.0,108589.0,13100.0,113748.0,0,0
13059,23925.0,0.1102,520.43,1,84500.0,0,0,n,19.97,1.0,4.0,20.0,0.0,1328.0,37.0,0,0.0,0.0,0.0,0.0,0.0,0.0,0.0,0.0,0.0,0.0,0.0,1.0,1,0.0,0.0,51810.0,1.0,3.0,1.0,2.0,4.0,50482.0,80.0,0.0,1.0,1293.0,40.0,68400.0,2.0,0.0,4.0,3.0,2591.0,55072.0,2.4,0.0,0.0,221.0,152.0,24.0,4.0,0.0,24.0,2.0,0.0,3.0,3.0,12.0,17.0,10.0,17.0,27.0,3.0,20.0,0.0,0.0,0.0,1.0,91.9,0.0,0.0,0.0,131226.0,51810.0,56400.0,62826.0,0,0
13075,17000.0,0.1102,369.8,3,77000.0,0,0,n,18.14,0.0,0.0,8.0,0.0,8559.0,30.0,0,0.0,0.0,515.51,515.51,0.0,515.51,0.0,0.0,0.0,156.12,0.0,1.0,1,0.0,0.0,49527.0,0.0,2.0,0.0,0.0,28.0,40968.0,74.0,0.0,2.0,6260.0,41.0,36500.0,0.0,2.0,4.0,2.0,6191.0,22441.0,27.6,0.0,0.0,131.0,122.0,13.0,13.0,1.0,13.0,1.0,0.0,4.0,4.0,4.0,12.0,12.0,6.0,17.0,4.0,8.0,0.0,0.0,0.0,0.0,100.0,0.0,0.0,0.0,97427.0,49527.0,31000.0,60927.0,0,0
13076,10000.0,0.2305,387.36,2,40000.0,0,0,n,49.77,0.0,1.0,23.0,0.0,14438.0,43.0,0,9710.86,9710.86,2307.55,2307.55,289.14,2018.41,0.0,0.0,0.0,287.36,0.0,1.0,0,0.0,1296.0,60167.0,4.0,3.0,2.0,4.0,6.0,45729.0,90.0,6.0,7.0,3397.0,71.0,34400.0,5.0,0.0,7.0,11.0,2616.0,10235.0,53.7,0.0,0.0,99.0,109.0,3.0,3.0,0.0,3.0,3.0,3.0,8.0,12.0,9.0,11.0,20.0,19.0,23.0,12.0,23.0,0.0,0.0,0.0,8.0,95.1,33.3,0.0,0.0,84991.0,60167.0,22100.0,50591.0,0,0
13084,40000.0,0.1102,870.1,1,100000.0,1,0,n,18.94,0.0,0.0,8.0,0.0,2794.0,27.0,0,37800.89,37800.89,5196.11,5196.11,2199.11,2997.0,0.0,0.0,0.0,870.1,0.0,1.0,1,0.0,0.0,67827.0,0.0,3.0,1.0,2.0,7.0,65033.0,61.0,1.0,1.0,1647.0,42.0,12600.0,0.0,1.0,4.0,3.0,9690.0,9306.0,23.1,0.0,0.0,154.0,263.0,12.0,7.0,0.0,12.0,1.0,1.0,2.0,2.0,3.0,5.0,15.0,5.0,12.0,2.0,8.0,0.0,0.0,0.0,2.0,92.6,0.0,0.0,0.0,97874.0,67827.0,12100.0,85274.0,0,0
13105,8000.0,0.2305,309.89,1,30193.86,0,0,n,15.58,0.0,1.0,6.0,0.0,9013.0,6.0,0,6657.57,6657.57,2778.77,2778.77,1342.43,1436.34,0.0,0.0,0.0,309.89,0.0,1.0,1,0.0,0.0,12253.0,1.0,1.0,1.0,1.0,10.0,3240.0,81.0,1.0,1.0,5339.0,73.0,12800.0,1.0,2.0,2.0,2.0,3063.0,3437.0,66.6,0.0,0.0,10.0,58.0,4.0,4.0,0.0,31.0,4.0,0.0,2.0,3.0,2.0,2.0,1.0,5.0,5.0,3.0,6.0,0.0,0.0,0.0,2.0,100.0,0.0,0.0,0.0,16800.0,12253.0,10300.0,4000.0,0,0
13113,17000.0,0.1612,414.5,1,45700.0,0,0,n,36.9,0.0,0.0,19.0,0.0,17301.0,26.0,0,15231.91,15231.91,3715.28,3715.28,1768.09,1947.19,0.0,0.0,0.0,0.0,0.0,1.0,1,0.0,0.0,56525.0,0.0,2.0,0.0,2.0,15.0,39224.0,44.0,0.0,0.0,4968.0,33.0,54800.0,1.0,1.0,1.0,2.0,2975.0,21904.0,29.6,0.0,0.0,67.0,96.0,29.0,15.0,0.0,29.0,6.0,0.0,6.0,10.0,10.0,13.0,5.0,17.0,21.0,10.0,19.0,0.0,0.0,0.0,0.0,100.0,0.0,0.0,0.0,102588.0,56525.0,31100.0,47788.0,0,0
13144,19000.0,0.0702,586.84,2,240000.0,0,0,n,15.45,0.0,1.0,13.0,0.0,30949.0,20.0,0,15645.69,15645.69,4100.47,4100.47,3354.31,746.16,0.0,0.0,0.0,0.0,0.0,1.0,1,0.0,0.0,732150.0,4.0,4.0,1.0,1.0,1.0,69070.0,75.0,1.0,3.0,11066.0,56.0,77900.0,0.0,3.0,3.0,6.0,56319.0,16038.0,63.1,0.0,0.0,118.0,103.0,2.0,1.0,4.0,17.0,1.0,0.0,3.0,5.0,3.0,3.0,8.0,7.0,8.0,5.0,13.0,0.0,0.0,0.0,4.0,100.0,0.0,0.0,0.0,824646.0,100019.0,43500.0,114615.0,0,0
13169,40000.0,0.08810000000000001,1268.46,1,86000.0,1,0,n,28.17,0.0,0.0,9.0,0.0,22535.0,15.0,0,30964.76,30964.76,11396.56,11396.56,9035.24,2361.32,0.0,0.0,0.0,1268.46,0.0,1.0,1,0.0,0.0,55072.0,0.0,3.0,0.0,1.0,20.0,32537.0,45.0,0.0,0.0,2220.0,51.0,35500.0,0.0,2.0,1.0,1.0,6119.0,10085.0,26.4,0.0,0.0,104.0,104.0,38.0,20.0,0.0,38.0,2.0,1.0,2.0,3.0,4.0,4.0,8.0,6.0,7.0,3.0,9.0,0.0,0.0,0.0,0.0,86.7,0.0,0.0,0.0,108198.0,55072.0,13700.0,72698.0,0,0
13191,24350.0,0.1612,593.7,1,130000.0,0,0,n,32.29,0.0,0.0,25.0,0.0,19657.0,54.0,0,0.0,0.0,0.0,0.0,0.0,0.0,0.0,0.0,0.0,0.0,0.0,1.0,1,0.0,0.0,88441.0,1.0,4.0,2.0,5.0,4.0,68784.0,75.0,1.0,4.0,6259.0,42.0,116800.0,3.0,1.0,7.0,9.0,3538.0,94843.0,17.2,0.0,0.0,111.0,152.0,9.0,4.0,0.0,9.0,3.0,0.0,7.0,7.0,19.0,28.0,22.0,21.0,32.0,7.0,25.0,0.0,0.0,0.0,3.0,100.0,0.0,0.0,0.0,209057.0,88441.0,114500.0,92257.0,0,0
13210,2000.0,0.1524,69.57,2,52000.0,0,0,n,4.82,0.0,0.0,3.0,0.0,5928.0,6.0,0,1644.6,1644.6,554.87,554.87,355.4,199.47,0.0,0.0,0.0,0.0,0.0,1.0,1,0.0,0.0,10374.0,1.0,1.0,1.0,1.0,5.0,4446.0,93.0,0.0,1.0,5928.0,37.0,23000.0,0.0,0.0,3.0,2.0,3458.0,16072.0,26.9,0.0,0.0,91.0,73.0,15.0,5.0,0.0,44.0,2.0,0.0,1.0,1.0,1.0,2.0,3.0,2.0,3.0,1.0,3.0,0.0,0.0,0.0,1.0,100.0,0.0,0.0,0.0,27800.0,10374.0,22000.0,4800.0,1,0
13275,11725.0,0.17739999999999995,422.36,1,50000.0,0,0,n,29.38,0.0,0.0,10.0,0.0,13495.0,14.0,0,0.0,0.0,410.8,410.8,249.03,161.77,0.0,0.0,0.0,-422.36,0.0,1.0,1,0.0,0.0,44925.0,1.0,2.0,1.0,3.0,6.0,31430.0,56.0,1.0,3.0,6615.0,52.0,29600.0,3.0,0.0,3.0,6.0,4493.0,7105.0,65.5,0.0,0.0,37.0,58.0,7.0,6.0,0.0,7.0,6.0,0.0,5.0,5.0,6.0,7.0,5.0,8.0,9.0,5.0,10.0,0.0,0.0,0.0,2.0,100.0,50.0,0.0,0.0,86048.0,44925.0,20600.0,56448.0,0,0
13350,12000.0,0.1862,308.79,2,60000.0,0,0,n,18.5,0.0,2.0,12.0,1.0,12113.0,20.0,0,0.0,0.0,296.38,296.38,35.7,260.68,0.0,0.0,0.0,0.0,0.0,1.0,1,0.0,0.0,274952.0,2.0,2.0,1.0,2.0,10.0,10979.0,56.0,4.0,6.0,2081.0,59.0,19700.0,2.0,0.0,3.0,10.0,22913.0,2824.0,64.3,0.0,0.0,156.0,47.0,4.0,4.0,2.0,6.0,0.0,0.0,4.0,8.0,5.0,7.0,5.0,9.0,13.0,8.0,12.0,0.0,0.0,0.0,7.0,94.4,40.0,1.0,0.0,294633.0,23092.0,7900.0,19653.0,0,0
13358,10500.0,0.14300000000000002,360.4,1,60000.0,0,0,n,13.2,0.0,0.0,5.0,0.0,2341.0,5.0,0,8913.85,8913.85,2514.46,2514.46,1586.15,928.31,0.0,0.0,0.0,0.0,1.0,1.0,1,0.0,334.0,18721.0,0.0,2.0,0.0,0.0,39.0,16380.0,58.0,0.0,2.0,1023.0,54.0,6900.0,0.0,0.0,0.0,2.0,3744.0,1232.0,58.9,0.0,0.0,247.0,36.0,14.0,14.0,0.0,14.0,14.0,0.0,2.0,3.0,2.0,2.0,2.0,3.0,3.0,3.0,5.0,0.0,0.0,0.0,0.0,100.0,0.0,0.0,0.0,34998.0,18721.0,3000.0,28098.0,0,0
13393,15000.0,0.2305,581.04,3,140000.0,0,0,n,17.32,0.0,1.0,18.0,0.0,60783.0,26.0,0,13155.92,13155.92,3467.03,3467.03,1844.08,1622.95,0.0,0.0,0.0,0.0,0.0,1.0,1,0.0,0.0,65268.0,1.0,2.0,1.0,1.0,3.0,4485.0,34.0,0.0,0.0,10018.0,79.0,70000.0,0.0,0.0,1.0,1.0,3626.0,5817.0,91.3,0.0,0.0,53.0,116.0,25.0,3.0,0.0,25.0,5.0,0.0,13.0,13.0,13.0,18.0,2.0,16.0,24.0,13.0,18.0,0.0,0.0,0.0,1.0,100.0,92.3,0.0,0.0,83135.0,65268.0,66600.0,13135.0,0,0
13492,1700.0,0.17739999999999995,61.24,1,40000.0,1,0,n,20.43,0.0,0.0,20.0,0.0,20308.0,37.0,0,1435.75,1435.75,427.0,427.0,264.25,162.75,0.0,0.0,0.0,0.0,0.0,1.0,1,0.0,150.0,87174.0,0.0,15.0,0.0,1.0,24.0,66866.0,109.0,0.0,0.0,11172.0,94.0,31300.0,1.0,1.0,0.0,1.0,4588.0,10992.0,64.9,0.0,0.0,138.0,144.0,33.0,24.0,0.0,33.0,24.0,0.0,3.0,3.0,4.0,5.0,29.0,5.0,8.0,3.0,20.0,0.0,0.0,0.0,0.0,100.0,25.0,0.0,0.0,92732.0,87174.0,31300.0,61432.0,0,0
13571,9600.0,0.28800000000000003,303.56,2,46000.0,0,0,n,21.99,0.0,1.0,10.0,1.0,18105.0,24.0,0,0.0,0.0,2432.03,2432.03,148.08,443.68,0.0,1840.27,331.2486,0.0,0.0,1.0,1,0.0,0.0,153794.0,2.0,2.0,2.0,3.0,5.0,30375.0,89.0,2.0,5.0,8596.0,64.0,41200.0,3.0,1.0,3.0,9.0,15379.0,20895.0,46.4,0.0,0.0,90.0,68.0,5.0,5.0,1.0,5.0,5.0,0.0,5.0,5.0,6.0,11.0,9.0,7.0,14.0,5.0,10.0,0.0,0.0,0.0,4.0,100.0,33.3,1.0,0.0,183732.0,48480.0,39000.0,34034.0,0,0
13596,5000.0,0.1862,182.33,2,46000.0,1,0,n,27.92,0.0,0.0,6.0,1.0,2936.0,18.0,0,0.0,0.0,724.15,724.15,428.84,295.31,0.0,0.0,0.0,0.0,0.0,1.0,1,0.0,0.0,195843.0,2.0,2.0,1.0,3.0,10.0,36369.0,81.0,1.0,2.0,2936.0,72.0,9600.0,3.0,2.0,8.0,9.0,32641.0,3664.0,44.5,0.0,0.0,70.0,169.0,11.0,2.0,5.0,11.0,4.0,0.0,1.0,1.0,2.0,3.0,7.0,3.0,6.0,1.0,6.0,0.0,0.0,0.0,4.0,100.0,0.0,1.0,0.0,211446.0,39305.0,6600.0,45056.0,0,0
13621,40000.0,0.16949999999999998,993.03,2,50000.0,1,0,n,47.05,0.0,0.0,17.0,0.0,59250.0,24.0,0,0.0,0.0,2941.42,2941.42,0.0,2941.42,0.0,0.0,0.0,993.03,0.0,1.0,0,0.0,0.0,269095.0,1.0,4.0,1.0,1.0,1.0,49105.0,110.0,0.0,0.0,24569.0,75.0,100300.0,0.0,1.0,1.0,1.0,15829.0,30351.0,66.1,0.0,0.0,149.0,223.0,43.0,1.0,3.0,43.0,1.0,0.0,7.0,8.0,9.0,9.0,6.0,12.0,15.0,8.0,17.0,0.0,0.0,0.0,1.0,100.0,44.4,0.0,0.0,313134.0,108355.0,89400.0,44779.0,0,0
13623,22325.0,0.16949999999999998,554.24,1,58000.0,1,0,n,17.92,0.0,0.0,6.0,0.0,16616.0,10.0,1,0.0,0.0,533.22,533.22,238.9,294.32,0.0,0.0,0.0,0.0,0.0,1.0,1,0.0,0.0,26613.0,0.0,1.0,1.0,1.0,9.0,9997.0,84.0,0.0,0.0,6913.0,65.0,29200.0,2.0,0.0,3.0,1.0,4436.0,6584.0,71.6,0.0,0.0,79.0,200.0,51.0,9.0,0.0,57.0,9.0,0.0,3.0,3.0,4.0,5.0,4.0,5.0,6.0,3.0,6.0,0.0,0.0,0.0,1.0,100.0,75.0,0.0,0.0,41100.0,26613.0,23200.0,11900.0,0,0
13733,37225.0,0.1308,848.51,2,188800.0,1,0,n,16.85,0.0,1.0,8.0,0.0,9370.0,15.0,0,0.0,0.0,11113.39,11113.39,10442.76,670.63,0.0,0.0,0.0,291.93,0.0,1.0,1,0.0,0.0,92259.0,2.0,3.0,4.0,5.0,6.0,82889.0,58.0,2.0,4.0,2284.0,20.0,62000.0,0.0,11.0,1.0,11.0,11532.0,4716.0,32.6,0.0,0.0,138.0,57.0,4.0,4.0,2.0,4.0,2.0,0.0,1.0,5.0,1.0,1.0,8.0,5.0,5.0,5.0,8.0,0.0,0.0,0.0,7.0,93.3,0.0,0.0,0.0,171447.0,92259.0,7000.0,109447.0,0,0
13787,10625.0,0.1308,358.41,3,62000.0,1,0,n,28.63,0.0,0.0,23.0,0.0,22979.0,28.0,0,8437.8,8437.8,3217.97,3217.97,2187.2,1030.77,0.0,0.0,0.0,358.41,0.0,1.0,1,0.0,2195.0,44996.0,1.0,2.0,0.0,2.0,20.0,22017.0,68.0,3.0,12.0,4694.0,37.0,89500.0,2.0,2.0,2.0,14.0,1956.0,15635.0,35.7,0.0,0.0,77.0,39.0,1.0,1.0,0.0,10.0,7.0,0.0,5.0,13.0,6.0,6.0,3.0,21.0,25.0,13.0,23.0,0.0,0.0,0.0,3.0,100.0,0.0,0.0,0.0,121799.0,44996.0,24300.0,32299.0,0,0
13814,14975.0,0.17739999999999995,378.16,2,35800.0,1,0,n,64.77,0.0,1.0,14.0,0.0,39261.0,22.0,0,0.0,0.0,3010.52,3010.52,1321.09,1689.43,0.0,0.0,0.0,378.16,0.0,1.0,0,0.0,0.0,331818.0,0.0,2.0,0.0,0.0,29.0,21315.0,49.0,0.0,1.0,16362.0,63.0,52300.0,0.0,2.0,3.0,1.0,25524.0,7246.0,84.0,0.0,0.0,130.0,119.0,21.0,21.0,1.0,21.0,1.0,0.0,6.0,8.0,8.0,8.0,9.0,11.0,12.0,8.0,14.0,0.0,0.0,0.0,0.0,100.0,85.7,0.0,0.0,378265.0,60576.0,45300.0,43965.0,0,0
13875,40000.0,0.124,897.89,2,90000.0,1,0,n,23.61,0.0,2.0,21.0,0.0,17471.0,50.0,0,0.0,0.0,1768.22,1768.22,1099.05,669.17,0.0,0.0,0.0,0.0,0.0,1.0,1,0.0,0.0,370315.0,1.0,3.0,1.0,3.0,6.0,80903.0,90.0,2.0,7.0,2991.0,22.0,112900.0,3.0,7.0,4.0,11.0,17634.0,55435.0,9.4,0.0,0.0,197.0,156.0,8.0,6.0,3.0,8.0,0.0,0.0,4.0,9.0,7.0,7.0,21.0,17.0,26.0,9.0,21.0,0.0,0.0,0.0,4.0,100.0,0.0,0.0,0.0,477525.0,98374.0,61200.0,89372.0,0,0
13899,4000.0,0.124,133.63,3,60000.0,1,0,n,26.56,0.0,0.0,7.0,0.0,8370.0,7.0,1,0.0,0.0,554.01,554.01,374.95,154.06,0.0,25.0,4.5,0.0,0.0,1.0,1,0.0,0.0,32055.0,1.0,3.0,0.0,2.0,18.0,23685.0,56.0,1.0,1.0,7048.0,61.0,11000.0,1.0,1.0,0.0,3.0,5343.0,2630.0,76.1,0.0,0.0,36.0,109.0,2.0,2.0,0.0,2.0,24.0,0.0,3.0,3.0,4.0,4.0,3.0,4.0,4.0,3.0,7.0,0.0,0.0,0.0,1.0,100.0,33.3,0.0,0.0,53000.0,32055.0,11000.0,42000.0,0,0
13901,10000.0,0.16949999999999998,248.26,1,101000.0,1,0,n,21.14,0.0,0.0,10.0,0.0,17317.0,31.0,0,9921.24,9921.24,1139.77,1139.77,78.76,1061.01,0.0,0.0,0.0,124.13,0.0,1.0,1,0.0,0.0,69628.0,2.0,4.0,5.0,8.0,4.0,52311.0,87.0,3.0,7.0,5850.0,72.0,36600.0,3.0,6.0,5.0,16.0,6963.0,17680.0,41.3,0.0,0.0,132.0,132.0,6.0,4.0,0.0,6.0,4.0,0.0,3.0,4.0,5.0,10.0,15.0,6.0,14.0,4.0,10.0,0.0,0.0,0.0,9.0,100.0,40.0,0.0,0.0,96564.0,69628.0,30100.0,59964.0,0,0
13994,8000.0,0.1308,269.86,1,39200.0,1,0,n,22.65,0.0,3.0,15.0,0.0,6857.0,25.0,0,0.0,0.0,528.09,528.09,0.0,528.09,0.0,0.0,0.0,269.86,0.0,1.0,1,0.0,0.0,16704.0,0.0,1.0,2.0,3.0,7.0,9525.0,79.0,4.0,7.0,1750.0,22.0,62600.0,2.0,0.0,7.0,10.0,1193.0,52543.0,11.5,0.0,0.0,22.0,70.0,7.0,7.0,0.0,7.0,0.0,0.0,10.0,10.0,11.0,16.0,3.0,13.0,21.0,10.0,15.0,0.0,0.0,0.0,6.0,100.0,0.0,0.0,0.0,74981.0,16704.0,59400.0,12000.0,0,0
14091,7200.0,0.1862,262.55,2,90000.0,1,0,n,16.59,0.0,1.0,12.0,1.0,11666.0,17.0,0,5780.43,5780.43,2348.05,2348.05,1419.57,928.48,0.0,0.0,0.0,0.0,0.0,1.0,1,0.0,0.0,42579.0,1.0,1.0,1.0,2.0,7.0,30913.0,86.0,5.0,7.0,3446.0,80.0,17100.0,5.0,0.0,8.0,10.0,3548.0,740.0,91.9,0.0,0.0,149.0,137.0,5.0,5.0,1.0,8.0,5.0,2.0,4.0,7.0,4.0,5.0,4.0,10.0,12.0,7.0,12.0,0.0,0.0,0.0,6.0,100.0,75.0,1.0,0.0,53180.0,42579.0,9100.0,36080.0,0,0
14117,19125.0,0.1862,492.13,1,60000.0,1,0,n,24.0,0.0,0.0,8.0,0.0,5587.0,26.0,0,19125.0,19125.0,2030.34,2030.34,0.0,2030.34,0.0,0.0,0.0,492.13,0.0,1.0,1,0.0,0.0,33743.0,0.0,3.0,2.0,4.0,7.0,28156.0,82.0,2.0,2.0,1158.0,74.0,10900.0,1.0,2.0,2.0,6.0,4218.0,1642.0,41.4,0.0,0.0,49.0,96.0,10.0,7.0,0.0,57.0,7.0,7.0,1.0,3.0,1.0,8.0,6.0,5.0,20.0,3.0,8.0,0.0,0.0,0.0,4.0,57.7,0.0,0.0,0.0,45422.0,33743.0,2800.0,34522.0,0,0
14170,25000.0,0.1612,609.55,2,125000.0,0,0,n,13.46,0.0,1.0,11.0,0.0,23443.0,25.0,0,23663.34,23663.34,4422.07,4422.07,1336.66,3085.41,0.0,0.0,0.0,0.0,0.0,1.0,1,0.0,77.0,128083.0,1.0,3.0,1.0,2.0,8.0,18059.0,54.0,2.0,4.0,13934.0,48.0,52500.0,0.0,3.0,1.0,6.0,11644.0,20557.0,53.3,0.0,0.0,204.0,206.0,4.0,4.0,2.0,4.0,6.0,0.0,4.0,4.0,5.0,8.0,8.0,7.0,15.0,4.0,11.0,0.0,0.0,0.0,3.0,96.0,20.0,0.0,0.0,195366.0,41502.0,44000.0,33500.0,0,0
14176,9600.0,0.1524,333.92,1,64000.0,1,0,n,19.59,0.0,0.0,5.0,1.0,2829.0,10.0,0,9157.12,9157.12,1223.96,1223.96,442.88,781.08,0.0,0.0,0.0,0.0,0.0,1.0,1,0.0,0.0,23244.0,0.0,2.0,1.0,1.0,11.0,20415.0,71.0,0.0,1.0,915.0,70.0,4500.0,1.0,0.0,1.0,2.0,4649.0,772.0,66.4,0.0,0.0,183.0,30.0,19.0,11.0,0.0,28.0,11.0,0.0,2.0,3.0,2.0,4.0,5.0,3.0,5.0,3.0,5.0,0.0,0.0,0.0,1.0,100.0,0.0,1.0,0.0,33411.0,23244.0,2300.0,28911.0,0,0
14225,15000.0,0.2305,581.04,2,85000.0,1,0,n,21.09,0.0,1.0,10.0,0.0,28873.0,13.0,0,0.0,0.0,2304.7,2304.7,954.45,1350.25,0.0,0.0,0.0,0.0,0.0,1.0,1,0.0,0.0,267954.0,3.0,6.0,2.0,3.0,1.0,31027.0,65.0,2.0,2.0,22493.0,76.0,31000.0,0.0,0.0,1.0,5.0,26795.0,860.0,97.0,0.0,0.0,103.0,57.0,5.0,1.0,1.0,25.0,4.0,0.0,2.0,3.0,2.0,3.0,8.0,3.0,4.0,3.0,10.0,0.0,0.0,0.0,4.0,100.0,100.0,0.0,0.0,295299.0,59900.0,29000.0,47600.0,0,0
14391,15000.0,0.1033,321.15,2,45000.0,0,0,n,43.23,0.0,1.0,14.0,0.0,26402.0,49.0,0,0.0,0.0,625.08,625.08,192.02,433.06,0.0,0.0,0.0,321.15,0.0,1.0,0,0.0,0.0,151047.0,1.0,8.0,0.0,3.0,16.0,57728.0,70.0,2.0,4.0,13943.0,66.0,45000.0,4.0,22.0,1.0,7.0,10789.0,16870.0,50.4,0.0,0.0,175.0,140.0,6.0,6.0,2.0,6.0,6.0,0.0,3.0,4.0,3.0,11.0,25.0,5.0,22.0,4.0,14.0,0.0,0.0,0.0,2.0,100.0,0.0,0.0,0.0,226087.0,84130.0,34000.0,83087.0,0,0
14443,30000.0,0.28800000000000003,948.61,1,86000.0,1,0,n,15.77,0.0,0.0,7.0,0.0,20703.0,11.0,0,29987.39,29987.39,4647.06,4647.06,12.61,4634.45,0.0,0.0,0.0,474.31,0.0,1.0,1,0.0,0.0,38224.0,0.0,2.0,1.0,3.0,8.0,17521.0,80.0,0.0,0.0,8134.0,78.0,27300.0,2.0,2.0,2.0,3.0,5461.0,3693.0,81.4,0.0,0.0,89.0,71.0,32.0,8.0,0.0,34.0,8.0,1.0,3.0,5.0,3.0,4.0,5.0,5.0,6.0,5.0,7.0,0.0,0.0,0.0,1.0,90.9,66.7,0.0,0.0,49234.0,38224.0,19900.0,21934.0,0,0
14495,15350.0,0.2565,615.61,2,70000.0,0,0,n,12.27,0.0,2.0,18.0,1.0,17431.0,39.0,0,0.0,0.0,1187.47,1187.47,581.15,606.32,0.0,0.0,0.0,0.0,0.0,1.0,1,0.0,0.0,538048.0,3.0,9.0,1.0,1.0,9.0,52530.0,102.0,2.0,5.0,4082.0,89.0,27100.0,3.0,2.0,6.0,8.0,29892.0,4816.0,63.0,0.0,0.0,103.0,100.0,4.0,4.0,7.0,4.0,4.0,0.0,3.0,6.0,3.0,9.0,14.0,8.0,18.0,6.0,18.0,0.0,0.0,0.0,4.0,100.0,66.7,1.0,0.0,547675.0,69961.0,13000.0,51750.0,0,0
14520,12750.0,0.1862,464.92,2,124650.0,0,0,n,36.22,1.0,1.0,28.0,0.0,24747.0,54.0,0,0.0,0.0,1368.38,1368.38,813.74,554.64,0.0,0.0,0.0,0.0,0.0,1.0,0,0.0,0.0,383132.0,1.0,9.0,1.0,4.0,10.0,182495.0,78.0,1.0,6.0,7503.0,65.0,60600.0,2.0,7.0,4.0,13.0,13683.0,21615.0,45.6,0.0,0.0,166.0,137.0,8.0,4.0,4.0,19.0,5.0,0.0,7.0,12.0,8.0,10.0,21.0,18.0,29.0,12.0,28.0,0.0,0.0,0.0,3.0,94.2,50.0,0.0,0.0,463879.0,207242.0,39700.0,225023.0,0,0
14535,6000.0,0.17739999999999995,216.14,2,72000.0,1,0,n,13.43,0.0,0.0,9.0,0.0,4079.0,16.0,0,5347.21,5347.21,1501.15,1501.15,652.79,848.36,0.0,0.0,0.0,216.14,0.0,1.0,1,0.0,0.0,31885.0,0.0,2.0,0.0,1.0,21.0,27806.0,78.0,1.0,2.0,905.0,71.0,9100.0,1.0,0.0,3.0,4.0,3543.0,3472.0,26.1,0.0,0.0,185.0,52.0,7.0,7.0,1.0,7.0,1.0,3.0,2.0,5.0,3.0,3.0,9.0,6.0,6.0,5.0,9.0,0.0,0.0,0.0,2.0,100.0,66.7,0.0,0.0,44816.0,31885.0,4700.0,35716.0,0,0
14544,40000.0,0.1612,975.28,1,175000.0,1,0,n,18.22,0.0,3.0,16.0,0.0,25095.0,24.0,0,0.0,0.0,5269.66,5269.66,0.0,0.0,0.0,5269.66,948.5388,-975.28,0.0,1.0,1,0.0,0.0,29387.0,1.0,1.0,0.0,2.0,23.0,3309.0,10.0,1.0,6.0,3829.0,13.0,183400.0,0.0,2.0,3.0,8.0,1837.0,97955.0,12.1,0.0,0.0,52.0,94.0,4.0,4.0,0.0,4.0,0.0,0.0,8.0,11.0,10.0,14.0,5.0,14.0,18.0,11.0,16.0,0.0,0.0,0.0,1.0,100.0,0.0,0.0,0.0,232607.0,29387.0,111400.0,35000.0,0,0
14600,32000.0,0.08810000000000001,1014.77,1,113000.0,0,0,n,9.72,0.0,5.0,12.0,0.0,614.0,16.0,0,0.0,0.0,1443.61,1443.61,662.37,781.24,0.0,0.0,0.0,0.0,0.0,1.0,1,0.0,0.0,25720.0,2.0,1.0,1.0,1.0,2.0,25106.0,100.0,1.0,6.0,181.0,37.0,45400.0,1.0,0.0,5.0,7.0,2338.0,42674.0,0.5,0.0,0.0,36.0,147.0,2.0,2.0,0.0,2.0,1.0,0.0,4.0,5.0,10.0,11.0,3.0,11.0,13.0,5.0,12.0,0.0,0.0,0.0,2.0,100.0,0.0,0.0,0.0,70400.0,25720.0,42900.0,25000.0,0,0
14610,25000.0,0.17739999999999995,900.56,1,72000.0,0,0,n,38.05,0.0,0.0,12.0,0.0,10260.0,18.0,0,20536.18,20536.18,7155.2,7155.2,4463.82,2691.38,0.0,0.0,0.0,900.56,0.0,1.0,1,0.0,0.0,68766.0,0.0,2.0,0.0,2.0,22.0,57303.0,66.0,0.0,0.0,4400.0,53.0,35200.0,1.0,4.0,0.0,2.0,5731.0,24940.0,29.1,0.0,0.0,148.0,69.0,31.0,22.0,0.0,32.0,22.0,0.0,6.0,6.0,8.0,8.0,8.0,8.0,9.0,6.0,12.0,0.0,0.0,0.0,0.0,100.0,12.5,0.0,0.0,130510.0,68766.0,35200.0,87034.0,0,0
14643,25000.0,0.2305,968.4,1,100000.0,0,0,n,15.46,0.0,1.0,13.0,0.0,25478.0,14.0,0,22984.89,22984.89,6714.77,6714.77,2015.11,4699.66,0.0,0.0,0.0,968.4,0.0,1.0,1,0.0,0.0,35299.0,2.0,2.0,1.0,1.0,12.0,9821.0,49.0,3.0,8.0,7090.0,75.0,27100.0,1.0,1.0,2.0,9.0,2942.0,992.0,94.4,0.0,0.0,40.0,77.0,1.0,1.0,0.0,1.0,1.0,0.0,5.0,10.0,5.0,5.0,2.0,10.0,11.0,10.0,13.0,0.0,0.0,0.0,4.0,100.0,100.0,0.0,0.0,47100.0,35299.0,17600.0,20000.0,0,0
14683,6375.0,0.1102,208.77,1,36000.0,0,0,n,29.0,0.0,0.0,5.0,0.0,4913.0,27.0,0,5479.44,5479.44,1244.81,1244.81,895.56,349.25,0.0,0.0,0.0,208.77,0.0,1.0,1,0.0,0.0,28535.0,0.0,2.0,1.0,3.0,10.0,23622.0,77.0,0.0,0.0,2768.0,57.0,19400.0,2.0,0.0,1.0,3.0,5707.0,13662.0,25.8,0.0,0.0,223.0,150.0,37.0,10.0,0.0,37.0,10.0,0.0,2.0,3.0,2.0,4.0,18.0,3.0,9.0,3.0,5.0,0.0,0.0,0.0,1.0,100.0,0.0,0.0,0.0,49943.0,28535.0,18400.0,30543.0,0,0
14768,24975.0,0.1862,910.7,2,176000.0,1,0,n,23.09,0.0,1.0,27.0,0.0,11795.0,49.0,0,23518.31,23518.31,3433.67,3433.67,1456.69,1976.98,0.0,0.0,0.0,753.24,0.0,1.0,1,0.0,0.0,562926.0,1.0,18.0,0.0,3.0,15.0,102486.0,39.0,1.0,5.0,5585.0,26.0,60800.0,3.0,0.0,1.0,9.0,20849.0,45260.0,14.3,0.0,0.0,295.0,94.0,4.0,4.0,1.0,4.0,4.0,18.0,5.0,6.0,6.0,8.0,37.0,7.0,9.0,6.0,27.0,0.0,0.0,0.0,1.0,60.9,16.7,0.0,0.0,688024.0,116714.0,52800.0,159175.0,0,0
14780,11700.0,0.16949999999999998,290.47,3,78500.0,0,0,n,26.68,0.0,0.0,18.0,0.0,29413.0,32.0,0,10507.32,10507.32,2592.19,2592.19,1192.68,1399.51,0.0,0.0,0.0,0.0,0.0,1.0,1,0.0,0.0,63149.0,0.0,2.0,0.0,1.0,14.0,33736.0,77.0,0.0,2.0,6949.0,58.0,65500.0,0.0,1.0,1.0,3.0,3508.0,20053.0,54.5,0.0,0.0,151.0,214.0,15.0,14.0,0.0,15.0,1.0,0.0,7.0,11.0,8.0,15.0,4.0,16.0,28.0,11.0,18.0,0.0,0.0,0.0,0.0,100.0,50.0,0.0,0.0,109097.0,63149.0,44100.0,43597.0,0,0
14788,36000.0,0.0756,1120.82,2,80000.0,0,0,n,14.28,0.0,2.0,10.0,0.0,12542.0,22.0,0,0.0,0.0,5772.17,5772.17,4523.15,1249.02,0.0,0.0,0.0,198.31,0.0,1.0,1,0.0,0.0,238000.0,2.0,2.0,1.0,4.0,5.0,22651.0,71.0,1.0,2.0,7741.0,43.0,50000.0,2.0,7.0,4.0,7.0,23800.0,32458.0,27.9,0.0,0.0,142.0,118.0,2.0,2.0,1.0,2.0,2.0,0.0,4.0,4.0,6.0,9.0,9.0,7.0,12.0,4.0,10.0,0.0,0.0,0.0,3.0,100.0,0.0,0.0,0.0,287903.0,35193.0,45000.0,31707.0,0,0
14812,30000.0,0.0819,611.03,2,55000.0,1,0,n,55.67,1.0,1.0,24.0,0.0,18817.0,42.0,0,0.0,0.0,1805.79,1805.79,750.25,1055.54,0.0,0.0,0.0,0.0,0.0,1.0,0,0.0,0.0,252169.0,1.0,5.0,2.0,4.0,5.0,96190.0,78.0,0.0,0.0,4807.0,52.0,56300.0,1.0,0.0,2.0,4.0,10964.0,18075.0,42.4,0.0,0.0,105.0,321.0,31.0,5.0,2.0,39.0,1.0,0.0,5.0,10.0,7.0,7.0,15.0,17.0,24.0,10.0,24.0,0.0,0.0,0.0,2.0,97.6,28.6,0.0,0.0,451723.0,117013.0,31400.0,106501.0,0,0
14815,1800.0,0.1524,62.61,3,27000.0,0,0,n,26.36,0.0,0.0,9.0,0.0,1630.0,18.0,0,1563.3,1563.3,436.75,436.75,236.7,200.05,0.0,0.0,0.0,0.0,0.0,1.0,1,0.0,188.0,15717.0,1.0,2.0,1.0,1.0,8.0,14087.0,68.0,2.0,4.0,924.0,47.0,12500.0,2.0,0.0,1.0,5.0,1746.0,76.0,92.4,0.0,0.0,139.0,145.0,1.0,1.0,0.0,15.0,8.0,0.0,1.0,3.0,1.0,3.0,5.0,7.0,13.0,3.0,9.0,0.0,0.0,0.0,3.0,100.0,100.0,0.0,0.0,33232.0,15717.0,1000.0,20732.0,0,0
14900,10000.0,0.2055,374.45,3,40414.0,0,0,n,20.02,0.0,1.0,12.0,0.0,7138.0,14.0,0,0.0,0.0,1474.97,1474.97,833.92,641.05,0.0,0.0,0.0,374.45,0.0,1.0,1,0.0,0.0,76650.0,2.0,2.0,1.0,1.0,9.0,69512.0,87.0,5.0,6.0,2631.0,42.0,26400.0,1.0,0.0,2.0,7.0,6388.0,15936.0,29.2,0.0,0.0,114.0,32.0,2.0,2.0,0.0,2.0,2.0,0.0,4.0,6.0,7.0,7.0,3.0,10.0,11.0,6.0,12.0,0.0,0.0,0.0,6.0,100.0,14.3,0.0,0.0,91457.0,76650.0,22500.0,65057.0,0,0
14919,10000.0,0.2565,401.05,1,125000.0,0,0,n,5.42,0.0,1.0,14.0,0.0,4429.0,25.0,1,9149.44,9149.44,2811.75,2811.75,850.56,1961.19,0.0,0.0,0.0,430.0,0.0,1.0,1,0.0,2277.0,33567.0,3.0,6.0,0.0,1.0,16.0,25548.0,110.0,4.0,4.0,9.0,81.0,14800.0,0.0,1.0,1.0,6.0,2398.0,8991.0,0.1,0.0,0.0,129.0,53.0,3.0,3.0,0.0,4.0,3.0,1.0,1.0,2.0,4.0,4.0,16.0,7.0,7.0,2.0,14.0,0.0,0.0,0.0,5.0,92.0,0.0,0.0,0.0,41698.0,33567.0,9000.0,23308.0,0,0
14932,9550.0,0.1171,315.88,1,63000.0,1,0,n,20.48,0.0,0.0,7.0,0.0,5652.0,17.0,0,8516.2,8516.2,1882.85,1882.85,1033.8,849.05,0.0,0.0,0.0,315.88,0.0,1.0,1,0.0,0.0,66391.0,0.0,5.0,3.0,4.0,7.0,60739.0,82.0,0.0,0.0,5041.0,82.0,6700.0,3.0,1.0,3.0,4.0,9484.0,1048.0,84.4,0.0,0.0,209.0,157.0,37.0,7.0,0.0,37.0,3.0,5.0,2.0,2.0,2.0,7.0,10.0,2.0,7.0,2.0,7.0,0.0,0.0,0.0,3.0,70.6,50.0,0.0,0.0,80585.0,66391.0,6700.0,73885.0,0,0
15041,25000.0,0.2305,968.4,2,112000.0,1,0,n,22.99,0.0,0.0,10.0,1.0,33906.0,16.0,0,0.0,0.0,904.37,904.37,488.19,416.18,0.0,0.0,0.0,0.0,0.0,1.0,1,0.0,0.0,62714.0,0.0,2.0,0.0,1.0,24.0,28808.0,65.0,1.0,3.0,13255.0,65.0,52400.0,1.0,0.0,1.0,4.0,6968.0,9273.0,77.3,0.0,0.0,154.0,198.0,7.0,7.0,0.0,23.0,7.0,0.0,4.0,6.0,6.0,7.0,5.0,8.0,11.0,6.0,10.0,0.0,0.0,0.0,1.0,100.0,40.0,1.0,0.0,96850.0,62714.0,40800.0,44450.0,0,0
15047,28000.0,0.2305,790.14,2,39000.0,0,0,n,24.1,0.0,0.0,9.0,0.0,809.0,18.0,0,27806.22,27806.22,5459.27,5459.27,193.78,5265.49,0.0,0.0,0.0,0.0,0.0,1.0,1,0.0,325.0,18937.0,0.0,2.0,0.0,3.0,18.0,16958.0,68.0,0.0,0.0,760.0,47.0,12300.0,1.0,0.0,0.0,4.0,2104.0,10291.0,7.3,0.0,0.0,96.0,150.0,53.0,18.0,0.0,53.0,20.0,0.0,5.0,5.0,5.0,7.0,9.0,6.0,8.0,5.0,9.0,0.0,0.0,0.0,0.0,100.0,0.0,0.0,0.0,40204.0,18937.0,11100.0,24857.0,0,0
15102,15000.0,0.2305,581.04,2,52000.0,0,0,n,23.45,0.0,1.0,7.0,0.0,11655.0,23.0,1,15000.0,15000.0,1723.91,1723.91,0.0,1723.91,0.0,0.0,0.0,581.04,0.0,1.0,1,0.0,0.0,31412.0,1.0,1.0,1.0,2.0,5.0,19757.0,93.0,0.0,1.0,6684.0,67.0,25300.0,2.0,0.0,1.0,3.0,5235.0,13645.0,46.1,0.0,0.0,70.0,101.0,23.0,5.0,0.0,23.0,4.0,0.0,4.0,4.0,5.0,10.0,10.0,6.0,13.0,4.0,7.0,0.0,0.0,0.0,1.0,95.7,40.0,0.0,0.0,46575.0,31412.0,25300.0,21275.0,0,0
15121,19000.0,0.28800000000000003,600.79,3,45000.0,0,0,n,27.71,0.0,0.0,21.0,0.0,11909.0,22.0,0,0.0,0.0,589.99,589.99,144.79,395.2,0.0,50.0,9.0,0.0,0.0,1.0,1,0.0,76.0,41615.0,1.0,8.0,1.0,1.0,6.0,29706.0,86.0,0.0,1.0,4984.0,57.0,39100.0,0.0,0.0,1.0,2.0,1982.0,23043.0,33.2,0.0,0.0,91.0,94.0,20.0,6.0,0.0,20.0,6.0,0.0,5.0,6.0,8.0,8.0,9.0,13.0,13.0,6.0,21.0,0.0,0.0,0.0,1.0,95.5,25.0,0.0,0.0,73525.0,41615.0,34500.0,34425.0,0,0
15146,18000.0,0.17739999999999995,454.54,2,75000.0,1,0,n,30.56,0.0,0.0,18.0,0.0,11069.0,52.0,0,17044.44,17044.44,3146.3,3146.3,955.56,2190.74,0.0,0.0,0.0,454.54,0.0,1.0,1,0.0,0.0,214365.0,1.0,5.0,2.0,2.0,7.0,28533.0,46.0,1.0,7.0,6731.0,42.0,32700.0,0.0,12.0,1.0,12.0,11909.0,15973.0,37.1,0.0,0.0,150.0,161.0,9.0,6.0,6.0,18.0,9.0,2.0,5.0,8.0,7.0,13.0,23.0,12.0,23.0,8.0,18.0,0.0,0.0,0.0,4.0,92.3,28.6,0.0,0.0,270178.0,39602.0,25400.0,61603.0,0,0
15159,30000.0,0.1862,1093.93,2,72000.0,1,0,n,12.37,0.0,0.0,7.0,1.0,18341.0,11.0,0,27758.89,27758.89,5407.58,5407.58,2241.11,3166.47,0.0,0.0,0.0,0.0,0.0,1.0,1,0.0,0.0,268129.0,2.0,1.0,1.0,1.0,2.0,15039.0,100.0,1.0,1.0,8567.0,63.0,37900.0,0.0,1.0,2.0,3.0,44688.0,15059.0,54.9,0.0,0.0,104.0,200.0,4.0,2.0,1.0,4.0,7.0,0.0,3.0,3.0,4.0,6.0,2.0,5.0,8.0,3.0,7.0,0.0,0.0,0.0,3.0,100.0,66.7,1.0,0.0,288900.0,33380.0,33400.0,15000.0,0,0
15226,20000.0,0.2565,594.68,2,60000.0,1,0,n,39.5,0.0,0.0,13.0,0.0,12828.0,21.0,0,0.0,0.0,3511.08,3511.08,1264.15,2246.93,0.0,0.0,0.0,0.0,0.0,1.0,1,0.0,0.0,64120.0,0.0,3.0,1.0,2.0,8.0,51292.0,84.0,1.0,2.0,2965.0,68.0,23700.0,2.0,0.0,2.0,4.0,4932.0,8031.0,55.9,0.0,0.0,78.0,69.0,8.0,8.0,1.0,8.0,5.0,0.0,6.0,8.0,8.0,8.0,9.0,10.0,11.0,8.0,13.0,0.0,0.0,0.0,2.0,100.0,75.0,0.0,0.0,91822.0,64120.0,18200.0,68122.0,0,0
15269,20000.0,0.2055,536.02,2,165000.0,1,0,n,9.27,0.0,1.0,10.0,1.0,49752.0,18.0,0,18788.02,18788.02,3706.47,3706.47,1211.98,2494.49,0.0,0.0,0.0,0.0,0.0,1.0,1,0.0,0.0,364112.0,0.0,1.0,0.0,3.0,15.0,24250.0,76.0,0.0,3.0,6749.0,67.0,132700.0,0.0,6.0,2.0,6.0,40457.0,9424.0,54.5,0.0,0.0,68.0,174.0,14.0,14.0,4.0,24.0,0.0,0.0,3.0,5.0,4.0,5.0,5.0,8.0,9.0,5.0,10.0,0.0,0.0,0.0,0.0,100.0,25.0,1.0,0.0,464646.0,74002.0,20700.0,31946.0,0,0
15304,31000.0,0.1524,741.4,1,72800.0,1,0,n,32.35,0.0,0.0,22.0,0.0,31264.0,41.0,0,0.0,0.0,0.0,0.0,0.0,0.0,0.0,0.0,0.0,0.0,0.0,1.0,1,0.0,0.0,76582.0,0.0,12.0,1.0,6.0,7.0,45318.0,62.0,0.0,0.0,7909.0,67.0,40800.0,0.0,13.0,1.0,6.0,3647.0,5920.0,78.2,0.0,0.0,164.0,150.0,40.0,7.0,0.0,40.0,7.0,0.0,4.0,8.0,5.0,6.0,28.0,10.0,13.0,8.0,22.0,0.0,0.0,0.0,1.0,100.0,40.0,0.0,0.0,113974.0,76582.0,27200.0,73174.0,0,0
15463,10000.0,0.2305,387.36,2,25500.0,1,0,n,39.01,0.0,0.0,12.0,0.0,11435.0,15.0,0,8261.23,8261.23,3460.63,3460.63,1738.77,1721.86,0.0,0.0,0.0,387.36,0.0,1.0,0,0.0,0.0,39021.0,3.0,2.0,2.0,3.0,3.0,27586.0,95.0,2.0,4.0,4399.0,63.0,33500.0,3.0,1.0,0.0,7.0,3252.0,17391.0,37.0,0.0,0.0,23.0,44.0,2.0,2.0,0.0,2.0,20.0,0.0,4.0,6.0,6.0,7.0,3.0,10.0,12.0,6.0,12.0,0.0,0.0,0.0,4.0,100.0,0.0,0.0,0.0,62480.0,39021.0,27600.0,28980.0,0,0
15712,8000.0,0.1612,281.74,1,65000.0,0,0,n,9.23,0.0,1.0,6.0,0.0,6400.0,11.0,0,0.0,0.0,1394.37,1394.37,895.09,499.28,0.0,0.0,0.0,0.0,0.0,1.0,1,0.0,0.0,14740.0,0.0,1.0,0.0,1.0,18.0,8340.0,83.0,1.0,3.0,2794.0,86.0,7100.0,2.0,0.0,2.0,4.0,2457.0,600.0,90.9,0.0,0.0,18.0,162.0,8.0,8.0,0.0,16.0,4.0,0.0,3.0,4.0,4.0,8.0,1.0,5.0,9.0,4.0,6.0,0.0,0.0,0.0,1.0,100.0,75.0,0.0,0.0,17100.0,14740.0,6600.0,10000.0,0,0
15759,12750.0,0.1308,430.09,2,83500.0,0,0,n,28.0,1.0,0.0,12.0,1.0,12430.0,38.0,0,0.0,0.0,1701.83,1701.83,1183.64,518.19,0.0,0.0,0.0,0.0,0.0,1.0,1,0.0,0.0,162795.0,3.0,3.0,2.0,4.0,5.0,45791.0,90.0,2.0,2.0,3854.0,67.0,36000.0,3.0,1.0,4.0,7.0,13566.0,17049.0,41.4,0.0,0.0,141.0,222.0,2.0,2.0,4.0,9.0,5.0,0.0,4.0,5.0,4.0,10.0,13.0,8.0,21.0,5.0,12.0,0.0,0.0,0.0,5.0,90.3,0.0,1.0,0.0,191843.0,58221.0,29100.0,50843.0,0,0
15768,6300.0,0.0702,194.59,1,238000.0,1,0,n,24.71,0.0,2.0,30.0,0.0,23108.0,71.0,0,4390.17,4390.17,2099.14,2099.14,1909.83,189.31,0.0,0.0,0.0,25.69,0.0,1.0,1,0.0,0.0,148285.0,4.0,4.0,4.0,8.0,2.0,125177.0,87.0,3.0,4.0,23000.0,14.0,218500.0,1.0,6.0,2.0,12.0,4943.0,149492.0,13.3,0.0,0.0,125.0,124.0,2.0,2.0,0.0,2.0,0.0,0.0,2.0,3.0,20.0,27.0,28.0,26.0,42.0,3.0,30.0,0.0,0.0,0.0,7.0,100.0,5.0,0.0,0.0,382669.0,148285.0,172500.0,164169.0,0,0
15775,15950.0,0.28800000000000003,666.67,3,87000.0,1,0,n,18.66,0.0,0.0,12.0,0.0,14326.0,30.0,1,0.0,0.0,2641.16,2641.16,1177.02,1464.14,0.0,0.0,0.0,0.0,0.0,1.0,1,0.0,191.0,71220.0,1.0,7.0,2.0,2.0,4.0,56894.0,97.0,2.0,4.0,9353.0,85.0,24700.0,2.0,1.0,6.0,6.0,5935.0,174.0,98.8,0.0,0.0,112.0,276.0,8.0,4.0,0.0,8.0,2.0,0.0,3.0,3.0,3.0,12.0,15.0,5.0,15.0,3.0,12.0,0.0,0.0,0.0,4.0,100.0,100.0,0.0,0.0,83394.0,71220.0,14500.0,58694.0,0,0
15798,25000.0,0.17739999999999995,900.56,1,95000.0,1,0,n,17.89,0.0,1.0,17.0,0.0,23176.0,24.0,0,0.0,0.0,2652.4,2652.4,875.0,1777.4,0.0,0.0,0.0,900.56,0.0,1.0,1,0.0,0.0,114269.0,0.0,10.0,1.0,1.0,7.0,91093.0,82.0,0.0,3.0,10777.0,84.0,26400.0,0.0,2.0,2.0,4.0,6722.0,1011.0,95.5,0.0,0.0,137.0,60.0,17.0,7.0,0.0,17.0,4.0,0.0,4.0,6.0,4.0,4.0,16.0,7.0,8.0,6.0,17.0,0.0,0.0,0.0,1.0,100.0,75.0,0.0,0.0,112978.0,114269.0,22500.0,86578.0,0,0
15829,35000.0,0.14300000000000002,1201.33,1,60000.0,0,0,n,27.62,0.0,0.0,13.0,0.0,34211.0,14.0,0,0.0,0.0,0.0,0.0,0.0,0.0,0.0,0.0,0.0,0.0,0.0,1.0,0,0.0,0.0,48655.0,1.0,1.0,0.0,0.0,35.0,14444.0,57.0,1.0,1.0,10407.0,60.0,56200.0,0.0,1.0,1.0,1.0,3743.0,12655.0,72.1,0.0,0.0,35.0,156.0,3.0,3.0,0.0,36.0,12.0,0.0,8.0,10.0,9.0,9.0,1.0,12.0,13.0,10.0,13.0,0.0,0.0,0.0,1.0,100.0,44.4,0.0,0.0,81551.0,48655.0,45400.0,25351.0,0,0
15830,6600.0,0.1102,216.14,1,35000.0,1,0,n,14.54,1.0,0.0,10.0,0.0,6412.0,19.0,0,6210.79,6210.79,974.86,974.86,389.21,585.65,0.0,0.0,0.0,216.14,0.0,1.0,1,0.0,0.0,19413.0,0.0,1.0,0.0,2.0,22.0,13001.0,78.0,2.0,5.0,2985.0,53.0,20100.0,1.0,0.0,1.0,7.0,2157.0,11419.0,28.6,0.0,0.0,59.0,127.0,7.0,7.0,0.0,7.0,7.0,1.0,2.0,4.0,5.0,7.0,3.0,9.0,16.0,4.0,10.0,0.0,0.0,0.0,2.0,84.2,20.0,0.0,0.0,36704.0,19413.0,16000.0,16604.0,0,0
15859,6500.0,0.2305,251.79,1,40000.0,0,0,n,26.07,0.0,1.0,12.0,0.0,5842.0,16.0,0,0.0,0.0,995.39,995.39,114.45,120.69,0.0,760.25,136.845,0.0,0.0,1.0,1,0.0,0.0,30748.0,3.0,4.0,3.0,5.0,2.0,24906.0,94.0,1.0,2.0,3008.0,64.0,21600.0,2.0,4.0,1.0,7.0,2562.0,7492.0,28.6,0.0,0.0,17.0,67.0,7.0,2.0,0.0,7.0,2.0,0.0,1.0,4.0,4.0,6.0,5.0,8.0,11.0,4.0,12.0,0.0,0.0,0.0,4.0,100.0,25.0,0.0,0.0,48100.0,30748.0,10500.0,26500.0,0,0
15936,21000.0,0.1862,540.38,2,47000.0,0,0,n,13.3,0.0,0.0,8.0,0.0,12583.0,14.0,0,20991.84,20991.84,1577.69,1577.69,8.16,1569.53,0.0,0.0,0.0,270.19,0.0,1.0,1,0.0,57.0,238485.0,0.0,1.0,0.0,0.0,50.0,12259.0,111.0,0.0,0.0,5122.0,74.0,22500.0,1.0,1.0,1.0,1.0,29811.0,3940.0,71.9,0.0,0.0,77.0,78.0,41.0,7.0,1.0,41.0,11.0,0.0,3.0,5.0,3.0,4.0,3.0,6.0,10.0,5.0,8.0,0.0,0.0,0.0,1.0,100.0,66.7,0.0,0.0,248533.0,24842.0,14000.0,11000.0,0,0
16004,2000.0,0.2305,77.48,1,88000.0,1,0,n,20.89,0.0,1.0,12.0,1.0,9939.0,31.0,0,0.0,0.0,304.8,304.8,160.81,143.99,0.0,0.0,0.0,0.0,0.0,1.0,1,0.0,0.0,53324.0,4.0,4.0,9.0,14.0,4.0,43385.0,77.0,0.0,1.0,3576.0,77.0,12900.0,4.0,9.0,1.0,15.0,4444.0,824.0,81.3,0.0,0.0,68.0,245.0,20.0,4.0,0.0,30.0,5.0,0.0,1.0,5.0,2.0,3.0,20.0,8.0,11.0,5.0,12.0,0.0,0.0,0.0,9.0,96.8,50.0,1.0,0.0,69180.0,53324.0,4400.0,56280.0,0,0
16017,15000.0,0.17739999999999995,540.34,1,115000.0,1,0,n,34.14,0.0,1.0,9.0,0.0,30829.0,20.0,1,0.0,0.0,1076.11,1076.11,641.89,409.22,0.0,25.0,4.5,540.34,0.0,1.0,1,0.0,0.0,238186.0,0.0,3.0,1.0,5.0,10.0,207357.0,81.0,2.0,2.0,10265.0,74.0,43200.0,1.0,0.0,3.0,7.0,26465.0,11871.0,72.2,0.0,0.0,55.0,118.0,10.0,10.0,0.0,10.0,1.0,0.0,5.0,5.0,5.0,6.0,13.0,6.0,7.0,5.0,9.0,0.0,0.0,0.0,3.0,100.0,40.0,0.0,0.0,268345.0,238186.0,42700.0,225145.0,0,0
16075,9600.0,0.14300000000000002,329.51,2,32000.0,0,0,n,39.42,0.0,1.0,10.0,0.0,11923.0,12.0,1,8739.6,8739.6,1639.92,1639.92,860.4,779.52,0.0,0.0,0.0,329.51,0.0,1.0,1,0.0,0.0,27282.0,2.0,1.0,0.0,0.0,43.0,15359.0,53.0,3.0,3.0,3111.0,46.0,30500.0,0.0,0.0,1.0,3.0,3031.0,17492.0,29.2,0.0,0.0,43.0,130.0,2.0,2.0,0.0,2.0,4.0,1.0,5.0,7.0,6.0,7.0,1.0,9.0,11.0,7.0,10.0,0.0,0.0,0.0,3.0,91.7,0.0,0.0,0.0,59500.0,27282.0,24700.0,29000.0,0,0
16168,35000.0,0.17739999999999995,1260.78,2,80002.0,1,0,n,13.37,1.0,1.0,9.0,0.0,36134.0,13.0,0,0.0,0.0,7530.19,7530.19,4628.31,2901.88,0.0,0.0,0.0,1260.78,0.0,1.0,1,0.0,104.0,337623.0,4.0,1.0,0.0,0.0,33.0,1089.0,9.0,4.0,5.0,8351.0,23.0,78500.0,0.0,0.0,3.0,5.0,37514.0,26506.0,27.4,0.0,0.0,146.0,152.0,1.0,1.0,3.0,1.0,1.0,1.0,2.0,3.0,5.0,5.0,3.0,6.0,7.0,3.0,9.0,0.0,0.0,1.0,4.0,90.9,40.0,0.0,0.0,411372.0,37223.0,36500.0,12213.0,0,0
16173,10000.0,0.2055,268.01,1,69000.0,1,0,n,23.41,0.0,2.0,17.0,0.0,21678.0,20.0,0,0.0,0.0,256.59,256.59,0.0,256.59,0.0,0.0,0.0,0.0,0.0,1.0,1,0.0,0.0,45199.0,2.0,2.0,0.0,1.0,22.0,23279.0,71.0,2.0,6.0,4024.0,60.0,41500.0,0.0,4.0,3.0,7.0,2659.0,18525.0,45.4,0.0,0.0,58.0,58.0,3.0,3.0,0.0,3.0,3.0,0.0,10.0,13.0,11.0,13.0,3.0,14.0,16.0,13.0,17.0,0.0,0.0,0.0,2.0,100.0,72.7,0.0,0.0,74877.0,45199.0,33900.0,32770.0,0,0
16181,33675.0,0.0756,1048.44,2,96000.0,0,0,n,22.0,0.0,0.0,18.0,0.0,8705.0,29.0,0,26910.43,26910.43,8373.38,8373.38,6764.57,1608.81,0.0,0.0,0.0,0.0,0.0,1.0,1,0.0,580.0,299815.0,2.0,7.0,0.0,2.0,16.0,57671.0,56.0,4.0,5.0,3503.0,28.0,78500.0,1.0,0.0,2.0,8.0,16656.0,53585.0,12.7,0.0,0.0,164.0,247.0,6.0,3.0,2.0,6.0,4.0,0.0,3.0,4.0,7.0,9.0,12.0,10.0,15.0,4.0,18.0,0.0,0.0,0.0,5.0,100.0,0.0,0.0,0.0,398716.0,66376.0,61400.0,86100.0,0,0
16225,19200.0,0.2055,514.58,1,90000.0,0,0,n,6.83,0.0,1.0,18.0,0.0,21611.0,48.0,0,18036.49,18036.49,3065.56,3065.56,1163.51,1902.05,0.0,0.0,0.0,514.58,0.0,1.0,1,0.0,0.0,172400.0,0.0,10.0,0.0,0.0,47.0,150789.0,146.0,0.0,0.0,12524.0,103.0,48700.0,0.0,2.0,3.0,0.0,9578.0,20020.0,44.7,0.0,0.0,193.0,231.0,25.0,25.0,2.0,30.0,0.0,0.0,4.0,5.0,6.0,6.0,24.0,8.0,11.0,6.0,18.0,0.0,0.0,0.0,0.0,97.6,33.3,0.0,0.0,139464.0,172400.0,36200.0,90764.0,0,0
16229,33675.0,0.1308,767.59,1,170000.0,1,0,n,10.19,0.0,2.0,13.0,0.0,14409.0,22.0,0,0.0,0.0,0.0,0.0,0.0,0.0,0.0,0.0,0.0,0.0,0.0,1.0,1,0.0,0.0,66922.0,2.0,2.0,0.0,2.0,17.0,52513.0,42.0,3.0,6.0,14016.0,14.0,135300.0,1.0,0.0,2.0,8.0,5577.0,100891.0,12.5,0.0,0.0,31.0,144.0,5.0,5.0,0.0,5.0,1.0,0.0,2.0,2.0,10.0,17.0,4.0,11.0,18.0,2.0,13.0,0.0,0.0,0.0,3.0,100.0,11.1,0.0,0.0,203194.0,66922.0,115300.0,67894.0,0,0
16286,20000.0,0.1308,455.89,1,44000.0,0,0,n,17.18,0.0,0.0,3.0,0.0,7088.0,5.0,0,18635.78,18635.78,3176.7,3176.7,1364.22,1812.48,0.0,0.0,0.0,455.89,0.0,1.0,1,0.0,0.0,26121.0,0.0,1.0,0.0,1.0,13.0,19033.0,87.0,0.0,0.0,5800.0,57.0,23500.0,0.0,0.0,0.0,1.0,8707.0,16412.0,30.2,0.0,0.0,29.0,106.0,71.0,13.0,0.0,71.0,19.0,0.0,2.0,2.0,2.0,3.0,2.0,2.0,3.0,2.0,3.0,0.0,0.0,0.0,0.0,100.0,0.0,0.0,0.0,45500.0,26121.0,23500.0,22000.0,0,0
16294,40000.0,0.1033,856.4,2,100480.0,1,0,n,32.96,0.0,1.0,18.0,0.0,24115.0,41.0,0,0.0,0.0,2546.24,2546.24,1538.28,1007.96,0.0,0.0,0.0,0.0,0.0,1.0,1,0.0,0.0,409632.0,1.0,3.0,0.0,4.0,19.0,158928.0,71.0,1.0,3.0,7910.0,39.0,86700.0,0.0,9.0,2.0,10.0,24096.0,29115.0,39.5,0.0,0.0,130.0,161.0,11.0,6.0,5.0,11.0,1.0,0.0,3.0,4.0,7.0,9.0,19.0,14.0,17.0,4.0,18.0,0.0,0.0,0.0,2.0,100.0,28.6,0.0,0.0,497836.0,183043.0,48100.0,183136.0,0,0
16302,7200.0,0.0819,226.26,1,100000.0,0,0,n,11.5,0.0,0.0,8.0,0.0,3842.0,9.0,0,0.0,0.0,1150.17,1150.17,177.12,45.86,0.0,927.19,166.8942,0.0,0.0,1.0,1,0.0,0.0,24391.0,0.0,2.0,1.0,1.0,10.0,20549.0,48.0,0.0,0.0,1940.0,37.0,23900.0,1.0,0.0,2.0,1.0,3049.0,19010.0,13.6,0.0,0.0,59.0,89.0,47.0,10.0,0.0,47.0,1.0,0.0,3.0,4.0,5.0,5.0,3.0,6.0,6.0,4.0,8.0,0.0,0.0,0.0,1.0,100.0,0.0,0.0,0.0,66605.0,24391.0,22000.0,42705.0,0,0
16308,21050.0,0.1612,513.24,2,82000.0,1,0,n,16.92,0.0,0.0,24.0,0.0,10399.0,49.0,0,20204.1,20204.1,3060.59,3060.59,845.9,2214.69,0.0,0.0,0.0,0.0,0.0,1.0,1,0.0,617.0,47150.0,1.0,1.0,2.0,2.0,9.0,29319.0,92.0,3.0,5.0,2800.0,38.0,72000.0,3.0,0.0,3.0,7.0,1965.0,44199.0,18.6,0.0,0.0,113.0,170.0,6.0,6.0,1.0,6.0,9.0,1.0,8.0,9.0,14.0,23.0,10.0,22.0,38.0,9.0,24.0,0.0,0.0,0.0,5.0,97.9,0.0,0.0,0.0,115574.0,39718.0,54300.0,31900.0,0,0
16312,6500.0,0.2055,243.39,2,15000.0,1,0,n,154.4,1.0,0.0,5.0,0.0,1622.0,7.0,0,5408.82,5408.82,1939.7,1939.7,1091.18,848.52,0.0,0.0,0.0,0.0,0.0,1.0,0,0.0,0.0,54773.0,0.0,4.0,0.0,3.0,15.0,53151.0,69.0,0.0,0.0,1622.0,70.0,2000.0,2.0,2.0,0.0,3.0,10955.0,378.0,81.1,0.0,0.0,114.0,152.0,44.0,15.0,0.0,44.0,19.0,0.0,1.0,1.0,1.0,2.0,5.0,1.0,2.0,1.0,5.0,0.0,0.0,0.0,0.0,85.7,100.0,0.0,0.0,78670.0,54773.0,2000.0,76670.0,0,0
16328,3000.0,0.1862,109.4,2,90000.0,1,0,n,22.48,1.0,1.0,22.0,0.0,12446.0,30.0,0,2607.97,2607.97,653.3,653.3,392.03,261.27,0.0,0.0,0.0,109.4,0.0,1.0,1,0.0,0.0,164813.0,0.0,2.0,0.0,1.0,22.0,9612.0,33.0,5.0,9.0,3119.0,40.0,26200.0,2.0,0.0,6.0,10.0,7492.0,2263.0,77.1,0.0,0.0,34.0,393.0,9.0,9.0,2.0,9.0,1.0,0.0,7.0,13.0,7.0,8.0,2.0,19.0,26.0,13.0,22.0,0.0,0.0,0.0,5.0,63.3,42.9,0.0,0.0,231407.0,22058.0,9900.0,29607.0,0,0
16338,10000.0,0.1033,324.23,1,58127.0,0,0,n,16.35,1.0,0.0,10.0,0.0,13213.0,20.0,0,0.0,0.0,966.95,966.95,720.61,246.34,0.0,0.0,0.0,0.0,0.0,1.0,1,0.0,0.0,22958.0,1.0,1.0,0.0,0.0,39.0,9745.0,33.0,1.0,1.0,5484.0,27.0,55700.0,0.0,0.0,0.0,1.0,2296.0,30321.0,30.3,0.0,0.0,86.0,186.0,3.0,3.0,0.0,105.0,20.0,1.0,5.0,6.0,6.0,9.0,4.0,9.0,16.0,6.0,10.0,0.0,0.0,1.0,1.0,95.0,16.7,0.0,0.0,84937.0,22958.0,43500.0,29237.0,0,0
16346,18000.0,0.2055,674.0,1,55000.0,0,0,n,23.72,0.0,1.0,10.0,0.0,10019.0,12.0,1,15304.4,15304.4,4697.45,4697.45,2695.6,2001.85,0.0,0.0,0.0,674.0,0.0,1.0,1,0.0,0.0,30127.0,1.0,2.0,1.0,2.0,10.0,20108.0,79.0,3.0,4.0,2320.0,59.0,25700.0,0.0,0.0,2.0,6.0,3013.0,15681.0,39.0,0.0,0.0,81.0,55.0,2.0,2.0,0.0,2.0,2.0,0.0,8.0,8.0,8.0,8.0,4.0,8.0,8.0,8.0,10.0,0.0,0.0,0.0,4.0,100.0,37.5,0.0,0.0,51284.0,30127.0,25700.0,25584.0,0,0
16388,21275.0,0.2055,570.19,2,74000.0,0,0,n,28.78,0.0,1.0,24.0,0.0,44099.0,44.0,0,0.0,0.0,2256.47,2256.47,805.6,1450.87,0.0,0.0,0.0,0.0,0.0,1.0,1,0.0,4585.0,61455.0,0.0,1.0,0.0,1.0,13.0,17356.0,87.0,0.0,1.0,14488.0,46.0,113900.0,2.0,2.0,2.0,2.0,2561.0,62563.0,37.4,0.0,0.0,88.0,495.0,23.0,13.0,0.0,33.0,0.0,0.0,10.0,14.0,14.0,18.0,3.0,22.0,40.0,14.0,24.0,0.0,0.0,0.0,0.0,97.7,14.3,0.0,0.0,134270.0,61455.0,99900.0,20000.0,0,0
16507,30000.0,0.2055,1123.34,1,100000.0,0,0,n,17.56,0.0,2.0,12.0,0.0,11909.0,17.0,0,0.0,0.0,5158.33,5158.33,609.59,479.5,0.0,4069.24,732.4632,0.0,0.0,1.0,1,0.0,0.0,46873.0,2.0,3.0,2.0,2.0,3.0,34964.0,76.0,0.0,0.0,5817.0,49.0,48600.0,1.0,0.0,2.0,2.0,3906.0,30691.0,28.0,0.0,0.0,199.0,135.0,32.0,3.0,1.0,32.0,1.0,0.0,5.0,5.0,7.0,7.0,4.0,8.0,11.0,5.0,12.0,0.0,0.0,0.0,2.0,100.0,0.0,0.0,0.0,95842.0,46873.0,42600.0,45884.0,0,0
16523,17500.0,0.2565,520.34,2,65000.0,1,0,n,19.98,0.0,1.0,14.0,0.0,12166.0,33.0,0,0.0,0.0,495.4,495.4,146.28,349.12,0.0,0.0,0.0,0.0,0.0,1.0,1,0.0,0.0,275894.0,2.0,3.0,2.0,5.0,6.0,24297.0,82.0,1.0,2.0,8829.0,57.0,34400.0,3.0,1.0,3.0,8.0,21223.0,6645.0,62.0,0.0,0.0,96.0,88.0,7.0,4.0,1.0,29.0,4.0,0.0,2.0,4.0,3.0,6.0,13.0,10.0,19.0,4.0,14.0,0.0,0.0,0.0,4.0,97.0,33.3,0.0,0.0,303896.0,36463.0,17500.0,29500.0,0,0
16646,15950.0,0.1171,527.57,1,57000.0,1,0,n,27.22,0.0,2.0,16.0,0.0,16990.0,24.0,0,12610.2,12610.2,4737.75,4737.75,3339.8,1397.95,0.0,0.0,0.0,527.57,0.0,1.0,1,0.0,0.0,170125.0,1.0,2.0,0.0,2.0,14.0,1739.0,9.0,2.0,6.0,5408.0,40.0,26662.0,3.0,1.0,4.0,8.0,10633.0,708.0,95.4,0.0,0.0,109.0,142.0,2.0,2.0,1.0,12.0,1.0,0.0,6.0,9.0,6.0,7.0,6.0,13.0,17.0,9.0,16.0,0.0,0.0,0.0,2.0,100.0,83.3,0.0,0.0,208974.0,18729.0,15500.0,20400.0,0,0
16707,15000.0,0.2055,402.02,1,90000.0,1,0,n,22.58,0.0,2.0,15.0,0.0,7141.0,23.0,0,14906.23,14906.23,786.92,786.92,93.77,693.15,0.0,0.0,0.0,0.0,0.0,1.0,1,0.0,0.0,45106.0,2.0,3.0,1.0,3.0,4.0,34522.0,68.0,3.0,5.0,2358.0,68.0,11000.0,4.0,0.0,4.0,9.0,3007.0,3395.0,63.9,0.0,0.0,97.0,142.0,6.0,4.0,0.0,6.0,4.0,2.0,7.0,9.0,9.0,14.0,6.0,11.0,16.0,9.0,15.0,0.0,0.0,0.0,4.0,86.4,44.4,0.0,0.0,66857.0,45106.0,9400.0,50753.0,0,0
16776,21275.0,0.08810000000000001,674.66,1,50000.0,1,0,n,29.14,0.0,0.0,4.0,0.0,30.0,22.0,0,0.0,0.0,2688.23,2688.23,2096.81,591.42,0.0,0.0,0.0,0.0,0.0,1.0,1,0.0,0.0,165556.0,1.0,1.0,0.0,2.0,16.0,22621.0,65.0,1.0,1.0,0.0,39.0,23000.0,2.0,12.0,2.0,3.0,41389.0,3000.0,0.0,0.0,0.0,90.0,148.0,6.0,6.0,1.0,6.0,1.0,0.0,0.0,1.0,1.0,5.0,14.0,2.0,7.0,1.0,4.0,0.0,0.0,0.0,1.0,95.5,0.0,0.0,0.0,206117.0,22651.0,3000.0,35000.0,0,0
16781,6000.0,0.17739999999999995,216.14,1,48000.0,1,0,n,12.75,1.0,0.0,16.0,0.0,1104.0,23.0,1,4782.82,4782.82,1939.35,1939.35,1217.18,722.17,0.0,0.0,0.0,0.0,0.0,1.0,1,0.0,0.0,14572.0,1.0,1.0,1.0,1.0,11.0,13468.0,63.0,3.0,7.0,502.0,39.0,15600.0,3.0,1.0,4.0,8.0,911.0,11037.0,7.3,0.0,0.0,69.0,63.0,4.0,4.0,0.0,4.0,2.0,0.0,5.0,7.0,11.0,11.0,6.0,15.0,17.0,7.0,16.0,0.0,0.0,0.0,4.0,95.5,0.0,0.0,0.0,37160.0,14572.0,11900.0,21560.0,0,0
16867,35750.0,0.124,1194.26,1,120000.0,1,0,n,26.99,0.0,0.0,20.0,0.0,42571.0,49.0,0,0.0,0.0,1169.63,1169.63,824.84,344.79,0.0,0.0,0.0,0.0,0.0,1.0,1,0.0,0.0,62128.0,2.0,3.0,0.0,0.0,27.0,19557.0,33.0,4.0,7.0,21611.0,39.0,102900.0,0.0,0.0,2.0,7.0,3106.0,26423.0,56.3,0.0,0.0,143.0,154.0,4.0,4.0,0.0,10.0,9.0,0.0,5.0,14.0,7.0,13.0,9.0,17.0,40.0,14.0,20.0,0.0,0.0,0.0,4.0,95.8,57.1,0.0,0.0,161392.0,62128.0,60400.0,58492.0,0,0
16899,27000.0,0.2565,802.81,2,110000.0,0,0,n,27.18,0.0,1.0,12.0,0.0,47531.0,31.0,0,0.0,0.0,764.33,764.33,225.69,538.64,0.0,0.0,0.0,0.0,0.0,1.0,1,0.0,0.0,103344.0,1.0,3.0,1.0,2.0,2.0,55813.0,76.0,3.0,4.0,17455.0,67.0,79800.0,1.0,0.0,5.0,6.0,8612.0,16590.0,67.1,0.0,0.0,117.0,156.0,8.0,2.0,4.0,8.0,2.0,0.0,2.0,4.0,5.0,8.0,12.0,9.0,15.0,4.0,12.0,0.0,0.0,0.0,4.0,100.0,40.0,0.0,0.0,153743.0,103344.0,50500.0,73943.0,0,0
16959,17775.0,0.1612,625.97,3,43000.0,0,0,n,32.96,0.0,2.0,16.0,1.0,61.0,42.0,0,14414.83,14414.83,5617.81,5617.81,3360.17,2257.64,0.0,0.0,0.0,625.97,0.0,1.0,1,0.0,0.0,42553.0,2.0,4.0,2.0,5.0,2.0,42492.0,88.0,3.0,7.0,0.0,61.0,21900.0,10.0,3.0,6.0,12.0,2660.0,8000.0,0.0,0.0,0.0,121.0,315.0,6.0,2.0,2.0,13.0,1.0,2.0,0.0,1.0,2.0,5.0,11.0,12.0,29.0,1.0,15.0,0.0,0.0,0.0,5.0,89.5,0.0,1.0,0.0,70392.0,42553.0,8000.0,48492.0,0,0
17017,16000.0,0.2055,599.12,1,137000.0,1,0,n,13.08,0.0,4.0,8.0,0.0,3017.0,46.0,0,0.0,0.0,1779.09,1779.09,449.63,1329.46,0.0,0.0,0.0,599.12,0.0,1.0,1,0.0,1277.0,27599.0,3.0,2.0,6.0,10.0,3.0,24582.0,93.0,1.0,2.0,1007.0,87.0,5500.0,13.0,1.0,14.0,12.0,3450.0,2483.0,54.9,0.0,0.0,124.0,164.0,10.0,3.0,0.0,10.0,1.0,4.0,4.0,4.0,6.0,9.0,36.0,6.0,10.0,4.0,8.0,0.0,0.0,0.0,7.0,91.3,16.7,0.0,0.0,31841.0,27599.0,5500.0,26341.0,0,0
17066,8000.0,0.1308,269.86,1,120000.0,0,0,n,18.81,0.0,0.0,12.0,0.0,20521.0,18.0,1,7803.11,7803.11,533.91,533.91,196.89,337.02,0.0,0.0,0.0,0.0,0.0,1.0,1,0.0,0.0,48101.0,0.0,2.0,2.0,3.0,10.0,27580.0,73.0,0.0,0.0,6948.0,61.0,41100.0,1.0,2.0,2.0,3.0,4008.0,18770.0,46.5,0.0,0.0,60.0,77.0,28.0,10.0,0.0,28.0,10.0,0.0,4.0,5.0,7.0,9.0,4.0,9.0,14.0,5.0,12.0,0.0,0.0,0.0,2.0,100.0,28.6,0.0,0.0,78799.0,48101.0,35100.0,37699.0,0,0
17078,5200.0,0.0819,163.41,1,42000.0,1,0,n,6.6,0.0,1.0,7.0,0.0,2919.0,26.0,0,4286.02,4286.02,1141.5,1141.5,913.98,227.52,0.0,0.0,0.0,0.0,0.0,1.0,1,0.0,0.0,7795.0,1.0,1.0,3.0,3.0,3.0,4876.0,98.0,0.0,0.0,1569.0,9.0,82500.0,2.0,0.0,3.0,3.0,1114.0,77581.0,3.6,0.0,0.0,12.0,191.0,32.0,3.0,0.0,32.0,3.0,0.0,2.0,2.0,5.0,18.0,3.0,6.0,23.0,2.0,7.0,0.0,0.0,0.0,3.0,100.0,0.0,0.0,0.0,87500.0,7795.0,80500.0,5000.0,0,0
17099,10000.0,0.14300000000000002,343.24,1,75028.76,1,0,n,20.19,0.0,1.0,9.0,0.0,23475.0,11.0,0,7884.49,7884.49,3081.22,3081.22,2115.51,965.71,0.0,0.0,0.0,0.0,0.0,1.0,1,0.0,0.0,37730.0,1.0,3.0,0.0,0.0,37.0,14255.0,39.0,1.0,3.0,9451.0,47.0,44300.0,0.0,0.0,1.0,3.0,4192.0,15392.0,59.8,0.0,0.0,78.0,95.0,5.0,5.0,0.0,5.0,5.0,0.0,4.0,5.0,4.0,5.0,4.0,6.0,7.0,5.0,9.0,0.0,0.0,0.0,1.0,100.0,25.0,0.0,0.0,81048.0,37730.0,38300.0,36748.0,0,0
17106,18000.0,0.2055,482.42,1,225000.0,1,0,n,8.45,2.0,1.0,13.0,0.0,20257.0,21.0,1,0.0,0.0,461.87,461.87,174.17,287.7,0.0,0.0,0.0,0.0,0.0,1.0,1,0.0,0.0,46661.0,1.0,2.0,0.0,1.0,23.0,26404.0,44.0,4.0,5.0,8888.0,51.0,37700.0,0.0,1.0,2.0,6.0,3589.0,8062.0,66.2,0.0,0.0,74.0,215.0,4.0,4.0,0.0,4.0,4.0,0.0,4.0,5.0,6.0,9.0,3.0,11.0,18.0,5.0,13.0,0.0,0.0,0.0,4.0,94.4,50.0,0.0,0.0,90924.0,46661.0,24300.0,53224.0,0,0
17126,10625.0,0.1612,374.18,1,30000.0,1,0,n,30.16,0.0,0.0,8.0,0.0,5416.0,10.0,0,0.0,0.0,0.0,0.0,0.0,0.0,0.0,0.0,0.0,0.0,0.0,1.0,1,0.0,0.0,14700.0,0.0,3.0,1.0,2.0,8.0,9284.0,56.0,0.0,1.0,4260.0,60.0,7900.0,1.0,0.0,1.0,3.0,1838.0,2184.0,71.3,0.0,0.0,76.0,65.0,21.0,8.0,0.0,21.0,8.0,1.0,3.0,3.0,4.0,5.0,4.0,5.0,6.0,3.0,8.0,0.0,0.0,0.0,1.0,100.0,50.0,0.0,0.0,24400.0,14700.0,7600.0,16500.0,0,0
17127,20000.0,0.1102,435.05,1,80000.0,0,0,n,24.36,0.0,0.0,9.0,0.0,18402.0,21.0,0,19840.45,19840.45,787.23,787.23,159.55,627.68,0.0,0.0,0.0,182.21,0.0,1.0,1,0.0,0.0,60994.0,0.0,4.0,1.0,2.0,10.0,42592.0,75.0,0.0,0.0,2549.0,63.0,40300.0,1.0,5.0,0.0,2.0,7624.0,13627.0,21.2,0.0,0.0,114.0,46.0,31.0,10.0,0.0,40.0,13.0,0.0,2.0,4.0,3.0,3.0,16.0,5.0,5.0,4.0,9.0,0.0,0.0,0.0,1.0,100.0,0.0,0.0,0.0,97362.0,60994.0,17300.0,57062.0,0,0
17272,40000.0,0.2565,1604.18,1,55000.0,0,0,n,39.14,0.0,0.0,13.0,0.0,17825.0,23.0,0,39482.78,39482.78,8069.72,8069.72,517.22,7552.5,0.0,0.0,0.0,0.0,0.0,1.0,0,0.0,0.0,78066.0,1.0,1.0,1.0,1.0,2.0,60241.0,100.0,2.0,5.0,4766.0,84.0,27400.0,0.0,0.0,1.0,6.0,7097.0,2531.0,81.7,0.0,0.0,123.0,227.0,7.0,2.0,2.0,7.0,2.0,2.0,5.0,8.0,5.0,6.0,6.0,11.0,13.0,8.0,13.0,0.0,0.0,0.0,3.0,73.9,60.0,0.0,0.0,98815.0,78066.0,13800.0,71415.0,0,0
17375,25000.0,0.17739999999999995,900.56,2,75000.0,1,0,n,20.02,0.0,0.0,9.0,0.0,18611.0,14.0,0,0.0,0.0,4241.08,4241.08,530.98,344.94,0.0,3365.16,605.7288,0.0,0.0,1.0,1,0.0,0.0,45303.0,1.0,2.0,1.0,1.0,11.0,26692.0,84.0,1.0,1.0,4954.0,87.0,20200.0,1.0,0.0,2.0,2.0,5034.0,1066.0,93.8,0.0,0.0,138.0,152.0,3.0,3.0,0.0,3.0,4.0,0.0,6.0,7.0,6.0,8.0,3.0,7.0,11.0,7.0,9.0,0.0,0.0,0.0,2.0,100.0,83.3,0.0,0.0,51807.0,45303.0,17200.0,31607.0,0,0
17425,3600.0,0.0819,113.13,1,25000.0,0,0,n,22.04,1.0,2.0,10.0,0.0,2799.0,15.0,0,2874.36,2874.36,903.4,903.4,725.64,177.76,0.0,0.0,0.0,0.0,0.0,1.0,1,0.0,0.0,36096.0,3.0,3.0,0.0,1.0,17.0,33297.0,84.0,3.0,3.0,314.0,49.0,78800.0,2.0,2.0,3.0,4.0,3610.0,71564.0,0.5,0.0,0.0,91.0,205.0,6.0,6.0,0.0,6.0,2.0,0.0,2.0,3.0,5.0,6.0,4.0,7.0,11.0,3.0,10.0,0.0,0.0,0.0,3.0,93.3,0.0,0.0,0.0,118444.0,36096.0,72000.0,39644.0,0,0
17441,7500.0,0.2055,280.84,1,51300.0,1,0,n,39.91,0.0,0.0,9.0,0.0,12647.0,15.0,0,0.0,0.0,1114.8,1114.8,625.45,489.35,0.0,0.0,0.0,0.0,0.0,1.0,1,0.0,0.0,48540.0,1.0,3.0,2.0,4.0,5.0,35893.0,84.0,1.0,2.0,9587.0,82.0,16000.0,2.0,1.0,2.0,6.0,6068.0,3353.0,79.0,0.0,0.0,122.0,309.0,10.0,5.0,0.0,10.0,9.0,1.0,5.0,5.0,5.0,6.0,8.0,6.0,7.0,5.0,9.0,0.0,0.0,0.0,3.0,93.3,20.0,0.0,0.0,69549.0,48540.0,16000.0,53549.0,0,0
17545,15000.0,0.2565,446.01,1,27917.0,0,0,n,37.83,0.0,1.0,23.0,0.0,22706.0,42.0,0,0.0,0.0,1316.65,1316.65,506.89,809.76,0.0,0.0,0.0,0.0,0.0,1.0,1,0.0,0.0,26491.0,0.0,1.0,1.0,2.0,8.0,3785.0,84.0,1.0,6.0,9268.0,52.0,46500.0,4.0,2.0,3.0,8.0,1152.0,5777.0,78.2,0.0,0.0,139.0,124.0,8.0,8.0,0.0,8.0,1.0,0.0,9.0,13.0,10.0,16.0,9.0,22.0,33.0,13.0,23.0,0.0,0.0,0.0,2.0,100.0,60.0,0.0,0.0,51000.0,26491.0,26500.0,4500.0,0,0
17579,18000.0,0.124,601.31,1,60000.0,1,0,n,30.6,0.0,0.0,12.0,0.0,22100.0,29.0,0,0.0,0.0,1190.22,1190.22,780.4,409.82,0.0,0.0,0.0,601.31,0.0,1.0,1,0.0,0.0,97057.0,1.0,6.0,0.0,1.0,14.0,74957.0,88.0,1.0,2.0,15972.0,75.0,45000.0,1.0,0.0,0.0,3.0,8088.0,22900.0,49.1,0.0,0.0,174.0,104.0,6.0,6.0,0.0,6.0,14.0,0.0,4.0,4.0,6.0,8.0,18.0,6.0,11.0,4.0,12.0,0.0,0.0,0.0,1.0,96.4,33.3,0.0,0.0,130168.0,97057.0,45000.0,85168.0,0,0
17581,20000.0,0.2565,802.09,1,48000.0,0,0,n,37.75,0.0,0.0,8.0,0.0,12997.0,11.0,0,0.0,0.0,0.0,0.0,0.0,0.0,0.0,0.0,0.0,0.0,0.0,1.0,1,0.0,0.0,56090.0,0.0,3.0,1.0,2.0,7.0,43093.0,76.0,0.0,3.0,11265.0,69.0,24100.0,1.0,0.0,1.0,5.0,8013.0,11103.0,53.9,0.0,0.0,25.0,394.0,23.0,7.0,0.0,23.0,7.0,0.0,2.0,2.0,4.0,6.0,3.0,5.0,8.0,2.0,8.0,0.0,0.0,0.0,1.0,100.0,25.0,0.0,0.0,81054.0,56090.0,24100.0,56954.0,0,0
17634,6000.0,0.1612,211.3,1,75000.0,0,0,n,17.55,0.0,1.0,9.0,0.0,29623.0,12.0,1,0.0,0.0,1051.13,1051.13,671.29,379.84,0.0,0.0,0.0,0.0,0.0,1.0,1,0.0,0.0,50596.0,2.0,1.0,1.0,1.0,5.0,20973.0,96.0,2.0,3.0,16670.0,65.0,56100.0,0.0,1.0,1.0,4.0,6325.0,26477.0,52.8,0.0,0.0,175.0,218.0,3.0,3.0,0.0,3.0,3.0,0.0,7.0,7.0,8.0,9.0,2.0,8.0,10.0,7.0,9.0,0.0,0.0,0.0,3.0,100.0,14.3,0.0,0.0,77882.0,50596.0,56100.0,21782.0,0,0
17708,35000.0,0.1308,797.8,1,126500.0,0,0,n,9.51,0.0,0.0,8.0,0.0,18170.0,12.0,0,0.0,0.0,2367.97,2367.97,837.14,1530.83,0.0,0.0,0.0,0.0,0.0,1.0,1,0.0,0.0,26327.0,0.0,1.0,0.0,2.0,16.0,8157.0,42.0,4.0,4.0,5472.0,19.0,116700.0,0.0,1.0,4.0,6.0,3291.0,81330.0,18.3,0.0,0.0,62.0,80.0,7.0,7.0,0.0,7.0,7.0,0.0,4.0,4.0,6.0,6.0,4.0,7.0,8.0,4.0,8.0,0.0,0.0,0.0,4.0,100.0,0.0,0.0,0.0,136276.0,26327.0,99500.0,19576.0,0,0
17743,40000.0,0.0646,1225.24,2,210000.0,1,0,n,35.87,0.0,1.0,31.0,0.0,87995.0,77.0,0,0.0,0.0,3255.44,3255.44,1605.47,1649.97,0.0,0.0,0.0,0.0,0.0,1.0,1,0.0,0.0,700988.0,1.0,7.0,1.0,13.0,9.0,266861.0,83.0,2.0,3.0,79243.0,32.0,268400.0,8.0,13.0,3.0,17.0,23366.0,128905.0,6.6,0.0,0.0,164.0,198.0,5.0,5.0,4.0,5.0,0.0,1.0,5.0,5.0,15.0,16.0,45.0,20.0,26.0,5.0,31.0,0.0,0.0,0.0,3.0,98.7,13.3,0.0,0.0,955133.0,361893.0,216900.0,312894.0,0,0
17757,16000.0,0.14300000000000002,549.18,1,80000.0,1,0,n,14.21,0.0,1.0,9.0,0.0,7456.0,28.0,0,15309.77,15309.77,1268.1,1268.1,690.23,577.87,0.0,0.0,0.0,182.45,0.0,1.0,1,0.0,678.0,62467.0,1.0,3.0,2.0,2.0,3.0,53242.0,84.0,0.0,0.0,3346.0,36.0,37300.0,0.0,0.0,2.0,3.0,6941.0,29844.0,20.0,0.0,0.0,191.0,198.0,27.0,3.0,0.0,27.0,3.0,8.0,4.0,4.0,5.0,5.0,14.0,5.0,5.0,4.0,9.0,0.0,0.0,0.0,2.0,60.0,20.0,0.0,0.0,99951.0,62467.0,37300.0,60740.0,0,0
17795,15000.0,0.28800000000000003,474.31,2,10000.0,1,0,n,278.87,0.0,1.0,11.0,0.0,14784.0,30.0,0,14056.85,14056.85,3296.17,3296.17,943.15,2353.02,0.0,0.0,0.0,474.31,0.0,1.0,0,0.0,0.0,339687.0,2.0,3.0,1.0,3.0,2.0,66784.0,95.0,1.0,2.0,11353.0,82.0,25300.0,3.0,0.0,4.0,6.0,30881.0,8076.0,62.4,0.0,0.0,111.0,129.0,6.0,2.0,4.0,17.0,2.0,0.0,3.0,5.0,4.0,7.0,10.0,7.0,16.0,5.0,11.0,0.0,0.0,0.0,3.0,100.0,25.0,0.0,0.0,370426.0,81568.0,21500.0,85025.0,0,0
17802,40000.0,0.1102,870.1,1,65000.0,0,0,n,34.21,0.0,1.0,13.0,0.0,18958.0,20.0,0,0.0,0.0,175.51,175.51,0.0,175.51,0.0,0.0,0.0,50.0,0.0,1.0,1,0.0,0.0,44853.0,2.0,3.0,0.0,1.0,15.0,25895.0,50.0,4.0,6.0,10407.0,42.0,56100.0,1.0,0.0,3.0,7.0,3738.0,36556.0,34.0,0.0,0.0,124.0,154.0,3.0,3.0,1.0,3.0,6.0,0.0,6.0,7.0,8.0,9.0,7.0,9.0,11.0,7.0,13.0,0.0,0.0,0.0,4.0,100.0,0.0,0.0,0.0,108141.0,44853.0,55400.0,52041.0,0,0
17830,4250.0,0.1102,139.18,1,42000.0,1,0,n,14.4,0.0,0.0,9.0,0.0,3220.0,13.0,1,0.0,0.0,136.58,136.58,100.15,36.43,0.0,0.0,0.0,0.0,0.0,1.0,1,0.0,996.0,14111.0,0.0,3.0,0.0,0.0,39.0,10891.0,49.0,1.0,2.0,1346.0,38.0,14700.0,0.0,1.0,1.0,2.0,1568.0,10180.0,24.0,0.0,0.0,98.0,87.0,9.0,9.0,0.0,9.0,9.0,0.0,4.0,4.0,4.0,6.0,4.0,6.0,9.0,4.0,9.0,0.0,0.0,0.0,1.0,100.0,0.0,0.0,0.0,37000.0,14111.0,13400.0,22300.0,0,0
17841,27000.0,0.17739999999999995,972.6,1,90000.0,1,0,n,18.61,1.0,1.0,11.0,0.0,19972.0,49.0,0,21095.64,21095.64,9699.39,9699.39,5904.36,3795.03,0.0,0.0,0.0,0.0,0.0,1.0,1,0.0,0.0,45615.0,0.0,1.0,0.0,1.0,21.0,25643.0,80.0,1.0,5.0,2521.0,74.0,29600.0,0.0,2.0,1.0,6.0,4562.0,1779.0,58.6,0.0,0.0,94.0,237.0,12.0,12.0,0.0,12.0,2.0,0.0,1.0,2.0,4.0,24.0,3.0,10.0,46.0,2.0,11.0,0.0,0.0,0.0,1.0,89.6,33.3,0.0,0.0,61701.0,45615.0,4300.0,32101.0,0,0
17856,7700.0,0.0756,239.74,1,39000.0,1,0,n,26.74,0.0,0.0,9.0,0.0,1460.0,12.0,0,6436.57,6436.57,1674.95,1674.95,1263.43,411.52,0.0,0.0,0.0,0.0,0.0,1.0,1,0.0,0.0,29788.0,0.0,2.0,1.0,2.0,10.0,28328.0,77.0,0.0,2.0,1241.0,63.0,10500.0,1.0,0.0,1.0,4.0,3310.0,6584.0,17.7,0.0,0.0,387.0,68.0,15.0,10.0,0.0,17.0,10.0,0.0,3.0,4.0,4.0,4.0,5.0,7.0,7.0,4.0,9.0,0.0,0.0,0.0,1.0,100.0,0.0,0.0,0.0,47493.0,29788.0,8000.0,36993.0,0,0
17858,10000.0,0.1171,330.76,2,80000.0,1,0,n,7.74,0.0,2.0,16.0,0.0,5614.0,47.0,0,0.0,0.0,1493.88,1493.88,946.45,547.43,0.0,0.0,0.0,89.0,0.0,1.0,1,0.0,0.0,339062.0,0.0,2.0,4.0,11.0,7.0,23727.0,102.0,3.0,7.0,1527.0,71.0,17900.0,5.0,0.0,11.0,20.0,22604.0,6721.0,32.8,0.0,0.0,80.0,450.0,8.0,7.0,4.0,8.0,0.0,5.0,4.0,8.0,6.0,14.0,12.0,13.0,31.0,8.0,16.0,0.0,0.0,0.0,7.0,85.1,16.7,0.0,0.0,356948.0,29341.0,10000.0,23369.0,0,0
17901,3000.0,0.2305,116.21,1,45000.0,1,0,n,24.43,0.0,3.0,10.0,0.0,3514.0,22.0,1,0.0,0.0,392.37,392.37,188.59,53.78,0.0,150.0,27.0,50.0,0.0,1.0,1,0.0,11124.0,30554.0,2.0,4.0,4.0,6.0,4.0,27040.0,79.0,1.0,2.0,1224.0,67.0,11200.0,8.0,0.0,4.0,8.0,3055.0,5486.0,39.0,0.0,0.0,76.0,53.0,8.0,4.0,0.0,17.0,1.0,1.0,3.0,3.0,4.0,7.0,10.0,6.0,12.0,3.0,10.0,0.0,0.0,0.0,5.0,95.5,0.0,0.0,0.0,45463.0,30554.0,9000.0,34263.0,0,0
17916,5000.0,0.0702,154.44,2,75000.0,0,0,n,8.75,0.0,0.0,7.0,0.0,4726.0,25.0,0,4177.82,4177.82,1079.13,1079.13,822.18,256.95,0.0,0.0,0.0,154.44,0.0,1.0,1,0.0,0.0,216346.0,0.0,2.0,0.0,0.0,25.0,36163.0,90.0,2.0,6.0,4566.0,75.0,14300.0,1.0,3.0,5.0,7.0,30907.0,7574.0,38.4,0.0,0.0,109.0,69.0,7.0,7.0,3.0,7.0,1.0,1.0,2.0,2.0,2.0,7.0,10.0,4.0,11.0,2.0,7.0,0.0,0.0,0.0,3.0,96.0,0.0,0.0,0.0,231173.0,40889.0,12300.0,40134.0,0,0
17943,10625.0,0.2055,284.76,2,110000.0,0,0,n,38.82,0.0,1.0,15.0,0.0,10131.0,55.0,0,0.0,0.0,842.15,842.15,313.73,528.42,0.0,0.0,0.0,0.0,0.0,1.0,1,0.0,2443.0,253199.0,2.0,7.0,1.0,4.0,7.0,103946.0,69.0,6.0,6.0,4205.0,70.0,12600.0,2.0,1.0,4.0,11.0,16880.0,2749.0,73.0,0.0,0.0,123.0,54.0,1.0,1.0,1.0,1.0,6.0,0.0,4.0,6.0,5.0,10.0,41.0,7.0,13.0,6.0,15.0,0.0,0.0,0.0,7.0,96.4,40.0,0.0,0.0,309126.0,114077.0,10200.0,155135.0,0,0
17962,20000.0,0.17739999999999995,720.45,1,105000.0,1,0,n,19.71,0.0,0.0,15.0,0.0,20011.0,21.0,0,0.0,0.0,1421.19,1421.19,705.83,715.36,0.0,0.0,0.0,0.0,0.0,1.0,1,0.0,0.0,39380.0,2.0,3.0,1.0,4.0,11.0,19369.0,53.0,4.0,8.0,6827.0,52.0,39400.0,3.0,1.0,4.0,12.0,2625.0,5763.0,77.2,0.0,0.0,90.0,79.0,1.0,1.0,0.0,5.0,7.0,0.0,8.0,11.0,8.0,11.0,6.0,12.0,15.0,11.0,15.0,0.0,0.0,0.0,5.0,100.0,37.5,0.0,0.0,75710.0,39380.0,25300.0,36310.0,0,0
17990,26575.0,0.124,887.76,1,58000.0,1,0,n,23.3,0.0,1.0,16.0,0.0,27700.0,25.0,0,24084.12,24084.12,3532.73,3532.73,2490.88,1041.85,0.0,0.0,0.0,0.0,0.0,1.0,1,0.0,0.0,34175.0,3.0,2.0,0.0,3.0,17.0,6475.0,52.0,7.0,9.0,3872.0,43.0,67700.0,1.0,2.0,3.0,12.0,2136.0,19796.0,22.4,0.0,0.0,126.0,116.0,5.0,5.0,0.0,5.0,6.0,2.0,4.0,10.0,7.0,11.0,6.0,14.0,19.0,10.0,16.0,0.0,0.0,0.0,7.0,88.0,0.0,0.0,0.0,80140.0,34175.0,25500.0,12440.0,0,0
18119,8100.0,0.2565,324.85,2,160000.0,1,0,n,25.11,1.0,1.0,17.0,0.0,42962.0,55.0,0,0.0,0.0,1612.71,1612.71,791.69,821.02,0.0,0.0,0.0,324.85,0.0,1.0,1,0.0,0.0,365348.0,2.0,4.0,3.0,5.0,4.0,100478.0,88.0,2.0,5.0,13696.0,62.0,94700.0,1.0,3.0,4.0,11.0,21491.0,30514.0,55.1,0.0,0.0,148.0,218.0,1.0,1.0,12.0,11.0,3.0,0.0,6.0,9.0,7.0,11.0,18.0,12.0,25.0,9.0,17.0,0.0,0.0,0.0,5.0,98.2,28.6,0.0,0.0,433446.0,143440.0,67900.0,113011.0,0,0
18367,15000.0,0.1524,521.75,2,25000.0,0,0,n,91.98,0.0,1.0,14.0,0.0,5190.0,24.0,0,0.0,0.0,1291.68,1291.68,327.3,964.38,0.0,0.0,0.0,260.88,0.0,1.0,0,0.0,0.0,282143.0,2.0,4.0,2.0,5.0,4.0,75911.0,85.0,1.0,2.0,1963.0,63.0,24200.0,3.0,4.0,11.0,9.0,20153.0,10800.0,21.7,0.0,0.0,161.0,111.0,3.0,3.0,2.0,3.0,1.0,0.0,3.0,6.0,6.0,7.0,10.0,9.0,12.0,6.0,14.0,0.0,0.0,0.0,3.0,95.8,0.0,0.0,0.0,316678.0,81101.0,13800.0,83336.0,0,0
18433,5000.0,0.17739999999999995,180.12,1,60000.0,0,0,n,16.6,0.0,0.0,8.0,0.0,5097.0,9.0,0,4137.63,4137.63,1285.43,1285.43,862.37,423.06,0.0,0.0,0.0,250.0,0.0,1.0,1,0.0,0.0,62566.0,0.0,3.0,1.0,1.0,12.0,57469.0,77.0,2.0,2.0,2753.0,74.0,8100.0,1.0,1.0,5.0,3.0,7821.0,2761.0,50.7,0.0,0.0,102.0,78.0,7.0,7.0,0.0,7.0,7.0,0.0,2.0,3.0,4.0,4.0,3.0,5.0,6.0,3.0,8.0,0.0,0.0,0.0,3.0,100.0,25.0,0.0,0.0,67778.0,62566.0,5600.0,59678.0,0,0
18479,11750.0,0.1171,388.65,1,45000.0,0,0,n,24.0,0.0,1.0,8.0,0.0,9727.0,10.0,0,0.0,0.0,2046.96,2046.96,1343.39,703.57,0.0,0.0,0.0,388.65,0.0,1.0,1,0.0,0.0,26790.0,0.0,2.0,0.0,2.0,16.0,17063.0,72.0,2.0,3.0,2924.0,62.0,19600.0,2.0,0.0,2.0,5.0,3349.0,3388.0,73.7,0.0,0.0,40.0,49.0,8.0,8.0,0.0,8.0,3.0,0.0,4.0,5.0,4.0,4.0,4.0,6.0,6.0,5.0,8.0,0.0,0.0,0.0,2.0,100.0,75.0,0.0,0.0,43413.0,26790.0,12900.0,23813.0,0,0
18504,10000.0,0.1308,337.33,2,136000.0,0,0,n,14.74,0.0,2.0,19.0,0.0,25929.0,25.0,0,8348.47,8348.47,2354.04,2354.04,1651.53,702.51,0.0,0.0,0.0,337.33,0.0,1.0,1,0.0,0.0,46084.0,4.0,3.0,1.0,3.0,6.0,20155.0,80.0,4.0,7.0,6391.0,70.0,39900.0,1.0,1.0,3.0,10.0,2425.0,5573.0,74.6,0.0,0.0,92.0,89.0,3.0,3.0,0.0,5.0,5.0,0.0,6.0,12.0,8.0,9.0,6.0,16.0,19.0,12.0,19.0,0.0,0.0,0.0,5.0,100.0,62.5,0.0,0.0,65175.0,46084.0,21900.0,25275.0,0,0
18615,18000.0,0.1308,410.3,1,59000.0,1,0,n,26.0,0.0,1.0,11.0,1.0,17220.0,47.0,0,16478.06,16478.06,2859.02,2859.02,1521.94,1337.08,0.0,0.0,0.0,0.0,0.0,1.0,1,0.0,0.0,233293.0,1.0,3.0,2.0,2.0,6.0,216073.0,73.0,0.0,1.0,5537.0,64.0,30200.0,0.0,0.0,1.0,3.0,23329.0,10832.0,56.3,0.0,0.0,165.0,185.0,24.0,6.0,0.0,24.0,6.0,0.0,4.0,7.0,5.0,9.0,33.0,8.0,14.0,7.0,11.0,0.0,0.0,0.0,2.0,100.0,25.0,1.0,0.0,241868.0,233293.0,24800.0,211668.0,0,0
18658,21050.0,0.08810000000000001,667.53,1,67000.0,0,0,n,20.97,0.0,0.0,7.0,1.0,243.0,25.0,0,19048.28,19048.28,3327.35,3327.35,2001.72,1325.63,0.0,0.0,0.0,0.0,0.0,1.0,1,0.0,0.0,30160.0,0.0,3.0,1.0,2.0,11.0,29917.0,66.0,1.0,2.0,156.0,56.0,8200.0,1.0,3.0,1.0,4.0,4309.0,5357.0,4.3,0.0,0.0,155.0,229.0,12.0,11.0,1.0,13.0,11.0,0.0,2.0,2.0,2.0,7.0,9.0,4.0,15.0,2.0,7.0,0.0,0.0,0.0,2.0,100.0,0.0,1.0,0.0,53729.0,30160.0,5600.0,45529.0,0,0
18671,40000.0,0.1308,911.77,3,145000.0,1,0,n,33.69,0.0,0.0,19.0,0.0,150160.0,27.0,0,36064.42,36064.42,8176.86,8176.86,3935.58,4241.28,0.0,0.0,0.0,911.77,0.0,1.0,1,0.0,0.0,429558.0,0.0,4.0,0.0,0.0,29.0,28897.0,31.0,1.0,4.0,12822.0,48.0,170700.0,0.0,3.0,0.0,4.0,22608.0,12173.0,78.7,0.0,0.0,140.0,193.0,8.0,8.0,4.0,20.0,17.0,0.0,7.0,10.0,8.0,9.0,5.0,14.0,18.0,10.0,19.0,0.0,0.0,0.0,1.0,100.0,75.0,0.0,0.0,573383.0,179057.0,57200.0,94683.0,0,0
18673,40000.0,0.0756,1245.36,3,246000.0,0,0,n,10.69,0.0,1.0,8.0,0.0,23861.0,34.0,0,34936.8,34936.8,7090.44,7090.44,5063.2,2027.24,0.0,0.0,0.0,220.11,0.0,1.0,1,0.0,0.0,47996.0,0.0,5.0,1.0,1.0,7.0,24135.0,36.0,0.0,1.0,17392.0,40.0,53000.0,0.0,9.0,1.0,2.0,6000.0,26674.0,44.4,0.0,0.0,136.0,175.0,16.0,7.0,0.0,16.0,2.0,0.0,2.0,3.0,2.0,11.0,17.0,3.0,17.0,3.0,8.0,0.0,0.0,0.0,1.0,97.0,0.0,0.0,0.0,119569.0,47996.0,48000.0,66569.0,0,0
18689,12000.0,0.0646,367.57,1,77000.0,0,0,n,26.32,0.0,0.0,13.0,0.0,9862.0,33.0,0,0.0,0.0,2201.11,2201.11,1847.84,353.27,0.0,0.0,0.0,367.57,0.0,1.0,1,0.0,0.0,46049.0,2.0,3.0,1.0,4.0,6.0,36187.0,68.0,3.0,3.0,2160.0,46.0,46700.0,1.0,0.0,0.0,7.0,3542.0,27710.0,25.7,0.0,0.0,84.0,130.0,4.0,4.0,0.0,4.0,16.0,0.0,5.0,6.0,7.0,16.0,8.0,10.0,25.0,6.0,13.0,0.0,0.0,0.0,4.0,100.0,0.0,0.0,0.0,99731.0,46049.0,37300.0,53031.0,0,0
18690,27600.0,0.1524,960.02,1,180000.0,1,0,n,13.03,0.0,1.0,23.0,0.0,25165.0,38.0,0,0.0,0.0,2856.69,2856.69,1851.82,1004.87,0.0,0.0,0.0,0.0,0.0,1.0,1,0.0,0.0,60407.0,2.0,2.0,2.0,2.0,4.0,35242.0,83.0,1.0,4.0,11782.0,50.0,78500.0,2.0,1.0,5.0,6.0,2746.0,33717.0,32.6,0.0,0.0,151.0,159.0,6.0,4.0,0.0,6.0,3.0,0.0,6.0,8.0,14.0,15.0,5.0,21.0,33.0,8.0,23.0,0.0,0.0,0.0,3.0,100.0,7.7,0.0,0.0,121130.0,60407.0,50000.0,42630.0,0,0
18705,10000.0,0.1612,243.82,1,70000.0,0,0,n,9.27,0.0,0.0,9.0,0.0,2843.0,18.0,0,0.0,0.0,966.32,966.32,446.85,519.47,0.0,0.0,0.0,0.0,0.0,1.0,1,0.0,0.0,8478.0,2.0,2.0,2.0,3.0,12.0,5635.0,74.0,3.0,4.0,751.0,66.0,5200.0,1.0,4.0,3.0,7.0,942.0,229.0,89.6,0.0,0.0,110.0,115.0,1.0,1.0,0.0,5.0,7.0,1.0,4.0,6.0,4.0,5.0,9.0,7.0,9.0,6.0,9.0,0.0,0.0,0.0,5.0,94.4,100.0,0.0,0.0,12775.0,8478.0,2200.0,7575.0,0,0
18754,25000.0,0.2565,743.35,2,56120.0,1,0,n,14.22,0.0,0.0,9.0,0.0,26445.0,18.0,0,0.0,0.0,0.0,0.0,0.0,0.0,0.0,0.0,0.0,0.0,0.0,1.0,1,0.0,149.0,145521.0,0.0,1.0,1.0,2.0,8.0,10050.0,91.0,2.0,2.0,10382.0,58.0,51600.0,1.0,0.0,4.0,4.0,16169.0,10136.0,69.7,0.0,0.0,60.0,121.0,10.0,8.0,2.0,10.0,9.0,0.0,3.0,5.0,4.0,5.0,6.0,7.0,10.0,5.0,9.0,0.0,0.0,0.0,3.0,100.0,50.0,0.0,0.0,177475.0,36495.0,33500.0,11000.0,0,0
18793,25000.0,0.2305,705.49,2,68000.0,1,0,n,39.0,0.0,2.0,14.0,0.0,22152.0,49.0,0,24317.27,24317.27,3485.76,3485.76,682.73,2803.03,0.0,0.0,0.0,467.1,0.0,1.0,1,0.0,3720.0,164452.0,1.0,4.0,0.0,1.0,17.0,116094.0,82.0,1.0,3.0,7420.0,77.0,31800.0,1.0,2.0,2.0,4.0,11747.0,6493.0,74.5,0.0,0.0,253.0,136.0,0.0,0.0,1.0,0.0,0.0,2.0,4.0,8.0,5.0,7.0,33.0,9.0,15.0,8.0,14.0,0.0,0.0,0.0,1.0,95.8,60.0,0.0,0.0,220705.0,138246.0,25500.0,138854.0,0,0
18794,8000.0,0.124,179.58,2,77000.0,1,0,n,19.42,0.0,3.0,21.0,0.0,25772.0,42.0,0,7196.07,7196.07,1431.13,1431.13,803.93,627.2,0.0,0.0,0.0,0.0,0.0,1.0,1,0.0,0.0,320506.0,6.0,4.0,3.0,4.0,5.0,36646.0,91.0,3.0,4.0,9727.0,46.0,96800.0,3.0,0.0,12.0,9.0,16025.0,61379.0,28.9,0.0,0.0,138.0,213.0,4.0,4.0,7.0,4.0,0.0,0.0,7.0,8.0,12.0,19.0,7.0,16.0,28.0,8.0,21.0,0.0,0.0,0.0,7.0,100.0,16.7,0.0,0.0,396525.0,62418.0,86300.0,40263.0,0,0
18840,10000.0,0.14300000000000002,343.24,1,28221.99,1,0,n,19.82,0.0,0.0,3.0,0.0,9865.0,7.0,0,0.0,0.0,1365.02,1365.02,916.42,448.6,0.0,0.0,0.0,0.0,0.0,1.0,1,0.0,0.0,19798.0,0.0,1.0,0.0,1.0,20.0,9933.0,72.0,0.0,1.0,5059.0,83.0,10200.0,0.0,0.0,0.0,2.0,6599.0,335.0,96.7,0.0,0.0,64.0,66.0,19.0,19.0,0.0,19.0,20.0,0.0,2.0,2.0,2.0,4.0,3.0,2.0,4.0,2.0,3.0,0.0,0.0,0.0,0.0,100.0,100.0,0.0,0.0,23920.0,19798.0,10200.0,13720.0,0,0
18847,32000.0,0.1612,780.22,2,55000.0,0,0,n,52.89,0.0,2.0,17.0,0.0,40206.0,48.0,0,0.0,0.0,751.56,751.56,350.35,401.21,0.0,0.0,0.0,0.0,0.0,1.0,0,0.0,0.0,211618.0,3.0,3.0,2.0,4.0,6.0,67523.0,92.0,0.0,1.0,9849.0,84.0,55200.0,5.0,2.0,6.0,7.0,12448.0,5567.0,81.4,0.0,0.0,120.0,125.0,19.0,5.0,2.0,19.0,2.0,0.0,5.0,11.0,6.0,6.0,30.0,12.0,16.0,11.0,17.0,0.0,0.0,0.0,3.0,100.0,66.7,0.0,0.0,242226.0,107729.0,29900.0,73826.0,0,0
18944,28000.0,0.08810000000000001,887.92,3,78000.0,1,0,n,23.23,0.0,1.0,9.0,1.0,11241.0,15.0,0,26001.05,26001.05,2650.06,2650.06,1998.95,651.11,0.0,0.0,0.0,0.0,0.0,1.0,1,0.0,0.0,364523.0,1.0,4.0,2.0,5.0,6.0,25709.0,66.0,1.0,1.0,6634.0,65.0,17200.0,5.0,0.0,5.0,7.0,40503.0,3959.0,74.0,0.0,0.0,42.0,50.0,11.0,6.0,1.0,11.0,6.0,0.0,3.0,3.0,3.0,4.0,9.0,4.0,5.0,3.0,9.0,0.0,0.0,0.0,4.0,100.0,33.3,1.0,0.0,386392.0,36950.0,15200.0,39278.0,0,0
19026,14875.0,0.08810000000000001,471.71,2,60000.0,0,0,n,21.7,0.0,0.0,6.0,0.0,19065.0,9.0,0,0.0,0.0,2473.1,2473.1,731.33,204.81,0.0,1536.96,276.6528,0.0,0.0,1.0,0,0.0,0.0,519828.0,1.0,1.0,0.0,0.0,26.0,16917.0,68.0,1.0,1.0,18715.0,62.0,33000.0,0.0,0.0,1.0,1.0,86638.0,13935.0,57.8,0.0,0.0,26.0,142.0,4.0,4.0,1.0,4.0,0.0,0.0,2.0,2.0,4.0,6.0,1.0,4.0,7.0,2.0,6.0,0.0,0.0,0.0,1.0,100.0,25.0,0.0,0.0,575400.0,35982.0,33000.0,25000.0,0,0
19031,32500.0,0.1171,1074.97,2,95500.0,0,0,n,26.25,0.0,2.0,18.0,0.0,66495.0,40.0,1,0.0,0.0,1673.55,1673.55,747.25,926.3,0.0,0.0,0.0,309.86,0.0,1.0,1,0.0,0.0,333557.0,2.0,1.0,1.0,1.0,7.0,12755.0,83.0,3.0,6.0,15705.0,52.0,135900.0,2.0,0.0,5.0,7.0,18531.0,68549.0,49.2,0.0,0.0,132.0,494.0,1.0,1.0,2.0,3.0,0.0,1.0,9.0,10.0,15.0,22.0,4.0,16.0,34.0,10.0,18.0,0.0,0.0,0.0,4.0,97.5,26.7,0.0,0.0,381206.0,79250.0,134900.0,15306.0,0,0
19107,18000.0,0.16949999999999998,641.31,1,215000.0,0,0,n,29.71,0.0,0.0,14.0,0.0,44854.0,32.0,0,0.0,0.0,3415.74,3415.74,1990.75,1424.99,0.0,0.0,0.0,226.14,0.0,1.0,1,0.0,0.0,141238.0,1.0,5.0,1.0,2.0,11.0,63054.0,51.0,1.0,2.0,20501.0,67.0,51800.0,2.0,1.0,1.0,4.0,10088.0,6099.0,87.2,0.0,0.0,162.0,209.0,3.0,3.0,0.0,3.0,11.0,0.0,5.0,7.0,6.0,14.0,12.0,8.0,19.0,7.0,14.0,0.0,0.0,0.0,2.0,100.0,66.7,0.0,0.0,222964.0,141238.0,47800.0,132389.0,0,0
19239,8400.0,0.08810000000000001,266.38,1,65000.0,1,0,n,17.15,0.0,2.0,6.0,0.0,4897.0,18.0,0,988.18,988.18,7696.93,7696.93,7411.82,285.11,0.0,0.0,0.0,266.38,0.0,1.0,1,0.0,0.0,6109.0,2.0,1.0,2.0,4.0,5.0,1212.0,6.0,0.0,2.0,2741.0,14.0,21400.0,4.0,0.0,3.0,6.0,1018.0,16171.0,22.3,0.0,0.0,64.0,128.0,15.0,5.0,0.0,15.0,0.0,0.0,2.0,3.0,4.0,6.0,6.0,5.0,12.0,3.0,6.0,0.0,0.0,0.0,2.0,100.0,0.0,0.0,0.0,43400.0,6109.0,20800.0,22000.0,0,0
19256,19750.0,0.2305,557.33,1,65000.0,0,0,n,32.87,0.0,1.0,11.0,0.0,16557.0,19.0,0,19750.0,19750.0,2761.36,2761.36,0.0,2761.36,0.0,0.0,0.0,557.33,0.0,1.0,1,0.0,0.0,109400.0,2.0,3.0,1.0,2.0,5.0,92843.0,15.0,1.0,2.0,2846.0,46.0,27900.0,2.0,2.0,2.0,4.0,9945.0,5674.0,46.0,0.0,0.0,144.0,90.0,1.0,1.0,0.0,1.0,1.0,0.0,3.0,4.0,4.0,7.0,6.0,8.0,13.0,4.0,11.0,0.0,0.0,0.0,2.0,100.0,25.0,0.0,0.0,134499.0,109400.0,10500.0,106599.0,0,0
19290,15000.0,0.0819,471.37,1,71000.0,0,0,n,31.8,0.0,0.0,16.0,0.0,23719.0,22.0,1,0.0,0.0,0.0,0.0,0.0,0.0,0.0,0.0,0.0,0.0,0.0,1.0,1,0.0,0.0,29926.0,1.0,1.0,1.0,1.0,7.0,6207.0,52.0,2.0,4.0,4505.0,37.0,68000.0,0.0,1.0,2.0,5.0,1870.0,36898.0,36.9,0.0,0.0,64.0,158.0,5.0,5.0,0.0,14.0,2.0,0.0,11.0,12.0,13.0,16.0,2.0,15.0,20.0,12.0,16.0,0.0,0.0,0.0,3.0,100.0,0.0,0.0,0.0,80000.0,29926.0,58500.0,12000.0,0,0
19479,11075.0,0.1862,403.85,2,28000.0,0,0,n,19.2,0.0,0.0,12.0,0.0,7051.0,23.0,0,9260.43,9260.43,3219.34,3219.34,1814.57,1404.77,0.0,0.0,0.0,0.0,0.0,1.0,1,0.0,0.0,130166.0,0.0,1.0,0.0,1.0,16.0,11780.0,79.0,1.0,5.0,3448.0,31.0,45500.0,1.0,0.0,0.0,6.0,11833.0,30252.0,18.7,0.0,0.0,177.0,192.0,10.0,10.0,1.0,10.0,16.0,0.0,4.0,5.0,6.0,11.0,4.0,10.0,17.0,5.0,12.0,0.0,0.0,0.0,1.0,100.0,0.0,0.0,0.0,179250.0,18831.0,37200.0,15000.0,0,0
19483,15950.0,0.14300000000000002,373.62,1,160000.0,1,0,n,28.44,0.0,0.0,17.0,0.0,57143.0,29.0,0,14447.91,14447.91,2976.29,2976.29,1502.09,1474.2,0.0,0.0,0.0,0.0,0.0,1.0,1,0.0,0.0,134622.0,0.0,4.0,1.0,5.0,11.0,77479.0,77.0,0.0,1.0,14272.0,56.0,140400.0,4.0,1.0,0.0,6.0,7919.0,70257.0,44.9,0.0,0.0,73.0,243.0,15.0,11.0,0.0,15.0,13.0,0.0,8.0,8.0,12.0,16.0,10.0,13.0,19.0,8.0,17.0,0.0,0.0,0.0,1.0,100.0,25.0,0.0,0.0,241659.0,134622.0,127400.0,101259.0,0,0
19603,35000.0,0.0756,1089.69,2,167000.0,0,0,n,13.79,0.0,0.0,13.0,0.0,29830.0,22.0,0,26978.13,26978.13,9792.51,9792.51,8021.87,1770.64,0.0,0.0,0.0,0.0,0.0,1.0,1,0.0,0.0,427089.0,0.0,3.0,0.0,1.0,13.0,27450.0,62.0,2.0,3.0,19333.0,46.0,81000.0,1.0,0.0,1.0,5.0,32853.0,35357.0,36.3,0.0,0.0,148.0,246.0,8.0,8.0,2.0,8.0,11.0,0.0,2.0,4.0,4.0,5.0,8.0,9.0,12.0,4.0,13.0,0.0,0.0,0.0,3.0,100.0,25.0,0.0,0.0,500021.0,57280.0,55500.0,44021.0,0,0
19627,12000.0,0.2565,356.81,1,97912.0,1,0,n,27.46,0.0,3.0,18.0,0.0,34765.0,48.0,0,0.0,0.0,2480.57,2480.57,206.4,2274.17,0.0,0.0,0.0,356.81,0.0,1.0,1,0.0,0.0,312881.0,2.0,5.0,1.0,6.0,12.0,71588.0,70.0,6.0,10.0,21373.0,53.0,80800.0,1.0,6.0,15.0,16.0,17382.0,22710.0,60.3,0.0,0.0,217.0,173.0,3.0,3.0,1.0,3.0,0.0,0.0,5.0,6.0,6.0,12.0,16.0,11.0,30.0,6.0,18.0,0.0,0.0,0.0,7.0,97.9,33.3,0.0,0.0,383718.0,107724.0,57200.0,88542.0,0,0
19653,1800.0,0.08810000000000001,57.09,1,29172.0,0,0,n,11.15,0.0,0.0,5.0,0.0,1863.0,7.0,0,0.0,0.0,340.03,340.03,88.07,25.23,0.0,226.73,40.8114,0.0,0.0,1.0,1,0.0,0.0,5684.0,0.0,1.0,1.0,2.0,12.0,3821.0,76.0,0.0,2.0,1835.0,49.0,6700.0,2.0,0.0,1.0,4.0,1137.0,3137.0,37.3,0.0,0.0,13.0,134.0,17.0,12.0,0.0,19.0,12.0,0.0,2.0,2.0,3.0,3.0,2.0,4.0,5.0,2.0,5.0,0.0,0.0,0.0,1.0,100.0,0.0,0.0,0.0,11700.0,5684.0,5000.0,5000.0,0,0
19669,9600.0,0.16949999999999998,342.03,3,42000.0,1,0,n,20.11,0.0,1.0,6.0,0.0,7671.0,16.0,0,7633.63,7633.63,3069.23,3069.23,1966.37,1102.86,0.0,0.0,0.0,0.0,0.0,1.0,1,0.0,67.0,20778.0,0.0,2.0,0.0,2.0,15.0,13107.0,84.0,0.0,1.0,4985.0,88.0,8100.0,2.0,0.0,1.0,3.0,3463.0,429.0,94.7,0.0,0.0,150.0,208.0,15.0,15.0,0.0,15.0,0.0,1.0,4.0,4.0,4.0,5.0,11.0,4.0,5.0,4.0,6.0,0.0,0.0,0.0,0.0,93.8,75.0,0.0,0.0,23678.0,20778.0,8100.0,15578.0,0,0
19729,15000.0,0.2565,446.01,2,197000.0,1,0,n,15.6,0.0,5.0,20.0,0.0,25810.0,25.0,0,14245.15,14245.15,3100.69,3100.69,754.85,2345.84,0.0,0.0,0.0,446.01,0.0,1.0,1,0.0,0.0,238565.0,5.0,6.0,5.0,5.0,5.0,83979.0,79.0,7.0,8.0,8210.0,80.0,31700.0,4.0,1.0,14.0,13.0,11928.0,3982.0,85.1,0.0,0.0,133.0,88.0,2.0,2.0,2.0,2.0,0.0,1.0,9.0,13.0,9.0,9.0,10.0,13.0,13.0,13.0,20.0,0.0,0.0,0.0,12.0,83.3,77.8,0.0,0.0,276317.0,109789.0,26700.0,96617.0,0,0
19732,17850.0,0.1308,602.13,3,80000.0,0,0,n,29.97,0.0,0.0,12.0,0.0,25690.0,54.0,0,0.0,0.0,1943.42,1943.42,851.68,941.74,0.0,150.0,27.0,602.13,1.0,1.0,1,0.0,553.0,288530.0,0.0,5.0,1.0,2.0,7.0,262840.0,70.0,0.0,0.0,12482.0,58.0,90900.0,1.0,0.0,2.0,2.0,24044.0,63610.0,39.1,0.0,0.0,182.0,251.0,32.0,7.0,3.0,32.0,7.0,0.0,3.0,3.0,6.0,13.0,33.0,7.0,18.0,3.0,12.0,0.0,0.0,0.0,1.0,100.0,16.7,0.0,0.0,371640.0,288530.0,89300.0,280740.0,0,0
19736,25000.0,0.2305,705.49,1,54000.0,0,0,n,36.78,0.0,1.0,21.0,0.0,24596.0,34.0,0,0.0,0.0,0.0,0.0,0.0,0.0,0.0,0.0,0.0,0.0,0.0,1.0,1,0.0,0.0,77289.0,3.0,3.0,0.0,2.0,13.0,52693.0,88.0,3.0,7.0,7439.0,45.0,80700.0,2.0,8.0,1.0,9.0,3680.0,38323.0,29.8,0.0,0.0,110.0,71.0,4.0,4.0,0.0,4.0,6.0,0.0,6.0,7.0,12.0,14.0,14.0,18.0,20.0,7.0,21.0,0.0,0.0,0.0,3.0,100.0,8.3,0.0,0.0,145775.0,77289.0,54600.0,65075.0,0,0
19801,40000.0,0.124,897.89,2,125000.0,0,0,n,13.13,0.0,0.0,8.0,0.0,110655.0,24.0,0,35838.57,35838.57,8053.45,8053.45,4161.43,3892.02,0.0,0.0,0.0,897.89,0.0,1.0,0,0.0,0.0,597486.0,1.0,4.0,3.0,3.0,5.0,39833.0,75.0,1.0,2.0,1239.0,70.0,130200.0,6.0,4.0,7.0,6.0,74686.0,3953.0,24.0,0.0,0.0,180.0,127.0,9.0,5.0,3.0,9.0,1.0,3.0,2.0,3.0,2.0,4.0,11.0,3.0,10.0,3.0,8.0,0.0,0.0,0.0,4.0,90.5,0.0,0.0,0.0,636670.0,150488.0,5200.0,53470.0,0,0
19853,12000.0,0.2055,321.62,1,40000.0,1,0,n,27.48,0.0,1.0,13.0,0.0,6510.0,20.0,0,11041.87,11041.87,2559.26,2559.26,958.13,1601.13,0.0,0.0,0.0,0.0,0.0,1.0,1,0.0,354.0,27114.0,1.0,2.0,1.0,3.0,7.0,20604.0,81.0,1.0,2.0,3554.0,48.0,30900.0,3.0,3.0,3.0,5.0,2260.0,8921.0,31.9,0.0,0.0,74.0,179.0,3.0,3.0,0.0,3.0,3.0,0.0,2.0,3.0,3.0,3.0,7.0,11.0,13.0,3.0,13.0,0.0,0.0,0.0,2.0,95.0,0.0,0.0,0.0,56239.0,27114.0,13100.0,25339.0,0,0
19872,18000.0,0.0756,560.41,2,92000.0,0,0,n,8.35,0.0,0.0,12.0,0.0,4211.0,29.0,0,17554.11,17554.11,1009.25,1009.25,445.89,563.36,0.0,0.0,0.0,110.6,0.0,1.0,1,0.0,0.0,138903.0,1.0,1.0,2.0,4.0,3.0,14871.0,98.0,0.0,0.0,2579.0,13.0,129900.0,3.0,1.0,1.0,4.0,11575.0,120376.0,2.8,0.0,0.0,169.0,357.0,32.0,3.0,2.0,32.0,8.0,0.0,3.0,4.0,8.0,12.0,8.0,10.0,19.0,4.0,12.0,0.0,0.0,0.0,2.0,100.0,0.0,0.0,0.0,289651.0,19082.0,123900.0,15256.0,0,0
19880,37225.0,0.1033,796.98,1,70000.0,0,0,n,11.61,0.0,0.0,5.0,0.0,7702.0,14.0,0,0.0,0.0,1551.23,1551.23,0.0,1551.23,0.0,0.0,0.0,796.98,0.0,1.0,1,0.0,0.0,24965.0,0.0,2.0,1.0,1.0,11.0,17263.0,69.0,0.0,1.0,4462.0,58.0,18300.0,1.0,1.0,0.0,2.0,4993.0,10598.0,42.1,0.0,0.0,147.0,120.0,16.0,11.0,2.0,16.0,21.0,0.0,3.0,3.0,3.0,4.0,5.0,3.0,7.0,3.0,5.0,0.0,0.0,0.0,1.0,100.0,0.0,0.0,0.0,43344.0,24965.0,18300.0,25044.0,0,0
19889,13200.0,0.16949999999999998,327.7,1,41938.0,1,0,n,25.47,0.0,3.0,10.0,0.0,6157.0,21.0,0,13145.76,13145.76,970.67,970.67,54.24,916.43,0.0,0.0,0.0,0.0,0.0,1.0,1,0.0,0.0,37549.0,2.0,3.0,3.0,4.0,1.0,31392.0,82.0,2.0,5.0,883.0,71.0,14900.0,2.0,2.0,4.0,9.0,3755.0,7009.0,16.6,0.0,0.0,114.0,115.0,6.0,1.0,0.0,6.0,0.0,3.0,4.0,5.0,6.0,9.0,8.0,7.0,11.0,5.0,10.0,0.0,0.0,0.0,5.0,85.7,0.0,0.0,0.0,53054.0,37549.0,8400.0,38154.0,0,0
19957,32425.0,0.17739999999999995,818.81,2,91000.0,1,0,n,27.42,0.0,0.0,10.0,0.0,4591.0,17.0,0,0.0,0.0,3243.28,3243.28,1388.25,1855.03,0.0,0.0,0.0,0.0,0.0,1.0,1,0.0,0.0,202596.0,1.0,8.0,3.0,5.0,5.0,127099.0,89.0,0.0,0.0,4591.0,88.0,6000.0,4.0,0.0,5.0,5.0,20260.0,1409.0,76.5,0.0,0.0,150.0,319.0,34.0,5.0,3.0,34.0,8.0,1.0,1.0,1.0,1.0,2.0,12.0,1.0,2.0,1.0,10.0,0.0,0.0,0.0,3.0,82.4,100.0,0.0,0.0,231671.0,131690.0,6000.0,139821.0,0,0
19970,29000.0,0.1308,978.25,2,168000.0,1,0,n,14.26,0.0,2.0,22.0,0.0,25081.0,35.0,0,24647.39,24647.39,7315.81,7315.81,4352.61,2963.2,0.0,0.0,0.0,978.25,0.0,1.0,1,0.0,0.0,192519.0,4.0,2.0,2.0,2.0,5.0,66159.0,96.0,2.0,2.0,7888.0,61.0,49100.0,0.0,0.0,2.0,4.0,9168.0,17859.0,47.9,0.0,0.0,180.0,115.0,3.0,3.0,2.0,4.0,4.0,0.0,7.0,15.0,10.0,12.0,9.0,19.0,24.0,15.0,22.0,0.0,0.0,0.0,4.0,91.2,10.0,0.0,0.0,259606.0,91240.0,34300.0,68494.0,0,0
20069,13000.0,0.1102,282.79,1,60000.0,0,0,n,10.66,0.0,0.0,6.0,0.0,5409.0,12.0,0,0.0,0.0,324.83,324.83,163.41,161.42,0.0,0.0,0.0,50.0,0.0,1.0,1,0.0,0.0,19158.0,0.0,1.0,1.0,2.0,9.0,13749.0,92.0,1.0,2.0,4209.0,47.0,26000.0,2.0,0.0,1.0,4.0,3193.0,18991.0,18.1,0.0,0.0,27.0,65.0,9.0,9.0,0.0,9.0,9.0,0.0,1.0,2.0,4.0,7.0,3.0,5.0,9.0,2.0,6.0,0.0,0.0,0.0,2.0,100.0,0.0,0.0,0.0,41000.0,19158.0,23200.0,15000.0,0,0
20078,6000.0,0.17739999999999995,151.52,1,35000.0,0,0,n,13.41,0.0,1.0,13.0,0.0,3613.0,14.0,0,0.0,0.0,1111.41,1111.41,84.56,212.57,0.0,814.28,146.5704,0.0,0.0,1.0,1,0.0,0.0,9347.0,3.0,1.0,1.0,1.0,6.0,5734.0,96.0,2.0,11.0,845.0,27.0,29100.0,1.0,0.0,1.0,12.0,719.0,15018.0,14.2,0.0,0.0,6.0,45.0,2.0,2.0,0.0,2.0,2.0,0.0,9.0,11.0,10.0,11.0,1.0,12.0,13.0,11.0,13.0,0.0,0.0,0.0,3.0,100.0,0.0,0.0,0.0,35100.0,9347.0,17500.0,6000.0,0,0
20103,21000.0,0.0819,659.91,2,90000.0,0,0,n,24.92,0.0,1.0,9.0,1.0,18431.0,15.0,0,0.0,0.0,2630.08,2630.08,2072.96,557.12,0.0,0.0,0.0,659.91,0.0,1.0,1,0.0,0.0,79151.0,4.0,4.0,3.0,4.0,4.0,60720.0,75.0,2.0,2.0,9280.0,75.0,24600.0,1.0,6.0,7.0,6.0,8795.0,4896.0,78.9,0.0,0.0,45.0,292.0,2.0,2.0,1.0,2.0,5.0,0.0,3.0,4.0,3.0,5.0,5.0,5.0,9.0,4.0,9.0,0.0,0.0,0.0,5.0,100.0,66.7,1.0,0.0,106312.0,79151.0,23200.0,81712.0,0,0
20157,17000.0,0.1308,573.46,2,75000.0,1,0,n,36.91,0.0,0.0,15.0,1.0,35678.0,17.0,0,14088.99,14088.99,4575.33,4575.33,2911.01,1664.32,0.0,0.0,0.0,0.0,0.0,1.0,0,0.0,0.0,426077.0,1.0,4.0,2.0,2.0,9.0,73964.0,94.0,2.0,3.0,13394.0,86.0,48300.0,1.0,1.0,4.0,6.0,28405.0,4166.0,85.6,0.0,0.0,135.0,79.0,6.0,6.0,1.0,6.0,9.0,0.0,5.0,9.0,6.0,6.0,6.0,10.0,10.0,9.0,15.0,0.0,0.0,0.0,5.0,100.0,66.7,1.0,0.0,447566.0,109642.0,29000.0,79064.0,0,0
20167,11000.0,0.08810000000000001,348.83,2,50000.0,0,0,n,21.94,0.0,0.0,12.0,0.0,10065.0,15.0,0,9333.75,9333.75,2436.43,2436.43,1666.25,770.18,0.0,0.0,0.0,348.83,0.0,1.0,1,0.0,0.0,278580.0,0.0,3.0,1.0,1.0,10.0,51806.0,45.0,0.0,6.0,7405.0,33.0,37000.0,1.0,1.0,1.0,8.0,23215.0,23935.0,29.6,0.0,0.0,95.0,179.0,13.0,10.0,1.0,13.0,10.0,1.0,4.0,4.0,6.0,6.0,4.0,8.0,10.0,4.0,12.0,0.0,0.0,0.0,1.0,93.3,0.0,0.0,0.0,317854.0,61871.0,34000.0,57604.0,0,0
20186,23600.0,0.14300000000000002,552.81,2,83000.0,1,0,n,30.09,0.0,1.0,24.0,0.0,35217.0,43.0,1,0.0,0.0,4384.98,4384.98,2265.42,2119.56,0.0,0.0,0.0,552.81,0.0,1.0,1,0.0,0.0,248934.0,0.0,2.0,0.0,2.0,22.0,19358.0,52.0,3.0,3.0,8580.0,31.0,139600.0,1.0,0.0,2.0,5.0,10372.0,98083.0,26.4,0.0,0.0,141.0,358.0,8.0,8.0,3.0,8.0,0.0,0.0,9.0,9.0,15.0,18.0,5.0,21.0,35.0,9.0,24.0,0.0,0.0,0.0,3.0,100.0,0.0,0.0,0.0,377122.0,54575.0,133300.0,37000.0,0,0
20219,20000.0,0.2565,802.09,3,72000.0,0,0,n,30.58,0.0,1.0,13.0,0.0,10408.0,21.0,1,0.0,0.0,745.09,745.09,374.59,370.5,0.0,0.0,0.0,0.0,0.0,1.0,1,0.0,0.0,34354.0,2.0,6.0,3.0,4.0,2.0,23946.0,39.0,0.0,0.0,3472.0,47.0,11200.0,1.0,5.0,1.0,4.0,2643.0,0.0,100.8,0.0,0.0,119.0,190.0,26.0,2.0,0.0,49.0,3.0,0.0,3.0,7.0,3.0,3.0,13.0,7.0,8.0,7.0,13.0,0.0,0.0,0.0,3.0,100.0,100.0,0.0,0.0,72836.0,34354.0,6800.0,61636.0,0,0
20284,10000.0,0.1171,330.76,1,250000.0,1,0,n,14.31,2.0,0.0,11.0,0.0,28567.0,26.0,0,8609.71,8609.71,2040.79,2040.79,1390.29,650.5,0.0,0.0,0.0,330.76,0.0,1.0,1,0.0,0.0,74631.0,2.0,4.0,2.0,3.0,7.0,46064.0,58.0,2.0,2.0,16028.0,57.0,50900.0,2.0,4.0,5.0,6.0,6785.0,12401.0,57.2,0.0,0.0,74.0,366.0,1.0,1.0,0.0,4.0,4.0,1.0,3.0,4.0,4.0,7.0,14.0,7.0,11.0,4.0,11.0,0.0,0.0,1.0,5.0,92.0,50.0,0.0,0.0,130484.0,74631.0,29000.0,79584.0,0,0
20389,15000.0,0.16949999999999998,372.39,2,123000.0,1,0,n,23.82,0.0,1.0,24.0,0.0,15307.0,53.0,0,13487.88,13487.88,3323.27,3323.27,1512.12,1811.15,0.0,0.0,0.0,372.39,0.0,1.0,1,0.0,0.0,279849.0,4.0,7.0,5.0,8.0,3.0,123301.0,88.0,3.0,5.0,5711.0,72.0,42500.0,1.0,9.0,6.0,14.0,11660.0,11126.0,55.1,0.0,0.0,93.0,119.0,2.0,2.0,6.0,4.0,4.0,0.0,5.0,7.0,5.0,7.0,20.0,16.0,27.0,7.0,24.0,0.0,0.0,0.0,9.0,98.1,40.0,0.0,0.0,319982.0,138608.0,24800.0,134482.0,1,0
20417,30000.0,0.0756,934.02,1,80000.0,0,0,n,19.26,0.0,0.0,23.0,0.0,9428.0,37.0,0,24914.59,24914.59,6836.1,6836.1,5085.41,1750.69,0.0,0.0,0.0,935.0,0.0,1.0,1,0.0,0.0,128824.0,0.0,14.0,1.0,1.0,11.0,119396.0,88.0,0.0,2.0,4447.0,58.0,57300.0,1.0,1.0,1.0,3.0,5601.0,27788.0,15.3,0.0,0.0,233.0,165.0,13.0,11.0,0.0,27.0,11.0,0.0,4.0,6.0,4.0,8.0,21.0,9.0,16.0,6.0,23.0,0.0,0.0,0.0,1.0,100.0,0.0,0.0,0.0,171877.0,128824.0,32800.0,114577.0,0,0
20429,5300.0,0.2055,198.46,3,35000.0,0,0,n,21.34,0.0,2.0,8.0,0.0,6155.0,13.0,0,0.0,0.0,781.74,781.74,441.98,339.76,0.0,0.0,0.0,0.0,0.0,1.0,1,0.0,68.0,19276.0,2.0,2.0,1.0,1.0,6.0,13121.0,65.0,1.0,5.0,1545.0,58.0,13000.0,1.0,3.0,2.0,6.0,2410.0,3054.0,33.6,0.0,0.0,61.0,53.0,4.0,4.0,0.0,4.0,4.0,0.0,2.0,6.0,2.0,5.0,3.0,6.0,10.0,6.0,8.0,0.0,0.0,0.0,2.0,100.0,0.0,0.0,0.0,33246.0,19276.0,4600.0,20246.0,0,0
20431,18325.0,0.2565,734.92,3,148000.0,1,0,n,27.63,0.0,3.0,25.0,0.0,35354.0,65.0,0,0.0,0.0,3622.37,3622.37,982.79,2639.58,0.0,0.0,0.0,0.0,0.0,1.0,1,0.0,0.0,118769.0,4.0,4.0,1.0,2.0,12.0,83415.0,72.0,8.0,12.0,13833.0,63.0,73700.0,4.0,1.0,10.0,14.0,7423.0,35534.0,46.2,0.0,0.0,216.0,160.0,3.0,3.0,0.0,4.0,0.0,5.0,7.0,9.0,10.0,18.0,37.0,12.0,27.0,9.0,25.0,0.0,0.0,0.0,9.0,94.9,20.0,0.0,0.0,189612.0,118769.0,66100.0,115912.0,0,0
20457,7000.0,0.0819,219.97,3,75000.0,0,0,n,31.81,0.0,1.0,21.0,1.0,9757.0,28.0,0,0.0,0.0,433.57,433.57,345.57,88.0,0.0,0.0,0.0,0.0,0.0,1.0,1,0.0,0.0,87371.0,1.0,5.0,2.0,3.0,11.0,77614.0,71.0,8.0,10.0,1856.0,43.0,64800.0,1.0,8.0,7.0,13.0,4161.0,34181.0,4.7,0.0,0.0,73.0,79.0,5.0,5.0,0.0,8.0,5.0,0.0,3.0,8.0,8.0,9.0,9.0,16.0,19.0,8.0,21.0,0.0,0.0,0.0,10.0,100.0,0.0,1.0,0.0,177948.0,87371.0,37600.0,113148.0,0,0
20490,21000.0,0.1308,478.68,2,78000.0,1,0,n,25.17,0.0,0.0,13.0,1.0,7768.0,36.0,0,18447.43,18447.43,4756.28,4756.28,2552.57,2203.71,0.0,0.0,0.0,478.68,0.0,1.0,1,0.0,0.0,222771.0,1.0,3.0,1.0,2.0,10.0,48810.0,74.0,3.0,3.0,4361.0,52.0,27800.0,1.0,7.0,2.0,6.0,17136.0,11507.0,36.8,0.0,0.0,126.0,198.0,2.0,2.0,2.0,10.0,10.0,0.0,3.0,5.0,5.0,11.0,13.0,9.0,21.0,5.0,13.0,0.0,0.0,0.0,4.0,96.7,40.0,1.0,0.0,261985.0,56578.0,18200.0,66185.0,0,0
20500,14600.0,0.1612,514.16,1,26000.0,1,0,n,25.39,0.0,0.0,6.0,0.0,238.0,19.0,0,0.0,0.0,3058.81,3058.81,1973.44,1085.37,0.0,0.0,0.0,0.0,0.0,1.0,1,0.0,0.0,8496.0,2.0,3.0,2.0,4.0,5.0,8258.0,79.0,1.0,1.0,38.0,58.0,4200.0,1.0,13.0,1.0,5.0,1416.0,1562.0,2.4,0.0,0.0,89.0,113.0,0.0,0.0,0.0,0.0,12.0,0.0,1.0,2.0,2.0,2.0,15.0,3.0,3.0,2.0,6.0,0.0,0.0,0.0,3.0,100.0,0.0,0.0,0.0,14725.0,8496.0,1600.0,10525.0,0,0
20565,35000.0,0.2305,987.68,2,72000.0,1,0,n,14.14,0.0,0.0,8.0,0.0,3773.0,21.0,0,33810.59,33810.59,7811.8,7811.8,1189.41,6622.39,0.0,0.0,0.0,3950.72,0.0,1.0,1,0.0,0.0,129383.0,1.0,3.0,1.0,3.0,10.0,40824.0,95.0,2.0,2.0,3250.0,87.0,8500.0,3.0,0.0,6.0,6.0,16173.0,727.0,83.8,0.0,0.0,118.0,331.0,0.0,0.0,1.0,43.0,8.0,1.0,2.0,2.0,2.0,8.0,8.0,4.0,12.0,2.0,8.0,0.0,0.0,0.0,4.0,95.2,50.0,0.0,0.0,136836.0,44597.0,4500.0,42836.0,0,0
20602,31900.0,0.16949999999999998,791.94,2,190000.0,1,0,n,14.93,2.0,1.0,8.0,0.0,13552.0,22.0,0,29406.86,29406.86,5483.5,5483.5,2493.14,2990.36,0.0,0.0,0.0,0.0,0.0,1.0,1,0.0,0.0,559541.0,2.0,3.0,0.0,3.0,16.0,59783.0,82.0,1.0,1.0,10662.0,77.0,22200.0,0.0,0.0,1.0,6.0,69943.0,8648.0,61.0,0.0,0.0,123.0,223.0,5.0,5.0,4.0,5.0,5.0,2.0,3.0,3.0,3.0,5.0,12.0,3.0,5.0,3.0,8.0,0.0,0.0,0.0,3.0,68.2,33.3,0.0,0.0,599661.0,80469.0,22200.0,86327.0,0,0
20615,31575.0,0.1102,686.84,1,150000.0,0,0,n,23.02,0.0,3.0,12.0,0.0,8736.0,19.0,0,29428.47,29428.47,4769.38,4769.38,2146.53,2622.85,0.0,0.0,0.0,343.42,0.0,1.0,1,0.0,0.0,72765.0,1.0,5.0,1.0,5.0,2.0,64029.0,66.0,1.0,1.0,3968.0,52.0,43900.0,3.0,0.0,5.0,6.0,6064.0,30164.0,22.5,0.0,0.0,151.0,169.0,10.0,2.0,0.0,10.0,2.0,0.0,3.0,3.0,6.0,6.0,9.0,7.0,10.0,3.0,12.0,0.0,0.0,0.0,2.0,100.0,0.0,0.0,0.0,140900.0,72765.0,38900.0,97000.0,0,0
20623,4500.0,0.2565,180.47,2,90000.0,1,0,n,27.51,1.0,0.0,10.0,0.0,15078.0,21.0,0,4042.27,4042.27,1430.94,1430.94,457.73,973.21,0.0,0.0,0.0,180.47,0.0,1.0,1,0.0,0.0,196226.0,0.0,4.0,1.0,3.0,8.0,48978.0,76.0,0.0,0.0,5407.0,77.0,18700.0,1.0,0.0,2.0,4.0,19623.0,3622.0,80.6,0.0,0.0,259.0,209.0,40.0,8.0,1.0,40.0,0.0,0.0,5.0,5.0,5.0,8.0,11.0,5.0,9.0,5.0,10.0,0.0,0.0,0.0,2.0,94.7,60.0,0.0,0.0,216103.0,64056.0,18700.0,64403.0,0,0
20668,6000.0,0.124,200.44,1,65000.0,0,0,n,21.92,0.0,2.0,20.0,1.0,5687.0,49.0,0,0.0,0.0,993.93,993.93,706.65,287.28,0.0,0.0,0.0,0.0,0.0,1.0,1,0.0,0.0,49942.0,5.0,2.0,2.0,5.0,4.0,44255.0,81.0,5.0,7.0,5665.0,54.0,37830.0,5.0,3.0,10.0,12.0,3567.0,18413.0,23.6,0.0,0.0,119.0,163.0,4.0,4.0,0.0,5.0,4.0,0.0,3.0,3.0,9.0,16.0,19.0,18.0,29.0,3.0,20.0,0.0,0.0,0.0,7.0,100.0,0.0,1.0,0.0,92355.0,49942.0,24100.0,54525.0,0,0
20672,25000.0,0.17739999999999995,631.31,1,44000.0,1,0,n,16.15,0.0,0.0,7.0,0.0,3131.0,11.0,0,22237.05,22237.05,6263.82,6263.82,2762.95,3500.87,0.0,0.0,0.0,631.31,0.0,1.0,1,0.0,1470.0,16736.0,0.0,1.0,0.0,1.0,18.0,13135.0,71.0,1.0,1.0,1118.0,54.0,11800.0,1.0,0.0,0.0,2.0,2391.0,4921.0,32.6,0.0,0.0,100.0,55.0,10.0,10.0,0.0,10.0,18.0,0.0,3.0,5.0,3.0,3.0,5.0,5.0,5.0,5.0,7.0,0.0,0.0,0.0,1.0,100.0,33.3,0.0,0.0,30746.0,16736.0,7300.0,18476.0,1,0
20726,8000.0,0.124,267.25,2,120000.0,1,0,n,20.73,0.0,1.0,9.0,0.0,24753.0,27.0,0,6667.17,6667.17,1859.73,1859.73,1332.83,526.9,0.0,0.0,0.0,267.25,0.0,1.0,1,0.0,451.0,272071.0,1.0,3.0,1.0,3.0,12.0,64982.0,62.0,1.0,2.0,8517.0,61.0,41200.0,1.0,5.0,4.0,5.0,30230.0,16447.0,60.1,0.0,0.0,150.0,195.0,2.0,2.0,4.0,2.0,2.0,0.0,5.0,5.0,5.0,9.0,11.0,5.0,12.0,5.0,9.0,0.0,0.0,0.0,2.0,96.2,20.0,0.0,0.0,321986.0,89735.0,41200.0,84868.0,0,0
20742,10000.0,0.17739999999999995,360.23,2,135000.0,0,0,n,28.0,0.0,2.0,18.0,0.0,53806.0,26.0,0,0.0,0.0,985.95,985.95,354.03,631.92,0.0,0.0,0.0,285.2,0.0,1.0,1,0.0,0.0,103563.0,2.0,1.0,0.0,0.0,26.0,3652.0,37.0,3.0,3.0,9273.0,71.0,70800.0,0.0,1.0,2.0,3.0,6092.0,11848.0,78.8,0.0,0.0,149.0,518.0,3.0,3.0,1.0,3.0,0.0,0.0,9.0,12.0,10.0,12.0,3.0,15.0,21.0,12.0,18.0,0.0,0.0,0.0,3.0,96.2,70.0,0.0,0.0,280747.0,86707.0,55900.0,10000.0,0,0
20853,17000.0,0.08810000000000001,539.1,2,150000.0,1,0,n,33.21,0.0,0.0,13.0,1.0,10757.0,26.0,0,14897.9,14897.9,3217.96,3217.96,2102.1,1115.86,0.0,0.0,0.0,539.1,0.0,1.0,1,0.0,0.0,349274.0,2.0,6.0,1.0,1.0,12.0,142007.0,41.0,1.0,1.0,4500.0,43.0,20100.0,2.0,0.0,3.0,3.0,26867.0,9343.0,53.5,0.0,0.0,180.0,100.0,3.0,3.0,6.0,3.0,5.0,1.0,5.0,5.0,6.0,7.0,12.0,6.0,8.0,5.0,13.0,0.0,0.0,0.0,3.0,88.5,16.7,1.0,0.0,394693.0,152764.0,20100.0,177818.0,0,0
20892,6850.0,0.2565,274.72,2,53000.0,1,0,n,36.37,0.0,1.0,10.0,0.0,3136.0,16.0,0,0.0,0.0,1716.04,1716.04,393.19,411.45,0.0,911.4,164.05200000000005,274.72,0.0,1.0,1,0.0,0.0,202836.0,4.0,2.0,2.0,4.0,7.0,34066.0,85.0,5.0,6.0,908.0,82.0,5400.0,2.0,0.0,3.0,10.0,20284.0,764.0,68.2,0.0,0.0,21.0,98.0,2.0,2.0,3.0,5.0,6.0,0.0,3.0,7.0,3.0,3.0,4.0,7.0,9.0,7.0,10.0,0.0,0.0,0.0,7.0,100.0,66.7,0.0,0.0,247139.0,37202.0,2400.0,39979.0,0,0
20938,25000.0,0.2055,936.12,1,57000.0,1,0,n,0.84,0.0,3.0,12.0,1.0,302.0,22.0,0,0.0,0.0,1437.47,1437.47,508.0,929.47,0.0,0.0,0.0,34.0,0.0,1.0,1,0.0,1672.0,9609.0,0.0,1.0,0.0,0.0,234.0,9307.0,90.0,1.0,3.0,302.0,18.0,43400.0,0.0,0.0,4.0,3.0,801.0,40698.0,0.7,0.0,0.0,234.0,159.0,8.0,8.0,0.0,8.0,1.0,0.0,1.0,1.0,8.0,12.0,3.0,11.0,19.0,1.0,12.0,0.0,0.0,0.0,1.0,95.5,0.0,1.0,0.0,53740.0,9609.0,41000.0,10340.0,0,0
20947,8800.0,0.28800000000000003,278.26,3,40000.0,1,0,n,29.31,0.0,1.0,8.0,1.0,11010.0,13.0,0,0.0,0.0,1454.58,1454.58,67.06,183.04,0.0,1204.48,216.8064,0.0,0.0,1.0,1,0.0,0.0,35926.0,1.0,2.0,0.0,2.0,16.0,24916.0,61.0,1.0,3.0,6300.0,66.0,13700.0,1.0,3.0,1.0,5.0,4491.0,1223.0,89.6,0.0,0.0,90.0,93.0,4.0,4.0,0.0,4.0,4.0,0.0,4.0,5.0,4.0,5.0,6.0,6.0,7.0,5.0,8.0,0.0,0.0,0.0,1.0,100.0,75.0,1.0,0.0,54313.0,35926.0,11800.0,40613.0,0,0
21094,8200.0,0.2565,328.86,1,38662.0,1,0,n,38.09,0.0,2.0,9.0,0.0,14075.0,23.0,0,0.0,0.0,1292.07,1292.07,634.32,657.75,0.0,0.0,0.0,328.86,0.0,1.0,1,0.0,0.0,18083.0,2.0,2.0,0.0,0.0,27.0,4008.0,18.0,2.0,2.0,3414.0,47.0,15900.0,0.0,2.0,2.0,2.0,2009.0,1243.0,87.9,0.0,0.0,79.0,133.0,2.0,2.0,0.0,2.0,2.0,0.0,5.0,7.0,5.0,14.0,5.0,7.0,18.0,7.0,9.0,0.0,0.0,0.0,2.0,100.0,80.0,0.0,0.0,38400.0,18083.0,10300.0,22500.0,0,0
21197,24275.0,0.16949999999999998,864.87,3,108000.0,1,0,n,24.33,0.0,0.0,14.0,0.0,20086.0,20.0,0,20444.86,20444.86,6873.24,6873.24,3830.14,3043.1,0.0,0.0,0.0,1729.74,0.0,1.0,1,0.0,0.0,88102.0,1.0,6.0,2.0,2.0,5.0,68016.0,77.0,0.0,3.0,11675.0,58.0,48400.0,1.0,0.0,2.0,5.0,7342.0,28314.0,41.5,0.0,0.0,84.0,144.0,13.0,5.0,0.0,13.0,5.0,0.0,6.0,6.0,8.0,10.0,8.0,8.0,11.0,6.0,14.0,0.0,0.0,0.0,2.0,95.0,0.0,0.0,0.0,127944.0,88102.0,48400.0,79544.0,0,0
21222,11000.0,0.16949999999999998,273.09,1,65000.0,1,0,n,9.95,0.0,1.0,6.0,0.0,7669.0,19.0,0,10010.38,10010.38,2164.0,2164.0,989.62,1174.38,0.0,0.0,0.0,273.09,0.0,1.0,1,0.0,0.0,40791.0,3.0,2.0,2.0,2.0,2.0,33122.0,99.0,1.0,1.0,5142.0,77.0,19600.0,0.0,0.0,1.0,3.0,6799.0,11931.0,39.1,0.0,0.0,118.0,65.0,1.0,1.0,0.0,1.0,2.0,0.0,4.0,4.0,4.0,4.0,15.0,4.0,4.0,4.0,6.0,0.0,0.0,0.0,3.0,100.0,25.0,0.0,0.0,52977.0,40791.0,19600.0,33377.0,0,0
21263,15950.0,0.1862,410.43,1,80000.0,1,0,n,10.91,0.0,1.0,25.0,0.0,13110.0,27.0,0,0.0,0.0,377.43,377.43,162.94,214.49,0.0,0.0,0.0,0.0,0.0,1.0,1,0.0,0.0,371853.0,4.0,20.0,4.0,7.0,3.0,358743.0,108.0,1.0,1.0,7032.0,98.0,37500.0,1.0,1.0,3.0,8.0,14874.0,24390.0,35.0,0.0,0.0,137.0,198.0,5.0,3.0,0.0,5.0,5.0,0.0,2.0,2.0,5.0,5.0,22.0,5.0,5.0,3.0,25.0,0.0,0.0,0.0,5.0,100.0,20.0,0.0,0.0,367794.0,371853.0,37500.0,330294.0,0,0
21266,10000.0,0.28800000000000003,316.21,1,129528.0,0,0,n,11.98,3.0,0.0,6.0,0.0,5100.0,25.0,0,0.0,0.0,1754.14,1754.14,154.25,446.17,0.0,1153.72,207.6696,0.0,0.0,1.0,1,0.0,0.0,199008.0,1.0,3.0,3.0,3.0,4.0,193908.0,92.0,0.0,1.0,2986.0,90.0,6000.0,1.0,9.0,1.0,5.0,33168.0,900.0,85.0,0.0,0.0,198.0,311.0,13.0,4.0,2.0,13.0,4.0,4.0,2.0,2.0,2.0,5.0,16.0,2.0,6.0,2.0,6.0,0.0,0.0,3.0,3.0,79.2,100.0,0.0,0.0,198307.0,199008.0,6000.0,192112.0,0,0
21331,20800.0,0.0819,653.63,2,120000.0,0,0,n,15.49,0.0,1.0,24.0,0.0,12284.0,41.0,0,20800.0,20800.0,918.63,918.63,0.0,918.63,0.0,0.0,0.0,326.82,0.0,1.0,1,0.0,0.0,344411.0,3.0,2.0,1.0,2.0,11.0,49628.0,86.0,3.0,4.0,11428.0,47.0,73800.0,8.0,0.0,3.0,6.0,15655.0,46976.0,19.8,0.0,0.0,174.0,219.0,0.0,0.0,1.0,1.0,0.0,0.0,4.0,6.0,12.0,15.0,8.0,21.0,32.0,6.0,24.0,0.0,0.0,0.0,4.0,100.0,0.0,0.0,0.0,429733.0,61912.0,58600.0,57500.0,0,0
21346,11900.0,0.2305,460.96,2,125000.0,0,0,n,31.8,1.0,0.0,19.0,0.0,28206.0,37.0,0,0.0,0.0,0.0,0.0,0.0,0.0,0.0,0.0,0.0,0.0,0.0,1.0,1,0.0,0.0,224680.0,0.0,4.0,1.0,2.0,9.0,76678.0,69.0,1.0,1.0,15821.0,42.0,116000.0,1.0,3.0,1.0,3.0,11825.0,73374.0,27.6,0.0,0.0,162.0,162.0,7.0,7.0,2.0,27.0,8.0,0.0,4.0,5.0,11.0,16.0,10.0,14.0,25.0,5.0,19.0,0.0,0.0,0.0,2.0,97.2,9.1,0.0,0.0,417502.0,104884.0,101300.0,122502.0,0,0
21349,18200.0,0.1862,663.65,2,186000.0,1,0,n,23.52,0.0,0.0,17.0,0.0,66707.0,53.0,0,0.0,0.0,2616.95,2616.95,1560.85,1056.1,0.0,0.0,0.0,0.0,0.0,1.0,1,0.0,0.0,686796.0,0.0,5.0,0.0,3.0,14.0,144085.0,70.0,0.0,1.0,23012.0,66.0,104300.0,2.0,7.0,0.0,6.0,40400.0,4194.0,94.1,0.0,0.0,225.0,238.0,23.0,9.0,7.0,23.0,13.0,0.0,6.0,7.0,6.0,9.0,26.0,10.0,19.0,7.0,17.0,0.0,0.0,0.0,1.0,100.0,100.0,0.0,0.0,753158.0,210792.0,70700.0,168636.0,0,0
21354,19125.0,0.1102,416.02,2,75000.0,1,0,n,33.22,0.0,1.0,15.0,0.0,14022.0,56.0,0,0.0,0.0,1224.64,1224.64,727.81,496.83,0.0,0.0,0.0,416.02,0.0,1.0,1,0.0,0.0,103283.0,1.0,8.0,1.0,3.0,6.0,89261.0,70.0,1.0,2.0,6926.0,52.0,49400.0,1.0,2.0,1.0,5.0,6886.0,22057.0,38.6,0.0,0.0,208.0,198.0,7.0,6.0,0.0,24.0,6.0,0.0,3.0,4.0,3.0,3.0,46.0,7.0,10.0,4.0,15.0,0.0,0.0,0.0,2.0,98.2,0.0,0.0,0.0,163197.0,103283.0,35900.0,113797.0,0,0
21367,27000.0,0.2565,1082.82,3,175000.0,1,0,n,15.43,0.0,1.0,17.0,0.0,37151.0,37.0,0,25877.97,25877.97,6469.79,6469.79,1122.03,5347.76,0.0,0.0,0.0,541.41,0.0,1.0,1,0.0,0.0,201770.0,1.0,3.0,1.0,2.0,11.0,164619.0,80.0,3.0,6.0,15250.0,55.0,90600.0,0.0,5.0,3.0,8.0,11869.0,48505.0,29.4,0.0,0.0,144.0,123.0,6.0,6.0,1.0,6.0,1.0,0.0,7.0,9.0,12.0,16.0,13.0,14.0,23.0,9.0,17.0,0.0,0.0,0.0,4.0,100.0,8.3,0.0,0.0,249872.0,201770.0,68700.0,159272.0,0,0
21391,29775.0,0.1308,678.7,2,69000.0,0,0,n,11.57,0.0,1.0,11.0,0.0,18587.0,44.0,1,29453.3,29453.3,3034.93,3034.93,321.7,2713.23,0.0,0.0,0.0,100.0,0.0,1.0,1,0.0,0.0,214352.0,1.0,2.0,1.0,2.0,5.0,38287.0,95.0,0.0,1.0,11729.0,65.0,33500.0,1.0,10.0,1.0,3.0,19487.0,6650.0,73.1,0.0,0.0,164.0,167.0,15.0,5.0,4.0,15.0,4.0,0.0,2.0,3.0,2.0,8.0,14.0,8.0,26.0,3.0,11.0,0.0,0.0,0.0,1.0,100.0,50.0,0.0,0.0,265353.0,56874.0,24700.0,67050.0,0,0
21393,20000.0,0.16949999999999998,496.52,2,107000.0,1,0,n,6.99,0.0,2.0,16.0,0.0,12582.0,25.0,1,0.0,0.0,0.0,0.0,0.0,0.0,0.0,0.0,0.0,0.0,0.0,1.0,1,0.0,2725.0,232409.0,2.0,1.0,0.0,2.0,14.0,8301.0,83.0,4.0,6.0,3583.0,43.0,39000.0,2.0,0.0,5.0,8.0,16601.0,17959.0,22.6,0.0,0.0,115.0,218.0,3.0,3.0,2.0,11.0,3.0,0.0,3.0,9.0,7.0,9.0,4.0,14.0,19.0,9.0,16.0,0.0,0.0,0.0,4.0,100.0,0.0,0.0,0.0,269924.0,20883.0,23200.0,10000.0,0,0
21414,10000.0,0.17739999999999995,360.23,1,43200.0,1,0,n,15.56,0.0,1.0,10.0,0.0,7555.0,13.0,0,8445.64,8445.64,2701.9,2701.9,1554.36,1147.54,0.0,0.0,0.0,200.0,0.0,1.0,1,0.0,0.0,15927.0,4.0,1.0,0.0,0.0,33.0,8372.0,56.0,5.0,5.0,2788.0,47.0,19300.0,0.0,0.0,1.0,5.0,1593.0,11524.0,38.0,0.0,0.0,33.0,93.0,2.0,2.0,0.0,2.0,0.0,0.0,5.0,6.0,8.0,11.0,1.0,9.0,12.0,6.0,10.0,0.0,0.0,0.0,5.0,100.0,25.0,0.0,0.0,34132.0,15927.0,18600.0,14832.0,0,0
21433,6400.0,0.08810000000000001,202.96,2,55000.0,0,0,n,4.67,0.0,0.0,3.0,1.0,0.0,18.0,0,4810.75,4810.75,2023.34,2023.34,1589.25,434.09,0.0,0.0,0.0,202.96,0.0,1.0,0,0.0,0.0,2927.0,0.0,1.0,0.0,1.0,20.0,2927.0,59.0,1.0,2.0,0.0,44.0,1600.0,2.0,0.0,1.0,3.0,976.0,1600.0,0.0,0.0,0.0,186.0,180.0,10.0,10.0,0.0,78.0,10.0,0.0,0.0,0.0,2.0,12.0,2.0,2.0,16.0,0.0,3.0,0.0,0.0,0.0,1.0,100.0,0.0,1.0,0.0,6600.0,2927.0,1600.0,5000.0,0,0
21457,32000.0,0.124,1068.99,2,144000.0,1,0,n,16.48,2.0,0.0,12.0,1.0,10121.0,26.0,0,31261.68,31261.68,2205.48,2205.48,738.32,1467.16,0.0,0.0,0.0,534.5,0.0,1.0,1,0.0,146.0,265867.0,1.0,4.0,1.0,3.0,12.0,35401.0,52.0,0.0,2.0,5045.0,52.0,20000.0,1.0,5.0,2.0,6.0,22156.0,6702.0,48.4,0.0,0.0,89.0,101.0,19.0,3.0,3.0,21.0,4.0,0.0,2.0,4.0,3.0,7.0,12.0,6.0,11.0,4.0,12.0,0.0,0.0,0.0,2.0,92.3,0.0,1.0,0.0,323030.0,45522.0,13000.0,70098.0,0,0
21492,17650.0,0.2055,660.9,1,71026.0,1,0,n,17.32,0.0,0.0,7.0,0.0,6110.0,12.0,0,0.0,0.0,3312.51,3312.51,689.44,191.16,0.0,2431.91,437.7438,0.0,0.0,1.0,1,0.0,0.0,27110.0,1.0,2.0,0.0,2.0,16.0,21000.0,76.0,2.0,2.0,5285.0,71.0,10400.0,0.0,0.0,1.0,4.0,4518.0,4064.0,56.8,0.0,0.0,49.0,50.0,1.0,1.0,0.0,1.0,11.0,0.0,2.0,3.0,4.0,4.0,7.0,5.0,5.0,3.0,7.0,0.0,0.0,0.0,2.0,100.0,33.3,0.0,0.0,38049.0,27110.0,9400.0,27649.0,0,0
21540,18000.0,0.08810000000000001,570.81,1,78000.0,1,0,n,8.27,0.0,2.0,5.0,0.0,11704.0,5.0,0,0.0,0.0,0.0,0.0,0.0,0.0,0.0,0.0,0.0,0.0,0.0,1.0,1,0.0,0.0,16279.0,3.0,1.0,1.0,1.0,3.0,4575.0,95.0,2.0,2.0,223.0,25.0,59400.0,1.0,1.0,4.0,3.0,3256.0,23977.0,0.9,0.0,0.0,3.0,44.0,1.0,1.0,0.0,3.0,1.0,0.0,1.0,2.0,2.0,2.0,1.0,4.0,4.0,2.0,5.0,0.0,0.0,0.0,3.0,100.0,0.0,0.0,0.0,64200.0,16279.0,24200.0,4800.0,0,0
21560,20000.0,0.2565,594.68,2,54000.0,1,0,n,19.42,0.0,2.0,11.0,0.0,11413.0,15.0,0,19446.55,19446.55,4105.76,4105.76,553.45,3552.31,0.0,0.0,0.0,594.68,0.0,1.0,1,0.0,0.0,204544.0,4.0,3.0,1.0,3.0,5.0,19241.0,78.0,4.0,4.0,7751.0,47.0,40200.0,2.0,4.0,3.0,8.0,18595.0,26971.0,29.4,0.0,0.0,41.0,84.0,4.0,4.0,1.0,4.0,2.0,0.0,3.0,4.0,5.0,5.0,4.0,7.0,10.0,4.0,11.0,0.0,0.0,0.0,5.0,100.0,40.0,0.0,0.0,242329.0,30654.0,38200.0,24829.0,0,0
21613,3000.0,0.14300000000000002,102.98,2,85000.0,0,0,n,37.34,0.0,0.0,18.0,0.0,5365.0,31.0,0,2878.17,2878.17,478.65,478.65,121.83,356.82,0.0,0.0,0.0,102.98,0.0,1.0,0,0.0,0.0,356640.0,2.0,8.0,3.0,3.0,3.0,81564.0,99.0,0.0,0.0,2924.0,73.0,37300.0,1.0,0.0,3.0,4.0,19813.0,12048.0,27.9,0.0,0.0,186.0,116.0,41.0,3.0,1.0,42.0,3.0,0.0,2.0,4.0,4.0,5.0,17.0,9.0,13.0,4.0,18.0,0.0,0.0,0.0,3.0,96.6,0.0,0.0,0.0,394510.0,86929.0,16700.0,82282.0,0,0
21633,12000.0,0.28800000000000003,379.45,2,85680.0,1,0,n,13.45,0.0,1.0,9.0,0.0,19200.0,22.0,0,11715.82,11715.82,3330.78,3330.78,284.18,3046.6,0.0,0.0,0.0,189.73,0.0,1.0,1,0.0,0.0,47171.0,1.0,1.0,1.0,1.0,7.0,27971.0,94.0,1.0,1.0,4172.0,83.0,27000.0,2.0,10.0,3.0,2.0,5241.0,5328.0,43.9,0.0,0.0,119.0,114.0,6.0,6.0,0.0,6.0,5.0,0.0,1.0,4.0,2.0,2.0,12.0,8.0,10.0,4.0,9.0,0.0,0.0,0.0,2.0,100.0,0.0,0.0,0.0,56707.0,47171.0,9500.0,29707.0,0,0
21680,10000.0,0.1171,330.76,1,38000.0,0,0,n,26.91,0.0,2.0,8.0,0.0,6722.0,21.0,0,7563.13,7563.13,3294.59,3294.59,2436.87,857.72,0.0,0.0,0.0,0.0,0.0,1.0,1,0.0,0.0,29103.0,1.0,3.0,1.0,1.0,12.0,22381.0,69.0,1.0,2.0,700.0,71.0,8300.0,0.0,8.0,2.0,3.0,3638.0,1087.0,39.6,0.0,0.0,161.0,42.0,5.0,5.0,0.0,5.0,3.0,4.0,3.0,4.0,3.0,3.0,14.0,5.0,7.0,4.0,8.0,0.0,0.0,0.0,2.0,71.4,33.3,0.0,0.0,40762.0,29103.0,1800.0,32462.0,0,0
21722,22000.0,0.2565,882.3,2,60000.0,0,0,n,25.36,1.0,1.0,11.0,0.0,10298.0,14.0,0,17792.05,17792.05,8760.3,8760.3,4207.95,4552.35,0.0,0.0,0.0,882.3,0.0,1.0,0,0.0,0.0,156424.0,2.0,3.0,1.0,1.0,11.0,26112.0,70.0,4.0,4.0,2449.0,75.0,11300.0,1.0,0.0,2.0,5.0,14220.0,183.0,95.2,0.0,0.0,64.0,53.0,6.0,6.0,2.0,43.0,6.0,1.0,3.0,7.0,3.0,3.0,4.0,7.0,8.0,7.0,11.0,0.0,0.0,0.0,5.0,92.9,100.0,0.0,0.0,202469.0,36410.0,3800.0,37269.0,0,0
21811,15950.0,0.124,532.83,2,68000.0,1,0,n,24.69,0.0,2.0,14.0,0.0,10443.0,26.0,0,0.0,0.0,832.89,832.89,368.01,464.88,0.0,0.0,0.0,0.0,0.0,1.0,1,0.0,0.0,171078.0,2.0,4.0,2.0,3.0,4.0,37901.0,79.0,5.0,6.0,279.0,57.0,37300.0,2.0,4.0,4.0,10.0,12220.0,17982.0,1.7,0.0,0.0,107.0,138.0,5.0,4.0,3.0,5.0,4.0,0.0,2.0,3.0,7.0,8.0,8.0,9.0,15.0,3.0,14.0,0.0,0.0,0.0,8.0,96.2,0.0,0.0,0.0,209038.0,48344.0,18300.0,47738.0,0,0
21826,8000.0,0.2055,299.56,1,27000.0,0,0,n,37.33,0.0,0.0,11.0,1.0,13374.0,15.0,0,6618.85,6618.85,2378.21,2378.21,1381.15,997.06,0.0,0.0,0.0,299.56,0.0,1.0,1,0.0,0.0,19569.0,0.0,1.0,0.0,1.0,16.0,6195.0,62.0,0.0,0.0,3074.0,59.0,23200.0,1.0,0.0,0.0,1.0,1779.0,1636.0,79.6,0.0,0.0,152.0,463.0,53.0,16.0,1.0,53.0,16.0,0.0,4.0,8.0,4.0,4.0,2.0,10.0,12.0,8.0,11.0,0.0,0.0,0.0,0.0,93.3,75.0,1.0,0.0,33200.0,19569.0,8000.0,10000.0,0,0
21977,37300.0,0.2305,1444.85,3,25000.0,0,0,n,11.57,0.0,0.0,5.0,0.0,1394.0,10.0,0,35829.25,35829.25,5615.49,5615.49,1470.75,4144.74,0.0,0.0,0.0,722.43,0.0,1.0,0,0.0,0.0,302155.0,0.0,1.0,0.0,1.0,19.0,4845.0,57.0,0.0,1.0,1394.0,27.0,14500.0,0.0,0.0,1.0,2.0,60431.0,13106.0,9.6,0.0,0.0,222.0,46.0,17.0,17.0,2.0,17.0,1.0,1.0,1.0,1.0,3.0,4.0,3.0,3.0,5.0,1.0,5.0,0.0,0.0,0.0,0.0,90.0,0.0,0.0,0.0,334433.0,6239.0,14500.0,8580.0,0,0
22001,5000.0,0.17739999999999995,180.12,2,30000.0,1,0,n,20.0,0.0,0.0,9.0,0.0,4371.0,14.0,0,4222.78,4222.78,1250.98,1250.98,777.22,473.76,0.0,0.0,0.0,180.12,0.0,1.0,1,0.0,0.0,46620.0,2.0,1.0,1.0,2.0,10.0,7822.0,99.0,4.0,8.0,2943.0,47.0,18300.0,1.0,0.0,2.0,11.0,5180.0,10020.0,25.8,0.0,0.0,33.0,44.0,4.0,4.0,1.0,7.0,7.0,0.0,2.0,5.0,3.0,5.0,3.0,7.0,10.0,5.0,9.0,0.0,0.0,0.0,6.0,100.0,33.3,0.0,0.0,61186.0,12193.0,13500.0,7886.0,0,0
22008,34000.0,0.08810000000000001,702.66,1,80000.0,0,0,n,21.89,0.0,1.0,11.0,0.0,33513.0,22.0,0,29316.92,29316.92,6993.32,6993.32,4683.08,2310.24,0.0,0.0,0.0,702.66,0.0,1.0,1,0.0,0.0,60118.0,1.0,1.0,1.0,1.0,5.0,26605.0,87.0,0.0,3.0,16085.0,61.0,68700.0,1.0,0.0,2.0,4.0,5465.0,29297.0,52.7,0.0,0.0,132.0,113.0,14.0,5.0,0.0,14.0,4.0,0.0,5.0,6.0,7.0,9.0,8.0,10.0,14.0,6.0,11.0,0.0,0.0,0.0,1.0,100.0,28.6,0.0,0.0,99236.0,60118.0,61900.0,30536.0,0,0
22073,4800.0,0.2305,185.94,2,62000.0,1,0,n,18.18,0.0,2.0,12.0,1.0,3260.0,49.0,0,4513.34,4513.34,1196.32,1196.32,286.66,909.66,0.0,0.0,0.0,185.94,0.0,1.0,1,0.0,920.0,193551.0,4.0,3.0,3.0,7.0,2.0,35153.0,97.0,2.0,4.0,0.0,44.0,17600.0,3.0,10.0,5.0,12.0,16129.0,3000.0,0.0,0.0,0.0,121.0,85.0,5.0,2.0,3.0,11.0,0.0,0.0,0.0,2.0,2.0,11.0,14.0,8.0,32.0,2.0,12.0,0.0,0.0,0.0,6.0,100.0,0.0,1.0,0.0,219695.0,38413.0,3000.0,46957.0,0,0
22076,30000.0,0.17739999999999995,757.57,2,63940.0,1,0,n,37.63,0.0,0.0,12.0,0.0,68215.0,20.0,0,0.0,0.0,5243.86,5243.86,2298.43,2945.43,0.0,0.0,0.0,0.0,0.0,1.0,0,0.0,0.0,259877.0,1.0,3.0,2.0,3.0,4.0,35573.0,92.0,0.0,0.0,17636.0,88.0,79700.0,2.0,0.0,2.0,3.0,21656.0,4399.0,90.7,0.0,0.0,170.0,255.0,50.0,4.0,3.0,50.0,0.0,0.0,4.0,7.0,5.0,7.0,7.0,8.0,10.0,7.0,12.0,0.0,0.0,0.0,2.0,100.0,80.0,0.0,0.0,302475.0,103788.0,47300.0,38775.0,0,0
22108,25500.0,0.0819,519.37,1,115000.0,1,0,n,5.29,0.0,2.0,8.0,0.0,8508.0,20.0,0,0.0,0.0,1027.77,1027.77,722.27,305.5,0.0,0.0,0.0,0.0,0.0,1.0,1,0.0,0.0,9194.0,0.0,1.0,0.0,0.0,34.0,686.0,6.0,1.0,1.0,3479.0,11.0,71400.0,1.0,0.0,3.0,1.0,1149.0,53392.0,13.7,0.0,0.0,107.0,167.0,9.0,9.0,1.0,9.0,0.0,0.0,3.0,3.0,5.0,9.0,4.0,7.0,15.0,3.0,8.0,0.0,0.0,0.0,1.0,100.0,0.0,0.0,0.0,82940.0,9194.0,61900.0,11540.0,0,0
22111,26000.0,0.08810000000000001,824.5,2,41000.0,1,0,n,27.81,0.0,2.0,7.0,0.0,4267.0,38.0,0,0.0,0.0,1171.53,1171.53,633.62,537.91,0.0,0.0,0.0,186.24,0.0,1.0,1,0.0,0.0,143873.0,1.0,2.0,4.0,4.0,8.0,21552.0,82.0,1.0,3.0,4267.0,54.0,21700.0,1.0,4.0,3.0,7.0,23979.0,17433.0,19.7,0.0,0.0,131.0,167.0,4.0,4.0,1.0,4.0,4.0,0.0,1.0,1.0,3.0,8.0,21.0,4.0,16.0,1.0,7.0,0.0,0.0,0.0,5.0,100.0,0.0,0.0,0.0,173989.0,25819.0,21700.0,26325.0,0,0
22181,13975.0,0.2055,523.29,1,54000.0,1,0,n,21.42,0.0,4.0,25.0,0.0,11179.0,29.0,0,13975.0,13975.0,446.75,446.75,0.0,446.75,0.0,0.0,0.0,239.33,0.0,1.0,1,0.0,0.0,39487.0,2.0,1.0,1.0,2.0,3.0,28308.0,82.0,3.0,20.0,2114.0,55.0,37600.0,2.0,1.0,5.0,22.0,1579.0,12672.0,43.4,0.0,0.0,94.0,124.0,1.0,1.0,0.0,1.0,0.0,0.0,9.0,12.0,15.0,15.0,4.0,24.0,25.0,12.0,25.0,0.0,0.0,0.0,4.0,100.0,26.7,0.0,0.0,72331.0,39487.0,22400.0,34731.0,0,0
22185,2000.0,0.2305,77.48,1,34916.0,0,0,n,28.61,0.0,2.0,7.0,0.0,4837.0,8.0,0,663.62,663.62,1514.72,1514.72,1336.38,178.34,0.0,0.0,0.0,77.48,0.0,1.0,1,0.0,0.0,27867.0,1.0,3.0,2.0,2.0,1.0,23030.0,66.0,1.0,1.0,1469.0,69.0,5600.0,2.0,0.0,5.0,3.0,4645.0,572.0,83.7,0.0,0.0,48.0,180.0,9.0,1.0,0.0,9.0,2.0,0.0,2.0,3.0,2.0,2.0,3.0,4.0,5.0,3.0,7.0,0.0,0.0,0.0,3.0,100.0,50.0,0.0,0.0,40700.0,27867.0,3500.0,35100.0,0,0
22226,18000.0,0.1524,430.49,2,90000.0,0,0,n,24.53,0.0,2.0,14.0,0.0,33170.0,39.0,0,15758.53,15758.53,4278.01,4278.01,2241.47,2036.54,0.0,0.0,0.0,862.0,0.0,1.0,1,0.0,0.0,299209.0,2.0,4.0,3.0,3.0,5.0,67670.0,91.0,0.0,0.0,9709.0,71.0,54900.0,4.0,1.0,8.0,5.0,21372.0,3742.0,83.4,0.0,0.0,173.0,327.0,45.0,5.0,6.0,45.0,0.0,0.0,3.0,7.0,3.0,5.0,18.0,9.0,15.0,7.0,14.0,0.0,0.0,0.0,5.0,97.4,66.7,0.0,0.0,326833.0,100840.0,22500.0,71933.0,0,0
22257,12800.0,0.0702,395.35,2,70000.0,1,0,n,12.31,0.0,0.0,6.0,1.0,14087.0,17.0,0,10344.44,10344.44,3152.82,3152.82,2455.56,697.26,0.0,0.0,0.0,395.35,0.0,1.0,1,0.0,0.0,91110.0,1.0,1.0,1.0,1.0,7.0,8619.0,86.0,2.0,3.0,7905.0,84.0,17000.0,1.0,0.0,1.0,4.0,15185.0,2913.0,82.9,0.0,0.0,136.0,149.0,3.0,3.0,2.0,3.0,7.0,0.0,4.0,4.0,4.0,10.0,3.0,4.0,12.0,4.0,6.0,0.0,0.0,0.0,3.0,93.8,50.0,1.0,0.0,135000.0,22706.0,17000.0,10000.0,0,0
22268,10000.0,0.2565,401.05,1,73000.0,1,0,n,20.7,0.0,1.0,8.0,0.0,13149.0,25.0,1,8609.52,8609.52,3394.15,3394.15,1390.48,2003.67,0.0,0.0,0.0,401.05,0.0,1.0,1,0.0,0.0,44558.0,2.0,1.0,2.0,3.0,3.0,31409.0,98.0,2.0,3.0,10791.0,62.0,39600.0,1.0,0.0,1.0,6.0,5570.0,25451.0,34.1,0.0,0.0,104.0,185.0,3.0,3.0,0.0,3.0,3.0,0.0,5.0,5.0,6.0,10.0,8.0,7.0,17.0,5.0,8.0,0.0,0.0,0.0,4.0,100.0,16.7,0.0,0.0,71600.0,44558.0,38600.0,32000.0,0,0
22317,10800.0,0.2565,433.13,2,110100.0,0,0,n,20.99,0.0,0.0,9.0,0.0,29868.0,28.0,0,0.0,0.0,2568.0,2568.0,1280.41,1287.59,0.0,0.0,0.0,433.13,0.0,1.0,1,0.0,0.0,426896.0,3.0,5.0,4.0,6.0,3.0,73379.0,88.0,0.0,1.0,8540.0,94.0,30000.0,5.0,16.0,8.0,9.0,47433.0,60.0,99.5,0.0,0.0,154.0,113.0,13.0,3.0,2.0,13.0,6.0,0.0,2.0,3.0,2.0,2.0,23.0,3.0,3.0,3.0,9.0,0.0,0.0,0.0,5.0,100.0,100.0,0.0,0.0,433099.0,103247.0,11000.0,78404.0,0,0
22338,16000.0,0.08810000000000001,507.39,2,60000.0,1,0,n,17.74,1.0,0.0,7.0,0.0,4822.0,8.0,0,11993.64,11993.64,5058.24,5058.24,4006.36,1051.88,0.0,0.0,0.0,507.39,0.0,1.0,1,0.0,0.0,104873.0,0.0,2.0,1.0,2.0,10.0,13673.0,69.0,0.0,1.0,2679.0,64.0,9100.0,2.0,0.0,1.0,3.0,14982.0,478.0,91.0,0.0,0.0,147.0,154.0,14.0,10.0,1.0,14.0,10.0,1.0,2.0,2.0,2.0,2.0,3.0,4.0,4.0,2.0,7.0,0.0,0.0,0.0,1.0,87.5,100.0,0.0,0.0,136450.0,18495.0,5300.0,19800.0,0,0
22412,22000.0,0.0819,448.09,2,100000.0,0,0,n,25.87,0.0,0.0,9.0,0.0,35027.0,23.0,0,20238.05,20238.05,3116.61,3116.61,1761.95,1354.66,0.0,0.0,0.0,448.09,0.0,1.0,1,0.0,0.0,417355.0,0.0,2.0,0.0,1.0,14.0,22626.0,40.0,0.0,1.0,16893.0,57.0,44000.0,0.0,1.0,2.0,3.0,52169.0,8365.0,71.8,0.0,0.0,152.0,360.0,23.0,14.0,7.0,23.0,1.0,1.0,2.0,4.0,4.0,9.0,4.0,6.0,11.0,4.0,9.0,0.0,0.0,0.0,0.0,100.0,33.3,0.0,0.0,471921.0,57653.0,29700.0,56534.0,1,0
22438,2000.0,0.17739999999999995,72.05,1,28800.0,0,0,n,16.54,0.0,1.0,4.0,0.0,1878.0,4.0,0,1545.76,1545.76,718.53,718.53,454.24,264.29,0.0,0.0,0.0,0.0,0.0,1.0,1,0.0,0.0,13504.0,1.0,2.0,1.0,1.0,4.0,11626.0,70.0,1.0,1.0,1468.0,72.0,2000.0,1.0,0.0,2.0,2.0,3376.0,122.0,93.9,0.0,0.0,40.0,27.0,10.0,4.0,0.0,10.0,4.0,0.0,2.0,2.0,2.0,2.0,2.0,2.0,2.0,2.0,4.0,0.0,0.0,0.0,2.0,100.0,100.0,0.0,0.0,18677.0,13504.0,2000.0,16677.0,0,0
22457,25000.0,0.1524,597.91,2,45000.0,0,0,n,103.12,0.0,0.0,12.0,0.0,29288.0,23.0,1,22030.1,22030.1,5957.93,5957.93,2969.9,2988.03,0.0,0.0,0.0,0.0,0.0,1.0,0,0.0,0.0,523294.0,1.0,4.0,1.0,5.0,12.0,113601.0,91.0,1.0,2.0,9200.0,83.0,41100.0,2.0,1.0,3.0,8.0,43608.0,10512.0,73.6,0.0,0.0,126.0,119.0,11.0,2.0,1.0,11.0,3.0,0.0,4.0,4.0,6.0,10.0,9.0,7.0,13.0,4.0,12.0,0.0,0.0,0.0,3.0,100.0,50.0,0.0,0.0,562871.0,142889.0,39800.0,140841.0,0,0
22476,31000.0,0.1033,1005.1,2,98004.0,0,0,n,23.35,0.0,1.0,22.0,0.0,31395.0,29.0,0,27136.66,27136.66,6518.02,6518.02,3863.34,2654.68,0.0,0.0,0.0,1005.1,0.0,1.0,1,0.0,0.0,298408.0,2.0,2.0,0.0,2.0,13.0,27095.0,75.0,4.0,11.0,6775.0,48.0,85200.0,1.0,3.0,3.0,14.0,13564.0,48794.0,35.7,0.0,0.0,70.0,176.0,1.0,1.0,1.0,1.0,1.0,0.0,10.0,12.0,16.0,16.0,7.0,19.0,21.0,12.0,22.0,0.0,0.0,0.0,4.0,100.0,0.0,0.0,0.0,371219.0,58490.0,75900.0,36019.0,0,0
22548,21050.0,0.1102,457.89,1,45000.0,0,0,n,21.52,0.0,0.0,9.0,0.0,2352.0,18.0,0,18579.4,18579.4,4108.12,4108.12,2470.6,1637.52,0.0,0.0,0.0,0.0,0.0,1.0,1,0.0,0.0,23191.0,1.0,2.0,1.0,3.0,1.0,20839.0,81.0,1.0,2.0,824.0,37.0,37700.0,2.0,0.0,1.0,5.0,2577.0,28848.0,7.5,0.0,0.0,89.0,168.0,10.0,1.0,0.0,10.0,0.0,0.0,4.0,4.0,5.0,11.0,4.0,7.0,14.0,4.0,9.0,0.0,0.0,0.0,2.0,100.0,0.0,0.0,0.0,63400.0,23191.0,31200.0,25700.0,0,0
22556,12625.0,0.0756,393.07,2,260000.0,0,0,n,11.95,0.0,0.0,14.0,0.0,34247.0,29.0,0,8055.02,8055.02,5219.91,5219.91,4569.98,649.93,0.0,0.0,0.0,2080.65,0.0,1.0,1,0.0,0.0,358757.0,0.0,3.0,0.0,2.0,20.0,18402.0,30.0,0.0,1.0,9197.0,44.0,58100.0,0.0,0.0,1.0,3.0,25626.0,13792.0,70.4,0.0,0.0,138.0,320.0,24.0,20.0,2.0,24.0,7.0,0.0,8.0,9.0,8.0,9.0,13.0,10.0,14.0,9.0,14.0,0.0,0.0,0.0,0.0,100.0,37.5,0.0,0.0,483753.0,52649.0,46600.0,60621.0,0,0
22571,26575.0,0.17739999999999995,957.29,1,120000.0,0,0,n,10.24,0.0,0.0,9.0,1.0,9425.0,10.0,0,26575.0,26575.0,2502.59,2502.59,0.0,2502.59,0.0,0.0,0.0,478.65,0.0,1.0,1,0.0,107.0,36232.0,1.0,3.0,1.0,1.0,9.0,26807.0,72.0,4.0,4.0,4614.0,61.0,22500.0,0.0,5.0,1.0,5.0,4026.0,11977.0,33.5,0.0,0.0,70.0,65.0,6.0,6.0,0.0,9.0,9.0,0.0,2.0,4.0,4.0,4.0,4.0,6.0,6.0,4.0,9.0,0.0,0.0,0.0,5.0,100.0,0.0,1.0,0.0,59584.0,36232.0,18000.0,37084.0,0,0
22602,10000.0,0.2055,374.45,2,94224.0,0,0,n,18.89,0.0,2.0,13.0,0.0,18955.0,24.0,0,8040.79,8040.79,3358.63,3358.63,1959.21,1399.42,0.0,0.0,0.0,0.0,0.0,1.0,1,0.0,0.0,194963.0,1.0,2.0,0.0,2.0,15.0,28003.0,75.0,0.0,3.0,3440.0,72.0,28200.0,2.0,0.0,3.0,6.0,14997.0,636.0,95.6,0.0,0.0,172.0,115.0,15.0,6.0,5.0,15.0,0.0,0.0,6.0,9.0,6.0,9.0,5.0,10.0,14.0,9.0,13.0,0.0,0.0,0.0,1.0,100.0,100.0,0.0,0.0,215376.0,46958.0,14600.0,37176.0,0,0
22691,16000.0,0.0646,490.1,1,103200.0,0,0,n,17.62,0.0,2.0,12.0,0.0,7534.0,20.0,0,0.0,0.0,3399.16,3399.16,1218.44,246.12,0.0,1934.6,348.228,0.0,0.0,1.0,1,0.0,0.0,45298.0,1.0,3.0,1.0,1.0,9.0,37764.0,64.0,1.0,1.0,2247.0,36.0,68400.0,2.0,1.0,4.0,2.0,4530.0,60866.0,11.0,0.0,0.0,81.0,125.0,3.0,3.0,0.0,3.0,3.0,0.0,7.0,7.0,9.0,12.0,5.0,9.0,14.0,7.0,12.0,0.0,0.0,0.0,2.0,100.0,0.0,0.0,0.0,127333.0,45298.0,68400.0,58933.0,0,0
22740,12000.0,0.08810000000000001,248.0,2,52000.0,1,0,n,19.71,0.0,0.0,8.0,0.0,13068.0,14.0,0,10369.61,10369.61,2474.13,2474.13,1630.39,843.74,0.0,0.0,0.0,248.0,0.0,1.0,1,0.0,0.0,194775.0,0.0,1.0,0.0,0.0,35.0,17270.0,65.0,1.0,1.0,5730.0,71.0,16200.0,0.0,0.0,1.0,2.0,24347.0,1312.0,89.2,0.0,0.0,318.0,78.0,7.0,7.0,1.0,35.0,11.0,0.0,3.0,5.0,4.0,4.0,6.0,6.0,7.0,5.0,8.0,0.0,0.0,0.0,2.0,92.9,75.0,0.0,0.0,208817.0,30338.0,12100.0,26765.0,0,0
22758,6000.0,0.1171,198.46,1,36000.0,0,0,n,29.27,0.0,1.0,11.0,1.0,6129.0,24.0,0,0.0,0.0,789.94,789.94,567.89,222.05,0.0,0.0,0.0,0.0,0.0,1.0,1,0.0,0.0,33537.0,4.0,2.0,1.0,2.0,6.0,27408.0,83.0,4.0,4.0,3635.0,47.0,38000.0,1.0,1.0,1.0,6.0,3049.0,23763.0,20.3,0.0,0.0,137.0,376.0,2.0,2.0,2.0,6.0,6.0,1.0,5.0,6.0,5.0,6.0,10.0,9.0,12.0,6.0,11.0,0.0,0.0,0.0,5.0,95.8,0.0,1.0,0.0,70987.0,33537.0,29800.0,32987.0,0,0
22762,15400.0,0.17739999999999995,554.75,2,85400.0,1,0,n,25.16,0.0,1.0,18.0,0.0,11302.0,42.0,0,0.0,0.0,1094.32,1094.32,659.01,435.31,0.0,0.0,0.0,554.75,0.0,1.0,1,0.0,0.0,42974.0,1.0,3.0,1.0,2.0,4.0,31672.0,68.0,0.0,1.0,5412.0,54.0,33500.0,5.0,1.0,3.0,3.0,2387.0,15054.0,41.2,0.0,0.0,157.0,149.0,15.0,4.0,0.0,29.0,2.0,1.0,4.0,6.0,6.0,14.0,7.0,15.0,35.0,6.0,18.0,0.0,0.0,0.0,1.0,87.8,50.0,0.0,0.0,80314.0,42974.0,25600.0,46814.0,0,0
22770,24000.0,0.16949999999999998,855.07,1,56000.0,0,0,n,20.3,0.0,0.0,16.0,0.0,29003.0,19.0,0,0.0,0.0,3533.16,3533.16,516.07,316.4,0.0,2700.69,486.1242,0.0,0.0,1.0,1,0.0,0.0,34111.0,0.0,1.0,0.0,1.0,21.0,5108.0,46.0,2.0,4.0,6997.0,43.0,69000.0,1.0,0.0,0.0,5.0,2132.0,34051.0,43.0,0.0,0.0,21.0,62.0,10.0,10.0,0.0,10.0,21.0,0.0,11.0,12.0,14.0,16.0,1.0,15.0,17.0,12.0,16.0,0.0,0.0,0.0,2.0,100.0,35.7,0.0,0.0,80000.0,34111.0,59700.0,11000.0,0,0
22831,30000.0,0.2055,1123.34,1,185000.0,0,0,n,20.19,0.0,0.0,17.0,0.0,54967.0,27.0,0,29390.41,29390.41,3219.07,3219.07,609.59,2609.48,0.0,0.0,0.0,1626.66,0.0,1.0,1,0.0,0.0,89157.0,0.0,1.0,0.0,0.0,40.0,5489.0,19.0,0.0,0.0,14937.0,76.0,60500.0,1.0,0.0,0.0,0.0,5572.0,5533.0,90.9,0.0,0.0,105.0,167.0,37.0,37.0,3.0,37.0,14.0,0.0,14.0,14.0,14.0,18.0,4.0,14.0,18.0,14.0,17.0,0.0,0.0,0.0,0.0,92.6,64.3,0.0,0.0,118102.0,89157.0,60500.0,28901.0,0,0
22842,27000.0,0.2565,1082.82,1,135000.0,1,0,n,22.93,0.0,0.0,12.0,0.0,27110.0,20.0,0,0.0,0.0,4796.44,4796.44,505.7,538.64,0.0,3752.1,675.378,0.0,0.0,1.0,1,0.0,0.0,83017.0,0.0,2.0,0.0,2.0,14.0,55907.0,74.0,0.0,0.0,14364.0,74.0,36600.0,2.0,1.0,0.0,2.0,6918.0,15.0,99.9,0.0,0.0,105.0,228.0,25.0,14.0,0.0,45.0,14.0,0.0,6.0,7.0,6.0,8.0,5.0,10.0,15.0,7.0,12.0,0.0,0.0,0.0,0.0,100.0,100.0,0.0,0.0,109510.0,83017.0,26900.0,72910.0,0,0
22947,2400.0,0.2305,92.97,2,45000.0,1,0,n,21.97,0.0,1.0,15.0,0.0,9886.0,21.0,0,2027.28,2027.28,833.66,833.66,372.72,460.94,0.0,0.0,0.0,0.0,0.0,1.0,1,0.0,1160.0,80895.0,4.0,4.0,2.0,2.0,1.0,52683.0,113.0,5.0,6.0,2958.0,93.0,20500.0,3.0,0.0,2.0,8.0,5393.0,10614.0,48.2,0.0,0.0,191.0,66.0,5.0,1.0,2.0,5.0,4.0,0.0,10.0,10.0,10.0,14.0,5.0,10.0,14.0,10.0,15.0,0.0,0.0,0.0,7.0,100.0,70.0,0.0,0.0,117298.0,62569.0,20500.0,46798.0,0,0
22993,6400.0,0.08810000000000001,202.96,2,42000.0,0,0,n,25.83,1.0,1.0,8.0,0.0,4294.0,17.0,0,4799.46,4799.46,2026.47,2026.47,1600.54,425.93,0.0,0.0,0.0,202.96,0.0,1.0,1,0.0,0.0,63166.0,1.0,2.0,2.0,2.0,7.0,29466.0,93.0,2.0,3.0,3268.0,79.0,11200.0,3.0,1.0,7.0,5.0,7896.0,6848.0,34.2,0.0,0.0,139.0,347.0,3.0,3.0,3.0,3.0,0.0,2.0,3.0,4.0,4.0,7.0,4.0,5.0,10.0,4.0,8.0,0.0,0.0,1.0,4.0,52.9,0.0,0.0,0.0,134517.0,33760.0,10400.0,31616.0,0,0
23011,40000.0,0.28800000000000003,1264.81,1,20000.0,0,0,n,12.06,0.0,0.0,8.0,0.0,2061.0,9.0,0,38102.57,38102.57,11929.54,11929.54,1897.43,10032.11,0.0,0.0,0.0,1264.81,0.0,1.0,0,0.0,0.0,34591.0,0.0,6.0,0.0,2.0,18.0,32530.0,104.0,1.0,1.0,1393.0,98.0,4000.0,0.0,0.0,3.0,3.0,4324.0,1107.0,55.7,0.0,0.0,42.0,75.0,8.0,8.0,0.0,75.0,7.0,0.0,1.0,2.0,1.0,1.0,6.0,2.0,3.0,2.0,8.0,0.0,0.0,0.0,1.0,100.0,0.0,0.0,0.0,35250.0,34591.0,2500.0,31250.0,0,0
23031,18000.0,0.1308,410.3,1,66949.0,0,0,n,10.32,0.0,0.0,5.0,0.0,250.0,14.0,0,16664.42,16664.42,3269.32,3269.32,1335.58,1933.74,0.0,0.0,0.0,410.3,0.0,1.0,1,0.0,0.0,23953.0,1.0,2.0,2.0,2.0,7.0,23703.0,93.0,2.0,3.0,0.0,77.0,5500.0,1.0,0.0,2.0,5.0,4791.0,500.0,0.0,0.0,0.0,261.0,102.0,0.0,0.0,0.0,14.0,7.0,3.0,0.0,1.0,1.0,2.0,9.0,3.0,5.0,1.0,5.0,0.0,0.0,0.0,4.0,78.6,0.0,0.0,0.0,31037.0,23953.0,500.0,25537.0,0,0
23065,14000.0,0.1102,304.54,2,65000.0,1,0,n,17.13,3.0,2.0,10.0,0.0,13214.0,19.0,0,13483.68,13483.68,1818.67,1818.67,516.32,1302.35,0.0,0.0,0.0,304.54,0.0,1.0,1,0.0,0.0,49728.0,3.0,2.0,0.0,0.0,50.0,36514.0,38.0,4.0,4.0,4669.0,48.0,20800.0,0.0,4.0,2.0,4.0,4973.0,6617.0,66.2,0.0,0.0,169.0,53.0,0.0,0.0,0.0,3.0,0.0,4.0,6.0,8.0,6.0,8.0,8.0,8.0,10.0,8.0,10.0,0.0,0.0,3.0,4.0,81.3,33.3,0.0,0.0,67073.0,49728.0,19600.0,46273.0,0,0
23075,21275.0,0.08810000000000001,674.66,2,125000.0,1,0,n,9.01,0.0,0.0,13.0,0.0,20754.0,18.0,0,19467.57,19467.57,2688.23,2688.23,1807.43,880.8,0.0,0.0,0.0,674.66,0.0,1.0,1,0.0,0.0,459002.0,2.0,1.0,1.0,2.0,10.0,13488.0,90.0,1.0,7.0,9431.0,38.0,76000.0,3.0,1.0,4.0,10.0,35308.0,48465.0,28.8,0.0,0.0,111.0,178.0,5.0,1.0,1.0,5.0,3.0,0.0,5.0,7.0,8.0,9.0,3.0,11.0,14.0,7.0,13.0,0.0,0.0,0.0,3.0,87.5,0.0,0.0,0.0,515760.0,34242.0,68100.0,15000.0,0,0
23113,10000.0,0.2305,387.36,1,95000.0,0,0,n,36.34,0.0,0.0,16.0,0.0,37763.0,21.0,1,0.0,0.0,1149.27,1149.27,216.67,932.6,0.0,0.0,0.0,387.36,0.0,1.0,1,0.0,0.0,74338.0,0.0,3.0,0.0,0.0,25.0,32957.0,46.0,0.0,3.0,15451.0,64.0,38900.0,0.0,0.0,2.0,4.0,4646.0,1071.0,97.0,0.0,0.0,63.0,211.0,22.0,22.0,0.0,22.0,10.0,0.0,10.0,12.0,10.0,10.0,5.0,12.0,14.0,12.0,16.0,0.0,0.0,0.0,0.0,100.0,90.0,0.0,0.0,116984.0,74338.0,35900.0,72499.0,0,0
23118,30000.0,0.0819,942.73,2,150000.0,1,0,n,36.14,0.0,0.0,16.0,0.0,22582.0,34.0,0,23241.01,23241.01,8470.92,8470.92,6758.99,1711.93,0.0,0.0,0.0,942.73,0.0,1.0,0,0.0,0.0,728234.0,2.0,9.0,4.0,5.0,5.0,227973.0,83.0,1.0,2.0,12752.0,69.0,47500.0,3.0,3.0,8.0,7.0,45515.0,18918.0,54.4,0.0,0.0,149.0,63.0,1.0,1.0,3.0,1.0,1.0,0.0,3.0,3.0,4.0,5.0,21.0,6.0,9.0,3.0,16.0,0.0,0.0,0.0,5.0,93.9,50.0,0.0,0.0,806119.0,250555.0,41500.0,261094.0,0,0
23142,27000.0,0.2565,1082.82,2,75000.0,0,0,n,22.42,1.0,1.0,7.0,0.0,2400.0,20.0,0,0.0,0.0,6458.44,6458.44,3201.0,3257.44,0.0,0.0,0.0,0.0,0.0,1.0,1,0.0,0.0,199823.0,2.0,3.0,1.0,2.0,12.0,64385.0,77.0,2.0,3.0,533.0,73.0,6000.0,1.0,1.0,3.0,5.0,28546.0,2467.0,17.8,0.0,0.0,187.0,174.0,2.0,2.0,2.0,2.0,2.0,0.0,1.0,3.0,1.0,5.0,9.0,3.0,9.0,3.0,7.0,0.0,0.0,0.0,3.0,80.0,0.0,0.0,0.0,226954.0,66785.0,3000.0,83490.0,0,0
23163,10625.0,0.1308,358.41,3,85000.0,0,0,n,35.25,0.0,0.0,10.0,0.0,25093.0,14.0,1,0.0,0.0,1784.33,1784.33,1239.72,544.61,0.0,0.0,0.0,0.0,0.0,1.0,1,0.0,3323.0,53730.0,0.0,3.0,1.0,2.0,8.0,28637.0,44.0,1.0,1.0,8150.0,44.0,57500.0,2.0,0.0,1.0,3.0,5373.0,28831.0,44.0,0.0,0.0,107.0,243.0,10.0,8.0,1.0,10.0,8.0,0.0,4.0,6.0,5.0,5.0,5.0,7.0,8.0,6.0,10.0,0.0,0.0,0.0,2.0,100.0,20.0,0.0,0.0,122500.0,53730.0,51500.0,65000.0,0,0
23185,5000.0,0.2055,187.23,3,150000.0,1,0,n,10.43,0.0,2.0,8.0,0.0,168758.0,40.0,1,5000.0,5000.0,721.53,721.53,0.0,721.53,0.0,0.0,0.0,187.23,0.0,1.0,1,0.0,0.0,1030165.0,2.0,1.0,0.0,3.0,13.0,1921.0,48.0,1.0,3.0,5076.0,83.0,169400.0,5.0,4.0,5.0,8.0,128771.0,0.0,100.4,0.0,0.0,320.0,197.0,5.0,5.0,3.0,14.0,0.0,0.0,3.0,5.0,3.0,13.0,12.0,6.0,25.0,5.0,8.0,0.0,0.0,0.0,2.0,100.0,100.0,0.0,0.0,1040000.0,170679.0,9400.0,4000.0,0,0
23217,30000.0,0.1308,1011.98,2,45000.0,1,0,n,80.27,0.0,0.0,14.0,0.0,28112.0,25.0,0,0.0,0.0,4026.12,4026.12,2627.4,1398.72,0.0,0.0,0.0,0.0,0.0,1.0,0,0.0,0.0,449975.0,1.0,4.0,1.0,3.0,8.0,89348.0,79.0,0.0,2.0,5868.0,68.0,49200.0,0.0,6.0,5.0,6.0,32141.0,16512.0,43.5,0.0,0.0,97.0,174.0,15.0,3.0,4.0,15.0,5.0,0.0,4.0,6.0,5.0,8.0,9.0,9.0,12.0,6.0,14.0,0.0,0.0,0.0,2.0,100.0,40.0,0.0,0.0,516616.0,117460.0,29200.0,133416.0,0,0
23219,9600.0,0.1612,338.08,3,35208.0,1,0,n,17.03,0.0,2.0,9.0,0.0,6688.0,11.0,1,8075.83,8075.83,2357.96,2357.96,1524.17,833.79,0.0,0.0,0.0,0.0,0.0,1.0,0,0.0,0.0,9885.0,2.0,1.0,1.0,1.0,8.0,3197.0,76.0,2.0,4.0,1399.0,74.0,9100.0,1.0,0.0,4.0,5.0,1098.0,1971.0,73.0,0.0,0.0,38.0,174.0,1.0,1.0,0.0,6.0,1.0,0.0,7.0,8.0,7.0,7.0,2.0,8.0,9.0,8.0,9.0,0.0,0.0,0.0,3.0,100.0,28.6,0.0,0.0,13300.0,9885.0,7300.0,4200.0,0,0
23245,15950.0,0.08810000000000001,505.8,1,90000.0,0,0,n,19.47,0.0,0.0,10.0,0.0,23331.0,22.0,0,12759.31,12759.31,4038.59,4038.59,3190.69,847.9,0.0,0.0,0.0,0.0,0.0,1.0,1,0.0,0.0,41882.0,1.0,2.0,1.0,1.0,4.0,18551.0,71.0,0.0,0.0,14521.0,52.0,54700.0,1.0,0.0,0.0,1.0,4188.0,26897.0,44.9,0.0,0.0,168.0,374.0,28.0,4.0,0.0,28.0,22.0,0.0,4.0,5.0,6.0,9.0,7.0,8.0,15.0,5.0,10.0,0.0,0.0,0.0,1.0,100.0,33.3,0.0,0.0,80966.0,41882.0,48800.0,26266.0,0,0
23280,12000.0,0.1612,422.6,1,45000.0,1,0,n,27.47,0.0,1.0,9.0,0.0,8774.0,15.0,1,9516.94,9516.94,3792.65,3792.65,2483.06,1309.59,0.0,0.0,0.0,0.0,0.0,1.0,1,0.0,0.0,32518.0,1.0,2.0,1.0,2.0,12.0,23744.0,80.0,1.0,1.0,2976.0,72.0,15200.0,1.0,0.0,2.0,3.0,3613.0,6426.0,57.7,0.0,0.0,63.0,99.0,4.0,4.0,0.0,4.0,4.0,0.0,7.0,7.0,7.0,8.0,6.0,7.0,9.0,7.0,9.0,0.0,0.0,0.0,2.0,86.7,28.6,0.0,0.0,44960.0,32518.0,15200.0,29760.0,0,0
23322,30000.0,0.0756,934.02,2,110000.0,1,0,n,24.29,0.0,1.0,19.0,0.0,21533.0,37.0,0,22335.0,22335.0,9327.6,9327.6,7665.0,1662.6,0.0,0.0,0.0,934.02,0.0,1.0,1,0.0,0.0,157726.0,2.0,5.0,1.0,2.0,12.0,89797.0,67.0,2.0,3.0,7786.0,44.0,92600.0,2.0,3.0,3.0,5.0,8301.0,61599.0,25.4,0.0,0.0,317.0,111.0,5.0,5.0,2.0,5.0,5.0,0.0,6.0,7.0,9.0,13.0,11.0,13.0,24.0,7.0,19.0,0.0,0.0,0.0,3.0,94.6,0.0,0.0,0.0,281508.0,111330.0,82600.0,117429.0,0,0
23323,35000.0,0.124,785.65,2,75000.0,0,0,n,24.42,0.0,1.0,13.0,0.0,44523.0,35.0,0,34172.31,34172.31,4689.79,4689.79,827.69,3862.1,0.0,0.0,0.0,785.65,0.0,1.0,1,0.0,0.0,146840.0,0.0,2.0,0.0,1.0,19.0,33410.0,66.0,2.0,2.0,2402.0,47.0,95900.0,0.0,2.0,3.0,3.0,11295.0,4998.0,32.5,0.0,0.0,187.0,335.0,8.0,8.0,3.0,320.0,0.0,1.0,1.0,4.0,1.0,6.0,11.0,10.0,20.0,4.0,13.0,0.0,0.0,0.0,2.0,97.1,0.0,0.0,0.0,274631.0,77933.0,7400.0,50731.0,0,0
23385,10000.0,0.1612,243.82,1,42000.0,0,0,n,26.71,0.0,1.0,7.0,0.0,4626.0,8.0,0,9607.96,9607.96,1453.96,1453.96,392.04,1061.92,0.0,0.0,0.0,243.82,0.0,1.0,1,0.0,302.0,26693.0,2.0,1.0,0.0,1.0,20.0,22067.0,65.0,3.0,4.0,1593.0,50.0,19500.0,1.0,0.0,1.0,5.0,3813.0,13915.0,22.7,0.0,0.0,126.0,33.0,2.0,2.0,0.0,5.0,5.0,0.0,4.0,5.0,5.0,5.0,2.0,6.0,6.0,5.0,7.0,0.0,0.0,0.0,3.0,100.0,20.0,0.0,0.0,53636.0,26693.0,18000.0,34136.0,0,0
23451,25000.0,0.14300000000000002,585.61,2,58000.0,0,0,n,33.73,1.0,0.0,9.0,0.0,10903.0,39.0,0,22025.07,22025.07,5836.24,5836.24,2974.93,2861.31,0.0,0.0,0.0,585.61,0.0,1.0,0,0.0,30.0,185500.0,1.0,3.0,1.0,4.0,7.0,31180.0,69.0,1.0,1.0,4693.0,62.0,22800.0,2.0,3.0,1.0,6.0,20611.0,11897.0,47.8,0.0,0.0,234.0,154.0,4.0,4.0,4.0,4.0,7.0,0.0,4.0,4.0,5.0,10.0,24.0,5.0,11.0,4.0,9.0,0.0,0.0,0.0,2.0,84.2,20.0,0.0,0.0,215026.0,42083.0,22800.0,45190.0,0,0
23488,11375.0,0.2565,456.19,1,68000.0,1,0,n,36.13,0.0,1.0,14.0,0.0,16257.0,32.0,0,0.0,0.0,5000.0,5000.0,5000.0,0.0,0.0,0.0,0.0,-456.19,0.0,1.0,1,0.0,76.0,57042.0,2.0,2.0,1.0,2.0,3.0,40785.0,82.0,1.0,5.0,4009.0,61.0,43000.0,2.0,0.0,1.0,7.0,4074.0,23133.0,25.1,0.0,0.0,167.0,215.0,3.0,3.0,0.0,14.0,3.0,3.0,3.0,8.0,7.0,13.0,8.0,12.0,24.0,8.0,14.0,0.0,0.0,0.0,2.0,90.6,14.3,0.0,0.0,92946.0,57042.0,30900.0,49946.0,0,0
23539,36000.0,0.1612,877.75,2,80000.0,0,0,n,28.4,0.0,0.0,25.0,0.0,32647.0,37.0,1,0.0,0.0,8429.7,8429.7,745.76,977.5,0.0,6706.44,1207.1592,877.75,0.0,1.0,1,0.0,0.0,492310.0,1.0,10.0,2.0,6.0,6.0,231803.0,105.0,1.0,2.0,8119.0,76.0,109200.0,1.0,0.0,1.0,8.0,23443.0,73483.0,30.3,0.0,0.0,203.0,357.0,8.0,6.0,1.0,8.0,7.0,0.0,7.0,8.0,9.0,15.0,20.0,10.0,16.0,8.0,25.0,0.0,0.0,0.0,3.0,100.0,22.2,0.0,0.0,589054.0,264450.0,105400.0,217954.0,0,0
23552,11000.0,0.1102,360.24,1,35000.0,1,0,n,19.14,0.0,0.0,5.0,0.0,2290.0,13.0,0,8858.32,8858.32,2875.19,2875.19,2141.68,733.51,0.0,0.0,0.0,0.0,0.0,1.0,1,0.0,0.0,16885.0,0.0,3.0,1.0,1.0,8.0,14595.0,84.0,1.0,2.0,2290.0,70.0,7000.0,1.0,0.0,2.0,3.0,3377.0,2210.0,50.9,0.0,0.0,156.0,194.0,10.0,8.0,0.0,15.0,8.0,5.0,1.0,1.0,1.0,4.0,7.0,2.0,6.0,1.0,5.0,0.0,0.0,0.0,2.0,61.5,0.0,0.0,0.0,24293.0,16885.0,4500.0,17293.0,0,0
23600,15950.0,0.1308,363.57,2,57000.0,1,0,n,22.97,1.0,1.0,13.0,0.0,29170.0,18.0,0,13970.42,13970.42,3624.11,3624.11,1979.58,1644.53,0.0,0.0,0.0,363.57,0.0,1.0,1,0.0,0.0,51316.0,0.0,7.0,0.0,0.0,40.0,22146.0,81.0,0.0,1.0,14838.0,72.0,43700.0,0.0,0.0,2.0,1.0,3947.0,8130.0,78.2,0.0,0.0,113.0,120.0,14.0,14.0,0.0,48.0,3.0,0.0,4.0,4.0,4.0,5.0,11.0,6.0,7.0,4.0,13.0,0.0,0.0,0.0,0.0,88.9,50.0,0.0,0.0,71200.0,51316.0,37300.0,27500.0,0,0
23652,8000.0,0.17739999999999995,288.18,1,40000.0,1,0,n,13.8,0.0,1.0,3.0,0.0,8796.0,6.0,1,0.0,0.0,668.48,668.48,357.77,210.71,0.0,100.0,18.0,288.18,0.0,1.0,1,0.0,0.0,20144.0,1.0,1.0,0.0,0.0,68.0,11348.0,65.0,2.0,2.0,8796.0,63.0,14500.0,1.0,0.0,1.0,2.0,6715.0,5704.0,60.7,0.0,0.0,76.0,7.0,3.0,3.0,0.0,3.0,0.0,0.0,1.0,1.0,2.0,2.0,4.0,2.0,2.0,1.0,3.0,0.0,0.0,0.0,2.0,100.0,50.0,0.0,0.0,32000.0,20144.0,14500.0,17500.0,0,0
23770,37900.0,0.0819,771.93,2,247000.0,0,0,n,5.04,0.0,0.0,7.0,0.0,37086.0,16.0,0,0.0,0.0,2298.55,2298.55,1550.32,748.23,0.0,0.0,0.0,0.0,0.0,1.0,1,0.0,0.0,465960.0,2.0,1.0,1.0,1.0,7.0,22210.0,91.0,1.0,1.0,30808.0,46.0,104200.0,1.0,0.0,3.0,3.0,66566.0,67114.0,35.6,0.0,0.0,112.0,249.0,1.0,1.0,4.0,1.0,5.0,0.0,4.0,4.0,5.0,7.0,4.0,5.0,8.0,4.0,7.0,0.0,0.0,0.0,3.0,100.0,20.0,0.0,0.0,536607.0,59296.0,104200.0,24457.0,0,0
23774,35000.0,0.2055,938.03,2,315000.0,0,0,n,14.49,0.0,2.0,22.0,0.0,72338.0,39.0,0,31885.36,31885.36,9392.31,9392.31,3114.64,6277.67,0.0,0.0,0.0,938.03,0.0,1.0,1,0.0,0.0,551330.0,1.0,4.0,0.0,1.0,24.0,81208.0,66.0,5.0,5.0,7826.0,79.0,82800.0,0.0,5.0,3.0,6.0,25060.0,5306.0,87.3,0.0,0.0,145.0,215.0,3.0,3.0,4.0,3.0,3.0,0.0,10.0,16.0,10.0,11.0,17.0,16.0,18.0,16.0,22.0,0.0,0.0,0.0,5.0,100.0,90.0,0.0,0.0,659300.0,153546.0,41900.0,122678.0,0,0
23800,14000.0,0.0702,432.41,2,65000.0,1,0,n,35.69,0.0,0.0,12.0,0.0,8738.0,25.0,0,11330.93,11330.93,3453.82,3453.82,2669.07,784.75,0.0,0.0,0.0,432.41,0.0,1.0,1,0.0,0.0,165718.0,0.0,4.0,1.0,4.0,7.0,51425.0,72.0,0.0,0.0,2705.0,54.0,39100.0,2.0,1.0,1.0,4.0,13810.0,27064.0,22.2,0.0,0.0,156.0,153.0,45.0,7.0,3.0,45.0,7.0,0.0,5.0,7.0,5.0,5.0,11.0,7.0,11.0,7.0,12.0,0.0,0.0,0.0,1.0,95.8,0.0,0.0,0.0,236033.0,60163.0,34800.0,71527.0,0,0
23862,24925.0,0.2565,999.61,1,48000.0,1,0,n,33.5,0.0,0.0,8.0,0.0,12093.0,13.0,0,19911.47,19911.47,9960.58,9960.58,5013.53,4947.05,0.0,0.0,0.0,999.61,0.0,1.0,1,0.0,0.0,34891.0,0.0,3.0,1.0,2.0,7.0,22798.0,47.0,2.0,2.0,5802.0,48.0,24800.0,1.0,0.0,2.0,4.0,4361.0,12707.0,48.8,0.0,0.0,244.0,225.0,10.0,7.0,0.0,10.0,7.0,0.0,4.0,4.0,5.0,8.0,5.0,5.0,8.0,4.0,8.0,0.0,0.0,0.0,3.0,69.2,40.0,0.0,0.0,73493.0,34891.0,24800.0,48693.0,0,0
23872,11200.0,0.28800000000000003,354.15,1,50000.0,0,0,n,18.0,0.0,0.0,14.0,0.0,12135.0,17.0,0,0.0,0.0,1044.53,1044.53,262.24,782.29,0.0,0.0,0.0,0.0,0.0,1.0,1,0.0,0.0,25473.0,1.0,1.0,1.0,1.0,12.0,4002.0,79.0,1.0,6.0,949.0,75.0,19500.0,2.0,0.0,1.0,7.0,1820.0,3770.0,47.6,0.0,0.0,12.0,43.0,1.0,1.0,0.0,1.0,12.0,0.0,5.0,10.0,6.0,7.0,1.0,12.0,15.0,10.0,14.0,0.0,0.0,0.0,2.0,100.0,50.0,0.0,0.0,33936.0,25473.0,7200.0,5100.0,0,0
23890,17850.0,0.124,596.3,1,60060.48,0,0,n,10.25,0.0,1.0,5.0,1.0,931.0,10.0,0,0.0,0.0,5354.4,5354.4,3863.61,1490.79,0.0,0.0,0.0,0.0,0.0,1.0,1,0.0,0.0,13366.0,2.0,1.0,2.0,3.0,2.0,12435.0,98.0,1.0,1.0,595.0,39.0,22000.0,1.0,0.0,1.0,4.0,2673.0,20309.0,3.3,0.0,0.0,142.0,48.0,4.0,2.0,0.0,4.0,4.0,0.0,2.0,3.0,3.0,3.0,5.0,4.0,5.0,3.0,5.0,0.0,0.0,0.0,3.0,100.0,0.0,1.0,0.0,34631.0,13366.0,21000.0,12631.0,0,0
23894,35000.0,0.1033,749.35,2,66000.0,0,0,n,27.02,0.0,0.0,8.0,0.0,79549.0,17.0,0,31305.66,31305.66,5979.71,5979.71,3694.34,2285.37,0.0,0.0,0.0,5.0,0.0,1.0,1,0.0,0.0,188537.0,0.0,1.0,1.0,1.0,8.0,17907.0,93.0,0.0,0.0,11815.0,52.0,127300.0,0.0,1.0,1.0,1.0,23567.0,40535.0,39.8,0.0,0.0,85.0,345.0,26.0,8.0,2.0,200.0,8.0,0.0,4.0,5.0,5.0,8.0,5.0,6.0,10.0,5.0,8.0,0.0,0.0,0.0,1.0,94.1,0.0,0.0,0.0,261209.0,97456.0,67300.0,19253.0,0,0
23919,19200.0,0.1308,647.67,2,36500.0,1,0,n,28.77,1.0,1.0,14.0,0.0,17022.0,30.0,0,18278.35,18278.35,2576.73,2576.73,921.65,1655.08,0.0,0.0,0.0,647.67,0.0,1.0,0,0.0,0.0,38762.0,2.0,2.0,2.0,2.0,5.0,21740.0,58.0,1.0,2.0,2456.0,24.0,137000.0,0.0,4.0,3.0,4.0,2769.0,69243.0,9.5,0.0,0.0,152.0,500.0,1.0,1.0,1.0,17.0,1.0,0.0,5.0,8.0,8.0,16.0,6.0,12.0,23.0,8.0,14.0,0.0,0.0,0.0,3.0,96.7,0.0,0.0,0.0,174788.0,38762.0,76500.0,37788.0,0,0
23951,35000.0,0.1308,1180.64,2,105000.0,0,0,n,17.93,0.0,1.0,11.0,0.0,21541.0,18.0,0,0.0,0.0,4697.13,4697.13,2513.3,2183.83,0.0,0.0,0.0,0.0,0.0,1.0,1,0.0,0.0,41447.0,3.0,2.0,1.0,2.0,4.0,19906.0,80.0,3.0,4.0,11024.0,39.0,80300.0,1.0,0.0,1.0,6.0,4145.0,58084.0,26.9,0.0,0.0,18.0,127.0,5.0,4.0,0.0,5.0,1.0,0.0,6.0,7.0,8.0,14.0,2.0,9.0,15.0,7.0,11.0,0.0,0.0,0.0,4.0,100.0,14.3,0.0,0.0,105300.0,41447.0,79500.0,25000.0,0,0
23982,8000.0,0.2305,309.89,2,62000.0,0,0,n,24.45,1.0,0.0,12.0,0.0,6342.0,19.0,0,6841.36,6841.36,2158.99,2158.99,1158.64,1000.35,0.0,0.0,0.0,309.89,0.0,1.0,1,1.0,0.0,307957.0,3.0,3.0,0.0,1.0,16.0,22683.0,50.0,3.0,4.0,2480.0,36.0,34800.0,0.0,0.0,3.0,6.0,25663.0,24798.0,18.7,0.0,494.0,81.0,95.0,0.0,0.0,1.0,4.0,4.0,0.0,3.0,5.0,6.0,10.0,5.0,8.0,13.0,5.0,11.0,0.0,1.0,0.0,4.0,89.5,0.0,0.0,0.0,359911.0,29025.0,30500.0,45372.0,0,0
23985,9025.0,0.2055,337.94,3,86000.0,1,0,n,16.54,0.0,3.0,17.0,0.0,4919.0,36.0,0,7256.82,7256.82,3031.16,3031.16,1768.18,1262.98,0.0,0.0,0.0,0.0,0.0,1.0,1,0.0,0.0,464733.0,4.0,3.0,2.0,3.0,2.0,321276.0,98.0,4.0,9.0,2031.0,56.0,28800.0,3.0,0.0,13.0,13.0,27337.0,14581.0,31.0,0.0,0.0,153.0,374.0,5.0,2.0,4.0,5.0,1.0,0.0,8.0,8.0,11.0,11.0,18.0,13.0,14.0,8.0,17.0,0.0,0.0,0.0,7.0,97.0,9.1,0.0,0.0,409080.0,326195.0,19500.0,240280.0,0,0
24031,12000.0,0.17739999999999995,432.27,1,38000.0,0,0,n,24.35,0.0,0.0,26.0,0.0,14168.0,34.0,0,10136.26,10136.26,3014.06,3014.06,1863.74,1150.32,0.0,0.0,0.0,0.0,0.0,1.0,1,0.0,0.0,22083.0,1.0,1.0,0.0,2.0,19.0,7915.0,79.0,2.0,7.0,4749.0,54.0,31000.0,3.0,0.0,2.0,9.0,849.0,6770.0,66.3,0.0,0.0,37.0,87.0,4.0,4.0,0.0,7.0,7.0,0.0,9.0,10.0,14.0,16.0,3.0,25.0,31.0,10.0,26.0,0.0,0.0,0.0,2.0,100.0,42.9,0.0,0.0,41000.0,22083.0,20100.0,10000.0,0,0
24050,18000.0,0.08810000000000001,570.81,2,75000.0,1,0,n,15.31,0.0,0.0,10.0,1.0,25465.0,19.0,0,14399.21,14399.21,4557.67,4557.67,3600.79,956.88,0.0,0.0,0.0,0.0,0.0,1.0,1,0.0,0.0,337244.0,2.0,1.0,0.0,1.0,24.0,1839.0,31.0,2.0,2.0,6613.0,48.0,51300.0,0.0,0.0,4.0,5.0,33724.0,21371.0,53.6,0.0,0.0,51.0,78.0,4.0,4.0,5.0,4.0,4.0,0.0,6.0,7.0,7.0,9.0,3.0,8.0,11.0,7.0,10.0,0.0,0.0,0.0,4.0,100.0,14.3,1.0,0.0,368300.0,27304.0,46100.0,6000.0,0,0
24079,30000.0,0.1524,717.49,1,52000.0,1,0,n,20.52,0.0,1.0,12.0,1.0,6141.0,19.0,0,27102.41,27102.41,5714.52,5714.52,2897.59,2816.93,0.0,0.0,0.0,0.0,0.0,1.0,1,0.0,0.0,51367.0,3.0,2.0,1.0,1.0,5.0,45226.0,99.0,4.0,4.0,1598.0,59.0,41300.0,1.0,2.0,2.0,5.0,5707.0,18702.0,9.7,0.0,0.0,161.0,386.0,5.0,5.0,0.0,31.0,5.0,0.0,2.0,6.0,3.0,3.0,8.0,10.0,11.0,6.0,12.0,0.0,0.0,0.0,5.0,100.0,0.0,1.0,0.0,86953.0,51367.0,20700.0,45653.0,0,0
24175,9800.0,0.2305,379.62,2,75000.0,1,0,n,14.61,2.0,3.0,19.0,0.0,15849.0,34.0,0,7494.33,7494.33,3783.65,3783.65,2305.67,1477.98,0.0,0.0,0.0,0.0,0.0,1.0,1,0.0,0.0,225817.0,5.0,8.0,2.0,2.0,6.0,43525.0,84.0,5.0,5.0,5531.0,71.0,31900.0,2.0,8.0,5.0,9.0,11885.0,5840.0,67.9,0.0,0.0,117.0,137.0,0.0,0.0,2.0,3.0,0.0,1.0,3.0,7.0,4.0,5.0,15.0,10.0,17.0,7.0,19.0,0.0,0.0,2.0,9.0,94.1,75.0,0.0,0.0,252465.0,59374.0,18200.0,51605.0,0,0
24182,16000.0,0.16949999999999998,570.05,1,130000.0,1,0,n,10.77,0.0,2.0,13.0,0.0,2144.0,26.0,0,14627.61,14627.61,3548.42,3548.42,1372.39,2176.03,0.0,0.0,0.0,206.62,0.0,1.0,1,0.0,0.0,35624.0,2.0,3.0,1.0,4.0,9.0,33480.0,89.0,4.0,5.0,1327.0,60.0,23100.0,1.0,4.0,4.0,9.0,2740.0,20656.0,9.8,0.0,0.0,44.0,106.0,1.0,1.0,0.0,1.0,1.0,1.0,8.0,8.0,9.0,13.0,8.0,10.0,18.0,8.0,13.0,0.0,0.0,0.0,5.0,86.4,0.0,0.0,0.0,60704.0,35624.0,22800.0,37604.0,0,0
24228,30000.0,0.0702,926.59,2,69999.0,0,0,n,24.55,0.0,2.0,12.0,0.0,12276.0,24.0,0,28077.73,28077.73,3110.29,3110.29,1922.27,1188.02,0.0,0.0,0.0,926.59,0.0,1.0,1,0.0,0.0,38483.0,2.0,1.0,1.0,1.0,4.0,26207.0,96.0,1.0,2.0,4352.0,44.0,61200.0,0.0,0.0,3.0,3.0,3207.0,25889.0,19.1,0.0,0.0,149.0,97.0,1.0,1.0,0.0,1.0,1.0,0.0,3.0,5.0,4.0,6.0,5.0,11.0,19.0,5.0,12.0,0.0,0.0,0.0,2.0,91.7,0.0,0.0,0.0,88400.0,38483.0,32000.0,27200.0,0,0
24249,40000.0,0.124,897.89,1,93000.0,0,0,n,29.75,0.0,1.0,17.0,0.0,45072.0,28.0,0,0.0,0.0,5279.3,5279.3,0.0,0.0,0.0,5279.3,950.274,0.0,0.0,1.0,1,0.0,0.0,82050.0,0.0,2.0,0.0,2.0,17.0,36978.0,37.0,1.0,2.0,21700.0,25.0,185800.0,3.0,0.0,2.0,4.0,4826.0,140728.0,24.3,0.0,0.0,101.0,101.0,11.0,11.0,0.0,11.0,0.0,0.0,4.0,4.0,14.0,18.0,7.0,14.0,20.0,4.0,17.0,0.0,0.0,0.0,1.0,100.0,14.3,0.0,0.0,247395.0,82050.0,185800.0,59483.0,0,0
24263,6500.0,0.1171,215.0,2,85000.0,0,0,n,8.15,2.0,2.0,19.0,0.0,5603.0,27.0,0,0.0,0.0,855.77,855.77,615.22,240.55,0.0,0.0,0.0,0.0,0.0,1.0,1,0.0,0.0,46326.0,2.0,1.0,1.0,1.0,9.0,8053.0,81.0,6.0,8.0,1796.0,39.0,124900.0,1.0,0.0,4.0,9.0,2438.0,7792.0,29.8,0.0,0.0,9.0,147.0,4.0,4.0,2.0,4.0,6.0,0.0,4.0,7.0,6.0,10.0,1.0,17.0,24.0,7.0,19.0,0.0,0.0,0.0,7.0,88.9,16.7,0.0,0.0,185609.0,13656.0,11100.0,10000.0,0,0
24328,10625.0,0.08810000000000001,336.94,2,66000.0,0,0,n,22.85,0.0,3.0,22.0,1.0,23757.0,36.0,0,9732.23,9732.23,1485.48,1485.48,892.77,592.71,0.0,0.0,0.0,71.46,0.0,1.0,1,0.0,0.0,32850.0,2.0,1.0,0.0,1.0,22.0,9093.0,46.0,2.0,6.0,10205.0,33.0,80500.0,2.0,0.0,3.0,7.0,1493.0,46947.0,32.7,0.0,0.0,22.0,69.0,2.0,2.0,0.0,6.0,2.0,0.0,12.0,14.0,15.0,22.0,1.0,21.0,35.0,14.0,22.0,0.0,0.0,0.0,2.0,100.0,13.3,1.0,0.0,100500.0,32850.0,69800.0,20000.0,0,0
24355,8000.0,0.2055,299.56,1,45000.0,1,0,n,12.11,0.0,0.0,9.0,0.0,6562.0,12.0,0,7598.5,7598.5,1451.89,1451.89,401.5,1050.39,0.0,0.0,0.0,0.0,0.0,1.0,1,0.0,1112.0,35105.0,1.0,2.0,0.0,1.0,15.0,28543.0,102.0,2.0,3.0,1646.0,82.0,14500.0,1.0,0.0,0.0,4.0,3901.0,4940.0,53.8,0.0,0.0,150.0,48.0,3.0,3.0,0.0,3.0,15.0,1.0,4.0,6.0,4.0,4.0,4.0,7.0,8.0,6.0,9.0,0.0,0.0,0.0,2.0,91.7,0.0,0.0,0.0,42629.0,35105.0,10700.0,28129.0,0,0
24359,32700.0,0.1102,711.31,2,130000.0,0,0,n,28.94,0.0,0.0,16.0,0.0,6148.0,26.0,0,29818.49,29818.49,5670.46,5670.46,2881.51,2788.95,0.0,0.0,0.0,711.31,0.0,1.0,1,0.0,325.0,373457.0,0.0,5.0,1.0,2.0,12.0,96788.0,63.0,0.0,1.0,3616.0,44.0,56700.0,1.0,3.0,1.0,3.0,23341.0,32552.0,15.9,0.0,0.0,87.0,213.0,17.0,12.0,6.0,40.0,12.0,0.0,3.0,3.0,5.0,6.0,7.0,9.0,12.0,3.0,16.0,0.0,0.0,0.0,1.0,96.2,0.0,0.0,0.0,481761.0,107506.0,38700.0,141256.0,0,0
24367,40000.0,0.2055,1072.04,1,57000.0,1,0,n,10.25,0.0,0.0,9.0,0.0,1385.0,25.0,0,0.0,0.0,1026.37,1026.37,387.04,639.33,0.0,0.0,0.0,0.0,0.0,1.0,0,0.0,0.0,21898.0,1.0,1.0,2.0,2.0,10.0,20513.0,89.0,1.0,3.0,474.0,30.0,50200.0,0.0,2.0,1.0,5.0,2433.0,24839.0,3.4,0.0,0.0,82.0,136.0,5.0,5.0,0.0,46.0,10.0,0.0,2.0,4.0,3.0,8.0,4.0,8.0,21.0,4.0,9.0,0.0,0.0,0.0,3.0,100.0,0.0,0.0,0.0,73328.0,21898.0,25700.0,23128.0,0,0
24383,21275.0,0.1102,696.72,1,60000.0,0,0,n,12.46,0.0,1.0,21.0,0.0,13534.0,56.0,0,17132.94,17132.94,5560.73,5560.73,4142.06,1418.67,0.0,0.0,0.0,0.0,0.0,1.0,1,0.0,0.0,57821.0,0.0,14.0,0.0,0.0,34.0,44287.0,107.0,0.0,2.0,5270.0,97.0,18100.0,0.0,0.0,1.0,2.0,2753.0,3544.0,79.2,0.0,0.0,123.0,148.0,17.0,17.0,0.0,17.0,0.0,0.0,5.0,6.0,5.0,5.0,49.0,7.0,7.0,6.0,21.0,0.0,0.0,0.0,0.0,100.0,60.0,0.0,0.0,59426.0,57821.0,17000.0,41326.0,0,0
24405,21275.0,0.1102,696.72,1,40000.0,0,0,n,18.09,0.0,0.0,8.0,0.0,5566.0,16.0,0,17132.94,17132.94,5560.73,5560.73,4142.06,1418.67,0.0,0.0,0.0,696.72,0.0,1.0,1,0.0,134.0,14160.0,0.0,1.0,1.0,1.0,7.0,8594.0,86.0,0.0,2.0,2784.0,56.0,15200.0,1.0,0.0,2.0,3.0,1770.0,5048.0,48.0,0.0,0.0,7.0,235.0,13.0,7.0,2.0,88.0,7.0,0.0,2.0,5.0,2.0,3.0,1.0,7.0,13.0,5.0,8.0,0.0,0.0,0.0,1.0,81.3,0.0,0.0,0.0,25200.0,14160.0,9700.0,10000.0,0,0
24407,15000.0,0.1862,546.97,2,120000.0,1,0,n,26.21,1.0,2.0,27.0,0.0,13217.0,50.0,1,12844.82,12844.82,4360.24,4360.24,2155.18,2205.06,0.0,0.0,0.0,546.97,0.0,1.0,1,0.0,0.0,425804.0,3.0,4.0,2.0,3.0,5.0,82006.0,92.0,4.0,8.0,3997.0,72.0,35100.0,6.0,8.0,12.0,14.0,16377.0,8730.0,39.0,0.0,0.0,143.0,124.0,5.0,5.0,5.0,6.0,0.0,1.0,6.0,12.0,8.0,10.0,16.0,21.0,29.0,12.0,27.0,0.0,0.0,0.0,7.0,93.9,28.6,0.0,0.0,473215.0,95223.0,14300.0,104382.0,0,0
24420,10800.0,0.2055,404.4,2,60000.0,1,0,n,30.58,0.0,2.0,10.0,0.0,8235.0,28.0,0,0.0,0.0,755.09,755.09,200.96,554.13,0.0,0.0,0.0,181.51,0.0,1.0,1,0.0,0.0,250266.0,5.0,4.0,3.0,4.0,5.0,58746.0,91.0,3.0,3.0,1364.0,84.0,15400.0,1.0,4.0,4.0,8.0,25027.0,36.0,97.4,0.0,0.0,158.0,174.0,1.0,1.0,5.0,147.0,1.0,2.0,1.0,5.0,1.0,5.0,12.0,5.0,11.0,5.0,10.0,0.0,0.0,0.0,7.0,92.9,100.0,0.0,0.0,264152.0,66981.0,1400.0,64534.0,0,0
24472,24000.0,0.17739999999999995,864.54,1,99000.0,1,0,n,18.39,1.0,1.0,11.0,0.0,11125.0,18.0,0,20269.61,20269.61,6327.79,6327.79,3730.39,2597.4,0.0,0.0,0.0,299.66,0.0,1.0,1,0.0,82.0,157845.0,1.0,3.0,1.0,2.0,6.0,46944.0,82.0,1.0,1.0,4390.0,66.0,30000.0,3.0,0.0,3.0,5.0,15785.0,15875.0,41.2,0.0,0.0,180.0,104.0,8.0,6.0,1.0,8.0,6.0,1.0,4.0,4.0,5.0,6.0,7.0,6.0,8.0,4.0,11.0,0.0,0.0,1.0,3.0,100.0,0.0,0.0,0.0,189831.0,59784.0,27000.0,57099.0,1,0
24504,7975.0,0.08810000000000001,252.9,1,119000.0,0,0,n,34.62,0.0,0.0,18.0,0.0,19801.0,23.0,0,6536.22,6536.22,2030.6,2030.6,1438.78,591.82,0.0,0.0,0.0,260.0,0.0,1.0,1,0.0,0.0,224617.0,0.0,16.0,2.0,2.0,7.0,204816.0,90.0,1.0,1.0,17305.0,90.0,22000.0,1.0,1.0,1.0,3.0,12479.0,2199.0,90.0,0.0,0.0,100.0,101.0,12.0,7.0,0.0,12.0,10.0,0.0,2.0,2.0,2.0,2.0,20.0,2.0,3.0,2.0,18.0,0.0,0.0,0.0,3.0,100.0,100.0,0.0,0.0,269638.0,224617.0,22000.0,247638.0,0,0
24549,20000.0,0.28800000000000003,835.94,1,85000.0,1,0,n,22.48,0.0,2.0,18.0,0.0,16115.0,37.0,0,17337.59,17337.59,5819.58,5819.58,2662.41,3157.17,0.0,0.0,0.0,0.0,0.0,1.0,1,0.0,0.0,186655.0,2.0,11.0,2.0,7.0,6.0,170540.0,105.0,2.0,3.0,6027.0,82.0,35500.0,1.0,0.0,6.0,10.0,10370.0,11885.0,57.6,0.0,0.0,126.0,108.0,5.0,5.0,0.0,5.0,0.0,0.0,6.0,6.0,6.0,15.0,21.0,7.0,16.0,6.0,18.0,0.0,0.0,0.0,4.0,91.9,66.7,0.0,0.0,227763.0,186655.0,28000.0,192263.0,0,0
24566,9500.0,0.0756,295.78,2,82000.0,0,0,n,17.01,0.0,0.0,9.0,0.0,3832.0,13.0,0,7076.9,7076.9,2953.81,2953.81,2423.1,530.71,0.0,0.0,0.0,295.78,0.0,1.0,1,0.0,0.0,382087.0,1.0,4.0,2.0,2.0,5.0,40110.0,72.0,0.0,0.0,3830.0,61.0,16300.0,1.0,0.0,2.0,2.0,42454.0,12468.0,23.5,0.0,0.0,88.0,98.0,31.0,5.0,1.0,31.0,7.0,0.0,2.0,2.0,4.0,4.0,8.0,4.0,4.0,2.0,9.0,0.0,0.0,0.0,2.0,100.0,0.0,0.0,0.0,385410.0,43942.0,16300.0,55910.0,0,0
24606,10000.0,0.1308,337.33,2,155000.0,1,0,n,15.44,0.0,1.0,11.0,0.0,6702.0,30.0,0,8321.97,8321.97,2691.37,2691.37,1678.03,1013.34,0.0,0.0,0.0,0.0,0.0,1.0,1,0.0,2716.0,198455.0,1.0,4.0,1.0,5.0,9.0,69491.0,81.0,1.0,3.0,4943.0,81.0,8200.0,4.0,7.0,1.0,9.0,18041.0,635.0,90.2,0.0,0.0,123.0,144.0,2.0,2.0,1.0,2.0,6.0,2.0,2.0,5.0,2.0,3.0,21.0,5.0,6.0,5.0,11.0,0.0,0.0,0.0,2.0,96.6,50.0,0.0,0.0,214567.0,76193.0,6500.0,82159.0,0,0
24651,25000.0,0.2305,705.49,2,73500.0,1,0,n,24.7,2.0,1.0,13.0,0.0,21574.0,34.0,0,24345.06,24345.06,4906.42,4906.42,654.94,4251.48,0.0,0.0,0.0,705.49,0.0,1.0,1,0.0,0.0,248084.0,1.0,4.0,0.0,1.0,19.0,27769.0,52.0,1.0,6.0,5925.0,52.0,41700.0,0.0,9.0,1.0,8.0,19083.0,9573.0,46.8,0.0,0.0,119.0,138.0,3.0,3.0,3.0,18.0,3.0,0.0,3.0,8.0,3.0,4.0,18.0,8.0,13.0,8.0,13.0,0.0,0.0,0.0,1.0,90.0,0.0,0.0,0.0,299725.0,49343.0,18000.0,53793.0,0,0
24730,5000.0,0.1102,163.75,1,40000.0,1,0,n,10.14,0.0,0.0,7.0,0.0,1505.0,9.0,0,4459.35,4459.35,979.45,979.45,540.65,438.8,0.0,0.0,0.0,81.88,0.0,1.0,1,0.0,0.0,5880.0,0.0,1.0,1.0,1.0,7.0,4375.0,91.0,0.0,3.0,695.0,71.0,3500.0,1.0,0.0,4.0,4.0,840.0,1578.0,47.4,0.0,0.0,47.0,47.0,16.0,7.0,0.0,17.0,3.0,0.0,5.0,6.0,5.0,5.0,2.0,6.0,7.0,6.0,7.0,0.0,0.0,0.0,1.0,100.0,20.0,0.0,0.0,8300.0,5880.0,3000.0,4800.0,0,0
24731,8500.0,0.124,283.95,2,138000.0,1,0,n,27.65,0.0,1.0,22.0,0.0,35352.0,49.0,0,0.0,0.0,278.09,278.09,196.12,81.97,0.0,0.0,0.0,0.0,0.0,1.0,1,0.0,0.0,410605.0,0.0,5.0,2.0,5.0,8.0,147598.0,89.0,2.0,6.0,6172.0,75.0,57300.0,1.0,3.0,9.0,12.0,18664.0,1429.0,86.1,0.0,0.0,199.0,117.0,9.0,8.0,3.0,9.0,2.0,0.0,2.0,7.0,3.0,7.0,11.0,16.0,35.0,7.0,22.0,0.0,0.0,0.0,5.0,100.0,66.7,0.0,0.0,443752.0,182950.0,10300.0,156396.0,0,0
24753,22000.0,0.1171,727.68,1,104000.0,1,0,n,29.44,0.0,2.0,16.0,1.0,14393.0,36.0,0,19796.22,19796.22,3644.09,3644.09,2203.78,1440.31,0.0,0.0,0.0,20.0,0.0,1.0,1,0.0,0.0,87672.0,3.0,6.0,2.0,5.0,9.0,73279.0,59.0,5.0,6.0,6545.0,53.0,35100.0,7.0,2.0,10.0,11.0,5845.0,18307.0,44.0,0.0,0.0,71.0,244.0,1.0,1.0,0.0,1.0,2.0,0.0,4.0,4.0,7.0,14.0,16.0,9.0,19.0,4.0,14.0,0.0,0.0,0.0,7.0,100.0,28.6,1.0,0.0,153440.0,87672.0,32700.0,118340.0,0,0
24795,32000.0,0.14300000000000002,749.58,1,106000.0,1,0,n,15.99,0.0,0.0,7.0,0.0,28414.0,17.0,0,28161.37,28161.37,7470.38,7470.38,3838.63,3631.75,0.0,0.0,0.0,749.58,0.0,1.0,1,0.0,0.0,61555.0,0.0,2.0,1.0,2.0,7.0,33141.0,88.0,3.0,3.0,20849.0,69.0,51300.0,3.0,0.0,5.0,6.0,8794.0,9236.0,75.4,0.0,0.0,113.0,203.0,7.0,7.0,0.0,7.0,7.0,0.0,3.0,4.0,3.0,10.0,4.0,5.0,12.0,4.0,7.0,0.0,0.0,0.0,4.0,100.0,66.7,0.0,0.0,89047.0,61555.0,37500.0,37747.0,0,0
24798,19000.0,0.124,634.71,1,120000.0,0,0,n,9.96,0.0,2.0,12.0,0.0,11071.0,19.0,0,17947.77,17947.77,2704.21,2704.21,1052.23,1651.98,0.0,0.0,0.0,0.0,0.0,1.0,1,0.0,76.0,27422.0,1.0,1.0,0.0,1.0,23.0,16351.0,58.0,1.0,6.0,6008.0,64.0,14700.0,3.0,1.0,13.0,7.0,2493.0,2648.0,80.1,0.0,0.0,116.0,99.0,3.0,3.0,0.0,3.0,1.0,0.0,4.0,5.0,9.0,11.0,5.0,11.0,14.0,5.0,12.0,0.0,0.0,0.0,1.0,100.0,37.5,0.0,0.0,43070.0,27422.0,13300.0,28370.0,0,0
24892,14875.0,0.1862,542.41,1,50000.0,1,0,n,17.63,5.0,1.0,15.0,0.0,2942.0,21.0,0,12738.13,12738.13,3781.48,3781.48,2136.87,1644.61,0.0,0.0,0.0,0.0,0.0,1.0,1,0.0,0.0,59484.0,0.0,10.0,0.0,0.0,43.0,56542.0,91.0,1.0,2.0,276.0,84.0,8400.0,0.0,0.0,1.0,2.0,3966.0,2724.0,9.2,0.0,0.0,100.0,87.0,7.0,7.0,0.0,22.0,0.0,3.0,1.0,4.0,1.0,5.0,11.0,5.0,10.0,4.0,15.0,0.0,0.0,4.0,1.0,76.2,0.0,0.0,0.0,70473.0,59484.0,3000.0,62073.0,0,0
24923,7500.0,0.14300000000000002,257.43,2,88000.0,1,0,n,23.44,0.0,3.0,12.0,1.0,3929.0,40.0,0,6098.13,6098.13,2053.48,2053.48,1401.87,651.61,0.0,0.0,0.0,0.0,0.0,1.0,1,0.0,0.0,440947.0,3.0,4.0,3.0,5.0,2.0,91291.0,93.0,1.0,3.0,1767.0,86.0,13300.0,7.0,4.0,8.0,10.0,36746.0,9125.0,28.7,0.0,0.0,108.0,278.0,4.0,2.0,3.0,4.0,0.0,0.0,5.0,6.0,6.0,11.0,17.0,7.0,20.0,6.0,12.0,0.0,0.0,0.0,6.0,100.0,0.0,1.0,0.0,459873.0,95220.0,12800.0,98003.0,0,0
24931,30000.0,0.2055,1123.34,1,100000.0,0,0,n,21.72,0.0,2.0,10.0,0.0,12881.0,17.0,0,0.0,0.0,6969.67,6969.67,609.59,479.5,0.0,5880.58,1058.5044,0.0,0.0,1.0,1,0.0,0.0,65687.0,2.0,3.0,2.0,2.0,5.0,52806.0,46.0,1.0,2.0,6957.0,47.0,26900.0,1.0,0.0,5.0,4.0,6569.0,13319.0,49.2,0.0,0.0,73.0,69.0,6.0,5.0,0.0,6.0,4.0,0.0,6.0,6.0,6.0,8.0,6.0,7.0,11.0,6.0,10.0,0.0,0.0,0.0,3.0,100.0,16.7,0.0,0.0,98679.0,65687.0,26200.0,71779.0,0,0
24932,16825.0,0.1612,592.52,2,90000.0,0,0,n,17.35,0.0,2.0,12.0,0.0,17033.0,26.0,0,0.0,0.0,1240.75,1240.75,366.5,874.25,0.0,0.0,0.0,221.1,0.0,1.0,1,0.0,0.0,480840.0,1.0,2.0,2.0,2.0,3.0,16833.0,67.0,0.0,2.0,5038.0,50.0,42200.0,3.0,1.0,5.0,5.0,40070.0,15540.0,40.9,0.0,0.0,80.0,154.0,14.0,3.0,1.0,33.0,2.0,0.0,5.0,6.0,6.0,6.0,10.0,9.0,14.0,6.0,12.0,0.0,0.0,0.0,2.0,100.0,50.0,0.0,0.0,520590.0,33866.0,26300.0,25290.0,0,0
24934,19200.0,0.1308,647.67,1,53948.0,1,0,n,17.42,0.0,2.0,10.0,0.0,4177.0,22.0,0,17539.72,17539.72,3872.12,3872.12,1660.28,2211.84,0.0,0.0,0.0,647.68,0.0,1.0,1,0.0,3536.0,13407.0,1.0,2.0,0.0,2.0,13.0,9230.0,68.0,3.0,5.0,1415.0,65.0,6900.0,2.0,2.0,2.0,7.0,1341.0,1173.0,77.9,0.0,0.0,124.0,139.0,0.0,0.0,0.0,12.0,0.0,2.0,5.0,6.0,5.0,7.0,9.0,8.0,13.0,6.0,10.0,0.0,0.0,0.0,3.0,81.8,60.0,0.0,0.0,20575.0,13407.0,5300.0,13675.0,0,0
24964,20000.0,0.1862,729.29,1,30000.0,1,0,n,57.24,0.0,0.0,6.0,0.0,4990.0,16.0,0,19337.79,19337.79,3131.95,3131.95,662.21,2469.74,0.0,0.0,0.0,364.65,0.0,1.0,0,0.0,0.0,49403.0,0.0,3.0,2.0,3.0,7.0,44413.0,84.0,0.0,1.0,1379.0,78.0,10500.0,1.0,0.0,1.0,4.0,8234.0,121.0,91.9,0.0,0.0,70.0,94.0,13.0,7.0,0.0,56.0,8.0,0.0,1.0,3.0,1.0,4.0,7.0,3.0,9.0,3.0,6.0,0.0,0.0,0.0,2.0,100.0,100.0,0.0,0.0,63660.0,49403.0,1500.0,53160.0,1,0
25067,35000.0,0.17739999999999995,883.83,2,100000.0,0,0,n,32.01,0.0,1.0,9.0,0.0,18002.0,14.0,0,32792.89,32792.89,7036.15,7036.15,2207.11,4829.04,0.0,0.0,0.0,883.83,0.0,1.0,1,0.0,0.0,426853.0,2.0,3.0,0.0,1.0,18.0,99557.0,52.0,1.0,2.0,7719.0,51.0,35200.0,1.0,0.0,7.0,4.0,47428.0,17198.0,51.1,0.0,0.0,213.0,211.0,1.0,1.0,1.0,1.0,1.0,0.0,4.0,4.0,5.0,7.0,6.0,5.0,7.0,4.0,9.0,0.0,0.0,0.0,2.0,100.0,40.0,0.0,0.0,472176.0,117559.0,35200.0,127682.0,0,0
25142,10000.0,0.1033,324.23,2,42000.0,0,0,n,11.34,1.0,0.0,5.0,0.0,1040.0,27.0,0,0.0,0.0,343.49,343.49,238.15,80.34,0.0,25.0,4.5,0.0,0.0,1.0,1,0.0,0.0,109892.0,0.0,1.0,0.0,1.0,24.0,12594.0,69.0,1.0,1.0,1040.0,65.0,2800.0,0.0,6.0,1.0,2.0,21978.0,260.0,80.0,0.0,0.0,163.0,186.0,7.0,7.0,3.0,34.0,7.0,0.0,1.0,1.0,1.0,4.0,11.0,2.0,12.0,1.0,4.0,0.0,0.0,0.0,1.0,95.7,100.0,0.0,0.0,123825.0,13634.0,1300.0,18142.0,0,0
25252,10400.0,0.1171,344.0,3,170000.0,1,0,n,5.96,0.0,2.0,17.0,0.0,8079.0,18.0,1,7884.83,7884.83,3433.23,3433.23,2515.17,918.06,0.0,0.0,0.0,0.0,0.0,1.0,1,0.0,0.0,66198.0,2.0,8.0,1.0,3.0,10.0,58119.0,104.0,2.0,4.0,3764.0,62.0,51700.0,1.0,0.0,4.0,7.0,3894.0,42048.0,10.7,0.0,0.0,78.0,71.0,0.0,0.0,0.0,0.0,6.0,0.0,5.0,6.0,7.0,7.0,9.0,9.0,9.0,6.0,17.0,0.0,0.0,0.0,3.0,100.0,14.3,0.0,0.0,107590.0,66198.0,47100.0,55890.0,0,0
25260,32350.0,0.124,726.17,2,70000.0,0,0,n,29.04,0.0,0.0,13.0,0.0,3369.0,23.0,0,30349.65,30349.65,3608.56,3608.56,2000.35,1608.21,0.0,0.0,0.0,726.17,0.0,1.0,1,0.0,0.0,96310.0,0.0,8.0,0.0,3.0,15.0,55033.0,63.0,0.0,0.0,3073.0,55.0,17600.0,1.0,3.0,0.0,3.0,7408.0,10861.0,22.4,0.0,0.0,122.0,148.0,27.0,15.0,2.0,75.0,15.0,0.0,2.0,3.0,2.0,2.0,12.0,4.0,9.0,3.0,13.0,0.0,0.0,0.0,0.0,100.0,0.0,0.0,0.0,147481.0,58402.0,14000.0,87881.0,0,0
25278,5000.0,0.1308,168.67,2,76000.0,0,0,n,21.47,2.0,0.0,11.0,0.0,5467.0,17.0,1,3801.91,3801.91,1683.07,1683.07,1198.09,484.98,0.0,0.0,0.0,0.0,0.0,1.0,1,0.0,0.0,56693.0,1.0,4.0,0.0,2.0,16.0,18985.0,39.0,1.0,2.0,2490.0,39.0,13900.0,2.0,0.0,4.0,4.0,5154.0,8083.0,39.7,0.0,0.0,170.0,215.0,4.0,4.0,1.0,4.0,0.0,1.0,3.0,4.0,5.0,6.0,7.0,6.0,9.0,4.0,11.0,0.0,0.0,0.0,1.0,85.7,20.0,0.0,0.0,134867.0,24452.0,13400.0,48967.0,0,0
25378,24000.0,0.2055,643.23,2,92000.0,0,0,n,22.96,0.0,0.0,4.0,0.0,42642.0,12.0,0,23531.56,23531.56,3831.98,3831.98,468.44,3363.54,0.0,0.0,0.0,643.23,0.0,1.0,1,0.0,0.0,195857.0,0.0,1.0,0.0,2.0,14.0,20475.0,71.0,0.0,0.0,41747.0,60.0,48000.0,1.0,0.0,0.0,2.0,48964.0,5358.0,12.8,0.0,0.0,108.0,146.0,62.0,14.0,2.0,70.0,14.0,0.0,2.0,2.0,2.0,4.0,5.0,2.0,5.0,2.0,4.0,0.0,0.0,0.0,0.0,100.0,50.0,0.0,0.0,229331.0,63117.0,48000.0,28836.0,0,0
25380,26575.0,0.0819,835.1,2,35000.0,0,0,n,58.44,0.0,0.0,11.0,0.0,24911.0,12.0,0,22610.13,22610.13,5316.37,5316.37,3964.87,1351.5,0.0,0.0,0.0,835.1,0.0,1.0,0,0.0,0.0,176676.0,2.0,2.0,0.0,1.0,24.0,13905.0,34.0,1.0,1.0,9642.0,42.0,50800.0,0.0,0.0,1.0,3.0,16061.0,19649.0,46.9,0.0,0.0,77.0,137.0,2.0,2.0,1.0,2.0,4.0,0.0,4.0,6.0,6.0,6.0,3.0,8.0,8.0,6.0,11.0,0.0,0.0,0.0,2.0,100.0,0.0,0.0,0.0,229915.0,38816.0,37000.0,40865.0,0,0
25427,35000.0,0.1308,797.8,2,120000.0,0,0,n,25.0,0.0,0.0,15.0,0.0,28002.0,40.0,0,0.0,0.0,7952.57,7952.57,4373.24,3579.33,0.0,0.0,0.0,797.8,0.0,1.0,1,0.0,0.0,125908.0,3.0,6.0,1.0,1.0,7.0,97906.0,80.0,3.0,4.0,4127.0,73.0,45000.0,1.0,5.0,4.0,5.0,8394.0,6255.0,56.9,0.0,0.0,125.0,96.0,0.0,0.0,0.0,3.0,7.0,0.0,3.0,7.0,4.0,10.0,15.0,9.0,25.0,7.0,15.0,0.0,0.0,0.0,4.0,100.0,25.0,0.0,0.0,157298.0,125908.0,14500.0,112298.0,0,0
25451,3000.0,0.1524,104.35,1,30000.0,0,0,n,34.92,0.0,1.0,10.0,0.0,2715.0,16.0,0,2689.96,2689.96,623.56,623.56,310.04,313.52,0.0,0.0,0.0,104.35,0.0,1.0,1,0.0,0.0,23262.0,1.0,3.0,2.0,3.0,5.0,20547.0,84.0,0.0,0.0,322.0,55.0,17800.0,4.0,4.0,5.0,3.0,2326.0,587.0,51.1,0.0,0.0,141.0,253.0,31.0,5.0,0.0,31.0,1.0,0.0,2.0,6.0,2.0,2.0,5.0,7.0,11.0,6.0,10.0,0.0,0.0,0.0,2.0,93.8,0.0,0.0,0.0,42342.0,23262.0,1200.0,24542.0,0,0
25494,8000.0,0.2055,299.56,1,45000.0,1,0,n,7.68,0.0,3.0,6.0,0.0,2795.0,15.0,0,6374.9,6374.9,2986.47,2986.47,1625.1,1361.37,0.0,0.0,0.0,299.56,0.0,1.0,0,0.0,0.0,11499.0,2.0,1.0,3.0,4.0,3.0,8704.0,96.0,1.0,1.0,1279.0,66.0,8500.0,3.0,1.0,6.0,5.0,1917.0,1517.0,60.1,0.0,0.0,120.0,47.0,3.0,3.0,0.0,3.0,3.0,0.0,2.0,3.0,2.0,3.0,9.0,5.0,6.0,3.0,6.0,0.0,0.0,0.0,4.0,100.0,50.0,0.0,0.0,17545.0,11499.0,3800.0,9045.0,0,0
25495,10000.0,0.1308,337.33,1,65000.0,0,0,n,22.32,0.0,1.0,8.0,0.0,3945.0,24.0,0,0.0,0.0,543.1,543.1,228.33,314.77,0.0,0.0,0.0,106.52,0.0,1.0,1,0.0,268.0,24823.0,2.0,3.0,1.0,1.0,3.0,20878.0,47.0,1.0,1.0,1626.0,43.0,14000.0,1.0,0.0,1.0,2.0,3103.0,9181.0,28.3,0.0,0.0,122.0,57.0,4.0,3.0,0.0,4.0,3.0,0.0,3.0,4.0,4.0,4.0,19.0,5.0,5.0,4.0,8.0,0.0,0.0,0.0,2.0,100.0,25.0,0.0,0.0,58215.0,24823.0,12800.0,44215.0,0,0
25520,25000.0,0.08810000000000001,516.66,2,120000.0,1,0,n,18.76,0.0,2.0,18.0,0.0,24526.0,29.0,0,0.0,0.0,1004.42,1004.42,920.61,83.81,0.0,0.0,0.0,0.0,0.0,1.0,1,0.0,0.0,292140.0,1.0,5.0,2.0,2.0,8.0,81225.0,52.0,2.0,4.0,8072.0,46.0,59500.0,1.0,2.0,3.0,6.0,16230.0,10670.0,63.1,0.0,0.0,162.0,114.0,5.0,5.0,2.0,5.0,3.0,0.0,5.0,6.0,7.0,8.0,14.0,12.0,13.0,6.0,18.0,0.0,0.0,0.0,4.0,100.0,28.6,0.0,0.0,358960.0,105751.0,28900.0,98081.0,0,0
25527,16650.0,0.1524,398.21,1,44160.0,0,0,n,26.39,0.0,0.0,7.0,0.0,15310.0,11.0,0,0.0,0.0,3569.79,3569.79,1768.76,1801.03,0.0,0.0,0.0,398.21,0.0,1.0,1,0.0,0.0,26254.0,0.0,2.0,0.0,0.0,46.0,10944.0,36.0,0.0,2.0,433.0,42.0,31900.0,0.0,1.0,0.0,2.0,3751.0,9966.0,5.1,0.0,0.0,164.0,173.0,21.0,21.0,0.0,21.0,22.0,0.0,2.0,4.0,2.0,5.0,3.0,5.0,8.0,4.0,7.0,0.0,0.0,0.0,0.0,90.9,50.0,0.0,0.0,62492.0,26254.0,10500.0,30592.0,0,0
25558,5300.0,0.2305,205.3,1,30000.0,1,0,n,35.0,0.0,0.0,6.0,0.0,8336.0,8.0,0,0.0,0.0,1225.01,1225.01,651.57,573.44,0.0,0.0,0.0,0.0,0.0,1.0,1,0.0,51.0,26309.0,1.0,2.0,0.0,2.0,13.0,17973.0,72.0,1.0,1.0,3454.0,75.0,10200.0,1.0,0.0,0.0,3.0,4385.0,1864.0,81.7,0.0,0.0,24.0,205.0,4.0,4.0,0.0,4.0,13.0,0.0,4.0,4.0,4.0,6.0,2.0,4.0,6.0,4.0,6.0,0.0,0.0,0.0,1.0,87.5,50.0,0.0,0.0,35247.0,26309.0,10200.0,25047.0,0,0
25574,6000.0,0.08810000000000001,190.27,2,67500.0,0,0,n,37.48,0.0,0.0,29.0,0.0,27968.0,56.0,0,0.0,0.0,377.6,377.6,284.59,93.01,0.0,0.0,0.0,0.0,0.0,1.0,1,0.0,0.0,102468.0,3.0,3.0,1.0,2.0,8.0,40425.0,67.0,7.0,8.0,4852.0,31.0,160400.0,1.0,0.0,2.0,10.0,3533.0,93885.0,20.6,0.0,0.0,160.0,177.0,3.0,3.0,6.0,3.0,8.0,0.0,15.0,21.0,16.0,18.0,19.0,25.0,31.0,21.0,29.0,0.0,0.0,0.0,8.0,100.0,0.0,0.0,0.0,309646.0,68393.0,118300.0,60631.0,0,0
25620,12000.0,0.1524,287.0,1,53000.0,0,0,n,25.0,0.0,2.0,20.0,0.0,4363.0,25.0,0,10574.41,10574.41,2859.84,2859.84,1425.59,1434.25,0.0,0.0,0.0,0.0,0.0,1.0,1,0.0,3125.0,17720.0,4.0,2.0,1.0,1.0,6.0,13357.0,37.0,5.0,7.0,2307.0,24.0,37000.0,1.0,0.0,2.0,8.0,886.0,24645.0,15.0,0.0,0.0,50.0,101.0,3.0,3.0,0.0,6.0,6.0,0.0,5.0,6.0,12.0,14.0,4.0,18.0,21.0,7.0,20.0,0.0,0.0,0.0,6.0,100.0,0.0,0.0,0.0,73088.0,17720.0,29000.0,36088.0,0,0
25642,22325.0,0.1171,738.43,2,85000.0,1,0,n,16.65,0.0,1.0,8.0,0.0,34877.0,20.0,0,0.0,0.0,3677.63,3677.63,2654.17,1023.46,0.0,0.0,0.0,0.0,0.0,1.0,1,0.0,0.0,522683.0,1.0,1.0,1.0,1.0,4.0,6669.0,93.0,0.0,1.0,14387.0,70.0,52400.0,1.0,7.0,7.0,4.0,65335.0,13634.0,54.6,0.0,0.0,96.0,132.0,17.0,4.0,5.0,17.0,1.0,0.0,3.0,6.0,3.0,3.0,8.0,6.0,7.0,6.0,8.0,0.0,0.0,0.0,2.0,100.0,0.0,0.0,0.0,543950.0,41546.0,30000.0,7200.0,0,0
25691,12000.0,0.1308,273.53,1,30000.0,0,0,n,27.24,0.0,0.0,8.0,1.0,7175.0,10.0,0,10627.83,10627.83,2728.68,2728.68,1372.17,1356.51,0.0,0.0,0.0,273.53,0.0,1.0,1,0.0,0.0,20626.0,0.0,2.0,0.0,1.0,19.0,13451.0,60.0,0.0,0.0,2661.0,59.0,12300.0,1.0,1.0,0.0,1.0,2947.0,3802.0,65.1,0.0,0.0,32.0,165.0,40.0,19.0,0.0,40.0,19.0,0.0,4.0,5.0,4.0,6.0,2.0,6.0,8.0,5.0,8.0,0.0,0.0,0.0,0.0,100.0,25.0,1.0,0.0,34874.0,20626.0,10900.0,22574.0,0,0
25704,33950.0,0.17739999999999995,857.32,1,65000.0,0,0,n,18.52,0.0,0.0,8.0,0.0,7458.0,16.0,0,31348.92,31348.92,5967.78,5967.78,2601.08,3366.7,0.0,0.0,0.0,857.32,0.0,1.0,1,0.0,0.0,36326.0,1.0,2.0,0.0,1.0,15.0,28868.0,74.0,1.0,2.0,7088.0,52.0,30200.0,1.0,1.0,0.0,3.0,5189.0,16742.0,30.8,0.0,0.0,29.0,321.0,4.0,4.0,3.0,20.0,15.0,2.0,2.0,2.0,3.0,6.0,3.0,6.0,10.0,2.0,8.0,0.0,0.0,0.0,1.0,81.3,0.0,0.0,0.0,69428.0,36326.0,24200.0,39228.0,0,0
25799,6750.0,0.0756,210.16,1,63000.0,1,0,n,17.83,0.0,0.0,3.0,0.0,9913.0,10.0,0,5025.32,5025.32,2098.76,2098.76,1724.68,374.08,0.0,0.0,0.0,0.0,0.0,1.0,1,0.0,0.0,26083.0,0.0,2.0,1.0,2.0,11.0,16170.0,50.0,0.0,0.0,9913.0,61.0,10000.0,1.0,0.0,1.0,2.0,8694.0,87.0,99.1,0.0,0.0,54.0,182.0,27.0,11.0,0.0,27.0,11.0,0.0,1.0,1.0,1.0,4.0,4.0,1.0,6.0,1.0,3.0,0.0,0.0,0.0,1.0,100.0,100.0,0.0,0.0,42666.0,26083.0,10000.0,32666.0,0,0
25833,24000.0,0.0756,747.22,1,100000.0,0,0,n,16.08,0.0,1.0,11.0,0.0,39960.0,25.0,0,0.0,0.0,16714.9,16714.9,15845.36,869.54,0.0,0.0,0.0,747.22,0.0,1.0,1,0.0,0.0,53267.0,0.0,2.0,1.0,1.0,10.0,13307.0,52.0,0.0,0.0,13581.0,29.0,162300.0,1.0,0.0,2.0,1.0,4842.0,116740.0,25.2,0.0,0.0,115.0,154.0,44.0,10.0,0.0,52.0,5.0,0.0,4.0,4.0,7.0,16.0,6.0,9.0,19.0,4.0,11.0,0.0,0.0,0.0,1.0,92.0,0.0,0.0,0.0,188058.0,53267.0,156700.0,25758.0,0,0
25882,13000.0,0.14300000000000002,304.52,2,55500.0,1,0,n,17.66,0.0,1.0,12.0,0.0,10164.0,20.0,0,0.0,0.0,1758.93,1758.93,0.0,0.0,0.0,1758.93,316.6074,0.0,0.0,1.0,1,0.0,358.0,95298.0,2.0,2.0,1.0,1.0,1.0,19396.0,53.0,2.0,3.0,3678.0,34.0,51200.0,0.0,1.0,2.0,4.0,7942.0,31152.0,22.5,0.0,0.0,123.0,102.0,1.0,1.0,1.0,1.0,1.0,0.0,3.0,5.0,6.0,9.0,4.0,9.0,14.0,5.0,12.0,0.0,0.0,0.0,3.0,100.0,0.0,0.0,0.0,156295.0,29560.0,40200.0,36475.0,0,0
25886,15000.0,0.08810000000000001,475.68,2,140000.0,1,0,n,13.83,1.0,1.0,19.0,0.0,15194.0,30.0,1,11611.72,11031.13,4273.78,4060.09,3388.28,885.5,0.0,0.0,0.0,475.68,0.0,1.0,1,0.0,0.0,534875.0,4.0,8.0,5.0,6.0,1.0,220231.0,70.0,1.0,2.0,5587.0,56.0,43000.0,1.0,3.0,2.0,8.0,29715.0,27806.0,35.3,0.0,0.0,108.0,430.0,1.0,1.0,2.0,1.0,4.0,0.0,7.0,7.0,9.0,9.0,18.0,10.0,10.0,7.0,19.0,0.0,0.0,0.0,6.0,96.7,44.4,0.0,0.0,598497.0,235425.0,43000.0,239497.0,0,0
25956,20000.0,0.2055,536.02,2,58519.0,1,0,n,13.39,0.0,0.0,11.0,0.0,18278.0,22.0,0,0.0,0.0,2121.25,2121.25,296.27,1824.98,0.0,0.0,0.0,536.02,0.0,1.0,1,0.0,0.0,146965.0,0.0,2.0,1.0,2.0,9.0,4831.0,62.0,1.0,3.0,1163.0,76.0,22600.0,0.0,5.0,0.0,7.0,13360.0,317.0,87.8,0.0,0.0,81.0,84.0,7.0,7.0,1.0,25.0,13.0,1.0,3.0,6.0,3.0,4.0,12.0,7.0,8.0,6.0,11.0,0.0,0.0,0.0,2.0,95.2,66.7,0.0,0.0,156717.0,24688.0,2600.0,7743.0,0,0
26007,18000.0,0.124,404.05,1,50000.0,0,0,n,23.52,0.0,1.0,15.0,0.0,5791.0,27.0,0,16580.46,16580.46,3220.0,3220.0,1419.54,1800.46,0.0,0.0,0.0,0.0,0.0,1.0,0,0.0,0.0,122857.0,1.0,4.0,2.0,2.0,2.0,117066.0,87.0,1.0,3.0,5170.0,44.0,43400.0,1.0,1.0,2.0,5.0,8190.0,27530.0,15.8,0.0,0.0,121.0,109.0,11.0,2.0,0.0,21.0,3.0,0.0,1.0,2.0,7.0,9.0,8.0,11.0,19.0,2.0,15.0,0.0,0.0,0.0,3.0,100.0,0.0,0.0,0.0,196560.0,122857.0,32700.0,153160.0,0,0
26058,1000.0,0.2055,37.45,1,9396.0,0,0,n,14.43,0.0,2.0,3.0,0.0,923.0,6.0,0,0.0,0.0,111.21,111.21,41.35,69.86,0.0,0.0,0.0,0.0,0.0,1.0,1,0.0,0.0,2231.0,0.0,1.0,1.0,1.0,7.0,1308.0,87.0,0.0,2.0,465.0,54.0,3300.0,1.0,0.0,3.0,3.0,744.0,2377.0,25.8,0.0,0.0,7.0,75.0,17.0,7.0,0.0,20.0,0.0,0.0,2.0,2.0,2.0,4.0,1.0,2.0,5.0,2.0,3.0,0.0,0.0,0.0,1.0,100.0,0.0,0.0,0.0,4800.0,2231.0,3300.0,1500.0,0,0
26069,20000.0,0.1862,514.64,2,50000.0,1,0,n,22.85,0.0,1.0,15.0,0.0,14568.0,26.0,0,18042.88,18042.88,4611.07,4611.07,1957.12,2653.95,0.0,0.0,0.0,0.0,0.0,1.0,1,0.0,0.0,37101.0,3.0,2.0,2.0,2.0,9.0,22533.0,88.0,5.0,9.0,6051.0,60.0,36400.0,2.0,1.0,4.0,11.0,2473.0,17467.0,43.3,0.0,0.0,92.0,308.0,3.0,3.0,1.0,3.0,6.0,1.0,4.0,6.0,7.0,9.0,5.0,13.0,20.0,6.0,15.0,0.0,0.0,0.0,7.0,92.3,28.6,0.0,0.0,61950.0,37101.0,30800.0,25550.0,0,0
26072,20000.0,0.2055,536.02,1,70000.0,0,0,n,34.96,0.0,0.0,7.0,0.0,18411.0,14.0,0,19165.47,19165.47,4242.49,4242.49,834.53,3407.96,0.0,0.0,0.0,536.02,0.0,1.0,1,0.0,0.0,42524.0,0.0,3.0,0.0,2.0,19.0,24113.0,45.0,0.0,1.0,11688.0,55.0,23000.0,2.0,0.0,0.0,3.0,6075.0,4589.0,80.0,0.0,0.0,49.0,132.0,17.0,17.0,0.0,17.0,19.0,0.0,3.0,3.0,4.0,6.0,6.0,4.0,8.0,3.0,7.0,0.0,0.0,0.0,0.0,100.0,50.0,0.0,0.0,77000.0,42524.0,23000.0,54000.0,0,0
26081,6000.0,0.1102,196.49,1,14568.0,0,0,n,32.29,0.0,0.0,8.0,0.0,9749.0,19.0,0,0.0,0.0,389.31,389.31,308.17,81.14,0.0,0.0,0.0,0.0,0.0,1.0,1,0.0,0.0,12618.0,0.0,2.0,0.0,1.0,17.0,2869.0,62.0,0.0,1.0,4404.0,66.0,14600.0,0.0,0.0,0.0,2.0,1577.0,1104.0,86.9,0.0,0.0,259.0,161.0,21.0,17.0,0.0,21.0,17.0,0.0,4.0,5.0,4.0,6.0,11.0,6.0,8.0,5.0,8.0,0.0,0.0,0.0,0.0,100.0,75.0,0.0,0.0,19200.0,12618.0,8400.0,4600.0,0,0
26120,12750.0,0.08810000000000001,404.33,1,20598.0,1,0,n,34.5,0.0,0.0,7.0,0.0,281.0,11.0,0,9538.07,9538.07,4037.06,4037.06,3211.93,825.13,0.0,0.0,0.0,404.33,0.0,1.0,1,0.0,0.0,11759.0,1.0,2.0,1.0,2.0,9.0,11478.0,68.0,1.0,1.0,178.0,32.0,20200.0,1.0,0.0,1.0,3.0,1680.0,18822.0,0.9,0.0,0.0,51.0,621.0,4.0,4.0,0.0,4.0,9.0,0.0,1.0,2.0,4.0,7.0,3.0,5.0,8.0,2.0,7.0,0.0,0.0,0.0,2.0,100.0,0.0,0.0,0.0,37200.0,11759.0,19000.0,17000.0,0,0
26291,10000.0,0.16949999999999998,248.26,1,90000.0,0,0,n,15.08,0.0,0.0,9.0,0.0,19735.0,11.0,0,8862.4,8862.4,2473.18,2473.18,1137.6,1335.58,0.0,0.0,0.0,0.0,0.0,1.0,1,0.0,0.0,40497.0,1.0,5.0,1.0,1.0,7.0,20762.0,68.0,1.0,1.0,13051.0,58.0,38800.0,0.0,0.0,1.0,2.0,4500.0,19065.0,50.9,0.0,0.0,126.0,126.0,6.0,6.0,0.0,6.0,7.0,0.0,4.0,4.0,4.0,5.0,6.0,4.0,5.0,4.0,9.0,0.0,0.0,0.0,2.0,81.8,50.0,0.0,0.0,69550.0,40497.0,38800.0,30750.0,0,0
26309,11475.0,0.28800000000000003,362.85,1,43000.0,1,0,n,28.72,0.0,0.0,8.0,0.0,8537.0,10.0,0,10573.72,10573.72,3610.14,3610.14,901.28,2708.86,0.0,0.0,0.0,362.85,0.0,1.0,1,0.0,0.0,27301.0,0.0,2.0,0.0,1.0,14.0,18764.0,58.0,1.0,3.0,0.0,61.0,12400.0,0.0,0.0,1.0,4.0,3413.0,500.0,0.0,0.0,0.0,43.0,43.0,10.0,10.0,0.0,10.0,10.0,0.0,0.0,5.0,1.0,2.0,2.0,6.0,8.0,5.0,8.0,0.0,0.0,0.0,1.0,100.0,0.0,0.0,0.0,44862.0,27301.0,500.0,32462.0,0,0
26334,26575.0,0.1862,683.83,2,120000.0,0,0,n,25.65,1.0,3.0,19.0,0.0,59048.0,54.0,0,0.0,0.0,2707.83,2707.83,827.13,1880.7,0.0,0.0,0.0,683.83,0.0,1.0,0,0.0,0.0,356208.0,3.0,7.0,2.0,4.0,2.0,72751.0,87.0,3.0,6.0,28029.0,70.0,104300.0,1.0,6.0,8.0,10.0,18748.0,40752.0,59.2,0.0,0.0,194.0,145.0,1.0,1.0,4.0,1.0,1.0,1.0,8.0,8.0,9.0,13.0,26.0,11.0,24.0,8.0,19.0,0.0,0.0,0.0,5.0,96.3,22.2,0.0,0.0,430324.0,131799.0,99800.0,83859.0,0,0
26341,25000.0,0.17739999999999995,900.56,1,100000.0,0,0,n,22.54,0.0,0.0,8.0,0.0,25650.0,9.0,1,0.0,0.0,0.0,0.0,0.0,0.0,0.0,0.0,0.0,0.0,0.0,1.0,1,0.0,81.0,66267.0,2.0,2.0,2.0,2.0,2.0,40617.0,93.0,1.0,2.0,10455.0,88.0,31500.0,0.0,0.0,0.0,4.0,8283.0,1299.0,94.6,0.0,0.0,11.0,632.0,2.0,2.0,0.0,2.0,24.0,0.0,4.0,6.0,4.0,4.0,2.0,6.0,7.0,6.0,8.0,0.0,0.0,0.0,3.0,87.5,50.0,0.0,0.0,75277.0,66267.0,24000.0,43777.0,0,0
26347,15000.0,0.28800000000000003,474.31,1,63612.0,1,0,n,23.22,0.0,0.0,8.0,0.0,11692.0,20.0,0,0.0,0.0,1398.93,1398.93,351.23,1047.7,0.0,0.0,0.0,0.0,0.0,1.0,1,0.0,76.0,34349.0,0.0,2.0,1.0,2.0,12.0,22657.0,87.0,1.0,4.0,8390.0,83.0,15200.0,0.0,8.0,1.0,6.0,4294.0,1625.0,86.0,0.0,0.0,145.0,268.0,10.0,10.0,1.0,10.0,10.0,0.0,3.0,6.0,3.0,3.0,13.0,6.0,6.0,6.0,8.0,0.0,0.0,0.0,2.0,95.0,33.3,0.0,0.0,41232.0,34349.0,11600.0,26032.0,0,0
26371,17000.0,0.16949999999999998,422.04,1,78000.0,1,0,n,24.89,0.0,0.0,9.0,0.0,27090.0,12.0,0,0.0,0.0,406.03,406.03,181.91,224.12,0.0,0.0,0.0,0.0,0.0,1.0,1,0.0,0.0,43087.0,1.0,1.0,0.0,1.0,15.0,15997.0,64.0,1.0,3.0,7265.0,67.0,39200.0,1.0,0.0,0.0,4.0,4787.0,10367.0,66.8,0.0,0.0,63.0,170.0,5.0,5.0,0.0,15.0,15.0,0.0,6.0,8.0,6.0,6.0,4.0,8.0,8.0,8.0,9.0,0.0,0.0,0.0,1.0,100.0,16.7,0.0,0.0,64200.0,43087.0,31200.0,25000.0,0,0
26376,35000.0,0.1308,1180.64,2,250000.0,0,0,n,23.84,0.0,0.0,13.0,0.0,116052.0,16.0,0,0.0,0.0,5877.77,5877.77,4083.76,1794.01,0.0,0.0,0.0,1180.64,0.0,1.0,1,0.0,0.0,807944.0,0.0,2.0,0.0,2.0,14.0,27668.0,63.0,0.0,2.0,52428.0,81.0,124400.0,0.0,0.0,0.0,6.0,62150.0,5848.0,94.6,0.0,0.0,15.0,123.0,13.0,13.0,2.0,13.0,14.0,0.0,7.0,9.0,8.0,8.0,2.0,10.0,12.0,9.0,13.0,0.0,0.0,0.0,0.0,100.0,87.5,0.0,0.0,845226.0,143720.0,116200.0,43826.0,0,0
26391,6000.0,0.1524,208.7,1,70000.0,1,0,n,7.46,1.0,1.0,20.0,1.0,6401.0,39.0,0,0.0,0.0,615.94,615.94,402.57,213.37,0.0,0.0,0.0,0.0,0.0,1.0,1,0.0,0.0,8669.0,0.0,1.0,1.0,2.0,9.0,2268.0,84.0,3.0,7.0,1451.0,32.0,24800.0,4.0,0.0,5.0,9.0,456.0,14254.0,19.9,0.0,0.0,171.0,55.0,9.0,9.0,0.0,9.0,1.0,0.0,8.0,13.0,12.0,16.0,8.0,19.0,31.0,13.0,20.0,0.0,0.0,0.0,4.0,97.4,36.4,1.0,0.0,27500.0,8669.0,17800.0,2700.0,0,0
26406,9000.0,0.1171,198.89,1,50000.0,0,0,n,28.37,0.0,0.0,9.0,0.0,23235.0,29.0,0,8433.73,8433.73,1153.19,1153.19,566.27,586.92,0.0,0.0,0.0,0.0,0.0,1.0,1,0.0,0.0,63892.0,1.0,6.0,1.0,1.0,12.0,40657.0,82.0,1.0,1.0,18645.0,82.0,45800.0,0.0,0.0,3.0,2.0,7099.0,22560.0,68.3,0.0,0.0,172.0,151.0,6.0,6.0,0.0,6.0,12.0,0.0,2.0,3.0,2.0,3.0,23.0,3.0,6.0,3.0,9.0,0.0,0.0,0.0,2.0,100.0,0.0,0.0,0.0,95455.0,63892.0,43800.0,49655.0,0,0
26415,10950.0,0.1862,399.29,1,35000.0,1,0,n,64.85,0.0,2.0,23.0,0.0,4176.0,32.0,0,9267.62,9267.62,2783.7,2783.7,1682.38,1101.32,0.0,0.0,0.0,0.0,0.0,1.0,0,0.0,0.0,59027.0,3.0,3.0,3.0,3.0,1.0,54851.0,98.0,4.0,5.0,879.0,41.0,60500.0,2.0,4.0,5.0,8.0,2566.0,33721.0,2.5,0.0,0.0,69.0,72.0,6.0,1.0,0.0,6.0,1.0,0.0,1.0,10.0,8.0,9.0,9.0,20.0,23.0,10.0,23.0,0.0,0.0,0.0,7.0,100.0,0.0,0.0,0.0,134062.0,59027.0,34600.0,73562.0,0,0
26416,16000.0,0.1612,390.11,2,60000.0,0,0,n,29.44,1.0,0.0,10.0,0.0,9083.0,30.0,0,0.0,0.0,1546.11,1546.11,714.95,831.16,0.0,0.0,0.0,390.11,0.0,1.0,1,0.0,0.0,122425.0,0.0,4.0,1.0,3.0,10.0,113342.0,85.0,0.0,0.0,2677.0,45.0,24200.0,0.0,2.0,0.0,3.0,12243.0,3417.0,68.7,0.0,0.0,117.0,129.0,40.0,10.0,2.0,40.0,13.0,0.0,4.0,5.0,4.0,6.0,18.0,6.0,10.0,5.0,10.0,0.0,0.0,0.0,1.0,86.7,75.0,0.0,0.0,168348.0,122425.0,10900.0,144148.0,0,0
26448,26575.0,0.2055,995.09,2,120000.0,1,0,n,23.03,0.0,1.0,15.0,0.0,74421.0,32.0,0,25065.12,25065.12,5940.2,5940.2,1509.88,4430.32,0.0,0.0,0.0,995.09,0.0,1.0,0,0.0,0.0,710937.0,1.0,2.0,1.0,1.0,8.0,110896.0,83.0,2.0,5.0,4061.0,59.0,87100.0,5.0,1.0,2.0,8.0,50781.0,5006.0,54.1,0.0,0.0,150.0,194.0,1.0,1.0,4.0,1.0,1.0,2.0,2.0,6.0,5.0,9.0,7.0,10.0,20.0,6.0,15.0,0.0,0.0,0.0,3.0,89.3,25.0,0.0,0.0,746766.0,203072.0,10900.0,74450.0,1,0
26453,24000.0,0.1308,547.06,3,100000.0,0,0,n,25.93,0.0,0.0,11.0,0.0,21453.0,26.0,0,21315.95,21315.95,4906.1,4906.1,2684.05,2222.05,0.0,0.0,0.0,0.0,0.0,1.0,1,0.0,0.0,42615.0,1.0,2.0,0.0,1.0,16.0,21162.0,42.0,1.0,3.0,10662.0,31.0,87100.0,1.0,1.0,1.0,4.0,3874.0,55827.0,24.4,0.0,0.0,149.0,146.0,5.0,5.0,0.0,5.0,8.0,0.0,4.0,5.0,6.0,8.0,9.0,9.0,17.0,5.0,11.0,0.0,0.0,0.0,1.0,96.0,16.7,0.0,0.0,137150.0,42615.0,73800.0,50050.0,0,0
26472,24000.0,0.2305,929.66,1,95000.0,0,0,n,35.35,0.0,1.0,13.0,0.0,53097.0,26.0,0,22513.52,22513.52,4617.57,4617.57,1486.48,3131.09,0.0,0.0,0.0,929.66,0.0,1.0,1,0.0,0.0,83546.0,1.0,5.0,1.0,4.0,6.0,26535.0,45.0,1.0,1.0,24407.0,67.0,62100.0,2.0,0.0,1.0,5.0,6427.0,8791.0,83.3,0.0,0.0,146.0,382.0,7.0,6.0,0.0,7.0,6.0,0.0,4.0,6.0,5.0,11.0,9.0,7.0,16.0,6.0,13.0,0.0,0.0,0.0,2.0,100.0,60.0,0.0,0.0,124577.0,83546.0,52600.0,58563.0,0,0
26480,12000.0,0.1102,392.98,2,75000.0,0,0,n,6.62,0.0,2.0,8.0,0.0,9561.0,13.0,0,9965.16,9965.16,2736.17,2736.17,2034.84,701.33,0.0,0.0,0.0,0.0,0.0,1.0,1,0.0,784.0,82335.0,1.0,1.0,1.0,2.0,8.0,13455.0,89.0,2.0,2.0,6024.0,41.0,41700.0,1.0,1.0,3.0,5.0,11762.0,28439.0,25.2,0.0,0.0,34.0,186.0,3.0,3.0,1.0,3.0,1.0,0.0,2.0,2.0,4.0,7.0,3.0,6.0,9.0,2.0,8.0,0.0,0.0,0.0,4.0,100.0,33.3,0.0,0.0,117091.0,23016.0,38000.0,15091.0,0,0
26504,30000.0,0.16949999999999998,1068.84,2,108000.0,1,0,n,28.56,1.0,1.0,12.0,0.0,34426.0,19.0,0,23123.23,23123.23,10660.15,10660.15,6876.77,3783.38,0.0,0.0,0.0,0.0,1.0,1.0,1,0.0,0.0,141256.0,2.0,3.0,1.0,1.0,4.0,32403.0,67.0,1.0,2.0,16781.0,54.0,63500.0,2.0,3.0,2.0,3.0,11771.0,26574.0,56.4,0.0,0.0,67.0,127.0,5.0,4.0,1.0,5.0,4.0,1.0,5.0,5.0,6.0,6.0,7.0,7.0,9.0,5.0,12.0,0.0,0.0,1.0,2.0,94.4,0.0,0.0,0.0,219136.0,72638.0,61000.0,48386.0,0,0
26546,40000.0,0.1612,975.28,2,150000.0,0,0,n,20.86,0.0,1.0,8.0,0.0,49993.0,25.0,0,0.0,0.0,5815.86,5815.86,2717.52,3098.34,0.0,0.0,0.0,975.28,0.0,1.0,1,0.0,0.0,361851.0,0.0,4.0,4.0,4.0,9.0,94271.0,89.0,0.0,0.0,27514.0,86.0,60000.0,2.0,6.0,3.0,4.0,51693.0,10007.0,83.3,0.0,0.0,141.0,190.0,46.0,9.0,3.0,46.0,0.0,0.0,2.0,2.0,3.0,4.0,16.0,3.0,6.0,2.0,8.0,0.0,0.0,0.0,4.0,100.0,50.0,0.0,0.0,405059.0,144264.0,60000.0,104007.0,0,0
26558,33525.0,0.1524,801.79,2,180000.0,1,0,n,13.42,1.0,1.0,9.0,1.0,1093.0,22.0,0,0.0,0.0,4782.36,4782.36,2328.99,2453.37,0.0,0.0,0.0,801.79,0.0,1.0,1,0.0,183.0,162254.0,1.0,3.0,2.0,5.0,11.0,86775.0,85.0,1.0,2.0,1069.0,67.0,14500.0,3.0,2.0,9.0,8.0,20282.0,13407.0,7.5,0.0,0.0,101.0,307.0,3.0,3.0,1.0,3.0,1.0,0.0,2.0,2.0,5.0,6.0,15.0,5.0,6.0,2.0,9.0,0.0,0.0,0.0,3.0,95.5,0.0,1.0,0.0,188617.0,87868.0,14500.0,99377.0,0,0
26658,25000.0,0.2305,705.49,1,157000.0,0,0,n,15.78,1.0,0.0,13.0,0.0,26351.0,28.0,0,22809.5,22809.5,6285.38,6285.38,2190.5,4094.88,0.0,0.0,0.0,705.49,0.0,1.0,1,0.0,0.0,79043.0,3.0,2.0,0.0,0.0,28.0,52692.0,56.0,4.0,7.0,14121.0,63.0,37700.0,0.0,1.0,1.0,7.0,7186.0,4113.0,84.7,1.0,0.0,255.0,113.0,4.0,4.0,0.0,6.0,5.0,0.0,3.0,4.0,7.0,15.0,4.0,11.0,23.0,4.0,13.0,0.0,0.0,1.0,4.0,96.4,50.0,0.0,0.0,122892.0,79043.0,26800.0,85192.0,0,0
26679,32000.0,0.1524,765.32,2,150000.0,1,0,n,20.42,1.0,1.0,17.0,0.0,132151.0,54.0,0,0.0,0.0,3007.09,3007.09,1463.26,1543.83,0.0,0.0,0.0,0.0,0.0,1.0,1,0.0,0.0,164423.0,2.0,6.0,0.0,1.0,19.0,32272.0,78.0,3.0,4.0,15761.0,66.0,162500.0,2.0,2.0,2.0,5.0,9672.0,9533.0,66.7,0.0,0.0,268.0,141.0,3.0,3.0,0.0,9.0,3.0,0.0,4.0,7.0,6.0,9.0,38.0,11.0,16.0,7.0,17.0,0.0,0.0,0.0,3.0,88.9,33.3,0.0,0.0,204165.0,164423.0,28600.0,41665.0,0,0
26783,30325.0,0.2305,1174.67,1,95000.0,1,0,n,47.28,0.0,0.0,16.0,0.0,35823.0,23.0,0,0.0,0.0,3606.37,3606.37,0.0,0.0,0.0,3606.37,649.1466,0.0,0.0,1.0,0,0.0,0.0,147485.0,4.0,3.0,1.0,3.0,11.0,110963.0,76.0,3.0,6.0,6237.0,44.0,98100.0,3.0,0.0,1.0,10.0,9218.0,53111.0,39.5,0.0,0.0,48.0,98.0,1.0,1.0,0.0,1.0,11.0,0.0,9.0,10.0,9.0,12.0,6.0,11.0,14.0,10.0,16.0,0.0,0.0,0.0,5.0,100.0,0.0,0.0,0.0,242593.0,147485.0,87800.0,140042.0,0,0
26805,16075.0,0.1102,526.43,1,55000.0,0,0,n,11.96,0.0,0.0,11.0,0.0,4780.0,23.0,0,15313.91,15313.91,1455.1,1455.1,761.09,694.01,0.0,0.0,0.0,281.28,0.0,1.0,1,0.0,0.0,65527.0,0.0,4.0,0.0,0.0,78.0,60747.0,123.0,0.0,1.0,887.0,107.0,11600.0,0.0,0.0,0.0,1.0,7281.0,313.0,73.9,0.0,0.0,170.0,283.0,19.0,19.0,2.0,31.0,17.0,2.0,1.0,4.0,1.0,3.0,8.0,7.0,13.0,4.0,11.0,0.0,0.0,0.0,0.0,82.6,0.0,0.0,0.0,61100.0,65527.0,1200.0,49500.0,0,0
26864,10625.0,0.08810000000000001,336.94,3,46000.0,0,0,n,24.68,0.0,0.0,6.0,0.0,1255.0,14.0,0,0.0,0.0,1679.5,1679.5,1313.82,365.68,0.0,0.0,0.0,0.0,0.0,1.0,1,0.0,0.0,23689.0,0.0,2.0,0.0,1.0,18.0,22434.0,70.0,1.0,2.0,795.0,62.0,6300.0,1.0,0.0,0.0,3.0,3948.0,4045.0,23.7,0.0,0.0,72.0,79.0,12.0,12.0,0.0,19.0,18.0,2.0,2.0,2.0,3.0,5.0,7.0,4.0,7.0,2.0,6.0,0.0,0.0,0.0,1.0,64.3,0.0,0.0,0.0,38194.0,23689.0,5300.0,31894.0,0,0
26889,13600.0,0.1102,445.38,1,45000.0,1,0,n,26.4,0.0,0.0,9.0,0.0,9191.0,26.0,0,0.0,0.0,1880.11,1880.11,1051.31,828.8,0.0,0.0,0.0,0.0,0.0,1.0,1,0.0,0.0,36499.0,1.0,2.0,1.0,3.0,11.0,27308.0,73.0,2.0,4.0,2893.0,57.0,26700.0,3.0,7.0,3.0,7.0,4055.0,6286.0,37.1,1.0,0.0,137.0,150.0,1.0,1.0,0.0,1.0,9.0,5.0,2.0,6.0,3.0,9.0,9.0,7.0,17.0,6.0,9.0,0.0,0.0,0.0,3.0,73.1,33.3,0.0,0.0,64370.0,36499.0,10000.0,37670.0,0,0
27004,32000.0,0.1308,729.41,2,86000.0,1,0,n,10.49,2.0,1.0,14.0,0.0,9276.0,21.0,0,0.0,0.0,3600.54,3600.54,1944.99,1655.55,0.0,0.0,0.0,0.0,0.0,1.0,1,0.0,0.0,174253.0,0.0,4.0,0.0,1.0,24.0,12498.0,49.0,0.0,2.0,4776.0,38.0,32300.0,1.0,2.0,2.0,3.0,12447.0,17462.0,23.7,0.0,0.0,129.0,128.0,23.0,23.0,2.0,23.0,0.0,0.0,3.0,4.0,7.0,8.0,7.0,9.0,12.0,4.0,14.0,0.0,0.0,0.0,0.0,81.0,0.0,0.0,0.0,218383.0,21774.0,22900.0,25545.0,0,0
27040,28000.0,0.2305,790.14,1,69200.0,1,0,n,25.18,0.0,2.0,7.0,0.0,10759.0,10.0,0,25840.51,25840.51,6249.41,6249.41,2159.49,4089.92,0.0,0.0,0.0,790.14,0.0,1.0,1,0.0,0.0,50495.0,1.0,4.0,1.0,2.0,12.0,39736.0,75.0,1.0,1.0,5349.0,81.0,11800.0,1.0,1.0,4.0,3.0,7214.0,1041.0,91.2,0.0,0.0,113.0,55.0,3.0,3.0,0.0,3.0,3.0,0.0,3.0,3.0,3.0,3.0,7.0,3.0,3.0,3.0,7.0,0.0,0.0,0.0,2.0,100.0,100.0,0.0,0.0,76627.0,50495.0,11800.0,64827.0,0,0
27076,31125.0,0.1308,1049.93,2,66000.0,0,0,n,17.25,1.0,0.0,7.0,0.0,5533.0,12.0,0,28440.45,28440.45,6254.34,6254.34,2684.55,3569.79,0.0,0.0,0.0,1049.93,0.0,1.0,0,0.0,0.0,337933.0,0.0,1.0,1.0,1.0,10.0,19472.0,81.0,0.0,1.0,3215.0,67.0,13300.0,1.0,1.0,1.0,3.0,48276.0,5467.0,50.3,0.0,0.0,98.0,122.0,19.0,10.0,2.0,52.0,10.0,0.0,2.0,2.0,3.0,4.0,4.0,5.0,6.0,2.0,7.0,0.0,0.0,0.0,1.0,83.3,33.3,0.0,0.0,363645.0,25005.0,11000.0,24000.0,0,0
27110,5000.0,0.2055,187.23,2,90000.0,1,0,n,29.75,1.0,1.0,15.0,0.0,22422.0,27.0,0,4242.23,4242.23,1566.89,1566.89,757.77,809.12,0.0,0.0,0.0,187.23,0.0,1.0,1,0.0,0.0,230143.0,2.0,6.0,2.0,5.0,4.0,58672.0,71.0,1.0,2.0,4347.0,75.0,27900.0,3.0,7.0,4.0,7.0,15343.0,3112.0,81.6,0.0,0.0,186.0,169.0,3.0,3.0,3.0,3.0,2.0,0.0,5.0,8.0,5.0,6.0,14.0,8.0,10.0,8.0,15.0,0.0,0.0,0.0,3.0,92.6,60.0,0.0,0.0,265240.0,81094.0,16900.0,75082.0,0,0
27155,29000.0,0.0819,590.66,1,145000.0,1,0,n,9.95,0.0,0.0,6.0,0.0,28934.0,9.0,0,24926.63,24926.63,5893.4,5893.4,4073.37,1820.03,0.0,0.0,0.0,590.66,0.0,1.0,1,0.0,0.0,44912.0,0.0,1.0,1.0,1.0,8.0,15978.0,93.0,0.0,1.0,7658.0,92.0,31800.0,1.0,0.0,2.0,2.0,7485.0,2866.0,91.0,0.0,0.0,137.0,186.0,18.0,8.0,0.0,18.0,8.0,0.0,5.0,5.0,5.0,5.0,4.0,5.0,5.0,5.0,6.0,0.0,0.0,0.0,1.0,100.0,100.0,0.0,0.0,49082.0,44912.0,31800.0,17282.0,0,0
27180,21275.0,0.1308,484.95,1,62000.0,0,0,n,10.65,0.0,0.0,19.0,0.0,2534.0,21.0,0,18725.32,18725.32,4818.58,4818.58,2549.68,2268.9,0.0,0.0,0.0,484.95,0.0,1.0,1,0.0,260.0,33005.0,0.0,12.0,0.0,2.0,22.0,30471.0,114.0,1.0,1.0,756.0,95.0,8200.0,1.0,0.0,2.0,3.0,1737.0,1205.0,47.6,0.0,0.0,95.0,60.0,9.0,9.0,2.0,41.0,0.0,2.0,2.0,7.0,2.0,2.0,12.0,7.0,7.0,7.0,19.0,0.0,0.0,0.0,1.0,90.5,0.0,0.0,0.0,34935.0,33005.0,2300.0,26735.0,0,0
27186,20000.0,0.0702,617.73,3,75000.0,0,0,n,12.51,0.0,1.0,7.0,0.0,12363.0,10.0,0,0.0,0.0,602.13,602.13,500.73,101.4,0.0,0.0,0.0,0.0,0.0,1.0,1,0.0,0.0,23331.0,1.0,2.0,1.0,3.0,12.0,10968.0,39.0,1.0,2.0,7919.0,37.0,35600.0,5.0,0.0,4.0,5.0,3333.0,23237.0,34.7,0.0,0.0,22.0,61.0,3.0,3.0,0.0,3.0,3.0,0.0,3.0,3.0,5.0,7.0,3.0,5.0,7.0,3.0,7.0,0.0,0.0,0.0,2.0,100.0,40.0,0.0,0.0,63600.0,23331.0,35600.0,28000.0,0,0
27215,25000.0,0.1524,597.91,1,72000.0,1,0,n,29.62,0.0,0.0,8.0,0.0,24589.0,52.0,0,23388.41,23388.41,4740.95,4740.95,1611.59,3129.36,0.0,0.0,0.0,597.91,0.0,1.0,0,0.0,0.0,95783.0,1.0,2.0,3.0,4.0,4.0,71194.0,91.0,1.0,1.0,7792.0,78.0,36600.0,3.0,1.0,6.0,5.0,11973.0,3824.0,83.1,0.0,0.0,174.0,178.0,8.0,4.0,0.0,8.0,4.0,1.0,4.0,5.0,4.0,12.0,31.0,6.0,21.0,5.0,8.0,0.0,0.0,0.0,4.0,86.3,75.0,0.0,0.0,112305.0,95783.0,22600.0,75705.0,0,0
27241,30000.0,0.124,1002.18,1,115000.0,0,0,n,10.13,0.0,0.0,15.0,0.0,29095.0,23.0,0,0.0,0.0,981.51,981.51,692.18,289.33,0.0,0.0,0.0,0.0,0.0,1.0,1,0.0,0.0,37763.0,0.0,1.0,1.0,1.0,10.0,8668.0,72.0,1.0,9.0,7521.0,41.0,80800.0,1.0,0.0,2.0,11.0,2518.0,45573.0,31.0,0.0,0.0,79.0,155.0,8.0,8.0,0.0,8.0,10.0,1.0,6.0,7.0,11.0,14.0,3.0,14.0,19.0,7.0,15.0,0.0,0.0,0.0,2.0,95.5,36.4,0.0,0.0,92886.0,37763.0,66000.0,12086.0,0,0
27298,28000.0,0.16949999999999998,997.58,1,90000.0,0,0,n,22.39,0.0,0.0,14.0,0.0,17987.0,17.0,0,24305.74,24305.74,6432.75,6432.75,3694.26,2738.49,0.0,0.0,0.0,498.79,0.0,1.0,1,0.0,0.0,41140.0,1.0,2.0,0.0,1.0,19.0,23153.0,62.0,1.0,2.0,5322.0,67.0,24300.0,1.0,0.0,0.0,3.0,2939.0,1526.0,90.6,0.0,0.0,136.0,123.0,4.0,4.0,0.0,4.0,19.0,0.0,8.0,12.0,8.0,8.0,5.0,12.0,12.0,12.0,14.0,0.0,0.0,0.0,1.0,100.0,87.5,0.0,0.0,61852.0,41140.0,16200.0,37552.0,1,0
27307,40000.0,0.0646,1225.24,2,150000.0,0,0,n,23.23,0.0,0.0,18.0,0.0,71770.0,29.0,0,0.0,0.0,186.63,186.63,0.0,186.63,0.0,0.0,0.0,215.34,0.0,1.0,1,0.0,0.0,114000.0,1.0,3.0,1.0,2.0,11.0,42230.0,81.0,2.0,3.0,21296.0,72.0,104400.0,0.0,2.0,1.0,5.0,6706.0,30138.0,70.4,0.0,0.0,170.0,353.0,5.0,5.0,0.0,5.0,12.0,0.0,8.0,9.0,11.0,13.0,8.0,15.0,21.0,9.0,18.0,0.0,0.0,0.0,3.0,100.0,27.3,0.0,0.0,182644.0,114000.0,101800.0,78244.0,0,0
27340,15000.0,0.2565,446.01,1,112000.0,1,0,n,17.09,1.0,3.0,9.0,0.0,20543.0,22.0,0,13770.08,13770.08,4194.35,4194.35,1229.92,2964.43,0.0,0.0,0.0,223.01,0.0,1.0,1,0.0,0.0,45986.0,2.0,2.0,1.0,2.0,4.0,25443.0,85.0,2.0,2.0,7025.0,53.0,56900.0,3.0,1.0,3.0,4.0,5110.0,31771.0,34.9,0.0,0.0,191.0,208.0,4.0,4.0,2.0,4.0,0.0,0.0,4.0,5.0,5.0,10.0,5.0,7.0,15.0,5.0,9.0,0.0,0.0,0.0,3.0,88.2,40.0,0.0,0.0,86900.0,45986.0,48800.0,30000.0,1,0
27360,10625.0,0.1862,273.41,1,73400.0,1,0,n,15.43,0.0,0.0,8.0,1.0,4406.0,20.0,0,9473.39,9473.39,2712.12,2712.12,1151.61,1560.51,0.0,0.0,0.0,273.41,0.0,1.0,1,0.0,0.0,19571.0,0.0,3.0,1.0,4.0,7.0,15165.0,60.0,1.0,1.0,1135.0,60.0,7200.0,2.0,1.0,2.0,5.0,2446.0,2369.0,36.0,0.0,0.0,148.0,196.0,9.0,7.0,2.0,9.0,7.0,4.0,3.0,4.0,4.0,7.0,8.0,5.0,10.0,4.0,8.0,0.0,0.0,0.0,2.0,80.0,0.0,1.0,0.0,32528.0,19571.0,3700.0,25328.0,0,0
27391,35000.0,0.1524,1217.41,1,145000.0,1,0,n,15.96,0.0,0.0,21.0,0.0,38110.0,35.0,0,0.0,0.0,5837.8,5837.8,669.19,518.59,0.0,4650.02,837.0036,0.0,0.0,1.0,1,0.0,0.0,82625.0,0.0,9.0,1.0,1.0,8.0,44515.0,95.0,0.0,3.0,8091.0,73.0,62400.0,1.0,2.0,1.0,4.0,3935.0,20483.0,61.8,0.0,0.0,137.0,138.0,17.0,8.0,0.0,17.0,3.0,0.0,7.0,8.0,8.0,11.0,17.0,12.0,18.0,8.0,21.0,0.0,0.0,0.0,1.0,100.0,50.0,0.0,0.0,135568.0,82625.0,53600.0,73168.0,0,0
27425,4800.0,0.17739999999999995,172.91,2,65000.0,1,0,n,23.87,0.0,1.0,7.0,0.0,2827.0,9.0,0,0.0,0.0,1253.93,1253.93,485.26,196.92,0.0,571.75,102.915,172.91,0.0,1.0,1,0.0,0.0,124932.0,1.0,4.0,1.0,4.0,4.0,41513.0,84.0,1.0,1.0,2827.0,80.0,6100.0,3.0,1.0,3.0,6.0,17847.0,273.0,91.2,0.0,0.0,84.0,41.0,8.0,4.0,1.0,8.0,4.0,0.0,1.0,1.0,1.0,1.0,6.0,2.0,2.0,1.0,7.0,0.0,0.0,0.0,3.0,100.0,100.0,0.0,0.0,140783.0,44340.0,3100.0,49278.0,0,0
27451,25000.0,0.2305,968.4,1,110000.0,0,0,n,37.69,0.0,0.0,25.0,0.0,33376.0,48.0,0,24511.81,24511.81,2814.45,2814.45,488.19,2326.26,0.0,0.0,0.0,968.4,0.0,1.0,1,0.0,0.0,123812.0,0.0,12.0,0.0,2.0,14.0,90436.0,58.0,1.0,2.0,7432.0,66.0,40300.0,2.0,6.0,2.0,4.0,5383.0,0.0,103.2,0.0,0.0,133.0,148.0,12.0,12.0,0.0,12.0,12.0,0.0,9.0,11.0,10.0,11.0,30.0,13.0,18.0,11.0,25.0,0.0,0.0,0.0,1.0,100.0,100.0,0.0,0.0,170963.0,123812.0,31000.0,130663.0,0,0
27464,10625.0,0.1862,387.44,2,55000.0,1,0,n,15.45,0.0,0.0,9.0,0.0,3681.0,14.0,0,9028.81,9028.81,3077.54,3077.54,1596.19,1481.35,0.0,0.0,0.0,387.44,0.0,1.0,1,0.0,0.0,145909.0,3.0,3.0,1.0,3.0,5.0,59135.0,88.0,1.0,1.0,1974.0,74.0,7200.0,1.0,0.0,1.0,5.0,16212.0,1109.0,75.4,0.0,0.0,202.0,170.0,1.0,1.0,1.0,1.0,9.0,0.0,3.0,4.0,4.0,5.0,7.0,5.0,6.0,4.0,9.0,0.0,0.0,0.0,3.0,100.0,75.0,0.0,0.0,145705.0,62816.0,4500.0,55045.0,0,0
27506,22275.0,0.2305,628.59,3,350000.0,1,0,n,12.99,0.0,2.0,14.0,0.0,21762.0,33.0,0,0.0,0.0,571.54,571.54,200.72,370.82,0.0,0.0,0.0,0.0,0.0,1.0,1,0.0,2471.0,134949.0,4.0,5.0,3.0,5.0,2.0,104708.0,68.0,3.0,6.0,7253.0,60.0,49900.0,6.0,0.0,3.0,11.0,9639.0,22837.0,45.2,0.0,0.0,186.0,227.0,1.0,1.0,1.0,11.0,2.0,0.0,5.0,6.0,5.0,8.0,15.0,8.0,16.0,6.0,14.0,0.0,0.0,0.0,6.0,93.8,0.0,0.0,0.0,260384.0,134949.0,41700.0,137469.0,0,0
27510,30000.0,0.08810000000000001,951.35,2,140000.0,1,0,n,7.54,0.0,1.0,8.0,0.0,11552.0,18.0,0,0.0,0.0,5836.1,5836.1,2209.44,615.24,0.0,3011.42,542.0556,0.0,0.0,1.0,1,0.0,0.0,162652.0,1.0,3.0,1.0,3.0,10.0,151100.0,83.0,1.0,3.0,6536.0,48.0,41700.0,0.0,3.0,4.0,6.0,20332.0,30148.0,27.7,0.0,0.0,159.0,63.0,3.0,3.0,0.0,3.0,3.0,0.0,3.0,3.0,5.0,5.0,12.0,5.0,6.0,3.0,8.0,0.0,0.0,0.0,2.0,100.0,40.0,0.0,0.0,189441.0,162652.0,41700.0,147741.0,0,0
27517,9600.0,0.0646,294.06,2,130000.0,0,0,n,24.87,0.0,0.0,26.0,0.0,18665.0,43.0,0,9236.02,9236.02,685.61,685.61,363.98,321.63,0.0,0.0,0.0,50.0,0.0,1.0,1,0.0,0.0,198932.0,1.0,6.0,3.0,5.0,6.0,82076.0,68.0,0.0,1.0,7317.0,43.0,91300.0,1.0,8.0,2.0,6.0,7957.0,52389.0,24.4,0.0,0.0,149.0,436.0,20.0,6.0,4.0,27.0,6.0,0.0,7.0,10.0,12.0,15.0,16.0,18.0,23.0,10.0,26.0,0.0,0.0,0.0,3.0,100.0,0.0,0.0,0.0,378802.0,100741.0,69300.0,118822.0,0,0
27554,10000.0,0.2055,374.45,1,85000.0,0,0,n,22.91,0.0,1.0,19.0,0.0,37957.0,34.0,0,0.0,0.0,1849.42,1849.42,1051.4,798.02,0.0,0.0,0.0,374.45,0.0,1.0,1,0.0,0.0,73969.0,1.0,9.0,1.0,1.0,5.0,34812.0,66.0,0.0,2.0,13288.0,57.0,74400.0,0.0,0.0,1.0,4.0,3893.0,36443.0,51.0,0.0,0.0,270.0,113.0,18.0,5.0,0.0,18.0,5.0,0.0,9.0,9.0,9.0,13.0,20.0,9.0,13.0,9.0,19.0,0.0,0.0,0.0,1.0,100.0,55.6,0.0,0.0,128874.0,73969.0,74400.0,52659.0,0,0
27555,36675.0,0.124,823.25,1,89000.0,0,0,n,23.49,0.0,0.0,7.0,0.0,11178.0,9.0,0,35781.86,35781.86,3158.73,3158.73,893.14,2265.59,0.0,0.0,0.0,411.63,0.0,1.0,1,0.0,0.0,68619.0,0.0,4.0,2.0,3.0,8.0,57441.0,76.0,2.0,3.0,9542.0,68.0,24800.0,1.0,2.0,5.0,6.0,9803.0,5958.0,61.6,0.0,0.0,36.0,42.0,7.0,7.0,0.0,42.0,8.0,0.0,1.0,3.0,1.0,1.0,4.0,3.0,5.0,3.0,7.0,0.0,0.0,0.0,4.0,100.0,0.0,0.0,0.0,100389.0,68619.0,15500.0,75589.0,0,0
27581,10025.0,0.17739999999999995,361.13,3,38000.0,0,0,n,35.25,2.0,0.0,19.0,0.0,17068.0,33.0,0,0.0,0.0,1063.63,1063.63,617.75,445.88,0.0,0.0,0.0,0.0,0.0,1.0,1,0.0,0.0,27484.0,2.0,1.0,1.0,1.0,10.0,10416.0,92.0,3.0,8.0,7486.0,54.0,39900.0,0.0,0.0,0.0,9.0,1447.0,16184.0,48.9,0.0,0.0,106.0,166.0,1.0,1.0,0.0,1.0,18.0,0.0,8.0,10.0,12.0,14.0,3.0,18.0,30.0,10.0,19.0,0.0,0.0,0.0,4.0,90.9,8.3,0.0,0.0,51231.0,27484.0,31700.0,11331.0,0,0
27595,16925.0,0.1524,588.71,2,165000.0,1,0,n,18.6,0.0,2.0,12.0,1.0,27329.0,26.0,0,12966.37,12966.37,5858.44,5858.44,3958.63,1899.81,0.0,0.0,0.0,0.0,0.0,1.0,1,0.0,0.0,139519.0,0.0,3.0,1.0,2.0,7.0,112190.0,85.0,1.0,2.0,9205.0,55.0,60800.0,1.0,4.0,6.0,6.0,11627.0,23281.0,42.9,0.0,0.0,88.0,98.0,8.0,7.0,6.0,8.0,3.0,0.0,4.0,6.0,5.0,8.0,8.0,9.0,12.0,6.0,12.0,0.0,0.0,0.0,3.0,100.0,20.0,1.0,0.0,192776.0,139519.0,40800.0,131976.0,0,0
27665,19600.0,0.08810000000000001,621.55,1,60000.0,1,0,n,21.76,0.0,0.0,16.0,0.0,13908.0,19.0,0,17982.9,17982.9,2748.09,2748.09,1617.1,1130.99,0.0,0.0,0.0,0.0,0.0,1.0,1,0.0,605.0,28421.0,0.0,2.0,1.0,1.0,10.0,14513.0,62.0,3.0,7.0,7096.0,46.0,38200.0,1.0,0.0,2.0,8.0,1776.0,17058.0,42.9,0.0,0.0,160.0,48.0,7.0,7.0,0.0,7.0,7.0,0.0,3.0,6.0,9.0,10.0,3.0,14.0,16.0,6.0,16.0,0.0,0.0,0.0,4.0,100.0,11.1,0.0,0.0,61583.0,28421.0,29900.0,23383.0,0,0
27678,3000.0,0.08810000000000001,95.14,1,39000.0,1,0,n,8.09,0.0,0.0,4.0,0.0,611.0,8.0,0,2476.9,2476.9,663.04,663.04,523.1,139.94,0.0,0.0,0.0,0.0,0.0,1.0,1,0.0,0.0,10299.0,1.0,1.0,1.0,1.0,10.0,9688.0,88.0,1.0,1.0,611.0,46.0,11500.0,1.0,0.0,1.0,2.0,2575.0,6189.0,9.0,0.0,0.0,10.0,69.0,3.0,3.0,0.0,3.0,10.0,0.0,1.0,1.0,2.0,3.0,1.0,3.0,7.0,1.0,4.0,0.0,0.0,0.0,2.0,100.0,0.0,0.0,0.0,22500.0,10299.0,6800.0,11000.0,0,0
27699,10000.0,0.17739999999999995,360.23,3,57000.0,0,0,n,28.27,0.0,0.0,13.0,0.0,14560.0,15.0,0,0.0,0.0,700.75,700.75,426.15,274.6,0.0,0.0,0.0,0.0,0.0,1.0,1,0.0,0.0,74368.0,1.0,4.0,0.0,0.0,29.0,59808.0,64.0,5.0,5.0,8135.0,55.0,32300.0,0.0,3.0,2.0,5.0,5721.0,15796.0,42.6,0.0,0.0,206.0,219.0,3.0,3.0,0.0,9.0,7.0,1.0,4.0,9.0,4.0,4.0,5.0,9.0,10.0,9.0,13.0,0.0,0.0,0.0,5.0,92.3,25.0,0.0,0.0,86227.0,74368.0,27500.0,53927.0,0,0
27704,4500.0,0.2305,174.32,1,72000.0,1,0,n,12.9,0.0,1.0,10.0,0.0,6460.0,11.0,0,3747.81,3747.81,1383.04,1383.04,752.19,630.85,0.0,0.0,0.0,174.32,0.0,1.0,1,0.0,0.0,34897.0,2.0,1.0,1.0,1.0,3.0,28437.0,100.0,3.0,8.0,2823.0,94.0,8700.0,0.0,0.0,1.0,9.0,3490.0,755.0,89.2,0.0,0.0,157.0,31.0,2.0,2.0,0.0,7.0,4.0,0.0,6.0,7.0,6.0,6.0,2.0,9.0,9.0,7.0,10.0,0.0,0.0,0.0,4.0,100.0,83.3,0.0,0.0,37217.0,34897.0,7000.0,28517.0,0,0
27713,29600.0,0.1171,979.05,1,35000.0,0,0,n,26.37,0.0,2.0,18.0,0.0,1700.0,22.0,0,27353.34,27353.34,4481.18,4481.18,2246.66,2234.52,0.0,0.0,0.0,979.05,0.0,1.0,1,0.0,0.0,34521.0,1.0,2.0,4.0,4.0,3.0,32821.0,91.0,1.0,5.0,1027.0,51.0,31500.0,1.0,1.0,5.0,9.0,1918.0,18400.0,8.5,0.0,0.0,30.0,57.0,11.0,3.0,0.0,21.0,3.0,0.0,4.0,4.0,6.0,6.0,5.0,16.0,17.0,4.0,18.0,0.0,0.0,0.0,5.0,100.0,0.0,0.0,0.0,67588.0,34521.0,20100.0,36088.0,0,0
27728,10625.0,0.16949999999999998,378.55,1,71000.0,1,0,n,21.91,0.0,2.0,10.0,0.0,18916.0,24.0,0,0.0,0.0,2629.84,2629.84,1657.81,972.03,0.0,0.0,0.0,378.55,0.0,1.0,1,0.0,0.0,30255.0,2.0,3.0,1.0,2.0,7.0,11339.0,31.0,3.0,3.0,1654.0,51.0,22300.0,3.0,4.0,5.0,5.0,3026.0,2146.0,43.5,0.0,0.0,134.0,149.0,4.0,4.0,0.0,5.0,2.0,0.0,1.0,4.0,3.0,13.0,5.0,6.0,19.0,4.0,10.0,0.0,0.0,0.0,4.0,100.0,0.0,0.0,0.0,59054.0,30255.0,3800.0,36754.0,0,0
27796,36000.0,0.1308,820.59,3,100000.0,0,0,n,26.68,0.0,0.0,9.0,0.0,40873.0,18.0,0,0.0,0.0,775.27,775.27,448.27,327.0,0.0,0.0,0.0,0.0,0.0,1.0,1,0.0,0.0,76395.0,0.0,2.0,0.0,2.0,17.0,35522.0,65.0,0.0,0.0,19790.0,74.0,48500.0,0.0,0.0,0.0,2.0,8488.0,4736.0,89.0,0.0,0.0,156.0,258.0,25.0,17.0,0.0,166.0,17.0,0.0,6.0,7.0,6.0,6.0,11.0,7.0,7.0,7.0,9.0,0.0,0.0,0.0,0.0,100.0,83.3,0.0,0.0,103067.0,76395.0,43000.0,54567.0,0,0
27806,8000.0,0.2305,309.89,1,56000.0,0,0,n,10.95,4.0,0.0,10.0,0.0,2637.0,24.0,0,7374.66,7374.66,1528.96,1528.96,625.34,903.62,0.0,0.0,0.0,782.06,0.0,1.0,1,0.0,0.0,14809.0,0.0,4.0,0.0,0.0,26.0,12172.0,52.0,1.0,2.0,1480.0,47.0,7900.0,0.0,0.0,0.0,2.0,1481.0,4963.0,34.7,0.0,0.0,198.0,154.0,7.0,7.0,0.0,7.0,19.0,0.0,3.0,3.0,4.0,4.0,13.0,6.0,11.0,3.0,10.0,0.0,0.0,2.0,1.0,77.3,0.0,0.0,0.0,31346.0,14809.0,7600.0,23446.0,0,0
27807,21000.0,0.2055,562.82,3,72000.0,0,0,n,36.35,0.0,0.0,17.0,0.0,19333.0,27.0,0,18453.57,18453.57,5701.15,5701.15,2546.43,3154.72,0.0,0.0,0.0,1127.82,0.0,1.0,1,0.0,0.0,64379.0,0.0,5.0,2.0,3.0,7.0,45046.0,60.0,2.0,4.0,2716.0,62.0,29500.0,0.0,5.0,2.0,7.0,3787.0,5795.0,45.8,0.0,0.0,126.0,54.0,9.0,7.0,0.0,9.0,9.0,0.0,5.0,11.0,6.0,6.0,15.0,12.0,12.0,11.0,17.0,0.0,0.0,0.0,4.0,100.0,0.0,0.0,0.0,104073.0,64379.0,10700.0,74573.0,0,0
27855,19600.0,0.08810000000000001,621.55,2,125000.0,1,0,n,19.12,0.0,2.0,11.0,1.0,7201.0,19.0,0,0.0,0.0,3833.11,3833.11,2972.56,860.55,0.0,0.0,0.0,621.55,0.0,1.0,1,0.0,0.0,80796.0,1.0,7.0,1.0,4.0,7.0,73595.0,70.0,1.0,1.0,6692.0,65.0,16200.0,3.0,4.0,4.0,5.0,7345.0,4799.0,60.0,0.0,0.0,76.0,77.0,6.0,6.0,0.0,6.0,0.0,0.0,2.0,2.0,2.0,4.0,13.0,4.0,6.0,2.0,11.0,0.0,0.0,0.0,2.0,94.7,50.0,1.0,0.0,115403.0,80796.0,12000.0,99203.0,0,0
27883,25000.0,0.2055,936.12,2,205000.0,0,0,n,16.12,0.0,0.0,22.0,0.0,95212.0,29.0,0,0.0,0.0,4264.92,4264.92,508.0,371.04,0.0,3385.88,609.4584,0.0,0.0,1.0,1,0.0,0.0,495609.0,1.0,3.0,0.0,3.0,14.0,35057.0,79.0,1.0,1.0,29843.0,42.0,236100.0,1.0,0.0,2.0,4.0,22528.0,113630.0,36.8,0.0,0.0,113.0,132.0,5.0,5.0,2.0,32.0,1.0,0.0,10.0,12.0,15.0,17.0,5.0,18.0,22.0,12.0,22.0,0.0,0.0,0.0,1.0,100.0,13.3,0.0,0.0,696780.0,130269.0,203600.0,44680.0,0,0
27916,22800.0,0.1033,488.15,3,85000.0,0,0,n,13.06,0.0,0.0,47.0,0.0,20373.0,80.0,0,0.0,0.0,588.81,588.81,196.27,0.0,0.0,392.54,70.6572,196.27,0.0,1.0,1,0.0,0.0,110873.0,2.0,19.0,1.0,1.0,9.0,90500.0,135.0,4.0,6.0,4586.0,61.0,115900.0,1.0,0.0,1.0,7.0,2359.0,52222.0,18.3,0.0,0.0,149.0,164.0,2.0,2.0,0.0,2.0,9.0,0.0,7.0,15.0,14.0,15.0,41.0,28.0,39.0,15.0,47.0,0.0,0.0,0.0,5.0,100.0,0.0,0.0,0.0,183113.0,110873.0,63900.0,67213.0,1,0
27982,33000.0,0.08810000000000001,681.99,2,120000.0,0,0,n,10.86,0.0,0.0,16.0,0.0,32792.0,24.0,0,30748.73,30748.73,3449.69,3449.69,2251.27,1198.42,0.0,0.0,0.0,700.0,0.0,1.0,1,0.0,0.0,40701.0,1.0,1.0,0.0,0.0,53.0,7909.0,31.0,5.0,7.0,9765.0,44.0,67000.0,0.0,2.0,4.0,7.0,2544.0,28035.0,53.7,0.0,0.0,126.0,116.0,6.0,6.0,0.0,9.0,10.0,0.0,6.0,7.0,9.0,10.0,5.0,15.0,19.0,7.0,16.0,0.0,0.0,0.0,5.0,100.0,44.4,0.0,0.0,92557.0,40701.0,60600.0,25557.0,0,0
28006,5250.0,0.1102,171.93,3,55000.0,0,0,n,24.72,0.0,1.0,15.0,0.0,10517.0,27.0,0,0.0,0.0,337.43,337.43,134.97,202.46,0.0,0.0,0.0,0.0,0.0,1.0,1,0.0,0.0,43433.0,2.0,4.0,2.0,3.0,4.0,32916.0,79.0,0.0,0.0,4902.0,48.0,48200.0,2.0,1.0,2.0,4.0,2896.0,26483.0,28.4,0.0,0.0,153.0,140.0,46.0,4.0,0.0,65.0,4.0,0.0,5.0,5.0,7.0,11.0,9.0,9.0,16.0,5.0,15.0,0.0,0.0,0.0,3.0,100.0,0.0,0.0,0.0,89975.0,43433.0,37000.0,41720.0,0,0
28057,10000.0,0.2055,268.01,1,65000.0,1,0,n,23.39,0.0,3.0,8.0,0.0,8058.0,16.0,0,0.0,0.0,245.18,245.18,96.76,148.42,0.0,0.0,0.0,268.01,0.0,1.0,1,0.0,0.0,42326.0,1.0,4.0,2.0,4.0,6.0,34268.0,73.0,0.0,0.0,4078.0,63.0,20300.0,3.0,0.0,4.0,4.0,5291.0,6696.0,49.7,0.0,0.0,69.0,67.0,25.0,6.0,0.0,40.0,0.0,0.0,3.0,4.0,3.0,4.0,10.0,4.0,6.0,4.0,8.0,0.0,0.0,0.0,2.0,100.0,33.3,0.0,0.0,67074.0,42326.0,13300.0,46774.0,0,0
28080,25000.0,0.08810000000000001,792.79,2,60000.0,0,0,n,17.08,1.0,0.0,20.0,1.0,9984.0,29.0,1,20373.12,19761.93,6317.85,6128.31,4626.88,1690.97,0.0,0.0,0.0,0.0,0.0,1.0,1,0.0,0.0,151712.0,1.0,2.0,0.0,1.0,14.0,9494.0,48.0,2.0,3.0,3330.0,26.0,53900.0,1.0,0.0,1.0,4.0,7586.0,29048.0,20.9,0.0,0.0,44.0,142.0,5.0,5.0,2.0,5.0,8.0,0.0,5.0,8.0,8.0,11.0,3.0,17.0,24.0,8.0,19.0,0.0,0.0,0.0,2.0,93.1,12.5,1.0,0.0,260641.0,19478.0,36700.0,19741.0,0,0
28160,4200.0,0.1612,147.91,1,50000.0,0,0,n,31.52,0.0,0.0,11.0,0.0,4212.0,13.0,0,0.0,0.0,288.3,288.3,184.21,104.09,0.0,0.0,0.0,0.0,0.0,1.0,1,0.0,0.0,37685.0,0.0,4.0,1.0,3.0,7.0,33473.0,82.0,2.0,2.0,1128.0,64.0,18200.0,7.0,0.0,5.0,5.0,3426.0,5639.0,24.8,0.0,0.0,50.0,65.0,7.0,7.0,0.0,54.0,7.0,0.0,2.0,5.0,3.0,3.0,5.0,7.0,8.0,5.0,11.0,0.0,0.0,0.0,3.0,84.6,0.0,0.0,0.0,59244.0,37685.0,7500.0,41044.0,0,0
28259,24000.0,0.1524,834.8,2,100000.0,0,0,n,10.82,0.0,1.0,9.0,1.0,16024.0,10.0,1,21343.53,21343.53,5368.16,5368.16,2656.47,2711.69,0.0,0.0,0.0,200.0,0.0,1.0,1,0.0,0.0,26156.0,0.0,1.0,0.0,1.0,14.0,10132.0,68.0,2.0,5.0,4770.0,55.0,32700.0,0.0,0.0,2.0,6.0,2906.0,15076.0,51.5,0.0,0.0,141.0,158.0,7.0,7.0,0.0,7.0,6.0,0.0,4.0,4.0,6.0,6.0,2.0,8.0,8.0,5.0,9.0,0.0,0.0,0.0,2.0,100.0,33.3,1.0,0.0,47700.0,26156.0,31100.0,15000.0,0,0
28281,18000.0,0.14300000000000002,617.83,3,50000.0,1,0,n,19.83,0.0,0.0,10.0,1.0,23016.0,13.0,0,15058.13,15058.13,4606.21,4606.21,2941.87,1664.34,0.0,0.0,0.0,310.0,0.0,1.0,1,0.0,0.0,58085.0,0.0,5.0,0.0,1.0,22.0,35069.0,105.0,1.0,1.0,7749.0,79.0,40500.0,0.0,0.0,1.0,2.0,5809.0,15984.0,59.0,0.0,0.0,99.0,114.0,10.0,10.0,0.0,10.0,10.0,0.0,4.0,4.0,4.0,5.0,5.0,5.0,8.0,4.0,10.0,0.0,0.0,0.0,1.0,100.0,0.0,1.0,0.0,73825.0,58085.0,39000.0,33325.0,0,0
28367,15650.0,0.2565,627.64,3,40000.0,0,0,n,28.98,0.0,0.0,13.0,0.0,8072.0,19.0,0,12774.73,12774.73,5604.16,5604.16,2875.27,2728.89,0.0,0.0,0.0,0.0,0.0,1.0,1,0.0,0.0,19609.0,3.0,2.0,1.0,2.0,7.0,11537.0,72.0,5.0,8.0,1830.0,60.0,16600.0,1.0,0.0,1.0,10.0,1508.0,846.0,84.6,0.0,0.0,63.0,145.0,0.0,0.0,0.0,4.0,7.0,0.0,3.0,8.0,3.0,4.0,6.0,11.0,13.0,8.0,13.0,0.0,0.0,0.0,6.0,100.0,100.0,0.0,0.0,32675.0,19609.0,5500.0,16075.0,0,0
28414,8000.0,0.1102,261.99,1,75000.0,1,0,n,15.54,0.0,0.0,4.0,0.0,1170.0,6.0,0,7801.67,7801.67,776.17,776.17,198.33,577.84,0.0,0.0,0.0,0.0,0.0,1.0,1,0.0,0.0,38721.0,0.0,2.0,0.0,1.0,13.0,36911.0,23.0,0.0,0.0,1170.0,45.0,1200.0,2.0,0.0,0.0,1.0,9680.0,30.0,97.5,0.0,0.0,53.0,151.0,53.0,13.0,0.0,53.0,13.0,0.0,1.0,1.0,1.0,1.0,3.0,1.0,2.0,1.0,4.0,0.0,0.0,0.0,0.0,100.0,100.0,0.0,0.0,48669.0,38721.0,1200.0,46829.0,0,0
28420,32000.0,0.2055,857.63,1,90000.0,0,0,n,7.97,0.0,0.0,4.0,0.0,7645.0,6.0,0,0.0,0.0,784.56,784.56,309.63,474.93,0.0,0.0,0.0,0.0,0.0,1.0,1,0.0,0.0,27097.0,0.0,1.0,0.0,1.0,21.0,19452.0,79.0,0.0,0.0,6118.0,83.0,7900.0,1.0,0.0,3.0,1.0,6774.0,255.0,96.8,0.0,0.0,21.0,78.0,28.0,21.0,0.0,66.0,7.0,0.0,3.0,3.0,3.0,4.0,1.0,3.0,5.0,3.0,4.0,0.0,0.0,0.0,0.0,100.0,100.0,0.0,0.0,32545.0,27097.0,7900.0,24645.0,0,0
28583,31900.0,0.17739999999999995,805.55,2,104000.0,1,0,n,11.22,0.0,1.0,13.0,0.0,10078.0,37.0,0,29820.7,29820.7,4770.42,4770.42,2079.3,2691.12,0.0,0.0,0.0,805.55,0.0,1.0,1,0.0,0.0,373118.0,2.0,2.0,3.0,5.0,7.0,49854.0,68.0,1.0,3.0,2693.0,51.0,23500.0,2.0,3.0,6.0,10.0,28701.0,3961.0,49.9,0.0,0.0,99.0,75.0,3.0,3.0,4.0,25.0,0.0,1.0,2.0,6.0,3.0,4.0,22.0,8.0,11.0,6.0,13.0,0.0,0.0,0.0,6.0,94.6,0.0,0.0,0.0,423422.0,59932.0,7900.0,55970.0,0,0
28586,15000.0,0.14300000000000002,351.37,2,115000.0,1,0,n,12.62,2.0,0.0,5.0,0.0,648.0,20.0,0,0.0,0.0,2309.15,2309.15,257.13,423.04,0.0,1628.98,293.2164,704.0,0.0,1.0,1,0.0,0.0,57823.0,0.0,4.0,2.0,2.0,9.0,57175.0,73.0,0.0,0.0,648.0,69.0,4400.0,2.0,2.0,4.0,3.0,11565.0,3752.0,14.7,0.0,0.0,184.0,197.0,96.0,9.0,7.0,96.0,2.0,0.0,1.0,1.0,1.0,5.0,8.0,1.0,5.0,1.0,5.0,0.0,0.0,0.0,2.0,90.0,0.0,0.0,0.0,94751.0,57823.0,4400.0,90351.0,0,0
28621,5300.0,0.1524,184.35,2,40000.0,0,0,n,14.07,1.0,1.0,6.0,0.0,2521.0,13.0,0,4500.04,4500.04,1465.83,1465.83,799.96,665.87,0.0,0.0,0.0,184.35,0.0,1.0,1,0.0,0.0,79819.0,2.0,2.0,0.0,1.0,22.0,16293.0,73.0,1.0,1.0,791.0,71.0,4300.0,3.0,1.0,3.0,3.0,13303.0,268.0,79.4,0.0,0.0,75.0,43.0,4.0,4.0,4.0,4.0,4.0,1.0,2.0,3.0,2.0,2.0,5.0,3.0,4.0,3.0,6.0,0.0,0.0,1.0,2.0,92.3,100.0,0.0,0.0,88243.0,18814.0,1300.0,22243.0,0,0
28644,25000.0,0.2565,1002.62,1,97108.0,1,0,n,30.96,1.0,1.0,24.0,0.0,43146.0,57.0,0,24531.75,24531.75,2982.73,2982.73,468.25,2514.48,0.0,0.0,0.0,0.0,0.0,1.0,1,0.0,0.0,93041.0,3.0,5.0,1.0,6.0,12.0,49895.0,75.0,3.0,5.0,16783.0,46.0,139600.0,5.0,16.0,7.0,11.0,4045.0,16970.0,56.7,0.0,0.0,181.0,156.0,4.0,4.0,0.0,4.0,4.0,3.0,5.0,9.0,10.0,15.0,26.0,19.0,31.0,9.0,24.0,0.0,0.0,0.0,4.0,86.3,20.0,0.0,0.0,206208.0,93041.0,39200.0,66608.0,0,0
28651,21000.0,0.08810000000000001,665.94,1,80000.0,0,0,n,14.78,0.0,3.0,12.0,0.0,7004.0,24.0,0,0.0,0.0,645.38,645.38,511.76,133.62,0.0,0.0,0.0,0.0,0.0,1.0,1,0.0,0.0,36976.0,4.0,5.0,1.0,2.0,6.0,29972.0,61.0,3.0,3.0,1983.0,57.0,15400.0,1.0,0.0,3.0,5.0,3081.0,6302.0,37.6,0.0,0.0,186.0,201.0,4.0,4.0,0.0,4.0,4.0,0.0,2.0,3.0,6.0,14.0,8.0,7.0,16.0,3.0,12.0,0.0,0.0,0.0,4.0,100.0,16.7,0.0,0.0,64442.0,36976.0,10100.0,49042.0,0,0
28652,24000.0,0.1862,617.57,1,140000.0,0,0,n,29.92,3.0,2.0,18.0,0.0,6409.0,22.0,0,22470.72,22470.72,4970.7,4970.7,1529.28,3441.42,0.0,0.0,0.0,617.57,0.0,1.0,0,0.0,0.0,91911.0,3.0,4.0,2.0,2.0,4.0,58812.0,57.0,1.0,2.0,4315.0,48.0,32200.0,0.0,0.0,3.0,4.0,5106.0,10575.0,31.8,0.0,0.0,175.0,185.0,2.0,2.0,0.0,2.0,2.0,0.0,5.0,6.0,7.0,7.0,7.0,12.0,13.0,7.0,18.0,0.0,0.0,0.0,3.0,86.4,28.6,0.0,0.0,172174.0,91911.0,15500.0,102395.0,1,0
28778,12750.0,0.2305,493.89,1,58000.0,1,0,n,13.16,0.0,1.0,8.0,0.0,9710.0,10.0,0,0.0,0.0,1942.91,1942.91,361.95,1580.96,0.0,0.0,0.0,1481.67,0.0,1.0,1,0.0,0.0,296942.0,0.0,1.0,0.0,0.0,32.0,6215.0,38.0,0.0,1.0,6733.0,53.0,13600.0,0.0,0.0,2.0,2.0,37118.0,590.0,94.3,0.0,0.0,36.0,48.0,23.0,11.0,1.0,23.0,5.0,0.0,3.0,3.0,3.0,3.0,2.0,6.0,7.0,3.0,8.0,0.0,0.0,0.0,1.0,100.0,100.0,0.0,0.0,314753.0,15925.0,10300.0,16406.0,0,0
28823,3500.0,0.2055,131.06,3,37000.0,0,0,n,13.07,0.0,2.0,5.0,0.0,4780.0,9.0,0,0.0,0.0,871.25,871.25,530.66,340.59,0.0,0.0,0.0,-1020.8,0.0,1.0,1,0.0,0.0,30065.0,2.0,3.0,2.0,2.0,4.0,25285.0,97.0,0.0,0.0,2443.0,93.0,6100.0,1.0,1.0,2.0,2.0,6013.0,1320.0,78.4,0.0,0.0,99.0,62.0,43.0,4.0,0.0,62.0,4.0,0.0,2.0,2.0,2.0,2.0,6.0,2.0,3.0,2.0,5.0,0.0,0.0,0.0,2.0,88.9,50.0,0.0,0.0,32299.0,30065.0,6100.0,26199.0,0,0
28854,16000.0,0.2565,475.74,1,120000.0,0,0,n,20.97,0.0,1.0,16.0,1.0,11402.0,59.0,0,15866.26,15866.26,1776.4,1776.4,133.74,1642.66,0.0,0.0,0.0,500.0,0.0,1.0,1,0.0,0.0,205565.0,3.0,9.0,7.0,10.0,1.0,194163.0,97.0,1.0,2.0,3415.0,86.0,23500.0,6.0,5.0,8.0,12.0,12848.0,7629.0,43.5,0.0,0.0,180.0,196.0,12.0,1.0,0.0,30.0,4.0,1.0,4.0,5.0,5.0,10.0,43.0,7.0,15.0,5.0,16.0,0.0,0.0,0.0,8.0,98.1,20.0,1.0,0.0,204053.0,205565.0,13500.0,180553.0,0,0
28908,10200.0,0.2055,381.94,2,98000.0,1,0,n,20.45,0.0,1.0,11.0,0.0,7096.0,34.0,0,0.0,0.0,1047.57,1047.57,143.22,904.35,0.0,0.0,0.0,172.23,0.0,1.0,0,0.0,0.0,287885.0,2.0,4.0,2.0,5.0,4.0,45961.0,89.0,1.0,6.0,3195.0,80.0,14500.0,6.0,0.0,4.0,13.0,26171.0,4901.0,52.4,0.0,0.0,105.0,65.0,10.0,2.0,2.0,10.0,3.0,2.0,4.0,6.0,4.0,6.0,24.0,6.0,8.0,6.0,11.0,0.0,0.0,0.0,4.0,90.9,25.0,0.0,0.0,301445.0,53057.0,10300.0,51785.0,0,0
28928,14000.0,0.2565,561.47,1,73000.0,1,0,n,19.23,0.0,2.0,16.0,0.0,14711.0,28.0,0,0.0,0.0,1938.16,1938.16,262.22,1675.94,0.0,0.0,0.0,0.0,0.0,1.0,1,0.0,0.0,28388.0,3.0,2.0,2.0,3.0,3.0,13677.0,85.0,2.0,3.0,4486.0,54.0,36100.0,1.0,0.0,3.0,6.0,1893.0,12771.0,52.0,0.0,0.0,166.0,258.0,6.0,3.0,0.0,6.0,5.0,1.0,5.0,8.0,6.0,9.0,9.0,13.0,18.0,8.0,16.0,0.0,0.0,0.0,4.0,89.3,50.0,0.0,0.0,52255.0,28388.0,26600.0,16155.0,0,0
28970,24000.0,0.2305,677.27,1,68000.0,1,0,n,25.04,0.0,2.0,10.0,0.0,25937.0,19.0,1,0.0,0.0,2001.08,1999.0,661.35,1339.73,0.0,0.0,0.0,677.27,0.0,1.0,1,0.0,0.0,47843.0,0.0,2.0,0.0,1.0,24.0,21906.0,61.0,0.0,2.0,11632.0,60.0,43500.0,2.0,8.0,5.0,3.0,4784.0,15778.0,53.2,0.0,0.0,99.0,221.0,22.0,22.0,2.0,22.0,1.0,0.0,3.0,5.0,4.0,5.0,7.0,8.0,10.0,5.0,10.0,0.0,0.0,0.0,0.0,100.0,25.0,0.0,0.0,79244.0,47843.0,33700.0,35744.0,0,0
28974,10625.0,0.17739999999999995,382.74,1,62416.0,0,0,n,37.74,0.0,0.0,8.0,1.0,4712.0,15.0,0,0.0,0.0,1127.28,1127.28,687.06,440.22,0.0,0.0,0.0,0.0,0.0,1.0,1,0.0,0.0,201170.0,0.0,3.0,2.0,2.0,10.0,196458.0,77.0,0.0,0.0,1495.0,50.0,20000.0,1.0,0.0,2.0,2.0,25146.0,15288.0,23.6,0.0,0.0,219.0,101.0,51.0,10.0,0.0,51.0,10.0,0.0,5.0,5.0,5.0,6.0,5.0,5.0,10.0,5.0,8.0,0.0,0.0,0.0,2.0,100.0,0.0,1.0,0.0,96480.0,201170.0,20000.0,76480.0,0,0
29030,16800.0,0.16949999999999998,598.55,1,31000.0,0,0,n,26.56,0.0,0.0,16.0,0.0,14359.0,17.0,0,15139.24,15139.24,3559.66,3559.66,1660.76,1898.9,0.0,0.0,0.0,598.55,0.0,1.0,1,0.0,0.0,18206.0,1.0,1.0,0.0,1.0,17.0,3847.0,61.0,2.0,4.0,3801.0,42.0,36800.0,1.0,0.0,1.0,5.0,1138.0,15786.0,43.4,0.0,0.0,17.0,45.0,2.0,2.0,0.0,10.0,10.0,0.0,9.0,13.0,9.0,9.0,1.0,15.0,16.0,13.0,16.0,0.0,0.0,0.0,2.0,100.0,11.1,0.0,0.0,43100.0,18206.0,27900.0,6300.0,0,0
29051,40000.0,0.28800000000000003,1264.81,2,23000.0,0,0,n,56.68,1.0,0.0,5.0,0.0,5.0,35.0,0,0.0,0.0,3666.43,3666.43,936.55,2729.88,0.0,0.0,0.0,0.0,0.0,1.0,0,0.0,0.0,49432.0,0.0,3.0,2.0,4.0,7.0,32907.0,87.0,0.0,1.0,5.0,86.0,500.0,2.0,0.0,1.0,5.0,9886.0,495.0,1.0,0.0,0.0,174.0,110.0,19.0,7.0,3.0,19.0,7.0,5.0,1.0,1.0,1.0,3.0,28.0,1.0,4.0,1.0,5.0,0.0,0.0,1.0,2.0,85.7,0.0,0.0,0.0,74959.0,32912.0,500.0,37996.0,0,0
29054,10625.0,0.2055,284.76,1,54000.0,1,0,n,13.71,0.0,1.0,22.0,0.0,22812.0,32.0,1,0.0,0.0,1696.43,1696.43,643.86,1052.57,0.0,0.0,0.0,0.0,0.0,1.0,1,0.0,0.0,25241.0,3.0,0.0,0.0,1.0,18.0,2429.0,61.0,4.0,10.0,7495.0,25.0,95200.0,1.0,0.0,1.0,11.0,1147.0,51062.0,29.7,0.0,0.0,151.0,72.0,1.0,1.0,0.0,4.0,0.0,0.0,7.0,11.0,13.0,15.0,5.0,21.0,27.0,11.0,22.0,0.0,0.0,0.0,4.0,100.0,15.4,0.0,0.0,99200.0,25241.0,72600.0,4000.0,0,0
29072,5500.0,0.08810000000000001,174.42,1,36000.0,0,0,n,12.29,0.0,1.0,8.0,0.0,4125.0,17.0,0,0.0,0.0,1041.14,1041.14,817.76,223.38,0.0,0.0,0.0,0.0,0.0,1.0,1,0.0,0.0,13047.0,3.0,1.0,2.0,2.0,4.0,8922.0,96.0,3.0,5.0,247.0,52.0,15800.0,0.0,4.0,1.0,7.0,1631.0,5094.0,7.4,0.0,0.0,116.0,120.0,1.0,1.0,0.0,1.0,5.0,2.0,2.0,6.0,2.0,4.0,5.0,7.0,12.0,6.0,8.0,0.0,0.0,0.0,5.0,87.5,0.0,0.0,0.0,25116.0,13047.0,5500.0,9316.0,0,0
29075,35000.0,0.1171,1157.66,3,155000.0,0,0,n,10.1,1.0,2.0,21.0,0.0,39114.0,34.0,1,34183.88,34183.88,2959.71,2959.71,816.12,2143.59,0.0,0.0,0.0,0.0,0.0,1.0,1,0.0,0.0,61590.0,1.0,6.0,0.0,0.0,26.0,22476.0,88.0,1.0,1.0,5932.0,47.0,105900.0,1.0,1.0,4.0,1.0,3080.0,60870.0,32.5,0.0,0.0,124.0,291.0,6.0,6.0,0.0,6.0,2.0,0.0,11.0,12.0,13.0,17.0,10.0,15.0,23.0,12.0,21.0,0.0,0.0,0.0,1.0,97.0,66.7,0.0,0.0,131400.0,61590.0,90200.0,25500.0,0,0
29091,20000.0,0.2305,564.39,2,95000.0,0,0,n,19.09,0.0,1.0,15.0,0.0,23298.0,24.0,0,18705.62,18705.62,5211.08,5211.08,1294.38,3916.7,0.0,0.0,0.0,564.38,0.0,1.0,1,0.0,0.0,376842.0,0.0,5.0,1.0,1.0,10.0,26813.0,64.0,1.0,2.0,8881.0,73.0,27000.0,1.0,0.0,3.0,3.0,25123.0,202.0,99.1,0.0,0.0,221.0,72.0,9.0,9.0,2.0,9.0,2.0,0.0,8.0,8.0,8.0,10.0,11.0,9.0,11.0,8.0,15.0,0.0,0.0,0.0,2.0,100.0,100.0,0.0,0.0,410835.0,50111.0,23500.0,42139.0,0,0
29107,15000.0,0.1524,521.75,2,89000.0,0,0,n,13.13,0.0,1.0,13.0,0.0,6026.0,23.0,0,0.0,0.0,1030.8,1030.8,331.25,699.55,0.0,0.0,0.0,0.0,0.0,1.0,1,0.0,845.0,258229.0,2.0,2.0,1.0,2.0,2.0,16979.0,85.0,1.0,3.0,2286.0,54.0,22400.0,2.0,0.0,1.0,5.0,19864.0,12881.0,25.5,0.0,0.0,93.0,113.0,2.0,2.0,2.0,2.0,2.0,1.0,4.0,6.0,6.0,9.0,3.0,10.0,18.0,6.0,13.0,0.0,0.0,0.0,2.0,77.3,0.0,0.0,0.0,297690.0,23005.0,17300.0,20000.0,0,0
29154,10000.0,0.0819,314.25,1,82500.0,1,0,n,6.01,0.0,0.0,6.0,0.0,96.0,25.0,0,0.0,0.0,1653.5,1653.5,493.68,130.27,0.0,1029.55,185.319,0.0,0.0,1.0,1,0.0,0.0,23249.0,2.0,1.0,1.0,1.0,5.0,23153.0,96.0,1.0,2.0,0.0,50.0,22600.0,0.0,0.0,0.0,3.0,3875.0,21600.0,0.0,0.0,0.0,141.0,141.0,3.0,3.0,2.0,21.0,19.0,0.0,0.0,1.0,4.0,6.0,11.0,5.0,12.0,1.0,6.0,0.0,0.0,0.0,2.0,84.0,0.0,0.0,0.0,46809.0,23249.0,21600.0,24209.0,0,0
29163,3200.0,0.2565,128.34,1,60000.0,0,0,n,19.14,0.0,0.0,12.0,0.0,11828.0,14.0,1,0.0,0.0,252.12,252.12,121.16,130.96,0.0,0.0,0.0,128.34,0.0,1.0,1,0.0,0.0,35282.0,0.0,3.0,0.0,1.0,20.0,23454.0,81.0,0.0,1.0,5003.0,83.0,13800.0,0.0,0.0,0.0,2.0,2940.0,0.0,100.2,0.0,0.0,175.0,70.0,19.0,19.0,0.0,19.0,19.0,0.0,5.0,9.0,5.0,5.0,5.0,9.0,9.0,9.0,12.0,0.0,0.0,0.0,0.0,100.0,100.0,0.0,0.0,42720.0,35282.0,9700.0,28920.0,0,0
29177,17500.0,0.17739999999999995,630.39,2,72000.0,0,0,n,30.72,1.0,0.0,20.0,0.0,10446.0,30.0,1,13584.97,13584.97,6286.65,6286.65,3915.03,2371.62,0.0,0.0,0.0,630.39,0.0,1.0,1,0.0,0.0,180732.0,1.0,4.0,1.0,4.0,6.0,49243.0,79.0,0.0,8.0,2959.0,73.0,19800.0,3.0,1.0,0.0,12.0,9037.0,6608.0,55.0,0.0,0.0,86.0,211.0,15.0,6.0,4.0,15.0,15.0,0.0,8.0,11.0,8.0,11.0,7.0,15.0,19.0,11.0,20.0,0.0,0.0,0.0,1.0,83.3,37.5,0.0,0.0,219989.0,59689.0,14700.0,62277.0,0,0
29210,9300.0,0.2305,262.44,2,49000.0,1,0,n,35.88,0.0,1.0,11.0,0.0,8848.0,15.0,0,8038.24,8038.24,2732.68,2732.68,1261.76,1470.92,0.0,0.0,0.0,262.44,0.0,1.0,1,0.0,4543.0,140918.0,2.0,6.0,5.0,5.0,5.0,56180.0,75.0,1.0,1.0,495.0,74.0,12400.0,0.0,2.0,1.0,6.0,12811.0,536.0,64.3,0.0,0.0,101.0,46.0,5.0,5.0,1.0,5.0,5.0,0.0,2.0,4.0,2.0,2.0,8.0,4.0,6.0,4.0,11.0,0.0,0.0,0.0,6.0,100.0,0.0,0.0,0.0,167576.0,65028.0,1500.0,75276.0,0,0
29230,28000.0,0.1862,720.5,1,55000.0,1,0,n,8.66,0.0,1.0,5.0,0.0,17275.0,6.0,0,26524.75,26524.75,4406.14,4406.14,1475.25,2930.89,0.0,0.0,0.0,720.5,0.0,1.0,1,0.0,0.0,21754.0,0.0,1.0,0.0,0.0,32.0,4479.0,89.0,1.0,1.0,6394.0,65.0,28200.0,1.0,0.0,1.0,1.0,4351.0,10925.0,61.3,0.0,0.0,32.0,62.0,8.0,8.0,0.0,8.0,4.0,0.0,4.0,4.0,4.0,5.0,1.0,4.0,5.0,4.0,5.0,0.0,0.0,0.0,1.0,100.0,50.0,0.0,0.0,33256.0,21754.0,28200.0,5056.0,0,0
29249,9600.0,0.1524,333.92,1,20000.0,0,0,n,30.79,0.0,0.0,9.0,0.0,4421.0,12.0,0,8227.88,8227.88,2496.27,2496.27,1372.12,1124.15,0.0,0.0,0.0,166.96,0.0,1.0,0,0.0,0.0,10459.0,0.0,2.0,1.0,2.0,11.0,6038.0,75.0,0.0,0.0,1660.0,51.0,12700.0,0.0,0.0,0.0,2.0,1162.0,2852.0,46.2,0.0,0.0,14.0,166.0,50.0,11.0,0.0,50.0,14.0,0.0,2.0,6.0,3.0,4.0,2.0,7.0,10.0,6.0,9.0,0.0,0.0,0.0,1.0,100.0,33.3,0.0,0.0,20725.0,10459.0,5300.0,8025.0,1,0
29255,20000.0,0.2055,536.02,2,64000.0,0,0,n,18.08,0.0,2.0,11.0,0.0,6511.0,25.0,0,18134.12,18134.12,4778.51,4778.51,1865.88,2912.63,0.0,0.0,0.0,0.0,0.0,1.0,1,0.0,1747.0,242204.0,5.0,2.0,1.0,4.0,2.0,9143.0,59.0,3.0,4.0,2957.0,49.0,16600.0,1.0,0.0,3.0,10.0,22019.0,6556.0,33.1,0.0,0.0,151.0,116.0,1.0,1.0,2.0,1.0,3.0,1.0,2.0,5.0,4.0,4.0,14.0,8.0,9.0,5.0,11.0,0.0,0.0,0.0,6.0,96.0,0.0,0.0,0.0,260239.0,15654.0,9800.0,15639.0,0,0
29313,12000.0,0.14300000000000002,281.09,2,84000.0,1,0,n,11.94,0.0,0.0,12.0,1.0,11680.0,15.0,0,0.0,0.0,2791.83,2791.83,1457.35,1334.48,0.0,0.0,0.0,281.09,0.0,1.0,1,0.0,0.0,22804.0,0.0,2.0,1.0,2.0,11.0,11124.0,70.0,1.0,4.0,3737.0,63.0,20200.0,2.0,0.0,2.0,6.0,1900.0,3829.0,67.3,0.0,0.0,17.0,71.0,9.0,9.0,0.0,9.0,11.0,0.0,5.0,9.0,5.0,5.0,2.0,10.0,13.0,9.0,12.0,0.0,0.0,0.0,2.0,100.0,20.0,1.0,0.0,36046.0,22804.0,11700.0,15846.0,0,0
29490,20225.0,0.1308,461.01,3,90000.0,1,0,n,20.44,0.0,0.0,13.0,0.0,13280.0,24.0,0,18741.75,18741.75,2751.36,2751.36,1483.25,1268.11,0.0,0.0,0.0,461.01,0.0,1.0,1,0.0,0.0,323265.0,1.0,3.0,0.0,4.0,13.0,40080.0,70.0,2.0,3.0,4697.0,47.0,55400.0,1.0,3.0,1.0,7.0,24867.0,26555.0,29.7,0.0,0.0,176.0,147.0,5.0,5.0,2.0,5.0,11.0,0.0,4.0,5.0,4.0,5.0,10.0,9.0,12.0,5.0,13.0,0.0,0.0,0.0,2.0,91.7,25.0,0.0,0.0,476801.0,53360.0,37800.0,57519.0,0,0
29533,35000.0,0.2055,1310.56,2,350000.0,1,0,n,14.36,1.0,3.0,9.0,0.0,12687.0,21.0,0,32624.51,32624.51,7823.4,7823.4,2375.49,5447.91,0.0,0.0,0.0,1310.56,0.0,1.0,0,0.0,0.0,101724.0,1.0,4.0,4.0,4.0,1.0,89037.0,91.0,2.0,2.0,0.0,53.0,56000.0,4.0,2.0,11.0,6.0,12716.0,35000.0,0.0,0.0,0.0,98.0,148.0,12.0,1.0,0.0,12.0,0.0,0.0,0.0,1.0,4.0,8.0,8.0,5.0,13.0,1.0,9.0,0.0,0.0,0.0,6.0,94.1,0.0,0.0,0.0,169309.0,101724.0,35000.0,113309.0,0,0
29597,10000.0,0.17739999999999995,360.23,2,150000.0,1,0,n,17.86,2.0,1.0,5.0,0.0,7516.0,25.0,0,0.0,0.0,6017.6,6017.6,427.93,282.67,0.0,5307.0,955.26,0.0,0.0,1.0,1,0.0,0.0,35804.0,1.0,2.0,1.0,2.0,4.0,28288.0,59.0,1.0,1.0,4149.0,61.0,10000.0,2.0,9.0,2.0,3.0,7161.0,851.0,83.0,0.0,0.0,141.0,265.0,11.0,4.0,2.0,82.0,4.0,0.0,1.0,3.0,1.0,7.0,8.0,3.0,15.0,3.0,5.0,0.0,0.0,0.0,2.0,92.0,100.0,0.0,0.0,58345.0,35804.0,5000.0,48345.0,0,0
29613,5600.0,0.1033,181.57,1,129600.0,1,0,n,16.12,0.0,1.0,5.0,0.0,3767.0,7.0,0,0.0,0.0,178.36,178.36,133.36,45.0,0.0,0.0,0.0,0.0,0.0,1.0,1,0.0,0.0,36122.0,1.0,2.0,1.0,1.0,5.0,32355.0,91.0,0.0,2.0,197.0,65.0,13600.0,1.0,0.0,2.0,3.0,7224.0,1303.0,13.1,0.0,0.0,205.0,98.0,24.0,5.0,0.0,40.0,5.0,0.0,1.0,3.0,1.0,2.0,3.0,3.0,4.0,3.0,5.0,0.0,0.0,0.0,1.0,100.0,0.0,0.0,0.0,77792.0,36122.0,1500.0,64192.0,0,0
29634,3500.0,0.2565,140.37,1,60000.0,0,0,n,15.12,2.0,2.0,3.0,0.0,468.0,17.0,0,3248.92,3248.92,837.23,837.23,251.08,586.15,0.0,0.0,0.0,140.37,0.0,1.0,1,0.0,0.0,39796.0,2.0,2.0,1.0,1.0,2.0,39328.0,79.0,1.0,1.0,468.0,77.0,2000.0,1.0,2.0,3.0,2.0,13265.0,1532.0,23.4,0.0,0.0,203.0,223.0,1.0,1.0,1.0,1.0,1.0,2.0,1.0,1.0,1.0,6.0,7.0,1.0,9.0,1.0,3.0,0.0,0.0,2.0,2.0,88.2,0.0,0.0,0.0,51871.0,39796.0,2000.0,49871.0,0,0
29648,8400.0,0.0756,261.53,1,25000.0,1,0,n,29.14,0.0,3.0,13.0,0.0,4445.0,13.0,0,0.0,0.0,258.0,258.0,201.55,56.45,0.0,0.0,0.0,0.0,0.0,1.0,1,0.0,0.0,12962.0,5.0,2.0,2.0,2.0,5.0,8517.0,87.0,3.0,10.0,1290.0,20.0,53600.0,1.0,0.0,3.0,12.0,997.0,49155.0,8.3,0.0,0.0,6.0,211.0,3.0,3.0,0.0,3.0,4.0,0.0,8.0,8.0,11.0,11.0,2.0,11.0,11.0,8.0,13.0,0.0,0.0,0.0,5.0,100.0,0.0,0.0,0.0,63400.0,12962.0,53600.0,9800.0,0,0
29670,14875.0,0.124,333.91,2,60000.0,1,0,n,31.92,0.0,0.0,10.0,0.0,12175.0,16.0,0,13012.29,13012.29,3328.85,3328.85,1862.71,1466.14,0.0,0.0,0.0,333.91,0.0,1.0,1,0.0,0.0,261512.0,0.0,4.0,0.0,3.0,14.0,79357.0,86.0,0.0,1.0,4921.0,68.0,22700.0,2.0,0.0,0.0,5.0,26151.0,7414.0,54.2,0.0,0.0,85.0,187.0,24.0,14.0,1.0,24.0,14.0,0.0,2.0,3.0,4.0,4.0,7.0,5.0,8.0,3.0,10.0,0.0,0.0,0.0,0.0,100.0,25.0,0.0,0.0,288184.0,91532.0,16200.0,92509.0,0,0
29693,20000.0,0.1524,695.66,2,88000.0,0,0,n,16.12,0.0,0.0,13.0,0.0,20155.0,23.0,0,15387.85,15387.85,6939.67,6939.67,4612.15,2327.52,0.0,0.0,0.0,695.66,0.0,1.0,1,0.0,114.0,65912.0,0.0,2.0,3.0,3.0,8.0,45757.0,45.0,3.0,7.0,8250.0,40.0,50600.0,4.0,0.0,11.0,11.0,5493.0,12288.0,59.8,0.0,0.0,99.0,149.0,7.0,7.0,3.0,7.0,2.0,1.0,6.0,7.0,7.0,7.0,9.0,11.0,11.0,7.0,13.0,0.0,0.0,0.0,6.0,86.4,42.9,0.0,0.0,101998.0,65912.0,30600.0,51398.0,0,0
29732,25000.0,0.2305,968.4,1,100000.0,1,0,n,24.49,0.0,0.0,15.0,1.0,11860.0,23.0,0,22328.07,22328.07,7715.19,7715.19,2671.93,5043.26,0.0,0.0,0.0,968.4,0.0,1.0,1,0.0,0.0,170158.0,0.0,4.0,0.0,2.0,14.0,158065.0,91.0,1.0,3.0,2255.0,67.0,36400.0,1.0,0.0,1.0,6.0,11344.0,19743.0,32.2,0.0,0.0,149.0,97.0,8.0,8.0,0.0,20.0,8.0,0.0,6.0,9.0,7.0,8.0,10.0,10.0,12.0,9.0,15.0,0.0,0.0,0.0,1.0,95.7,0.0,1.0,0.0,166228.0,170158.0,29100.0,128630.0,0,0
29753,8000.0,0.1524,191.33,2,55000.0,0,0,n,13.14,0.0,1.0,8.0,0.0,7234.0,13.0,0,7082.79,7082.79,1907.89,1907.89,917.21,990.68,0.0,0.0,0.0,190.0,0.0,1.0,1,0.0,0.0,17195.0,1.0,1.0,1.0,1.0,8.0,9961.0,90.0,1.0,2.0,3419.0,69.0,13800.0,0.0,1.0,1.0,3.0,2456.0,1600.0,70.9,0.0,0.0,110.0,202.0,5.0,5.0,0.0,5.0,5.0,0.0,2.0,5.0,2.0,2.0,2.0,7.0,11.0,5.0,8.0,0.0,0.0,0.0,2.0,92.3,50.0,0.0,0.0,24893.0,17195.0,5500.0,11093.0,0,0
29755,18400.0,0.2055,493.14,2,95000.0,0,0,n,28.59,3.0,0.0,18.0,0.0,10181.0,35.0,0,0.0,0.0,993.14,993.14,0.0,0.0,0.0,993.14,178.7652,0.0,0.0,1.0,1,0.0,0.0,362174.0,0.0,12.0,0.0,2.0,16.0,60456.0,77.0,0.0,2.0,9323.0,72.0,20300.0,0.0,3.0,0.0,4.0,20121.0,10119.0,54.2,2.0,0.0,208.0,183.0,14.0,14.0,1.0,14.0,13.0,2.0,3.0,3.0,5.0,10.0,22.0,5.0,12.0,3.0,18.0,0.0,0.0,3.0,0.0,88.2,20.0,0.0,0.0,438925.0,70637.0,20300.0,113375.0,0,0
29769,5575.0,0.1171,184.4,1,65000.0,0,0,n,21.81,0.0,0.0,9.0,0.0,31284.0,22.0,0,0.0,0.0,180.77,180.77,130.0,50.77,0.0,0.0,0.0,0.0,0.0,1.0,1,0.0,0.0,45791.0,0.0,2.0,0.0,2.0,16.0,14507.0,73.0,2.0,4.0,13169.0,75.0,41500.0,1.0,2.0,0.0,6.0,5088.0,9377.0,76.3,0.0,0.0,142.0,154.0,8.0,8.0,0.0,8.0,16.0,0.0,6.0,7.0,6.0,14.0,7.0,7.0,15.0,7.0,9.0,0.0,0.0,0.0,2.0,95.5,66.7,0.0,0.0,61500.0,45791.0,39500.0,20000.0,0,0
29838,25000.0,0.08810000000000001,792.79,2,132000.0,1,0,n,17.86,0.0,1.0,14.0,0.0,25305.0,29.0,0,18777.62,18777.62,7915.66,7915.66,6222.38,1693.28,0.0,0.0,0.0,792.79,0.0,1.0,1,0.0,0.0,100509.0,1.0,3.0,1.0,1.0,7.0,34638.0,60.0,3.0,3.0,11332.0,57.0,46600.0,1.0,0.0,2.0,4.0,7179.0,12318.0,67.2,0.0,0.0,78.0,153.0,3.0,3.0,1.0,3.0,3.0,0.0,6.0,7.0,7.0,14.0,7.0,10.0,20.0,7.0,14.0,0.0,0.0,0.0,4.0,86.2,57.1,0.0,0.0,160950.0,59943.0,37600.0,57749.0,0,0
29839,16800.0,0.2305,650.77,1,46000.0,0,0,n,31.83,0.0,3.0,20.0,0.0,9273.0,25.0,0,15563.31,15563.31,3179.47,3179.47,1236.69,1942.78,0.0,0.0,0.0,298.95,0.0,1.0,1,0.0,0.0,46355.0,7.0,9.0,0.0,2.0,17.0,37082.0,79.0,10.0,10.0,6256.0,58.0,33300.0,1.0,0.0,4.0,12.0,2318.0,8932.0,47.8,0.0,0.0,117.0,57.0,0.0,0.0,0.0,5.0,3.0,3.0,3.0,5.0,6.0,8.0,12.0,11.0,13.0,5.0,20.0,0.0,0.0,0.0,10.0,88.0,16.7,0.0,0.0,80112.0,46355.0,17100.0,46812.0,0,0
29861,14475.0,0.1033,309.91,2,200000.0,1,0,n,21.88,0.0,2.0,11.0,0.0,4918.0,27.0,0,0.0,0.0,1541.24,1541.24,942.61,598.63,0.0,0.0,0.0,0.0,0.0,1.0,1,0.0,0.0,660090.0,2.0,6.0,1.0,6.0,2.0,212245.0,39.0,1.0,1.0,3268.0,28.0,44900.0,2.0,4.0,3.0,8.0,60008.0,33632.0,8.9,0.0,0.0,208.0,119.0,1.0,1.0,5.0,1.0,1.0,0.0,1.0,2.0,3.0,4.0,17.0,4.0,5.0,2.0,11.0,0.0,0.0,0.0,2.0,100.0,0.0,0.0,0.0,756160.0,217163.0,36900.0,258160.0,0,0
29870,15000.0,0.1612,365.73,1,50000.0,1,0,n,18.72,0.0,1.0,5.0,0.0,252.0,18.0,0,0.0,0.0,3063.7,3063.7,499.34,584.42,0.0,1979.94,356.3892,0.0,0.0,1.0,1,0.0,215.0,30043.0,2.0,3.0,2.0,4.0,1.0,29791.0,94.0,1.0,4.0,252.0,67.0,13000.0,3.0,0.0,5.0,8.0,6009.0,8748.0,2.8,0.0,0.0,44.0,68.0,1.0,1.0,0.0,23.0,1.0,0.0,1.0,1.0,1.0,5.0,6.0,2.0,12.0,1.0,5.0,0.0,0.0,0.0,3.0,94.4,0.0,0.0,0.0,44752.0,30043.0,9000.0,31752.0,0,0
29904,6375.0,0.1862,232.46,2,46000.0,1,0,n,32.46,0.0,5.0,24.0,0.0,19983.0,31.0,0,0.0,0.0,1620.63,1620.63,979.45,641.18,0.0,0.0,0.0,0.0,0.0,1.0,1,0.0,0.0,93380.0,4.0,4.0,4.0,4.0,6.0,27458.0,90.0,1.0,2.0,1380.0,33.0,115500.0,4.0,0.0,8.0,6.0,3891.0,84228.0,5.5,0.0,0.0,174.0,301.0,3.0,3.0,2.0,3.0,2.0,0.0,7.0,10.0,14.0,15.0,6.0,19.0,22.0,10.0,24.0,0.0,0.0,0.0,5.0,100.0,7.1,0.0,0.0,231994.0,47441.0,89100.0,30500.0,0,0
29975,8000.0,0.0702,247.09,2,80000.0,0,0,n,19.56,0.0,3.0,12.0,0.0,6431.0,35.0,0,6655.07,6655.07,1808.35,1808.35,1344.93,463.42,0.0,0.0,0.0,247.09,0.0,1.0,1,0.0,0.0,40240.0,4.0,2.0,2.0,2.0,4.0,33809.0,95.0,3.0,3.0,2253.0,23.0,51100.0,2.0,0.0,4.0,5.0,3353.0,13090.0,15.0,0.0,0.0,119.0,92.0,1.0,1.0,1.0,1.0,4.0,0.0,3.0,9.0,3.0,11.0,6.0,10.0,28.0,9.0,12.0,0.0,0.0,0.0,5.0,97.1,0.0,0.0,0.0,100657.0,40240.0,15400.0,49557.0,0,0
29985,24000.0,0.1524,573.99,1,100000.0,1,0,n,24.77,0.0,0.0,11.0,0.0,35315.0,18.0,0,22590.32,22590.32,3718.37,3718.37,1409.68,2308.69,0.0,0.0,0.0,0.0,0.0,1.0,1,0.0,0.0,61098.0,3.0,2.0,2.0,2.0,4.0,25783.0,82.0,2.0,5.0,7820.0,84.0,41000.0,0.0,1.0,1.0,7.0,5554.0,3733.0,73.3,0.0,0.0,189.0,127.0,4.0,4.0,0.0,4.0,11.0,0.0,4.0,8.0,5.0,7.0,6.0,9.0,12.0,8.0,11.0,0.0,0.0,0.0,4.0,100.0,40.0,0.0,0.0,72652.0,61098.0,14000.0,31652.0,0,0
30012,9000.0,0.17739999999999995,324.2,3,55000.0,1,0,n,26.64,0.0,1.0,21.0,0.0,12005.0,37.0,0,8808.85,8808.85,899.99,899.99,191.15,708.84,0.0,0.0,0.0,162.1,0.0,1.0,1,0.0,0.0,24455.0,2.0,2.0,1.0,2.0,12.0,12450.0,59.0,4.0,7.0,1374.0,65.0,16500.0,0.0,7.0,1.0,9.0,1165.0,2651.0,74.8,0.0,0.0,154.0,202.0,2.0,2.0,0.0,4.0,4.0,1.0,9.0,16.0,10.0,16.0,7.0,19.0,30.0,16.0,21.0,0.0,0.0,0.0,5.0,97.3,70.0,0.0,0.0,37761.0,24455.0,10500.0,21261.0,0,0
30031,14000.0,0.124,467.68,1,55000.0,0,0,n,20.36,0.0,0.0,8.0,0.0,15890.0,13.0,0,12976.31,12976.31,2142.84,2142.84,1023.69,1119.15,0.0,0.0,0.0,0.0,1.0,1.0,1,0.0,73.0,21151.0,0.0,1.0,0.0,0.0,25.0,5261.0,47.0,0.0,1.0,5322.0,71.0,18600.0,0.0,0.0,0.0,1.0,2644.0,2111.0,87.7,0.0,0.0,82.0,169.0,15.0,15.0,0.0,57.0,15.0,0.0,5.0,6.0,6.0,9.0,2.0,7.0,11.0,6.0,8.0,0.0,0.0,0.0,0.0,100.0,83.3,0.0,0.0,29800.0,21151.0,17100.0,11200.0,0,0
30047,6375.0,0.2305,246.95,1,63000.0,0,0,n,25.45,0.0,0.0,9.0,0.0,10259.0,12.0,0,5914.14,5914.14,1473.54,1473.54,460.86,1012.68,0.0,0.0,0.0,246.95,0.0,1.0,1,0.0,0.0,35836.0,0.0,2.0,1.0,1.0,11.0,25577.0,82.0,0.0,1.0,1211.0,78.0,13400.0,2.0,0.0,1.0,2.0,3982.0,1175.0,76.0,0.0,0.0,66.0,90.0,13.0,11.0,0.0,13.0,11.0,1.0,5.0,7.0,5.0,6.0,3.0,7.0,9.0,7.0,9.0,0.0,0.0,0.0,1.0,90.9,60.0,0.0,0.0,57546.0,35836.0,4900.0,44146.0,0,0
30056,19325.0,0.2565,775.02,1,115000.0,0,0,n,33.39,0.0,0.0,10.0,0.0,53105.0,22.0,0,0.0,0.0,822.48,822.48,361.95,385.53,0.0,75.0,13.5,0.0,0.0,1.0,1,0.0,0.0,104800.0,0.0,4.0,1.0,1.0,12.0,50996.0,63.0,0.0,0.0,19760.0,77.0,53500.0,1.0,0.0,2.0,2.0,10480.0,395.0,99.3,0.0,0.0,87.0,109.0,30.0,12.0,0.0,30.0,12.0,0.0,5.0,5.0,5.0,9.0,11.0,5.0,10.0,5.0,10.0,0.0,0.0,0.0,1.0,100.0,100.0,0.0,0.0,135610.0,104800.0,53500.0,80446.0,0,0
30065,5000.0,0.1524,173.92,3,90000.0,1,0,n,31.77,0.0,1.0,16.0,0.0,21718.0,57.0,0,0.0,0.0,617.04,617.04,110.42,59.27,0.0,447.35,80.523,0.0,0.0,1.0,1,0.0,0.0,274846.0,2.0,4.0,1.0,2.0,5.0,46458.0,58.0,1.0,4.0,9261.0,56.0,42700.0,2.0,9.0,5.0,8.0,17178.0,2639.0,78.9,0.0,0.0,119.0,309.0,4.0,4.0,5.0,20.0,1.0,0.0,2.0,6.0,3.0,17.0,12.0,10.0,40.0,6.0,16.0,0.0,0.0,0.0,2.0,100.0,33.3,0.0,0.0,339530.0,68176.0,12500.0,79639.0,0,0
30114,7225.0,0.124,241.36,1,106000.0,1,0,n,7.2,0.0,4.0,27.0,0.0,22356.0,38.0,0,0.0,0.0,0.0,0.0,0.0,0.0,0.0,0.0,0.0,0.0,0.0,1.0,1,0.0,0.0,28306.0,12.0,1.0,1.0,1.0,1.0,5950.0,100.0,11.0,15.0,4997.0,17.0,158100.0,1.0,8.0,4.0,16.0,1048.0,50909.0,28.2,0.0,0.0,73.0,53.0,3.0,1.0,0.0,3.0,3.0,0.0,10.0,14.0,14.0,17.0,5.0,25.0,32.0,14.0,27.0,0.0,0.0,0.0,12.0,100.0,28.6,0.0,0.0,164525.0,28306.0,70900.0,5950.0,0,0
30176,24000.0,0.0819,754.18,2,99322.0,0,0,n,21.97,0.0,1.0,10.0,0.0,8968.0,24.0,0,18072.8,18072.8,7232.52,7232.52,5927.2,1305.32,0.0,0.0,0.0,0.0,0.0,1.0,1,0.0,0.0,519193.0,3.0,3.0,4.0,6.0,3.0,29614.0,57.0,1.0,3.0,4574.0,49.0,27200.0,3.0,1.0,2.0,9.0,51919.0,12780.0,36.1,0.0,0.0,175.0,138.0,4.0,3.0,4.0,13.0,3.0,0.0,3.0,6.0,3.0,6.0,9.0,6.0,11.0,6.0,10.0,0.0,0.0,0.0,5.0,100.0,0.0,0.0,0.0,586402.0,38582.0,20000.0,51702.0,0,0
30195,11475.0,0.1862,295.28,1,33000.0,0,0,n,21.09,0.0,3.0,13.0,0.0,1539.0,34.0,0,10446.04,10446.04,2645.65,2645.65,1028.96,1616.69,0.0,0.0,0.0,295.28,0.0,1.0,1,0.0,663.0,12526.0,4.0,2.0,1.0,3.0,7.0,10987.0,80.0,5.0,9.0,1219.0,33.0,24200.0,5.0,0.0,6.0,12.0,964.0,14345.0,8.0,0.0,0.0,189.0,189.0,4.0,4.0,0.0,4.0,2.0,1.0,2.0,3.0,6.0,7.0,5.0,11.0,29.0,3.0,13.0,0.0,0.0,0.0,6.0,90.9,0.0,0.0,0.0,38026.0,12526.0,15600.0,13826.0,0,0
30304,3500.0,0.2055,131.06,1,54000.0,1,0,n,29.44,0.0,1.0,28.0,0.0,23210.0,39.0,0,0.0,0.0,258.12,258.12,143.46,114.66,0.0,0.0,0.0,0.0,0.0,1.0,1,0.0,0.0,44722.0,1.0,1.0,0.0,1.0,18.0,21512.0,85.0,4.0,10.0,2568.0,61.0,47800.0,5.0,1.0,3.0,11.0,1597.0,20436.0,46.8,0.0,0.0,119.0,266.0,2.0,2.0,0.0,2.0,6.0,2.0,15.0,21.0,18.0,23.0,4.0,27.0,35.0,21.0,28.0,0.0,0.0,0.0,4.0,86.8,38.9,0.0,0.0,73245.0,44722.0,38400.0,25445.0,0,0
30344,17000.0,0.1612,414.5,2,80000.0,0,0,n,22.95,0.0,1.0,15.0,0.0,17159.0,24.0,0,15845.02,15845.02,2679.03,2679.03,1154.98,1524.05,0.0,0.0,0.0,207.25,1.0,1.0,1,0.0,596.0,360426.0,4.0,4.0,2.0,2.0,5.0,50288.0,94.0,5.0,7.0,4967.0,56.0,67200.0,1.0,0.0,5.0,11.0,24028.0,37260.0,24.7,0.0,0.0,77.0,117.0,1.0,1.0,2.0,1.0,6.0,0.0,5.0,8.0,6.0,9.0,5.0,10.0,17.0,8.0,15.0,0.0,0.0,0.0,7.0,95.8,0.0,0.0,0.0,419175.0,67447.0,49500.0,53300.0,1,0
30346,18000.0,0.17739999999999995,454.54,2,120000.0,1,0,n,12.27,0.0,1.0,14.0,0.0,15533.0,15.0,0,16211.93,16211.93,4164.04,4164.04,1788.07,2375.97,0.0,0.0,0.0,0.0,0.0,1.0,1,0.0,0.0,146832.0,3.0,2.0,0.0,0.0,30.0,13548.0,40.0,2.0,3.0,9145.0,44.0,31900.0,1.0,3.0,2.0,4.0,10488.0,10867.0,58.8,0.0,0.0,71.0,68.0,6.0,6.0,1.0,6.0,6.0,0.0,7.0,7.0,9.0,9.0,3.0,11.0,11.0,7.0,14.0,0.0,0.0,0.0,3.0,100.0,44.4,0.0,0.0,186274.0,29081.0,26400.0,34112.0,0,0
30402,20000.0,0.2305,774.72,1,40000.0,1,0,n,24.46,0.0,1.0,11.0,0.0,16159.0,13.0,0,0.0,0.0,2299.11,2299.11,1209.26,1089.85,0.0,0.0,0.0,775.0,0.0,1.0,1,0.0,0.0,25307.0,0.0,1.0,0.0,0.0,34.0,9148.0,59.0,2.0,3.0,2484.0,72.0,19900.0,1.0,0.0,1.0,3.0,2301.0,2122.0,83.0,0.0,0.0,173.0,98.0,10.0,10.0,0.0,10.0,1.0,0.0,6.0,9.0,6.0,6.0,3.0,10.0,10.0,9.0,11.0,0.0,0.0,0.0,2.0,100.0,66.7,0.0,0.0,35351.0,25307.0,12500.0,15451.0,0,0
30469,18000.0,0.1862,463.18,1,60000.0,0,0,n,16.58,0.0,1.0,5.0,0.0,8447.0,45.0,0,0.0,0.0,444.56,444.56,62.85,381.71,0.0,0.0,0.0,0.0,0.0,1.0,1,0.0,0.0,32954.0,1.0,2.0,0.0,1.0,20.0,24507.0,71.0,1.0,2.0,6367.0,70.0,13000.0,4.0,0.0,1.0,3.0,6591.0,4553.0,65.0,0.0,0.0,269.0,34.0,6.0,6.0,0.0,6.0,6.0,10.0,2.0,2.0,3.0,3.0,31.0,3.0,3.0,2.0,5.0,0.0,0.0,0.0,1.0,77.8,33.3,0.0,0.0,47385.0,32954.0,13000.0,34385.0,0,0
30515,32000.0,0.2055,857.63,2,76488.0,0,0,n,20.63,0.0,1.0,16.0,0.0,41808.0,19.0,0,31690.37,31690.37,2499.82,2499.82,309.63,2190.19,0.0,0.0,0.0,0.0,0.0,1.0,1,0.0,0.0,52010.0,0.0,1.0,0.0,1.0,20.0,10202.0,79.0,3.0,9.0,1106.0,38.0,123000.0,0.0,8.0,1.0,10.0,3467.0,9207.0,21.3,0.0,0.0,20.0,206.0,7.0,7.0,0.0,7.0,4.0,1.0,6.0,12.0,7.0,9.0,1.0,15.0,18.0,12.0,16.0,0.0,0.0,0.0,3.0,100.0,0.0,0.0,0.0,136000.0,52010.0,11700.0,13000.0,0,0
30527,21275.0,0.1524,740.01,1,95000.0,1,0,n,26.44,0.0,1.0,7.0,0.0,2226.0,12.0,0,0.0,0.0,722.0,722.0,469.82,252.18,0.0,0.0,0.0,0.0,0.0,1.0,1,0.0,240.0,73278.0,1.0,4.0,3.0,3.0,2.0,71052.0,91.0,0.0,1.0,2226.0,79.0,9400.0,1.0,0.0,2.0,4.0,10468.0,7174.0,23.7,0.0,0.0,144.0,42.0,13.0,2.0,0.0,13.0,3.0,0.0,1.0,1.0,3.0,4.0,8.0,3.0,4.0,1.0,7.0,0.0,0.0,0.0,3.0,100.0,0.0,0.0,0.0,100255.0,73278.0,9400.0,90855.0,0,0
30606,13000.0,0.1102,282.79,3,65000.0,1,0,n,38.27,0.0,0.0,10.0,0.0,8940.0,15.0,0,0.0,0.0,1688.78,1688.78,1003.23,685.55,0.0,0.0,0.0,282.79,0.0,1.0,1,0.0,0.0,84971.0,1.0,2.0,0.0,1.0,20.0,76031.0,55.0,3.0,4.0,1757.0,57.0,14600.0,1.0,1.0,3.0,5.0,8497.0,1089.0,74.7,0.0,0.0,68.0,48.0,4.0,4.0,0.0,7.0,7.0,0.0,3.0,8.0,3.0,3.0,6.0,8.0,9.0,8.0,10.0,0.0,0.0,0.0,3.0,100.0,66.7,0.0,0.0,116886.0,84971.0,4300.0,102286.0,0,0
30622,17875.0,0.2565,716.87,2,175000.0,1,0,n,24.41,0.0,0.0,26.0,0.0,22876.0,40.0,0,14612.34,14612.34,6426.36,6426.36,3262.66,3163.7,0.0,0.0,0.0,0.0,0.0,1.0,1,0.0,500.0,1010430.0,3.0,4.0,3.0,5.0,6.0,59531.0,77.0,3.0,7.0,4093.0,60.0,60100.0,3.0,0.0,5.0,12.0,38863.0,23353.0,45.4,0.0,0.0,175.0,195.0,2.0,2.0,2.0,2.0,6.0,2.0,15.0,18.0,16.0,18.0,13.0,21.0,25.0,18.0,26.0,0.0,0.0,0.0,6.0,92.5,12.5,0.0,0.0,1096095.0,82407.0,42800.0,77495.0,0,0
30627,20000.0,0.2055,748.89,2,37332.0,1,0,n,41.6,0.0,3.0,15.0,1.0,7004.0,21.0,0,19821.22,19821.22,3585.57,3585.57,178.78,3406.79,0.0,0.0,0.0,374.45,0.0,1.0,0,0.0,0.0,47188.0,3.0,3.0,1.0,3.0,8.0,34111.0,79.0,4.0,5.0,1903.0,71.0,17100.0,0.0,2.0,3.0,8.0,3146.0,4113.0,54.3,0.0,0.0,80.0,141.0,2.0,2.0,0.0,2.0,2.0,0.0,4.0,8.0,4.0,4.0,8.0,11.0,12.0,8.0,15.0,0.0,0.0,0.0,5.0,100.0,50.0,1.0,0.0,66787.0,47188.0,9000.0,43474.0,1,0
30698,16000.0,0.124,359.16,1,84000.0,0,0,n,11.77,0.0,0.0,4.0,0.0,1449.0,17.0,0,15447.01,15447.01,2143.94,2143.94,552.99,1590.95,0.0,0.0,0.0,359.16,0.0,1.0,1,0.0,0.0,7662.0,0.0,1.0,3.0,3.0,9.0,6213.0,41.0,0.0,1.0,736.0,29.0,11900.0,2.0,0.0,2.0,4.0,1916.0,10451.0,12.2,0.0,0.0,112.0,102.0,16.0,9.0,0.0,16.0,9.0,0.0,3.0,3.0,3.0,7.0,7.0,3.0,8.0,3.0,3.0,0.0,0.0,0.0,3.0,100.0,0.0,0.0,0.0,26900.0,7662.0,11900.0,15000.0,0,0
30709,5500.0,0.1102,180.12,2,72000.0,0,0,n,13.58,0.0,1.0,9.0,0.0,15461.0,16.0,0,0.0,0.0,536.99,536.99,274.9,262.09,0.0,0.0,0.0,180.12,0.0,1.0,1,0.0,0.0,153641.0,2.0,1.0,2.0,2.0,9.0,20861.0,89.0,3.0,4.0,12358.0,41.0,65100.0,0.0,0.0,5.0,7.0,17071.0,44639.0,25.7,0.0,0.0,91.0,110.0,6.0,3.0,2.0,6.0,1.0,0.0,2.0,2.0,6.0,9.0,4.0,7.0,10.0,2.0,9.0,0.0,0.0,0.0,6.0,100.0,0.0,0.0,0.0,206600.0,36322.0,60100.0,23500.0,0,0
30726,14025.0,0.2305,543.27,2,50000.0,0,0,n,24.65,0.0,0.0,19.0,0.0,16457.0,28.0,0,12282.94,12282.94,4328.2,4328.2,1742.06,2586.14,0.0,0.0,0.0,543.27,0.0,1.0,1,0.0,0.0,172828.0,2.0,8.0,1.0,1.0,8.0,45493.0,114.0,4.0,7.0,4283.0,100.0,25500.0,1.0,1.0,1.0,8.0,9096.0,4285.0,75.5,0.0,0.0,172.0,244.0,2.0,2.0,1.0,2.0,7.0,2.0,6.0,9.0,6.0,8.0,12.0,10.0,15.0,9.0,19.0,0.0,0.0,0.0,5.0,81.5,66.7,0.0,0.0,209499.0,61950.0,17500.0,39999.0,0,0
30769,20000.0,0.1308,674.65,1,64000.0,1,0,n,25.31,0.0,2.0,15.0,0.0,5349.0,29.0,0,20000.0,20000.0,639.47,639.47,0.0,639.47,0.0,0.0,0.0,218.0,0.0,1.0,1,0.0,0.0,48138.0,1.0,5.0,1.0,7.0,8.0,42789.0,82.0,3.0,10.0,2448.0,61.0,27300.0,6.0,0.0,4.0,17.0,3209.0,20951.0,20.3,0.0,0.0,101.0,85.0,3.0,3.0,0.0,3.0,3.0,1.0,4.0,4.0,9.0,11.0,13.0,10.0,15.0,4.0,15.0,0.0,0.0,0.0,4.0,96.4,0.0,0.0,0.0,79493.0,48138.0,26300.0,52193.0,0,0
30823,21275.0,0.17739999999999995,766.38,1,95000.0,0,0,n,13.62,0.0,0.0,8.0,0.0,31226.0,12.0,0,0.0,0.0,4312.47,4312.47,910.41,601.38,0.0,2800.68,504.1224,0.0,0.0,1.0,1,0.0,0.0,46735.0,1.0,1.0,1.0,2.0,3.0,15509.0,98.0,0.0,0.0,9805.0,80.0,42900.0,1.0,2.0,0.0,2.0,5842.0,6172.0,81.2,0.0,0.0,70.0,83.0,27.0,3.0,0.0,27.0,19.0,0.0,6.0,7.0,6.0,6.0,4.0,7.0,8.0,7.0,8.0,0.0,0.0,0.0,1.0,100.0,83.3,0.0,0.0,58800.0,46735.0,32900.0,15900.0,0,0
30850,20000.0,0.2565,594.68,1,57000.0,1,0,n,34.38,0.0,1.0,14.0,1.0,17252.0,27.0,0,19718.82,19718.82,1755.54,1755.54,281.18,1474.36,0.0,0.0,0.0,0.0,0.0,1.0,1,0.0,783.0,47576.0,1.0,4.0,0.0,1.0,23.0,30324.0,64.0,1.0,4.0,3997.0,56.0,37600.0,1.0,2.0,1.0,5.0,3398.0,13469.0,37.9,0.0,0.0,219.0,80.0,5.0,5.0,0.0,5.0,5.0,0.0,3.0,7.0,5.0,10.0,10.0,10.0,17.0,7.0,14.0,0.0,0.0,0.0,1.0,96.3,40.0,1.0,0.0,84986.0,47576.0,21700.0,47386.0,0,0
30857,40000.0,0.1102,870.1,1,156000.0,1,0,n,15.89,0.0,0.0,9.0,0.0,51613.0,21.0,0,0.0,0.0,6936.31,6936.31,4153.81,2782.5,0.0,0.0,0.0,870.1,0.0,1.0,1,0.0,0.0,67054.0,1.0,1.0,0.0,2.0,16.0,15441.0,59.0,2.0,5.0,7306.0,49.0,109800.0,1.0,4.0,2.0,7.0,7450.0,41514.0,28.2,0.0,0.0,153.0,129.0,1.0,1.0,2.0,11.0,11.0,0.0,3.0,7.0,3.0,6.0,6.0,8.0,13.0,7.0,9.0,0.0,0.0,0.0,2.0,100.0,0.0,0.0,0.0,135983.0,67054.0,57800.0,26183.0,0,0
30861,6000.0,0.1612,211.3,1,50000.0,1,0,n,19.18,0.0,1.0,13.0,1.0,1900.0,28.0,0,4903.9,4903.9,1685.03,1685.03,1096.1,588.93,0.0,0.0,0.0,211.3,0.0,1.0,1,0.0,0.0,21194.0,3.0,2.0,0.0,1.0,22.0,19294.0,63.0,3.0,8.0,875.0,46.0,15500.0,0.0,0.0,1.0,10.0,1630.0,4759.0,20.7,0.0,0.0,105.0,121.0,2.0,2.0,0.0,2.0,2.0,1.0,3.0,4.0,4.0,9.0,5.0,11.0,21.0,4.0,13.0,0.0,0.0,0.0,4.0,96.4,25.0,1.0,0.0,46058.0,21194.0,6000.0,30558.0,0,0
30960,32000.0,0.2305,903.02,3,87000.0,1,0,n,29.66,0.0,1.0,14.0,0.0,9443.0,17.0,0,31417.75,31417.75,2668.08,2668.08,582.25,2085.83,0.0,0.0,0.0,903.02,0.0,1.0,1,0.0,0.0,83815.0,4.0,4.0,3.0,5.0,6.0,74372.0,88.0,3.0,5.0,5224.0,52.0,53200.0,3.0,2.0,2.0,10.0,5987.0,34034.0,15.5,0.0,0.0,164.0,39.0,2.0,2.0,0.0,11.0,6.0,0.0,3.0,5.0,6.0,6.0,7.0,10.0,10.0,5.0,14.0,0.0,0.0,0.0,6.0,100.0,0.0,0.0,0.0,143485.0,83815.0,40300.0,90285.0,0,0
31018,22000.0,0.1308,501.47,2,120000.0,1,0,n,10.01,0.0,0.0,7.0,0.0,7219.0,14.0,0,21474.09,21474.09,2992.83,2992.83,525.91,2466.92,0.0,0.0,0.0,501.47,0.0,1.0,1,0.0,0.0,657016.0,1.0,2.0,0.0,1.0,18.0,32105.0,64.0,0.0,0.0,4355.0,58.0,18300.0,1.0,0.0,8.0,2.0,93859.0,5081.0,58.7,0.0,0.0,136.0,139.0,37.0,4.0,1.0,55.0,5.0,0.0,3.0,3.0,3.0,4.0,7.0,4.0,6.0,3.0,7.0,0.0,0.0,0.0,1.0,92.3,0.0,0.0,0.0,686789.0,39324.0,12300.0,49900.0,0,0
31048,11200.0,0.1862,288.2,1,45000.0,0,0,n,35.68,0.0,0.0,6.0,0.0,30733.0,8.0,0,0.0,0.0,1534.31,1534.31,0.0,0.0,0.0,1534.31,276.1758,0.0,0.0,1.0,1,0.0,0.0,37998.0,0.0,1.0,0.0,1.0,18.0,7265.0,40.0,0.0,0.0,11450.0,46.0,64000.0,1.0,0.0,0.0,1.0,6333.0,33267.0,48.0,0.0,0.0,18.0,81.0,47.0,18.0,0.0,47.0,18.0,0.0,5.0,5.0,5.0,7.0,1.0,5.0,7.0,5.0,6.0,0.0,0.0,0.0,0.0,100.0,20.0,0.0,0.0,82000.0,37998.0,64000.0,18000.0,0,0
31075,30850.0,0.2055,826.81,2,86000.0,0,0,n,35.85,0.0,1.0,25.0,0.0,25208.0,36.0,0,30383.42,30383.42,4925.65,4925.65,466.58,4459.07,0.0,0.0,0.0,0.0,0.0,1.0,1,0.0,0.0,212588.0,0.0,3.0,0.0,2.0,16.0,35697.0,54.0,0.0,3.0,7012.0,43.0,77400.0,1.0,0.0,1.0,6.0,8504.0,41211.0,38.6,0.0,0.0,94.0,159.0,19.0,8.0,1.0,19.0,1.0,0.0,12.0,13.0,15.0,16.0,10.0,20.0,25.0,13.0,25.0,0.0,0.0,0.0,1.0,100.0,13.3,0.0,0.0,296545.0,60905.0,65600.0,65971.0,1,0
31095,8000.0,0.2305,309.89,1,52000.0,1,0,n,33.12,1.0,4.0,16.0,0.0,6320.0,21.0,0,7048.6,7048.6,2468.88,2468.88,951.4,1517.48,0.0,0.0,0.0,309.89,0.0,1.0,1,0.0,0.0,13400.0,5.0,2.0,0.0,1.0,16.0,7080.0,12.0,9.0,12.0,1572.0,26.0,13000.0,2.0,0.0,4.0,13.0,838.0,4196.0,53.9,0.0,0.0,72.0,89.0,1.0,1.0,0.0,4.0,2.0,2.0,8.0,11.0,9.0,11.0,4.0,14.0,17.0,11.0,16.0,0.0,0.0,0.0,9.0,81.0,11.1,0.0,0.0,77689.0,13400.0,9100.0,64689.0,0,0
31166,40000.0,0.08810000000000001,826.66,2,134392.47,0,0,n,23.08,1.0,0.0,14.0,0.0,33547.0,52.0,0,37339.16,37339.16,4940.38,4940.38,2660.84,2279.54,0.0,0.0,0.0,826.66,0.0,1.0,1,0.0,516.0,338287.0,3.0,4.0,1.0,1.0,4.0,56563.0,35.0,2.0,3.0,9051.0,57.0,51600.0,0.0,15.0,2.0,6.0,26022.0,5020.0,68.8,0.0,0.0,138.0,233.0,3.0,3.0,6.0,3.0,4.0,2.0,3.0,5.0,4.0,13.0,19.0,8.0,26.0,5.0,14.0,0.0,0.0,0.0,5.0,92.3,0.0,0.0,0.0,405677.0,90110.0,16100.0,105526.0,0,0
31219,23000.0,0.0819,468.46,2,85000.0,1,0,n,12.45,1.0,1.0,18.0,0.0,16316.0,49.0,0,22756.54,22756.54,926.46,926.46,243.46,683.0,0.0,0.0,0.0,936.92,0.0,1.0,1,0.0,209.0,324934.0,4.0,2.0,0.0,1.0,14.0,49207.0,167.0,2.0,5.0,7824.0,54.0,85500.0,0.0,0.0,2.0,9.0,18052.0,54820.0,21.9,0.0,0.0,171.0,122.0,5.0,5.0,5.0,5.0,6.0,0.0,8.0,9.0,9.0,24.0,5.0,14.0,38.0,9.0,18.0,0.0,0.0,0.0,4.0,97.9,11.1,0.0,0.0,381842.0,65817.0,70200.0,29409.0,0,0
31239,35000.0,0.1033,1134.79,1,90000.0,0,0,n,17.68,0.0,0.0,9.0,0.0,34862.0,17.0,0,0.0,0.0,4519.07,4519.07,2646.03,1873.04,0.0,0.0,0.0,0.0,0.0,1.0,1,0.0,0.0,48644.0,0.0,1.0,0.0,0.0,35.0,13782.0,59.0,0.0,3.0,10547.0,79.0,38200.0,0.0,0.0,1.0,3.0,5405.0,1037.0,96.8,0.0,0.0,88.0,177.0,14.0,14.0,0.0,41.0,12.0,1.0,4.0,7.0,4.0,6.0,3.0,8.0,12.0,7.0,9.0,0.0,0.0,0.0,0.0,94.1,100.0,0.0,0.0,61614.0,48644.0,32800.0,23414.0,0,0
31329,17000.0,0.08810000000000001,539.1,2,75000.0,0,0,n,17.18,0.0,0.0,10.0,0.0,30521.0,27.0,0,0.0,0.0,2148.08,2148.08,1647.6,500.48,0.0,0.0,0.0,0.0,0.0,1.0,1,0.0,0.0,99778.0,1.0,1.0,1.0,2.0,12.0,11406.0,71.0,1.0,1.0,6802.0,69.0,44900.0,1.0,8.0,1.0,3.0,9978.0,11353.0,55.8,0.0,0.0,103.0,199.0,6.0,6.0,3.0,6.0,12.0,0.0,4.0,7.0,5.0,11.0,7.0,8.0,17.0,7.0,10.0,0.0,0.0,0.0,2.0,96.3,40.0,0.0,0.0,163900.0,41927.0,25700.0,16000.0,0,0
31492,15000.0,0.1612,365.73,1,80000.0,1,0,n,21.69,1.0,3.0,16.0,0.0,4312.0,35.0,0,14730.08,14730.08,1449.49,1449.49,269.92,1179.57,0.0,0.0,0.0,365.73,0.0,1.0,1,0.0,789.0,237296.0,4.0,5.0,2.0,4.0,5.0,125153.0,90.0,6.0,6.0,652.0,66.0,31500.0,4.0,5.0,7.0,11.0,14831.0,17148.0,3.7,0.0,0.0,297.0,62.0,4.0,4.0,1.0,6.0,5.0,1.0,1.0,2.0,5.0,6.0,21.0,10.0,13.0,2.0,16.0,0.0,0.0,1.0,9.0,97.0,0.0,0.0,0.0,266488.0,129465.0,17800.0,126313.0,0,0
31494,10100.0,0.0756,314.46,2,65000.0,1,0,n,15.29,0.0,0.0,7.0,0.0,6719.0,20.0,0,7541.83,7541.83,3140.36,3140.36,2558.17,582.19,0.0,0.0,0.0,314.46,0.0,1.0,1,0.0,0.0,173593.0,0.0,2.0,1.0,2.0,11.0,19883.0,77.0,2.0,3.0,3925.0,61.0,17700.0,2.0,0.0,3.0,5.0,24799.0,7981.0,45.7,0.0,0.0,184.0,164.0,9.0,9.0,1.0,9.0,1.0,0.0,3.0,3.0,3.0,7.0,8.0,4.0,11.0,3.0,7.0,0.0,0.0,0.0,3.0,100.0,33.3,0.0,0.0,209638.0,26602.0,14700.0,26000.0,0,0
31600,10600.0,0.08810000000000001,336.15,2,193000.0,0,0,n,34.17,0.0,0.0,16.0,0.0,26284.0,31.0,0,0.0,0.0,5547.86,5547.86,4968.06,579.8,0.0,0.0,0.0,336.15,0.0,1.0,1,0.0,0.0,712163.0,0.0,5.0,0.0,5.0,19.0,75427.0,40.0,0.0,3.0,9653.0,53.0,31700.0,1.0,2.0,0.0,8.0,50869.0,5416.0,82.9,0.0,0.0,163.0,454.0,20.0,19.0,2.0,20.0,20.0,0.0,6.0,6.0,10.0,14.0,13.0,10.0,16.0,6.0,16.0,0.0,0.0,0.0,0.0,100.0,50.0,0.0,0.0,1150669.0,101711.0,31700.0,143969.0,0,0
31637,7000.0,0.1524,243.49,1,34000.0,1,0,n,29.85,0.0,0.0,14.0,1.0,9279.0,31.0,0,5319.54,5319.54,2428.97,2428.97,1680.46,748.51,0.0,0.0,0.0,243.49,0.0,1.0,1,0.0,0.0,20612.0,1.0,1.0,1.0,5.0,7.0,11333.0,87.0,2.0,3.0,2689.0,63.0,19700.0,2.0,3.0,2.0,8.0,1472.0,4820.0,59.2,0.0,0.0,129.0,154.0,0.0,0.0,0.0,0.0,7.0,0.0,4.0,9.0,6.0,7.0,15.0,13.0,16.0,9.0,14.0,0.0,0.0,0.0,3.0,100.0,50.0,1.0,0.0,32700.0,20612.0,11800.0,13000.0,0,0
31664,4400.0,0.17739999999999995,158.5,2,50000.0,1,0,n,24.87,0.0,1.0,9.0,0.0,8370.0,25.0,0,0.0,0.0,440.44,440.44,78.28,362.16,0.0,0.0,0.0,0.0,0.0,1.0,1,0.0,0.0,180787.0,2.0,2.0,1.0,2.0,5.0,24213.0,71.0,2.0,3.0,2658.0,72.0,11000.0,2.0,1.0,5.0,6.0,20087.0,1203.0,84.6,0.0,0.0,172.0,174.0,3.0,3.0,3.0,9.0,0.0,0.0,3.0,5.0,4.0,10.0,8.0,6.0,14.0,5.0,9.0,0.0,0.0,0.0,3.0,100.0,75.0,0.0,0.0,195190.0,32583.0,7800.0,34190.0,0,0
31677,10800.0,0.1612,263.33,2,60000.0,0,0,n,21.4,0.0,1.0,8.0,0.0,8861.0,13.0,0,0.0,0.0,1306.98,1306.98,546.14,760.84,0.0,0.0,0.0,263.33,0.0,1.0,1,0.0,395.0,200171.0,1.0,3.0,1.0,3.0,7.0,22708.0,71.0,1.0,1.0,4457.0,75.0,10000.0,1.0,2.0,2.0,4.0,25021.0,1139.0,88.6,0.0,0.0,64.0,68.0,3.0,3.0,1.0,3.0,5.0,0.0,4.0,4.0,4.0,4.0,5.0,4.0,7.0,4.0,8.0,0.0,0.0,0.0,2.0,100.0,50.0,0.0,0.0,218762.0,31569.0,10000.0,32096.0,0,0
31707,15950.0,0.2565,639.67,1,60000.0,1,0,n,9.26,0.0,0.0,7.0,0.0,4693.0,11.0,0,15651.26,15651.26,2885.22,2885.22,298.74,2586.48,0.0,0.0,0.0,319.84,0.0,1.0,0,0.0,0.0,7258.0,0.0,1.0,1.0,1.0,8.0,2565.0,78.0,0.0,2.0,1881.0,77.0,6200.0,1.0,0.0,1.0,3.0,1037.0,1072.0,80.5,0.0,0.0,104.0,211.0,18.0,8.0,0.0,18.0,8.0,3.0,4.0,6.0,4.0,4.0,3.0,6.0,7.0,6.0,7.0,0.0,0.0,0.0,1.0,87.5,50.0,0.0,0.0,9475.0,7258.0,5500.0,3275.0,1,0
31740,8275.0,0.14300000000000002,284.03,1,39117.0,0,0,n,24.27,0.0,0.0,7.0,0.0,5147.0,9.0,0,6771.13,6771.13,2265.67,2265.67,1503.87,761.8,0.0,0.0,0.0,0.0,0.0,1.0,1,0.0,483.0,25269.0,0.0,2.0,0.0,2.0,16.0,20122.0,74.0,0.0,0.0,1728.0,67.0,10800.0,2.0,0.0,0.0,2.0,3610.0,3550.0,40.8,0.0,0.0,72.0,67.0,35.0,16.0,0.0,35.0,16.0,0.0,2.0,4.0,3.0,3.0,4.0,5.0,5.0,4.0,7.0,0.0,0.0,0.0,0.0,100.0,66.7,0.0,0.0,37922.0,25269.0,6000.0,27122.0,0,0
31746,23000.0,0.16949999999999998,571.0,1,138000.0,0,0,n,20.2,0.0,0.0,10.0,0.0,44159.0,22.0,0,0.0,0.0,3750.18,3750.18,246.12,303.22,0.0,3200.84,576.1512,0.0,0.0,1.0,1,0.0,0.0,73372.0,0.0,3.0,1.0,4.0,7.0,29213.0,89.0,0.0,0.0,34485.0,68.0,59100.0,2.0,0.0,1.0,4.0,7337.0,3255.0,5.5,0.0,0.0,113.0,219.0,45.0,7.0,0.0,45.0,7.0,0.0,2.0,6.0,3.0,6.0,10.0,7.0,12.0,6.0,10.0,0.0,0.0,0.0,1.0,100.0,33.3,0.0,0.0,92008.0,73372.0,37900.0,32908.0,0,0
31760,25000.0,0.14300000000000002,585.61,2,90000.0,0,0,n,29.2,0.0,1.0,17.0,0.0,32406.0,45.0,0,22118.41,22118.41,5836.24,5836.24,2881.59,2954.65,0.0,0.0,0.0,585.61,0.0,1.0,1,0.0,0.0,209073.0,0.0,5.0,2.0,3.0,9.0,176505.0,81.0,3.0,5.0,12340.0,48.0,84400.0,2.0,0.0,7.0,10.0,12298.0,43990.0,40.9,0.0,0.0,185.0,76.0,9.0,9.0,2.0,9.0,2.0,0.0,8.0,9.0,10.0,10.0,30.0,11.0,12.0,9.0,17.0,0.0,0.0,0.0,5.0,100.0,10.0,0.0,0.0,271393.0,209073.0,74400.0,179125.0,0,0
31768,5000.0,0.2305,193.68,2,60000.0,1,0,n,21.76,0.0,4.0,19.0,0.0,6381.0,31.0,0,4623.08,4623.08,1155.68,1155.68,376.92,778.76,0.0,0.0,0.0,0.0,0.0,1.0,1,0.0,0.0,12935.0,2.0,2.0,0.0,3.0,15.0,6554.0,39.0,13.0,17.0,1457.0,40.0,16100.0,1.0,0.0,13.0,20.0,681.0,2599.0,57.4,0.0,0.0,105.0,43.0,3.0,3.0,0.0,7.0,0.0,1.0,7.0,16.0,7.0,9.0,11.0,17.0,20.0,16.0,19.0,0.0,0.0,0.0,13.0,96.7,14.3,0.0,0.0,32771.0,12935.0,6100.0,16671.0,0,0
31796,19000.0,0.2055,711.45,1,60000.0,1,0,n,27.64,0.0,2.0,17.0,0.0,6652.0,21.0,0,14827.73,14827.73,7092.81,7092.81,4172.27,2920.54,0.0,0.0,0.0,711.45,0.0,1.0,1,0.0,0.0,75933.0,3.0,6.0,4.0,5.0,6.0,69281.0,94.0,3.0,4.0,6205.0,56.0,34300.0,2.0,1.0,3.0,9.0,4467.0,6695.0,48.1,0.0,0.0,90.0,59.0,5.0,5.0,0.0,5.0,5.0,3.0,1.0,2.0,4.0,4.0,9.0,11.0,12.0,2.0,17.0,0.0,0.0,0.0,7.0,85.7,25.0,0.0,0.0,112540.0,75933.0,12900.0,78240.0,0,0
31909,31900.0,0.124,716.07,2,120000.0,1,0,n,14.28,0.0,0.0,9.0,0.0,99027.0,22.0,0,28274.8,28274.8,6422.65,6422.65,3625.2,2797.45,0.0,0.0,0.0,716.07,0.0,1.0,1,0.0,0.0,109991.0,0.0,1.0,0.0,1.0,18.0,10964.0,55.0,0.0,3.0,11173.0,53.0,133900.0,1.0,0.0,0.0,4.0,12221.0,31831.0,53.3,0.0,0.0,148.0,207.0,15.0,15.0,1.0,15.0,18.0,0.0,6.0,7.0,6.0,11.0,4.0,8.0,17.0,7.0,9.0,0.0,0.0,0.0,0.0,95.5,0.0,0.0,0.0,153900.0,109991.0,68200.0,20000.0,0,0
31973,20800.0,0.17739999999999995,525.25,1,45000.0,0,0,n,18.29,0.0,0.0,7.0,0.0,14953.0,8.0,0,19301.58,19301.58,3656.25,3656.25,1498.42,2157.83,0.0,0.0,0.0,0.0,0.0,1.0,1,0.0,0.0,23540.0,0.0,2.0,2.0,2.0,7.0,8587.0,78.0,1.0,1.0,6415.0,54.0,33000.0,1.0,0.0,1.0,3.0,3363.0,18047.0,45.3,0.0,0.0,9.0,188.0,9.0,7.0,0.0,9.0,7.0,0.0,4.0,4.0,5.0,6.0,2.0,5.0,6.0,4.0,7.0,0.0,0.0,0.0,3.0,100.0,40.0,0.0,0.0,43995.0,23540.0,33000.0,10995.0,0,0
31984,12000.0,0.1524,287.0,2,98000.0,1,0,n,19.85,0.0,0.0,13.0,0.0,9974.0,31.0,0,0.0,0.0,1137.84,1137.84,270.91,866.93,0.0,0.0,0.0,0.0,0.0,1.0,1,0.0,0.0,238837.0,1.0,7.0,1.0,3.0,4.0,42136.0,77.0,0.0,1.0,5063.0,65.0,23000.0,1.0,2.0,4.0,6.0,18372.0,6807.0,41.0,0.0,0.0,257.0,252.0,21.0,4.0,4.0,21.0,8.0,4.0,2.0,3.0,3.0,4.0,16.0,5.0,11.0,3.0,13.0,0.0,0.0,0.0,2.0,77.8,66.7,0.0,0.0,266312.0,52110.0,16500.0,54770.0,0,0
32034,15950.0,0.2305,450.1,1,146000.0,0,0,n,19.16,0.0,0.0,7.0,0.0,4939.0,17.0,0,15358.31,15358.31,1779.98,1779.98,591.69,1188.29,0.0,0.0,0.0,0.0,0.0,1.0,1,0.0,12503.0,99838.0,2.0,3.0,2.0,3.0,6.0,94899.0,63.0,1.0,1.0,4939.0,64.0,6900.0,1.0,6.0,2.0,4.0,16640.0,61.0,98.8,0.0,0.0,116.0,189.0,3.0,3.0,0.0,51.0,6.0,0.0,1.0,1.0,1.0,3.0,11.0,4.0,6.0,1.0,7.0,0.0,0.0,0.0,3.0,82.4,100.0,0.0,0.0,123661.0,99838.0,5000.0,116761.0,0,0
32116,11600.0,0.14300000000000002,398.16,2,150000.0,1,0,n,17.9,0.0,2.0,16.0,1.0,31310.0,30.0,0,0.0,0.0,1185.26,1185.26,457.14,728.12,0.0,0.0,0.0,398.16,0.0,1.0,1,0.0,0.0,502788.0,5.0,3.0,1.0,2.0,5.0,91611.0,95.0,4.0,4.0,6291.0,78.0,52700.0,0.0,3.0,6.0,8.0,31424.0,16441.0,44.8,0.0,0.0,132.0,65.0,2.0,2.0,2.0,2.0,2.0,0.0,6.0,11.0,7.0,7.0,16.0,12.0,12.0,11.0,16.0,0.0,0.0,0.0,7.0,100.0,0.0,1.0,0.0,532130.0,122921.0,29800.0,96368.0,0,0
32131,15425.0,0.1524,368.91,1,222000.0,1,0,n,3.03,0.0,2.0,12.0,1.0,0.0,26.0,0,13356.7,13356.7,3891.76,3891.76,2068.3,1823.46,0.0,0.0,0.0,370.0,0.0,1.0,1,0.0,0.0,65348.0,2.0,2.0,1.0,1.0,5.0,65348.0,77.0,2.0,7.0,0.0,17.0,30200.0,3.0,2.0,4.0,8.0,5446.0,11900.0,0.0,0.0,0.0,180.0,160.0,6.0,5.0,0.0,6.0,4.0,0.0,0.0,0.0,4.0,9.0,6.0,10.0,20.0,0.0,12.0,0.0,0.0,0.0,3.0,100.0,0.0,1.0,0.0,95543.0,65348.0,11900.0,65343.0,0,0
32152,5000.0,0.1524,173.92,1,45000.0,1,0,n,27.6,0.0,0.0,7.0,0.0,21308.0,17.0,0,4445.29,4445.29,1126.29,1126.29,554.71,571.58,0.0,0.0,0.0,173.92,0.0,1.0,1,0.0,99.0,53364.0,2.0,1.0,1.0,2.0,5.0,32056.0,96.0,1.0,4.0,12628.0,71.0,42400.0,0.0,8.0,3.0,6.0,7623.0,10372.0,54.9,0.0,0.0,261.0,93.0,5.0,5.0,0.0,93.0,5.0,0.0,1.0,6.0,1.0,1.0,9.0,6.0,7.0,6.0,7.0,0.0,0.0,0.0,2.0,100.0,0.0,0.0,0.0,75695.0,53364.0,23000.0,33295.0,0,0
32211,40000.0,0.0819,1256.97,1,85000.0,0,0,n,27.09,0.0,2.0,9.0,0.0,14931.0,13.0,0,37692.21,37692.21,5055.82,5055.82,2307.79,2748.03,0.0,0.0,0.0,300.0,0.0,1.0,1,0.0,0.0,70301.0,2.0,2.0,1.0,2.0,2.0,55370.0,98.0,1.0,1.0,4293.0,67.0,30900.0,0.0,0.0,2.0,3.0,7811.0,13413.0,49.6,0.0,0.0,150.0,142.0,6.0,2.0,0.0,6.0,2.0,0.0,6.0,7.0,6.0,8.0,3.0,7.0,10.0,7.0,9.0,0.0,0.0,0.0,2.0,100.0,0.0,0.0,0.0,98298.0,70301.0,26600.0,67398.0,1,0
32262,7000.0,0.0646,214.42,1,50000.0,1,0,n,19.44,0.0,0.0,17.0,1.0,6648.0,26.0,0,6822.01,6822.01,499.79,499.79,177.99,321.8,0.0,0.0,0.0,107.21,0.0,1.0,1,0.0,0.0,22785.0,1.0,2.0,1.0,2.0,8.0,16137.0,75.0,2.0,6.0,3210.0,38.0,37100.0,0.0,2.0,1.0,9.0,1424.0,11808.0,30.5,0.0,0.0,82.0,138.0,2.0,2.0,0.0,2.0,9.0,0.0,5.0,9.0,5.0,6.0,5.0,14.0,18.0,9.0,17.0,0.0,0.0,0.0,4.0,100.0,0.0,1.0,0.0,59491.0,22785.0,17000.0,21502.0,0,0
32290,11900.0,0.1612,419.08,3,45400.0,0,0,n,21.52,0.0,3.0,15.0,0.0,7526.0,20.0,1,9080.61,9080.61,4039.34,4039.34,2819.39,1219.95,0.0,0.0,0.0,450.0,0.0,1.0,1,0.0,0.0,23164.0,6.0,2.0,0.0,1.0,18.0,15638.0,50.0,6.0,11.0,2592.0,46.0,19100.0,1.0,0.0,3.0,12.0,1544.0,6009.0,55.2,0.0,0.0,86.0,68.0,1.0,1.0,0.0,1.0,3.0,2.0,6.0,8.0,6.0,9.0,4.0,13.0,16.0,8.0,15.0,0.0,0.0,0.0,6.0,100.0,16.7,0.0,0.0,50357.0,23164.0,13400.0,31257.0,0,0
32325,15450.0,0.2305,435.99,1,45000.0,0,0,n,33.97,0.0,0.0,9.0,0.0,19828.0,17.0,0,14387.64,14387.64,3468.14,3468.14,1062.36,2405.78,0.0,0.0,0.0,0.0,0.0,1.0,1,0.0,0.0,30919.0,0.0,1.0,0.0,1.0,19.0,11091.0,56.0,0.0,0.0,7806.0,54.0,37100.0,2.0,2.0,0.0,1.0,3435.0,16272.0,54.9,0.0,0.0,124.0,98.0,33.0,19.0,1.0,33.0,16.0,0.0,7.0,7.0,7.0,10.0,2.0,8.0,14.0,7.0,9.0,0.0,0.0,0.0,0.0,100.0,28.6,0.0,0.0,57100.0,30919.0,36100.0,20000.0,0,0
32344,25200.0,0.124,841.83,3,68000.0,1,0,n,24.69,0.0,1.0,14.0,0.0,21065.0,22.0,1,20950.05,20950.05,6093.82,6093.82,4249.95,1843.87,0.0,0.0,0.0,1902.03,0.0,1.0,1,0.0,0.0,249902.0,2.0,6.0,1.0,3.0,5.0,228837.0,94.0,1.0,3.0,8175.0,73.0,40500.0,1.0,0.0,1.0,6.0,19223.0,13235.0,61.4,0.0,0.0,121.0,165.0,1.0,1.0,0.0,1.0,5.0,0.0,4.0,4.0,5.0,10.0,8.0,7.0,13.0,4.0,14.0,0.0,0.0,0.0,2.0,95.5,0.0,0.0,0.0,243377.0,249902.0,34300.0,202877.0,0,0
32359,11000.0,0.1033,356.65,1,101000.0,1,0,n,20.0,0.0,0.0,6.0,0.0,10924.0,9.0,0,8879.34,8879.34,2846.89,2846.89,2120.66,726.23,0.0,0.0,0.0,0.0,0.0,1.0,1,0.0,0.0,58335.0,0.0,3.0,1.0,2.0,12.0,47411.0,73.0,1.0,1.0,5844.0,76.0,11300.0,3.0,0.0,1.0,3.0,9723.0,376.0,96.7,0.0,0.0,171.0,48.0,10.0,10.0,0.0,10.0,10.0,0.0,3.0,3.0,3.0,3.0,6.0,3.0,3.0,3.0,6.0,0.0,0.0,0.0,2.0,100.0,100.0,0.0,0.0,76322.0,58335.0,11300.0,65022.0,0,0
32366,4625.0,0.08810000000000001,146.67,2,65000.0,0,0,n,19.49,0.0,0.0,18.0,0.0,28745.0,24.0,0,0.0,0.0,0.0,0.0,0.0,0.0,0.0,0.0,0.0,0.0,0.0,1.0,1,0.0,0.0,441650.0,0.0,2.0,0.0,0.0,32.0,4578.0,38.0,0.0,3.0,11942.0,48.0,56900.0,1.0,0.0,0.0,3.0,24536.0,25509.0,52.0,0.0,0.0,54.0,87.0,21.0,21.0,1.0,21.0,20.0,0.0,10.0,11.0,12.0,12.0,4.0,14.0,18.0,11.0,18.0,0.0,0.0,0.0,0.0,100.0,33.3,0.0,0.0,573062.0,33378.0,53100.0,11975.0,0,0
32377,19000.0,0.14300000000000002,445.06,2,48000.0,1,0,n,30.53,0.0,0.0,13.0,0.0,15176.0,17.0,0,0.0,0.0,1765.15,1765.15,445.31,1319.84,0.0,0.0,0.0,0.0,0.0,1.0,0,0.0,0.0,283118.0,2.0,4.0,1.0,3.0,4.0,32267.0,79.0,0.0,2.0,5411.0,68.0,29400.0,1.0,4.0,1.0,6.0,23593.0,13224.0,53.4,0.0,0.0,58.0,61.0,14.0,4.0,2.0,14.0,7.0,0.0,4.0,4.0,6.0,8.0,5.0,8.0,10.0,4.0,13.0,0.0,0.0,0.0,2.0,100.0,16.7,0.0,0.0,307674.0,47443.0,28400.0,40658.0,0,0
32412,17000.0,0.1308,387.5,2,55000.0,0,0,n,9.91,0.0,0.0,8.0,0.0,18722.0,14.0,0,0.0,0.0,375.15,375.15,202.2,172.95,0.0,0.0,0.0,387.5,0.0,1.0,1,0.0,0.0,123952.0,2.0,1.0,0.0,2.0,15.0,17241.0,78.0,1.0,2.0,14596.0,62.0,36300.0,0.0,1.0,4.0,5.0,15494.0,11578.0,61.8,0.0,0.0,95.0,113.0,6.0,4.0,2.0,15.0,6.0,0.0,2.0,2.0,5.0,5.0,5.0,6.0,7.0,2.0,8.0,0.0,0.0,0.0,2.0,100.0,40.0,0.0,0.0,146517.0,35963.0,30300.0,22000.0,0,0
32448,26000.0,0.1308,592.65,2,130000.0,1,0,n,14.99,0.0,0.0,8.0,0.0,6497.0,15.0,0,24341.28,24341.28,4722.31,4722.31,1658.72,3063.59,0.0,0.0,0.0,0.0,0.0,1.0,1,0.0,0.0,32176.0,0.0,2.0,0.0,0.0,49.0,25679.0,17.0,0.0,1.0,3449.0,36.0,12700.0,0.0,4.0,4.0,1.0,4022.0,5703.0,53.3,0.0,0.0,101.0,144.0,21.0,21.0,1.0,21.0,1.0,0.0,4.0,4.0,5.0,6.0,6.0,6.0,8.0,4.0,8.0,0.0,0.0,0.0,0.0,73.3,20.0,0.0,0.0,90773.0,32176.0,12200.0,78073.0,0,0
32557,5000.0,0.16949999999999998,124.13,2,86777.0,1,0,n,11.74,0.0,0.0,10.0,1.0,10600.0,10.0,0,0.0,0.0,491.81,491.81,218.6,273.21,0.0,0.0,0.0,0.0,0.0,1.0,1,0.0,0.0,348029.0,1.0,5.0,1.0,2.0,4.0,16891.0,65.0,0.0,1.0,4751.0,70.0,13400.0,0.0,0.0,0.0,3.0,34803.0,2800.0,79.1,0.0,0.0,222.0,45.0,22.0,4.0,1.0,22.0,22.0,0.0,4.0,4.0,4.0,4.0,5.0,4.0,4.0,4.0,10.0,0.0,0.0,0.0,1.0,70.0,75.0,1.0,0.0,373366.0,27491.0,13400.0,26125.0,0,0
32565,25000.0,0.2565,743.35,3,44000.0,0,0,n,16.5,0.0,0.0,11.0,1.0,3477.0,23.0,0,0.0,0.0,0.0,0.0,0.0,0.0,0.0,0.0,0.0,0.0,0.0,1.0,1,0.0,69.0,11578.0,2.0,2.0,2.0,4.0,6.0,8029.0,83.0,1.0,4.0,1993.0,54.0,11800.0,3.0,0.0,9.0,9.0,1053.0,7123.0,32.8,0.0,0.0,66.0,107.0,4.0,4.0,0.0,15.0,2.0,0.0,5.0,5.0,6.0,8.0,12.0,8.0,10.0,5.0,11.0,0.0,0.0,0.0,3.0,100.0,16.7,1.0,0.0,21501.0,11578.0,10600.0,9629.0,0,0
32574,15950.0,0.2055,597.24,2,49000.0,1,0,n,10.68,0.0,1.0,7.0,0.0,4508.0,22.0,0,0.0,0.0,1176.27,1176.27,653.74,522.53,0.0,0.0,0.0,0.0,0.0,1.0,1,0.0,0.0,312221.0,2.0,1.0,1.0,3.0,3.0,9937.0,99.0,2.0,2.0,3393.0,87.0,6700.0,1.0,4.0,2.0,6.0,44603.0,1196.0,77.0,0.0,0.0,185.0,119.0,6.0,3.0,3.0,9.0,6.0,0.0,2.0,3.0,3.0,5.0,9.0,5.0,10.0,3.0,7.0,0.0,0.0,0.0,4.0,100.0,66.7,0.0,0.0,316700.0,14445.0,5200.0,10000.0,0,0
32578,10625.0,0.1862,387.44,2,40000.0,0,0,n,25.53,0.0,0.0,6.0,0.0,22247.0,9.0,0,0.0,0.0,763.89,763.89,222.58,541.31,0.0,0.0,0.0,387.44,0.0,1.0,0,0.0,0.0,34293.0,1.0,2.0,1.0,2.0,4.0,12046.0,79.0,0.0,0.0,12294.0,86.0,24800.0,2.0,1.0,5.0,2.0,5716.0,167.0,99.1,0.0,0.0,89.0,76.0,30.0,4.0,0.0,30.0,0.0,0.0,3.0,4.0,3.0,3.0,4.0,4.0,5.0,4.0,6.0,0.0,0.0,0.0,1.0,100.0,100.0,0.0,0.0,40117.0,34293.0,17800.0,15317.0,0,0
32763,18200.0,0.124,607.99,2,68000.0,1,0,n,14.56,0.0,1.0,9.0,1.0,19584.0,21.0,0,0.0,0.0,2419.42,2419.42,1272.83,1146.59,0.0,0.0,0.0,607.99,0.0,1.0,1,0.0,0.0,40932.0,0.0,1.0,1.0,2.0,11.0,21348.0,66.0,1.0,4.0,4917.0,70.0,26500.0,1.0,7.0,3.0,6.0,4548.0,4086.0,80.8,0.0,0.0,170.0,237.0,10.0,10.0,1.0,10.0,4.0,0.0,4.0,5.0,5.0,6.0,10.0,8.0,10.0,5.0,9.0,0.0,0.0,0.0,2.0,100.0,80.0,1.0,0.0,58896.0,40932.0,21300.0,32396.0,0,0
32799,19000.0,0.1308,433.09,2,45000.0,1,0,n,24.64,0.0,0.0,10.0,0.0,19617.0,27.0,0,0.0,0.0,419.28,419.28,0.0,419.28,0.0,0.0,0.0,433.09,0.0,1.0,1,0.0,0.0,30056.0,0.0,5.0,1.0,1.0,11.0,10439.0,68.0,1.0,1.0,13863.0,66.0,30600.0,0.0,1.0,1.0,2.0,3006.0,137.0,99.0,0.0,0.0,177.0,182.0,11.0,11.0,0.0,93.0,11.0,0.0,1.0,5.0,1.0,6.0,14.0,5.0,13.0,5.0,10.0,0.0,0.0,0.0,2.0,88.9,100.0,0.0,0.0,45900.0,30056.0,14000.0,15300.0,0,0
32806,5600.0,0.2055,209.69,3,25000.0,0,0,n,58.57,0.0,1.0,8.0,0.0,6848.0,10.0,0,0.0,0.0,203.3,203.3,107.4,95.9,0.0,0.0,0.0,0.0,0.0,1.0,0,0.0,0.0,33696.0,0.0,3.0,0.0,4.0,15.0,26848.0,73.0,1.0,1.0,2371.0,67.0,13500.0,3.0,2.0,1.0,5.0,4212.0,6204.0,40.9,0.0,0.0,31.0,166.0,8.0,8.0,0.0,8.0,6.0,0.0,3.0,4.0,4.0,4.0,5.0,5.0,5.0,4.0,8.0,0.0,0.0,0.0,1.0,100.0,25.0,0.0,0.0,50427.0,33696.0,10500.0,36927.0,0,0
32915,5000.0,0.1171,165.38,3,60000.0,0,0,n,27.02,0.0,3.0,11.0,0.0,5655.0,27.0,0,0.0,0.0,125.0,125.0,0.0,0.0,0.0,125.0,22.5,0.0,0.0,1.0,1,0.0,0.0,27654.0,3.0,2.0,0.0,1.0,23.0,21999.0,71.0,5.0,5.0,2710.0,56.0,18200.0,1.0,2.0,4.0,6.0,2514.0,1497.0,76.6,0.0,0.0,152.0,142.0,2.0,2.0,0.0,2.0,2.0,0.0,5.0,8.0,5.0,14.0,6.0,9.0,21.0,8.0,11.0,0.0,0.0,0.0,5.0,100.0,20.0,0.0,0.0,49350.0,27654.0,6400.0,31150.0,0,0
32931,10000.0,0.28800000000000003,417.97,2,144000.0,1,0,n,26.53,0.0,2.0,21.0,0.0,45093.0,46.0,0,0.0,0.0,1759.94,1759.94,360.21,459.73,0.0,940.0,169.2,0.0,0.0,1.0,1,0.0,0.0,707149.0,5.0,5.0,1.0,2.0,10.0,83578.0,66.0,5.0,6.0,13553.0,64.0,71800.0,0.0,14.0,5.0,9.0,33674.0,12207.0,67.8,0.0,0.0,164.0,239.0,2.0,2.0,4.0,2.0,3.0,0.0,5.0,7.0,6.0,11.0,12.0,14.0,30.0,7.0,21.0,0.0,0.0,0.0,7.0,93.5,33.3,0.0,0.0,791974.0,128671.0,37900.0,136224.0,0,0
32953,6650.0,0.2055,249.01,2,60000.0,0,0,n,36.34,0.0,1.0,12.0,1.0,9110.0,18.0,0,5786.82,5786.82,1984.49,1984.49,863.18,1121.31,0.0,0.0,0.0,249.01,0.0,1.0,1,0.0,0.0,74419.0,0.0,4.0,0.0,3.0,17.0,65309.0,62.0,0.0,1.0,7994.0,54.0,21500.0,5.0,0.0,4.0,4.0,6202.0,6617.0,57.9,0.0,0.0,149.0,221.0,17.0,17.0,0.0,17.0,0.0,0.0,3.0,4.0,4.0,4.0,8.0,8.0,10.0,4.0,12.0,0.0,0.0,0.0,0.0,100.0,25.0,1.0,0.0,115849.0,74419.0,15700.0,94349.0,0,0
32958,4800.0,0.14300000000000002,164.76,1,75000.0,1,0,n,20.99,0.0,1.0,13.0,0.0,20480.0,22.0,0,0.0,0.0,325.71,325.71,193.19,132.52,0.0,0.0,0.0,164.76,0.0,1.0,1,0.0,0.0,41915.0,0.0,3.0,1.0,3.0,7.0,21435.0,73.0,2.0,4.0,2197.0,63.0,36900.0,1.0,11.0,3.0,7.0,3224.0,13665.0,31.0,0.0,0.0,71.0,83.0,7.0,7.0,0.0,13.0,6.0,0.0,5.0,9.0,5.0,5.0,9.0,10.0,13.0,9.0,13.0,0.0,0.0,0.0,3.0,100.0,80.0,0.0,0.0,66352.0,41915.0,19800.0,29452.0,0,0
32965,14875.0,0.16949999999999998,369.29,1,66000.0,1,0,n,15.87,0.0,0.0,14.0,0.0,7379.0,29.0,0,14715.82,14715.82,1832.44,1832.44,159.18,1673.26,0.0,0.0,0.0,369.29,0.0,1.0,1,0.0,0.0,17398.0,2.0,3.0,2.0,4.0,5.0,9831.0,77.0,2.0,3.0,3330.0,54.0,18700.0,3.0,0.0,1.0,7.0,1243.0,7521.0,49.5,0.0,0.0,66.0,74.0,1.0,1.0,0.0,10.0,12.0,0.0,7.0,7.0,8.0,10.0,10.0,10.0,18.0,7.0,14.0,0.0,0.0,0.0,4.0,93.1,25.0,0.0,0.0,32260.0,17398.0,14900.0,12779.0,0,0
32972,16000.0,0.1308,364.71,3,90000.0,0,0,n,9.93,0.0,1.0,15.0,1.0,9257.0,30.0,0,15821.32,15821.32,1215.38,1215.38,178.68,1036.7,0.0,0.0,0.0,344.92,0.0,1.0,1,0.0,0.0,289323.0,0.0,2.0,0.0,0.0,31.0,5394.0,31.0,3.0,5.0,5488.0,40.0,19500.0,2.0,3.0,3.0,5.0,26302.0,7543.0,55.1,0.0,0.0,138.0,174.0,7.0,7.0,5.0,7.0,0.0,0.0,5.0,5.0,6.0,14.0,4.0,12.0,20.0,5.0,12.0,0.0,0.0,0.0,3.0,100.0,16.7,1.0,0.0,323107.0,14651.0,16800.0,17331.0,0,0
32988,36000.0,0.0819,733.23,2,126000.0,1,0,n,18.12,0.0,0.0,17.0,0.0,47830.0,45.0,0,0.0,0.0,5118.0,5118.0,3486.34,1631.66,0.0,0.0,0.0,0.0,0.0,1.0,1,0.0,0.0,231194.0,0.0,2.0,0.0,0.0,32.0,29311.0,52.0,1.0,2.0,13948.0,44.0,111600.0,1.0,7.0,0.0,3.0,13600.0,50473.0,42.6,0.0,0.0,180.0,241.0,11.0,7.0,5.0,11.0,18.0,0.0,6.0,9.0,9.0,11.0,18.0,14.0,22.0,9.0,17.0,0.0,0.0,0.0,2.0,100.0,22.2,0.0,0.0,315396.0,77141.0,87900.0,48534.0,0,0
33012,18000.0,0.1524,626.1,2,125000.0,1,0,n,20.02,0.0,0.0,12.0,1.0,6315.0,20.0,0,16007.64,16007.64,4147.96,4147.96,1992.36,2155.6,0.0,0.0,0.0,203.3,0.0,1.0,1,0.0,0.0,548419.0,0.0,4.0,1.0,1.0,11.0,107049.0,62.0,0.0,1.0,0.0,64.0,9100.0,1.0,0.0,3.0,3.0,54842.0,1500.0,0.0,0.0,0.0,159.0,173.0,16.0,11.0,4.0,16.0,6.0,0.0,0.0,2.0,3.0,4.0,7.0,6.0,9.0,2.0,12.0,0.0,0.0,0.0,1.0,94.4,0.0,1.0,0.0,588120.0,113364.0,1500.0,133467.0,0,0
33020,5300.0,0.14300000000000002,181.92,2,60000.0,0,0,n,62.56,0.0,0.0,18.0,0.0,15150.0,38.0,0,4825.66,4825.66,1028.89,1028.89,474.34,554.55,0.0,0.0,0.0,181.92,0.0,1.0,0,0.0,186.0,184426.0,2.0,6.0,2.0,7.0,2.0,107882.0,70.0,2.0,2.0,3525.0,69.0,23000.0,2.0,6.0,2.0,9.0,10246.0,1035.0,87.1,0.0,0.0,138.0,89.0,6.0,2.0,1.0,47.0,2.0,0.0,2.0,11.0,2.0,2.0,24.0,11.0,13.0,11.0,18.0,0.0,0.0,0.0,4.0,100.0,100.0,0.0,0.0,215483.0,123032.0,8000.0,124733.0,0,0
33076,13000.0,0.1033,278.33,3,110000.0,1,0,n,22.14,0.0,1.0,20.0,0.0,8685.0,34.0,0,12369.83,12369.83,1384.19,1384.19,630.17,754.02,0.0,0.0,0.0,278.33,0.0,1.0,1,0.0,0.0,223773.0,4.0,4.0,4.0,5.0,2.0,66916.0,77.0,3.0,7.0,7252.0,33.0,104200.0,5.0,3.0,6.0,13.0,11189.0,72183.0,9.2,0.0,0.0,155.0,84.0,3.0,2.0,3.0,4.0,4.0,0.0,2.0,3.0,10.0,14.0,9.0,15.0,22.0,3.0,20.0,0.0,0.0,0.0,8.0,100.0,0.0,0.0,0.0,347285.0,75601.0,79500.0,94208.0,0,0
33116,15000.0,0.1612,365.73,2,103000.0,1,0,n,15.24,0.0,2.0,8.0,0.0,122043.0,17.0,0,14329.73,14329.73,2160.8,2160.8,670.27,1490.53,0.0,0.0,0.0,365.73,0.0,1.0,0,0.0,0.0,274107.0,1.0,1.0,2.0,4.0,6.0,16332.0,93.0,1.0,1.0,15294.0,81.0,139200.0,1.0,0.0,3.0,5.0,34263.0,15599.0,77.5,0.0,0.0,52.0,150.0,7.0,6.0,2.0,51.0,0.0,0.0,5.0,6.0,5.0,5.0,7.0,6.0,8.0,6.0,8.0,0.0,0.0,0.0,3.0,100.0,80.0,0.0,0.0,322301.0,138375.0,69200.0,17501.0,0,0
33124,24450.0,0.2055,655.29,1,115000.0,1,0,n,13.66,0.0,1.0,9.0,0.0,11028.0,11.0,0,22317.1,22317.1,6524.99,6524.99,2132.9,4392.09,0.0,0.0,0.0,655.29,0.0,1.0,1,0.0,227.0,30206.0,1.0,2.0,0.0,1.0,16.0,19178.0,57.0,1.0,3.0,4728.0,57.0,19000.0,3.0,0.0,6.0,4.0,3356.0,5126.0,63.4,0.0,0.0,41.0,100.0,2.0,2.0,0.0,15.0,0.0,1.0,4.0,5.0,6.0,8.0,2.0,7.0,9.0,5.0,9.0,0.0,0.0,0.0,1.0,75.0,50.0,0.0,0.0,52646.0,30206.0,14000.0,33646.0,0,0
33125,15000.0,0.17739999999999995,378.79,2,95000.0,1,0,n,32.89,0.0,1.0,19.0,0.0,25435.0,35.0,0,14242.09,14242.09,2993.36,2993.36,757.91,2235.45,0.0,0.0,0.0,378.79,0.0,1.0,1,0.0,0.0,174396.0,2.0,5.0,3.0,4.0,2.0,52313.0,73.0,1.0,3.0,6144.0,58.0,62400.0,1.0,0.0,1.0,7.0,9179.0,18519.0,53.8,0.0,0.0,177.0,168.0,3.0,2.0,1.0,3.0,2.0,0.0,6.0,10.0,6.0,8.0,16.0,13.0,18.0,10.0,19.0,0.0,0.0,0.0,4.0,97.1,33.3,0.0,0.0,284015.0,77748.0,40100.0,71515.0,0,0
33131,26575.0,0.124,887.76,3,130000.0,1,0,n,7.73,0.0,2.0,8.0,0.0,21890.0,21.0,1,0.0,0.0,1757.21,1757.21,696.09,1061.12,0.0,0.0,0.0,0.0,0.0,1.0,0,0.0,0.0,25303.0,1.0,1.0,0.0,0.0,90.0,3413.0,16.0,1.0,2.0,19699.0,25.0,80200.0,0.0,1.0,3.0,2.0,3163.0,52900.0,28.7,0.0,0.0,230.0,215.0,5.0,5.0,0.0,5.0,2.0,0.0,4.0,5.0,6.0,10.0,5.0,7.0,15.0,5.0,8.0,0.0,0.0,0.0,1.0,100.0,16.7,0.0,0.0,101996.0,25303.0,74200.0,21796.0,0,0
33177,6375.0,0.08810000000000001,202.17,1,39000.0,1,0,n,27.23,0.0,1.0,24.0,0.0,5853.0,34.0,0,5099.65,5099.65,1614.24,1614.24,1275.35,338.89,0.0,0.0,0.0,202.17,0.0,1.0,1,0.0,0.0,82919.0,0.0,16.0,1.0,3.0,9.0,77066.0,106.0,1.0,1.0,2109.0,80.0,30400.0,3.0,4.0,3.0,4.0,3455.0,14047.0,29.4,0.0,0.0,124.0,105.0,10.0,9.0,0.0,10.0,3.0,0.0,4.0,4.0,6.0,6.0,24.0,8.0,10.0,4.0,24.0,0.0,0.0,0.0,2.0,100.0,16.7,0.0,0.0,103426.0,82919.0,19900.0,73026.0,0,0
33205,20500.0,0.124,684.82,1,65000.0,0,0,n,14.94,1.0,0.0,3.0,0.0,14471.0,6.0,0,19066.33,19066.33,2040.34,2040.34,1433.67,606.67,0.0,0.0,0.0,0.0,0.0,1.0,1,0.0,0.0,24236.0,0.0,1.0,0.0,0.0,33.0,9765.0,52.0,0.0,1.0,14471.0,48.0,31100.0,0.0,0.0,3.0,1.0,8079.0,16629.0,46.5,0.0,0.0,33.0,40.0,20.0,20.0,0.0,33.0,3.0,0.0,1.0,1.0,2.0,4.0,1.0,2.0,4.0,1.0,3.0,0.0,0.0,0.0,0.0,83.3,0.0,0.0,0.0,50031.0,24236.0,31100.0,18931.0,0,0
33216,7000.0,0.1102,229.24,1,96000.0,1,0,n,17.01,0.0,2.0,12.0,0.0,11607.0,13.0,0,0.0,0.0,1371.15,1371.15,1008.57,362.58,0.0,0.0,0.0,229.24,0.0,1.0,1,0.0,0.0,43359.0,2.0,2.0,1.0,3.0,9.0,31752.0,90.0,5.0,7.0,2302.0,82.0,17700.0,5.0,0.0,3.0,10.0,3613.0,5374.0,56.0,0.0,0.0,23.0,72.0,5.0,5.0,0.0,6.0,3.0,0.0,7.0,8.0,8.0,8.0,3.0,10.0,10.0,8.0,12.0,0.0,0.0,0.0,6.0,100.0,50.0,0.0,0.0,53144.0,43359.0,12200.0,35444.0,0,0
33230,24000.0,0.08810000000000001,496.0,2,105000.0,0,0,n,18.71,0.0,0.0,16.0,0.0,39768.0,39.0,0,0.0,0.0,1476.25,1476.25,616.39,859.86,0.0,0.0,0.0,496.0,0.0,1.0,1,0.0,0.0,103595.0,1.0,5.0,3.0,3.0,1.0,63827.0,49.0,0.0,4.0,16294.0,38.0,109400.0,1.0,1.0,6.0,8.0,6475.0,60176.0,39.2,0.0,0.0,124.0,144.0,13.0,1.0,1.0,13.0,4.0,0.0,7.0,8.0,9.0,14.0,18.0,11.0,20.0,8.0,16.0,0.0,0.0,0.0,3.0,100.0,11.1,0.0,0.0,181351.0,103595.0,98900.0,71951.0,0,0
33238,10000.0,0.17739999999999995,360.23,1,80000.0,0,0,n,12.24,0.0,0.0,14.0,0.0,10082.0,18.0,0,0.0,0.0,2136.74,2136.74,1454.08,682.66,0.0,0.0,0.0,360.23,0.0,1.0,1,0.0,85.0,54697.0,0.0,8.0,0.0,0.0,29.0,44615.0,89.0,0.0,1.0,2848.0,84.0,15400.0,0.0,2.0,0.0,1.0,3907.0,1677.0,76.7,0.0,0.0,114.0,90.0,23.0,23.0,0.0,34.0,23.0,0.0,3.0,5.0,3.0,3.0,9.0,6.0,8.0,5.0,14.0,0.0,0.0,0.0,0.0,61.1,66.7,0.0,0.0,65368.0,54697.0,7200.0,49968.0,0,0
33241,3175.0,0.1033,102.95,1,80000.0,0,0,n,23.36,0.0,0.0,13.0,0.0,19875.0,19.0,1,2814.37,2814.37,562.93,562.93,360.63,202.3,0.0,0.0,0.0,25.0,0.0,1.0,1,0.0,0.0,39941.0,3.0,4.0,2.0,4.0,3.0,20066.0,51.0,1.0,2.0,6662.0,57.0,30100.0,1.0,1.0,2.0,6.0,3072.0,3549.0,83.0,0.0,0.0,77.0,144.0,2.0,2.0,0.0,2.0,4.0,0.0,7.0,8.0,7.0,7.0,9.0,9.0,10.0,8.0,13.0,0.0,0.0,0.0,3.0,100.0,71.4,0.0,0.0,69710.0,39941.0,20900.0,39610.0,0,0
33247,15000.0,0.14300000000000002,351.37,3,44000.0,0,0,n,13.8,0.0,1.0,11.0,0.0,10676.0,19.0,0,13412.97,13412.97,3154.82,3154.82,1587.03,1567.79,0.0,0.0,0.0,351.37,0.0,1.0,1,0.0,281.0,10813.0,2.0,1.0,0.0,0.0,45.0,137.0,2.0,2.0,2.0,2330.0,43.0,18400.0,0.0,4.0,1.0,2.0,983.0,6633.0,49.8,0.0,0.0,101.0,138.0,1.0,1.0,0.0,1.0,0.0,0.0,5.0,6.0,8.0,8.0,3.0,10.0,16.0,6.0,11.0,0.0,0.0,0.0,2.0,94.7,50.0,0.0,0.0,25400.0,10813.0,13200.0,7000.0,0,0
33257,10000.0,0.28800000000000003,316.21,1,55000.0,1,0,n,28.58,2.0,0.0,9.0,0.0,2279.0,30.0,0,9845.75,9845.75,2513.68,2513.68,154.25,2359.43,0.0,0.0,0.0,316.21,0.0,1.0,1,0.0,150.0,26781.0,0.0,5.0,0.0,2.0,15.0,24502.0,63.0,0.0,1.0,6.0,59.0,6800.0,1.0,1.0,0.0,3.0,2976.0,2294.0,0.3,0.0,0.0,151.0,286.0,13.0,13.0,0.0,102.0,13.0,0.0,1.0,2.0,1.0,8.0,12.0,4.0,18.0,2.0,9.0,0.0,0.0,0.0,0.0,76.7,0.0,0.0,0.0,45557.0,26781.0,2300.0,38757.0,0,0
33264,17100.0,0.2565,685.79,2,95000.0,1,0,n,21.21,0.0,3.0,21.0,1.0,19337.0,31.0,0,13726.98,13726.98,6880.63,6880.63,3373.02,3507.61,0.0,0.0,0.0,625.0,0.0,1.0,1,0.0,0.0,190383.0,6.0,3.0,3.0,5.0,6.0,61317.0,97.0,9.0,10.0,11416.0,67.0,57500.0,3.0,5.0,6.0,15.0,9066.0,17762.0,51.6,0.0,0.0,60.0,66.0,1.0,1.0,3.0,1.0,0.0,0.0,5.0,8.0,6.0,7.0,10.0,16.0,18.0,8.0,21.0,0.0,0.0,0.0,12.0,100.0,16.7,1.0,0.0,252540.0,80654.0,36700.0,62940.0,0,0
33303,20000.0,0.124,668.12,2,74000.0,1,0,n,15.84,0.0,2.0,12.0,0.0,17278.0,21.0,0,16756.63,16756.63,5049.38,5049.38,3243.37,1806.01,0.0,0.0,0.0,668.12,0.0,1.0,1,0.0,0.0,280283.0,4.0,1.0,0.0,0.0,28.0,8954.0,66.0,4.0,5.0,4026.0,64.0,24100.0,0.0,1.0,3.0,6.0,23357.0,2724.0,74.0,0.0,0.0,95.0,119.0,2.0,2.0,2.0,2.0,4.0,2.0,5.0,9.0,5.0,7.0,5.0,9.0,14.0,9.0,12.0,0.0,0.0,0.0,5.0,84.2,60.0,0.0,0.0,306635.0,26232.0,17100.0,13620.0,0,0
33363,3625.0,0.16949999999999998,129.16,1,52012.0,0,0,n,13.27,0.0,3.0,8.0,1.0,8358.0,17.0,0,0.0,0.0,384.07,384.07,157.01,227.06,0.0,0.0,0.0,129.16,0.0,1.0,1,0.0,190.0,33919.0,2.0,2.0,1.0,2.0,2.0,25561.0,92.0,1.0,1.0,3016.0,80.0,14700.0,3.0,0.0,4.0,3.0,4240.0,4981.0,57.1,0.0,0.0,178.0,111.0,5.0,2.0,0.0,5.0,1.0,0.0,4.0,6.0,4.0,4.0,10.0,6.0,7.0,6.0,8.0,0.0,0.0,0.0,2.0,100.0,50.0,1.0,0.0,42634.0,33919.0,11600.0,27934.0,0,0
33412,5000.0,0.1862,182.33,3,83000.0,1,0,n,21.95,0.0,0.0,12.0,0.0,7122.0,36.0,0,4618.13,4618.13,906.48,906.48,381.87,524.61,0.0,0.0,0.0,182.33,0.0,1.0,1,0.0,0.0,77858.0,0.0,4.0,2.0,5.0,7.0,70736.0,77.0,2.0,2.0,2063.0,74.0,10700.0,2.0,22.0,2.0,7.0,6488.0,1624.0,73.8,0.0,0.0,178.0,102.0,7.0,7.0,0.0,7.0,7.0,1.0,3.0,6.0,3.0,3.0,23.0,8.0,13.0,6.0,12.0,0.0,0.0,0.0,4.0,97.2,33.3,0.0,0.0,88989.0,77858.0,6200.0,78289.0,0,0
33413,12750.0,0.2055,477.42,2,99500.0,1,0,n,16.26,5.0,0.0,17.0,0.0,2530.0,38.0,0,12129.25,12129.25,2849.96,2849.96,620.75,2229.21,0.0,0.0,0.0,477.42,0.0,1.0,0,0.0,0.0,289364.0,0.0,12.0,0.0,4.0,14.0,57513.0,75.0,0.0,1.0,470.0,68.0,11000.0,2.0,0.0,1.0,5.0,18085.0,7530.0,5.9,1.0,0.0,132.0,394.0,21.0,14.0,3.0,106.0,1.0,1.0,1.0,3.0,1.0,3.0,22.0,4.0,13.0,3.0,17.0,0.0,0.0,2.0,0.0,80.6,0.0,0.0,0.0,336491.0,60043.0,8000.0,77066.0,0,0
33496,7425.0,0.0819,233.33,2,38000.0,0,0,n,23.22,0.0,1.0,15.0,0.0,1035.0,40.0,0,6119.94,6119.94,1624.86,1624.86,1305.06,319.8,0.0,0.0,0.0,0.0,0.0,1.0,1,0.0,268.0,106449.0,1.0,2.0,0.0,2.0,14.0,10421.0,54.0,1.0,4.0,447.0,19.0,42200.0,1.0,1.0,1.0,6.0,7097.0,34865.0,2.9,0.0,0.0,143.0,183.0,4.0,4.0,2.0,20.0,4.0,0.0,4.0,4.0,9.0,16.0,10.0,12.0,28.0,4.0,15.0,0.0,0.0,0.0,1.0,100.0,0.0,0.0,0.0,202851.0,11456.0,35900.0,19451.0,0,0
33502,19675.0,0.2305,762.13,2,26000.0,1,0,n,29.41,0.0,0.0,11.0,0.0,7522.0,26.0,0,0.0,0.0,699.14,699.14,384.2,314.94,0.0,0.0,0.0,0.0,0.0,1.0,0,0.0,0.0,15879.0,0.0,2.0,1.0,2.0,8.0,8357.0,57.0,2.0,2.0,4199.0,33.0,33900.0,0.0,0.0,1.0,4.0,1764.0,22613.0,23.3,0.0,0.0,96.0,234.0,9.0,8.0,0.0,9.0,10.0,0.0,3.0,4.0,6.0,14.0,6.0,9.0,20.0,4.0,11.0,0.0,0.0,0.0,3.0,96.2,20.0,0.0,0.0,48672.0,15879.0,29500.0,14772.0,0,0
33514,20550.0,0.2055,550.76,2,25000.0,0,0,n,32.26,0.0,0.0,7.0,0.0,16898.0,22.0,0,0.0,0.0,2144.39,2144.39,816.03,1328.36,0.0,0.0,0.0,550.76,0.0,1.0,1,0.0,0.0,20724.0,0.0,1.0,0.0,1.0,15.0,3826.0,64.0,0.0,1.0,3976.0,41.0,44600.0,1.0,1.0,0.0,2.0,2961.0,27702.0,37.9,0.0,0.0,157.0,188.0,20.0,15.0,2.0,20.0,15.0,0.0,5.0,5.0,6.0,10.0,6.0,6.0,14.0,5.0,7.0,0.0,0.0,0.0,0.0,100.0,16.7,0.0,0.0,50600.0,20724.0,44600.0,6000.0,0,0
33517,13075.0,0.1612,318.8,1,43000.0,1,0,n,19.45,0.0,1.0,6.0,0.0,8704.0,14.0,0,0.0,0.0,658.33,658.33,270.87,337.46,0.0,50.0,9.0,0.0,0.0,1.0,1,0.0,0.0,23580.0,1.0,1.0,1.0,1.0,3.0,14876.0,95.0,0.0,0.0,1360.0,73.0,16900.0,1.0,1.0,1.0,1.0,3930.0,5740.0,19.2,0.0,0.0,79.0,112.0,51.0,3.0,0.0,51.0,3.0,0.0,1.0,2.0,2.0,7.0,4.0,5.0,10.0,2.0,6.0,0.0,0.0,0.0,1.0,100.0,0.0,0.0,0.0,32500.0,23580.0,7100.0,15600.0,0,0
33539,24000.0,0.1612,585.17,3,42000.0,1,0,n,23.86,0.0,0.0,4.0,0.0,11357.0,5.0,0,0.0,0.0,6102.19,6102.19,1349.62,1522.5,0.0,3230.07,581.4126,0.0,0.0,1.0,1,0.0,0.0,24612.0,0.0,1.0,0.0,0.0,37.0,13255.0,44.0,0.0,1.0,4886.0,55.0,14300.0,0.0,0.0,0.0,1.0,6153.0,2943.0,79.4,0.0,0.0,37.0,134.0,13.0,13.0,0.0,13.0,13.0,0.0,3.0,3.0,3.0,4.0,1.0,3.0,4.0,3.0,4.0,0.0,0.0,0.0,0.0,100.0,66.7,0.0,0.0,44621.0,24612.0,14300.0,30321.0,0,0
33569,29075.0,0.1862,1060.2,2,94999.0,1,0,n,24.87,0.0,2.0,11.0,1.0,16334.0,22.0,0,0.0,0.0,5225.81,5225.81,3141.25,2084.56,0.0,0.0,0.0,0.0,0.0,1.0,1,0.0,0.0,371699.0,3.0,2.0,1.0,1.0,6.0,36918.0,90.0,2.0,2.0,4922.0,58.0,38900.0,1.0,0.0,2.0,3.0,33791.0,16566.0,49.6,0.0,0.0,175.0,81.0,5.0,5.0,3.0,5.0,5.0,0.0,7.0,7.0,7.0,7.0,10.0,8.0,9.0,7.0,11.0,0.0,0.0,0.0,3.0,100.0,28.6,1.0,0.0,470152.0,53252.0,32900.0,64652.0,0,0
33570,15500.0,0.0819,315.7,2,75000.0,0,0,n,12.67,0.0,1.0,15.0,1.0,15875.0,26.0,0,0.0,0.0,613.77,613.77,371.55,242.22,0.0,0.0,0.0,0.0,0.0,1.0,1,0.0,2325.0,173195.0,3.0,7.0,0.0,2.0,17.0,31220.0,78.0,2.0,4.0,8900.0,76.0,22100.0,0.0,3.0,2.0,8.0,12371.0,3286.0,81.2,0.0,0.0,151.0,148.0,5.0,3.0,3.0,14.0,4.0,0.0,2.0,4.0,4.0,4.0,12.0,7.0,11.0,4.0,15.0,0.0,0.0,0.0,3.0,96.2,66.7,1.0,0.0,188316.0,47095.0,17500.0,40116.0,0,0
33580,12000.0,0.17739999999999995,432.27,2,45000.0,1,0,n,19.09,0.0,1.0,6.0,0.0,1873.0,17.0,0,11476.65,11476.65,2208.94,2208.94,523.35,1685.59,0.0,0.0,0.0,432.27,0.0,1.0,1,0.0,0.0,137898.0,3.0,3.0,3.0,3.0,2.0,20833.0,90.0,1.0,2.0,371.0,72.0,8400.0,1.0,0.0,1.0,5.0,22983.0,4629.0,7.4,0.0,0.0,127.0,214.0,6.0,2.0,2.0,6.0,2.0,1.0,1.0,2.0,1.0,6.0,7.0,2.0,8.0,2.0,6.0,0.0,0.0,0.0,4.0,76.5,0.0,0.0,0.0,161635.0,22706.0,5000.0,23136.0,0,0
33622,3175.0,0.2055,118.89,2,110000.0,1,0,n,21.36,1.0,0.0,19.0,0.0,18832.0,39.0,0,0.0,0.0,281.99,281.99,64.52,217.47,0.0,0.0,0.0,0.0,1.0,1.0,1,0.0,566.0,321967.0,1.0,3.0,1.0,1.0,7.0,37076.0,62.0,2.0,3.0,12141.0,60.0,35000.0,2.0,0.0,1.0,6.0,17887.0,5071.0,75.7,0.0,0.0,181.0,182.0,6.0,6.0,2.0,28.0,7.0,0.0,4.0,8.0,5.0,9.0,13.0,14.0,23.0,8.0,19.0,0.0,0.0,0.0,3.0,97.4,75.0,0.0,0.0,366656.0,58961.0,20900.0,59425.0,0,0
33710,15000.0,0.124,501.09,2,52000.0,0,0,n,25.64,0.0,1.0,11.0,0.0,10187.0,30.0,0,0.0,0.0,2980.71,2980.71,2130.93,849.78,0.0,0.0,0.0,501.09,0.0,1.0,1,0.0,0.0,83716.0,0.0,3.0,1.0,2.0,10.0,73529.0,61.0,2.0,3.0,4713.0,49.0,26100.0,3.0,0.0,2.0,5.0,7611.0,6498.0,60.9,0.0,0.0,135.0,160.0,7.0,7.0,2.0,7.0,1.0,4.0,5.0,6.0,5.0,9.0,14.0,8.0,14.0,6.0,11.0,0.0,0.0,0.0,3.0,86.2,40.0,0.0,0.0,90797.0,83716.0,16600.0,64697.0,0,0
33728,10000.0,0.16949999999999998,356.28,2,110000.0,1,0,n,13.81,0.0,1.0,8.0,0.0,21190.0,12.0,0,7951.71,7951.71,3182.98,3182.98,2048.29,1134.69,0.0,0.0,0.0,0.0,0.0,1.0,1,0.0,0.0,53077.0,3.0,2.0,1.0,1.0,5.0,31887.0,83.0,2.0,3.0,9190.0,79.0,29000.0,0.0,0.0,2.0,4.0,6635.0,5310.0,80.0,0.0,0.0,59.0,200.0,2.0,2.0,1.0,4.0,0.0,1.0,4.0,4.0,5.0,5.0,3.0,6.0,8.0,4.0,8.0,0.0,0.0,0.0,3.0,91.7,80.0,0.0,0.0,67250.0,53077.0,26500.0,38250.0,0,0
33804,40000.0,0.1524,956.65,2,240000.0,1,0,n,18.42,2.0,0.0,17.0,0.0,18958.0,34.0,0,39551.35,39551.35,4698.58,4698.58,448.65,4249.93,0.0,0.0,0.0,956.65,0.0,1.0,1,0.0,0.0,558297.0,1.0,12.0,1.0,1.0,4.0,134901.0,65.0,0.0,0.0,12325.0,67.0,23200.0,3.0,1.0,13.0,1.0,32841.0,4242.0,81.7,0.0,0.0,194.0,209.0,45.0,4.0,4.0,45.0,4.0,4.0,4.0,4.0,4.0,6.0,22.0,4.0,7.0,4.0,17.0,0.0,0.0,2.0,1.0,82.6,50.0,0.0,0.0,866012.0,153859.0,23200.0,207812.0,0,0
33815,30000.0,0.2565,1203.14,1,87000.0,0,0,n,15.35,0.0,1.0,40.0,0.0,17379.0,48.0,0,0.0,0.0,1096.26,1096.26,262.64,833.62,0.0,0.0,0.0,0.0,0.0,1.0,0,0.0,0.0,74352.0,2.0,11.0,0.0,4.0,15.0,56973.0,93.0,8.0,15.0,3900.0,64.0,55700.0,2.0,3.0,6.0,19.0,1859.0,22756.0,40.7,0.0,0.0,62.0,62.0,3.0,3.0,0.0,3.0,3.0,1.0,10.0,13.0,17.0,20.0,13.0,29.0,35.0,13.0,40.0,0.0,0.0,0.0,8.0,97.9,17.6,0.0,0.0,116864.0,74352.0,38400.0,61164.0,0,0
33869,30000.0,0.2055,1123.34,2,100000.0,0,0,n,33.32,0.0,1.0,22.0,0.0,47468.0,36.0,0,29390.41,29390.41,2044.36,2044.36,609.59,1434.77,0.0,0.0,0.0,503.32,0.0,1.0,1,0.0,0.0,378701.0,2.0,3.0,0.0,3.0,13.0,54349.0,82.0,4.0,8.0,7430.0,74.0,71700.0,2.0,0.0,5.0,11.0,17214.0,15831.0,64.1,0.0,0.0,136.0,159.0,2.0,2.0,3.0,2.0,2.0,5.0,10.0,16.0,11.0,18.0,6.0,18.0,27.0,16.0,22.0,0.0,0.0,0.0,4.0,93.1,36.4,0.0,0.0,453520.0,101817.0,44100.0,66119.0,0,0
33898,5950.0,0.16949999999999998,211.99,1,70000.0,0,0,n,11.45,0.0,0.0,4.0,0.0,9597.0,9.0,0,0.0,0.0,833.95,833.95,389.29,444.66,0.0,0.0,0.0,0.0,0.0,1.0,1,0.0,257.0,17652.0,0.0,1.0,1.0,1.0,8.0,8055.0,81.0,0.0,1.0,9597.0,74.0,13900.0,2.0,0.0,1.0,2.0,4413.0,703.0,93.2,0.0,0.0,137.0,58.0,13.0,8.0,0.0,57.0,8.0,0.0,1.0,1.0,1.0,1.0,6.0,3.0,3.0,1.0,4.0,0.0,0.0,0.0,1.0,88.9,100.0,0.0,0.0,23900.0,17652.0,10300.0,10000.0,0,0
33936,3000.0,0.1033,97.27,1,32400.0,1,0,n,16.85,0.0,1.0,4.0,0.0,3285.0,4.0,0,2334.4,2334.4,871.13,871.13,665.6,205.53,0.0,0.0,0.0,97.27,0.0,1.0,1,0.0,76.0,12470.0,1.0,1.0,0.0,0.0,47.0,9185.0,44.0,1.0,3.0,1986.0,39.0,10800.0,0.0,0.0,1.0,3.0,3118.0,5064.0,35.1,0.0,0.0,47.0,23.0,4.0,4.0,0.0,14.0,2.0,0.0,2.0,3.0,2.0,2.0,1.0,3.0,3.0,3.0,4.0,0.0,0.0,0.0,1.0,100.0,0.0,0.0,0.0,31614.0,12470.0,7800.0,20814.0,0,0
33954,30000.0,0.28800000000000003,948.61,2,65000.0,0,0,n,28.43,0.0,0.0,14.0,0.0,14909.0,26.0,0,28009.89,28009.89,7468.88,7468.88,1990.11,5478.77,0.0,0.0,0.0,0.0,0.0,1.0,1,0.0,0.0,152932.0,1.0,5.0,1.0,3.0,9.0,138023.0,91.0,2.0,2.0,399.0,68.0,48700.0,3.0,4.0,1.0,5.0,11764.0,13982.0,4.9,0.0,0.0,215.0,82.0,1.0,1.0,0.0,1.0,9.0,3.0,2.0,4.0,5.0,6.0,14.0,9.0,12.0,4.0,14.0,0.0,0.0,0.0,3.0,88.5,0.0,0.0,0.0,178980.0,152932.0,14700.0,130280.0,0,0
33958,22000.0,0.1524,765.23,2,65000.0,0,0,n,20.31,1.0,0.0,19.0,0.0,15442.0,35.0,0,18038.29,18038.29,6840.5,6840.5,3961.71,2878.79,0.0,0.0,0.0,6887.07,0.0,1.0,1,0.0,0.0,164153.0,0.0,1.0,1.0,1.0,11.0,12746.0,80.0,2.0,5.0,3414.0,38.0,58200.0,1.0,0.0,2.0,6.0,8640.0,22127.0,35.3,0.0,0.0,137.0,88.0,9.0,9.0,2.0,9.0,9.0,0.0,7.0,11.0,8.0,11.0,12.0,17.0,21.0,11.0,19.0,0.0,0.0,0.0,3.0,97.1,12.5,0.0,0.0,217064.0,28188.0,34200.0,16000.0,0,0
33989,24000.0,0.124,801.74,1,60000.0,0,0,n,34.26,0.0,1.0,9.0,1.0,13602.0,18.0,0,20258.33,20258.33,5571.11,5571.11,3741.67,1829.44,0.0,0.0,0.0,801.74,0.0,1.0,0,0.0,0.0,40045.0,2.0,2.0,1.0,1.0,5.0,26443.0,64.0,2.0,2.0,6079.0,46.0,46300.0,0.0,0.0,2.0,3.0,4449.0,31282.0,28.4,0.0,0.0,156.0,96.0,6.0,5.0,0.0,11.0,1.0,0.0,4.0,6.0,5.0,10.0,5.0,7.0,13.0,6.0,9.0,0.0,0.0,0.0,3.0,94.4,0.0,1.0,0.0,87436.0,40045.0,43700.0,41136.0,0,0
34037,30000.0,0.2055,804.03,2,230000.0,1,0,n,6.79,1.0,1.0,16.0,0.0,20111.0,20.0,0,0.0,0.0,5687.44,5687.44,585.53,1740.94,0.0,3360.97,604.9746,0.0,0.0,1.0,1,0.0,0.0,184984.0,3.0,1.0,1.0,1.0,7.0,27591.0,92.0,5.0,9.0,3505.0,59.0,51500.0,1.0,3.0,5.0,10.0,11562.0,8541.0,50.3,0.0,0.0,159.0,30.0,2.0,2.0,2.0,4.0,0.0,2.0,5.0,11.0,5.0,5.0,4.0,14.0,14.0,11.0,16.0,0.0,0.0,0.0,6.0,84.2,20.0,0.0,0.0,245500.0,47702.0,17200.0,30000.0,0,0
34155,20000.0,0.124,668.12,1,95000.0,0,0,n,13.53,1.0,1.0,5.0,0.0,4972.0,10.0,0,18530.21,18530.21,3041.84,3041.84,1469.79,1572.05,0.0,0.0,0.0,0.0,0.0,1.0,1,0.0,0.0,32779.0,2.0,2.0,0.0,0.0,34.0,27807.0,50.0,2.0,2.0,2519.0,48.0,12600.0,0.0,0.0,1.0,2.0,6556.0,7628.0,39.5,1.0,0.0,85.0,82.0,4.0,4.0,3.0,4.0,4.0,1.0,3.0,3.0,3.0,3.0,4.0,3.0,3.0,3.0,5.0,0.0,0.0,1.0,2.0,55.6,0.0,0.0,0.0,68626.0,32779.0,12600.0,56026.0,0,0
34188,25000.0,0.1862,643.3,3,84000.0,0,0,n,13.03,1.0,2.0,13.0,0.0,10146.0,31.0,0,0.0,0.0,3151.85,3151.85,1317.16,1834.69,0.0,0.0,0.0,643.3,0.0,1.0,1,0.0,0.0,41357.0,0.0,2.0,0.0,1.0,19.0,31211.0,25.0,0.0,2.0,793.0,33.0,30300.0,0.0,11.0,2.0,3.0,3181.0,13475.0,8.3,0.0,0.0,92.0,126.0,14.0,14.0,0.0,14.0,0.0,0.0,2.0,6.0,2.0,3.0,12.0,11.0,19.0,6.0,13.0,0.0,0.0,0.0,0.0,93.5,0.0,0.0,0.0,70674.0,41357.0,14700.0,40374.0,0,0
34232,6375.0,0.08810000000000001,202.17,3,40000.0,1,0,n,28.62,0.0,0.0,5.0,0.0,11293.0,8.0,0,0.0,0.0,194.37,194.37,155.37,39.0,0.0,0.0,0.0,0.0,0.0,1.0,0,0.0,0.0,33445.0,0.0,3.0,0.0,2.0,13.0,22152.0,66.0,0.0,0.0,8976.0,72.0,12500.0,1.0,1.0,0.0,2.0,6689.0,24.0,99.7,0.0,0.0,38.0,209.0,28.0,13.0,0.0,84.0,20.0,0.0,1.0,2.0,1.0,2.0,3.0,2.0,5.0,2.0,5.0,0.0,0.0,0.0,0.0,100.0,100.0,0.0,0.0,46273.0,33445.0,9000.0,33773.0,0,0
34276,37225.0,0.08810000000000001,1180.46,2,130000.0,0,0,n,15.69,1.0,0.0,7.0,0.0,17693.0,27.0,0,0.0,0.0,7096.23,7096.23,5463.61,1573.6,59.02,0.0,0.0,3541.38,0.0,1.0,1,0.0,0.0,32758.0,0.0,4.0,0.0,0.0,25.0,15065.0,45.0,0.0,0.0,8246.0,64.0,17800.0,1.0,0.0,1.0,0.0,4680.0,107.0,99.4,0.0,0.0,175.0,198.0,41.0,25.0,0.0,41.0,4.0,0.0,3.0,3.0,3.0,6.0,21.0,3.0,6.0,3.0,7.0,0.0,0.0,0.0,0.0,88.9,100.0,0.0,0.0,51628.0,32758.0,17800.0,33828.0,0,0
34301,28600.0,0.2055,1070.92,3,79000.0,1,0,n,32.31,0.0,0.0,11.0,0.0,24943.0,22.0,0,0.0,0.0,3131.13,3131.13,1773.46,1357.67,0.0,0.0,0.0,0.0,0.0,1.0,1,0.0,0.0,63473.0,0.0,2.0,2.0,2.0,11.0,38530.0,77.0,0.0,1.0,9559.0,41.0,105900.0,0.0,2.0,1.0,3.0,5770.0,64959.0,19.1,0.0,0.0,137.0,167.0,15.0,11.0,1.0,45.0,11.0,0.0,3.0,4.0,6.0,8.0,8.0,9.0,13.0,4.0,11.0,0.0,0.0,0.0,2.0,100.0,0.0,0.0,0.0,155900.0,63473.0,80300.0,50000.0,0,0
34316,29650.0,0.1524,1031.32,2,180000.0,1,0,n,7.35,1.0,1.0,11.0,0.0,29666.0,21.0,1,0.0,0.0,1705.04,1705.04,654.77,1050.27,0.0,0.0,0.0,368.24,0.0,1.0,1,0.0,0.0,440901.0,0.0,1.0,0.0,1.0,23.0,10902.0,55.0,2.0,3.0,2552.0,38.0,87300.0,0.0,6.0,3.0,5.0,40082.0,17394.0,13.5,0.0,0.0,80.0,92.0,9.0,9.0,1.0,28.0,1.0,0.0,2.0,5.0,4.0,10.0,4.0,9.0,16.0,5.0,11.0,0.0,0.0,0.0,2.0,95.2,0.0,0.0,0.0,520354.0,40568.0,20100.0,20000.0,0,0
34335,27775.0,0.2055,1040.02,3,108000.0,1,0,n,12.98,4.0,0.0,8.0,0.0,1385.0,31.0,1,27210.63,27210.63,1940.29,1940.29,564.37,1375.92,0.0,0.0,0.0,0.0,0.0,1.0,1,0.0,0.0,321356.0,0.0,4.0,0.0,2.0,16.0,137715.0,72.0,0.0,2.0,1211.0,70.0,3400.0,5.0,0.0,0.0,4.0,45908.0,2015.0,40.7,0.0,0.0,208.0,291.0,17.0,16.0,1.0,17.0,15.0,2.0,2.0,2.0,3.0,10.0,16.0,3.0,14.0,2.0,7.0,0.0,0.0,1.0,0.0,83.9,0.0,0.0,0.0,326801.0,139100.0,3400.0,133407.0,0,0
34411,10250.0,0.1308,345.76,2,210000.0,1,0,n,19.25,1.0,3.0,15.0,0.0,31322.0,53.0,0,0.0,0.0,1364.42,1364.42,736.05,628.37,0.0,0.0,0.0,345.76,0.0,1.0,1,0.0,0.0,475773.0,3.0,5.0,3.0,3.0,4.0,101152.0,70.0,2.0,3.0,7525.0,58.0,58400.0,2.0,0.0,6.0,8.0,31718.0,6807.0,70.8,0.0,0.0,162.0,150.0,4.0,4.0,3.0,4.0,4.0,0.0,4.0,8.0,4.0,13.0,25.0,9.0,25.0,8.0,14.0,0.0,0.0,0.0,6.0,98.0,50.0,0.0,0.0,538831.0,132474.0,23300.0,135131.0,0,0
34438,27600.0,0.1612,672.94,3,85000.0,1,0,n,25.92,0.0,1.0,13.0,0.0,17542.0,25.0,0,26198.01,26198.01,5321.73,5321.73,1401.99,3919.74,0.0,0.0,0.0,672.94,0.0,1.0,1,0.0,69.0,71599.0,1.0,1.0,2.0,3.0,7.0,17270.0,45.0,1.0,2.0,15878.0,36.0,56800.0,4.0,1.0,5.0,5.0,5508.0,29458.0,37.3,0.0,0.0,132.0,150.0,5.0,5.0,1.0,5.0,5.0,0.0,3.0,3.0,6.0,8.0,10.0,9.0,13.0,3.0,13.0,0.0,0.0,0.0,3.0,91.3,16.7,0.0,0.0,170648.0,34812.0,47000.0,38050.0,0,0
34482,9600.0,0.1862,350.06,1,48000.0,0,0,n,22.92,0.0,0.0,11.0,0.0,5855.0,14.0,0,7682.65,7682.65,3125.71,3125.71,1917.35,1208.36,0.0,0.0,0.0,0.0,0.0,1.0,1,0.0,172.0,21911.0,0.0,3.0,0.0,3.0,14.0,16056.0,72.0,0.0,2.0,2424.0,67.0,10000.0,4.0,1.0,0.0,5.0,1992.0,2199.0,71.4,0.0,0.0,57.0,48.0,20.0,14.0,0.0,20.0,14.0,0.0,6.0,7.0,6.0,6.0,6.0,7.0,7.0,7.0,11.0,0.0,0.0,0.0,0.0,100.0,33.3,0.0,0.0,32510.0,21911.0,7700.0,22415.0,0,0
34483,24000.0,0.2565,962.51,1,50000.0,1,0,n,23.14,0.0,0.0,11.0,0.0,13700.0,16.0,1,22708.13,22708.13,4727.05,4727.05,1291.87,3435.18,0.0,0.0,0.0,962.51,0.0,1.0,1,0.0,0.0,32472.0,2.0,3.0,1.0,4.0,2.0,18772.0,86.0,2.0,4.0,0.0,76.0,21000.0,1.0,10.0,0.0,8.0,2952.0,2900.0,0.0,0.0,0.0,33.0,125.0,2.0,2.0,0.0,36.0,13.0,1.0,0.0,5.0,2.0,3.0,7.0,8.0,9.0,5.0,11.0,0.0,0.0,0.0,3.0,93.8,0.0,0.0,0.0,42721.0,32472.0,2900.0,21721.0,0,0
34550,10000.0,0.28800000000000003,316.21,1,54000.0,0,0,n,38.07,0.0,0.0,28.0,0.0,14738.0,28.0,0,9369.95,9369.95,3137.91,3137.91,630.05,2492.05,15.81,0.0,0.0,316.21,0.0,1.0,1,0.0,0.0,93158.0,2.0,14.0,1.0,1.0,9.0,78420.0,104.0,5.0,8.0,4827.0,82.0,38500.0,2.0,0.0,4.0,9.0,3327.0,18297.0,41.9,0.0,0.0,121.0,72.0,3.0,3.0,0.0,3.0,7.0,0.0,6.0,8.0,7.0,7.0,14.0,14.0,14.0,8.0,28.0,0.0,0.0,0.0,6.0,100.0,14.3,0.0,0.0,114016.0,93158.0,31500.0,75516.0,0,0
34606,25000.0,0.08810000000000001,792.79,1,80000.0,1,0,n,13.89,0.0,0.0,5.0,0.0,16285.0,11.0,0,19365.12,19365.12,7104.52,7104.52,5634.88,1469.64,0.0,0.0,0.0,0.0,0.0,1.0,1,0.0,0.0,25739.0,0.0,2.0,1.0,1.0,9.0,9454.0,52.0,1.0,1.0,10229.0,64.0,22400.0,1.0,0.0,1.0,2.0,5148.0,3499.0,82.0,0.0,0.0,158.0,152.0,12.0,9.0,0.0,12.0,9.0,1.0,2.0,3.0,2.0,2.0,8.0,3.0,3.0,3.0,5.0,0.0,0.0,0.0,2.0,90.9,100.0,0.0,0.0,40431.0,25739.0,19400.0,18031.0,0,0
34614,8000.0,0.17739999999999995,288.18,3,300000.0,0,0,n,1.6,0.0,0.0,7.0,1.0,9850.0,15.0,0,7169.26,7169.26,1709.37,1709.37,830.74,878.63,0.0,0.0,0.0,0.0,0.0,1.0,1,0.0,0.0,14025.0,2.0,1.0,2.0,2.0,4.0,4175.0,84.0,1.0,3.0,4465.0,50.0,22800.0,3.0,3.0,3.0,5.0,2004.0,11233.0,46.5,0.0,0.0,164.0,160.0,5.0,4.0,0.0,5.0,8.0,0.0,3.0,4.0,4.0,5.0,7.0,6.0,8.0,4.0,7.0,0.0,0.0,0.0,3.0,100.0,25.0,1.0,0.0,27800.0,14025.0,21000.0,5000.0,0,0
34662,32000.0,0.2055,857.63,1,150000.0,0,0,n,38.36,0.0,1.0,17.0,1.0,19262.0,49.0,0,31690.37,31690.37,3339.19,3339.19,309.63,3029.56,0.0,0.0,0.0,857.63,0.0,1.0,1,0.0,0.0,342272.0,1.0,5.0,0.0,2.0,18.0,323010.0,63.0,1.0,2.0,9356.0,62.0,31500.0,1.0,1.0,1.0,4.0,24448.0,7738.0,71.3,0.0,0.0,137.0,166.0,3.0,3.0,0.0,3.0,2.0,0.0,5.0,5.0,8.0,11.0,32.0,12.0,17.0,5.0,17.0,0.0,0.0,0.0,1.0,95.7,60.0,1.0,0.0,383922.0,342272.0,27000.0,352422.0,0,0
34718,20000.0,0.28800000000000003,835.94,1,65000.0,0,0,n,4.93,0.0,2.0,10.0,0.0,15199.0,31.0,0,0.0,0.0,0.0,0.0,0.0,0.0,0.0,0.0,0.0,0.0,0.0,1.0,1,0.0,0.0,38708.0,2.0,1.0,0.0,0.0,59.0,23509.0,114.0,2.0,2.0,7817.0,60.0,43900.0,0.0,3.0,2.0,2.0,3871.0,22401.0,40.4,0.0,0.0,141.0,151.0,3.0,3.0,1.0,3.0,0.0,0.0,5.0,5.0,7.0,13.0,12.0,9.0,18.0,5.0,10.0,0.0,0.0,0.0,2.0,96.8,14.3,0.0,0.0,64462.0,38708.0,37600.0,20562.0,0,0
34764,4000.0,0.0702,123.55,2,118000.0,0,0,n,21.61,0.0,1.0,21.0,0.0,18514.0,34.0,0,2971.72,2971.72,1231.6,1231.6,1028.28,203.32,0.0,0.0,0.0,0.0,0.0,1.0,1,0.0,0.0,256713.0,2.0,5.0,1.0,2.0,9.0,57827.0,77.0,3.0,5.0,5243.0,34.0,129200.0,0.0,0.0,4.0,7.0,12224.0,101337.0,15.2,0.0,0.0,106.0,156.0,2.0,2.0,3.0,2.0,0.0,0.0,9.0,11.0,13.0,20.0,8.0,15.0,23.0,11.0,21.0,0.0,0.0,0.0,4.0,100.0,7.7,0.0,0.0,418032.0,76341.0,119500.0,94286.0,0,0
34769,17000.0,0.1308,573.46,2,140000.0,0,0,n,33.15,0.0,0.0,17.0,1.0,17133.0,34.0,0,14953.45,14953.45,4009.88,4009.88,2046.55,1963.33,0.0,0.0,0.0,600.0,0.0,1.0,1,0.0,0.0,236807.0,0.0,5.0,1.0,3.0,7.0,219674.0,90.0,1.0,7.0,4826.0,78.0,30300.0,1.0,13.0,3.0,10.0,14800.0,4774.0,67.7,0.0,0.0,138.0,417.0,8.0,7.0,1.0,8.0,1.0,0.0,4.0,6.0,6.0,7.0,16.0,12.0,17.0,6.0,17.0,0.0,0.0,0.0,2.0,96.8,60.0,1.0,0.0,277073.0,236807.0,14800.0,246773.0,0,0
34788,14875.0,0.1171,492.01,2,75000.0,0,0,n,35.03,1.0,0.0,16.0,0.0,39227.0,22.0,0,0.0,0.0,467.82,467.82,346.85,120.97,0.0,0.0,0.0,0.0,0.0,1.0,0,0.0,0.0,235378.0,1.0,3.0,0.0,1.0,16.0,17294.0,35.0,1.0,3.0,7038.0,57.0,47900.0,1.0,0.0,0.0,4.0,14711.0,3973.0,90.6,0.0,0.0,129.0,413.0,6.0,6.0,3.0,6.0,16.0,1.0,11.0,11.0,11.0,11.0,5.0,12.0,14.0,11.0,16.0,0.0,0.0,0.0,1.0,85.7,90.9,0.0,0.0,291589.0,56521.0,43200.0,50089.0,0,0
34795,20000.0,0.2305,564.39,2,105000.0,1,0,n,22.15,0.0,1.0,16.0,0.0,20110.0,26.0,0,0.0,0.0,4251.66,4251.66,551.12,1078.02,0.0,2622.52,472.0536,564.39,0.0,1.0,1,0.0,0.0,330193.0,1.0,2.0,1.0,4.0,2.0,38306.0,92.0,1.0,2.0,6091.0,57.0,60600.0,2.0,1.0,2.0,8.0,20637.0,33690.0,37.4,0.0,0.0,88.0,288.0,8.0,2.0,4.0,8.0,2.0,0.0,7.0,7.0,9.0,9.0,6.0,12.0,15.0,7.0,16.0,0.0,0.0,0.0,2.0,100.0,33.3,0.0,0.0,380229.0,59311.0,53800.0,41571.0,0,0
34819,18000.0,0.14300000000000002,617.83,1,65000.0,0,0,n,19.26,0.0,1.0,13.0,0.0,24449.0,13.0,0,0.0,0.0,2926.5,2926.5,403.33,178.75,0.0,2344.42,421.9956,0.0,0.0,1.0,1,0.0,0.0,36834.0,2.0,1.0,0.0,0.0,39.0,12385.0,49.0,5.0,7.0,6388.0,43.0,60500.0,1.0,0.0,4.0,7.0,2833.0,21115.0,38.3,0.0,0.0,39.0,226.0,4.0,4.0,0.0,4.0,0.0,0.0,5.0,10.0,6.0,6.0,1.0,12.0,12.0,10.0,13.0,0.0,0.0,0.0,5.0,100.0,66.7,0.0,0.0,85980.0,36834.0,34200.0,25480.0,0,0
34826,29275.0,0.1171,968.3,3,86000.0,1,0,n,15.17,0.0,4.0,19.0,1.0,5892.0,111.0,0,23372.62,23372.62,8617.39,8617.39,5902.38,2715.01,0.0,0.0,0.0,1000.0,0.0,1.0,1,0.0,0.0,202887.0,5.0,3.0,2.0,3.0,5.0,196995.0,62.0,7.0,7.0,4756.0,47.0,24700.0,2.0,14.0,4.0,10.0,15607.0,14744.0,24.4,0.0,0.0,138.0,156.0,2.0,2.0,0.0,4.0,2.0,3.0,1.0,3.0,5.0,21.0,49.0,16.0,62.0,3.0,19.0,0.0,0.0,0.0,9.0,96.8,33.3,1.0,0.0,203629.0,202887.0,19500.0,178929.0,0,0
34860,20000.0,0.2055,748.89,1,70000.0,1,0,n,14.38,0.0,1.0,18.0,0.0,21700.0,40.0,0,0.0,0.0,4436.26,4436.26,2545.15,1891.11,0.0,0.0,0.0,0.0,0.0,1.0,1,0.0,0.0,29508.0,2.0,6.0,0.0,1.0,17.0,7808.0,39.0,3.0,4.0,11396.0,46.0,44400.0,1.0,0.0,1.0,5.0,1736.0,13100.0,62.4,0.0,0.0,185.0,155.0,0.0,0.0,0.0,0.0,0.0,0.0,4.0,4.0,7.0,13.0,15.0,12.0,25.0,4.0,18.0,0.0,0.0,0.0,3.0,100.0,33.3,0.0,0.0,64228.0,29508.0,34800.0,19828.0,0,0
34863,17925.0,0.2305,505.83,1,45000.0,0,0,n,39.71,0.0,0.0,11.0,0.0,8090.0,49.0,0,17901.2,17901.2,2400.83,2400.83,23.8,2377.03,0.0,0.0,0.0,0.0,0.0,1.0,1,0.0,0.0,57992.0,2.0,5.0,4.0,6.0,2.0,49902.0,96.0,1.0,1.0,2632.0,84.0,16900.0,0.0,32.0,1.0,7.0,5272.0,8520.0,45.4,0.0,0.0,120.0,83.0,10.0,2.0,0.0,10.0,7.0,3.0,5.0,6.0,5.0,6.0,40.0,6.0,9.0,6.0,11.0,0.0,0.0,0.0,5.0,91.7,0.0,0.0,0.0,69163.0,57992.0,15600.0,52263.0,0,0
34917,17000.0,0.08810000000000001,539.1,1,150000.0,1,0,n,12.8,0.0,0.0,16.0,0.0,17587.0,28.0,0,0.0,0.0,1596.5,1596.5,990.35,606.15,0.0,0.0,0.0,539.1,0.0,1.0,1,0.0,0.0,46180.0,0.0,3.0,1.0,3.0,12.0,28574.0,69.0,1.0,2.0,8782.0,52.0,41500.0,1.0,0.0,1.0,5.0,3079.0,19605.0,44.8,0.0,0.0,171.0,298.0,10.0,10.0,1.0,19.0,12.0,0.0,4.0,6.0,9.0,9.0,7.0,12.0,19.0,6.0,16.0,0.0,0.0,0.0,2.0,82.1,12.5,0.0,0.0,89485.0,46180.0,35500.0,41230.0,0,0
34925,20000.0,0.14300000000000002,468.49,2,80000.0,0,0,n,15.53,0.0,0.0,11.0,0.0,18794.0,26.0,0,0.0,0.0,3442.96,3442.96,463.05,434.21,0.0,2545.7,458.226,0.0,0.0,1.0,1,0.0,0.0,148054.0,0.0,1.0,0.0,1.0,22.0,22961.0,78.0,0.0,1.0,10578.0,41.0,72100.0,2.0,0.0,0.0,2.0,13459.0,33572.0,32.7,0.0,0.0,22.0,196.0,15.0,15.0,2.0,15.0,22.0,0.0,3.0,6.0,5.0,15.0,1.0,9.0,23.0,6.0,11.0,0.0,0.0,0.0,0.0,100.0,20.0,0.0,0.0,219734.0,41755.0,49900.0,29434.0,0,0
34927,10625.0,0.1308,242.19,2,107000.0,0,0,n,13.84,0.0,0.0,12.0,0.0,7546.0,20.0,0,0.0,0.0,1191.65,1191.65,645.81,545.84,0.0,0.0,0.0,242.19,0.0,1.0,1,0.0,0.0,187598.0,1.0,3.0,3.0,3.0,7.0,42932.0,89.0,1.0,2.0,2081.0,65.0,30000.0,1.0,0.0,3.0,6.0,15633.0,10975.0,27.8,0.0,0.0,49.0,78.0,4.0,4.0,2.0,64.0,7.0,0.0,3.0,6.0,3.0,5.0,6.0,8.0,12.0,6.0,12.0,0.0,0.0,0.0,5.0,100.0,0.0,0.0,0.0,216139.0,50478.0,15200.0,48237.0,0,0
34941,20000.0,0.1171,441.97,2,76000.0,0,0,n,12.13,1.0,1.0,11.0,0.0,17240.0,25.0,0,17233.59,17233.59,4827.17,4827.17,2766.41,2060.76,0.0,0.0,0.0,220.0,0.0,1.0,1,0.0,515.0,291709.0,2.0,3.0,0.0,0.0,42.0,60122.0,126.0,2.0,2.0,9722.0,94.0,34200.0,0.0,0.0,6.0,3.0,26519.0,13777.0,53.5,0.0,0.0,148.0,292.0,4.0,4.0,3.0,8.0,4.0,3.0,4.0,5.0,4.0,4.0,9.0,7.0,13.0,5.0,11.0,0.0,0.0,0.0,3.0,75.0,0.0,0.0,0.0,297145.0,77362.0,29600.0,47745.0,0,0
34948,14000.0,0.17739999999999995,504.31,2,65000.0,1,0,n,36.22,0.0,1.0,20.0,0.0,16785.0,54.0,0,10843.54,10843.54,5008.61,5008.61,3156.46,1852.15,0.0,0.0,0.0,504.31,0.0,1.0,1,0.0,1990.0,119866.0,1.0,3.0,0.0,1.0,13.0,30170.0,55.0,2.0,4.0,4579.0,27.0,90900.0,1.0,0.0,2.0,6.0,6309.0,41715.0,28.7,0.0,0.0,141.0,186.0,2.0,2.0,2.0,2.0,3.0,0.0,7.0,7.0,10.0,20.0,13.0,15.0,37.0,7.0,19.0,0.0,0.0,0.0,3.0,98.1,0.0,0.0,0.0,239961.0,47684.0,58500.0,66836.0,0,0
34953,11200.0,0.2055,419.38,3,70000.0,0,0,n,16.39,0.0,3.0,7.0,0.0,3782.0,13.0,0,9005.73,9005.73,3742.45,3742.45,2194.27,1548.18,0.0,0.0,0.0,0.0,0.0,1.0,1,0.0,123.0,185317.0,4.0,2.0,2.0,4.0,5.0,37679.0,91.0,2.0,3.0,2010.0,78.0,11500.0,3.0,1.0,5.0,8.0,26474.0,5794.0,31.8,0.0,0.0,50.0,98.0,3.0,3.0,3.0,6.0,1.0,0.0,2.0,3.0,3.0,3.0,5.0,4.0,5.0,3.0,7.0,0.0,0.0,0.0,5.0,100.0,0.0,0.0,0.0,197136.0,41461.0,8500.0,41636.0,0,0
34972,17925.0,0.2305,694.34,2,56556.0,1,0,n,12.22,0.0,1.0,6.0,0.0,4254.0,9.0,0,0.0,0.0,4596.05,4596.05,388.37,1637.27,0.0,2570.41,462.6738,0.0,0.0,1.0,1,0.0,0.0,12654.0,1.0,2.0,1.0,2.0,6.0,8400.0,69.0,1.0,2.0,1935.0,57.0,10100.0,0.0,0.0,3.0,4.0,2109.0,5846.0,42.1,0.0,0.0,58.0,153.0,11.0,6.0,1.0,11.0,2.0,0.0,3.0,3.0,4.0,4.0,4.0,4.0,4.0,3.0,6.0,0.0,0.0,0.0,2.0,100.0,25.0,0.0,0.0,22198.0,12654.0,10100.0,12098.0,0,0
34979,7425.0,0.16949999999999998,264.54,1,30000.0,1,0,n,12.2,0.0,4.0,3.0,0.0,6385.0,3.0,0,0.0,0.0,1569.76,1569.76,992.45,577.31,0.0,0.0,0.0,0.0,0.0,1.0,1,0.0,0.0,10919.0,0.0,1.0,1.0,1.0,8.0,4534.0,82.0,0.0,0.0,3739.0,62.0,12000.0,2.0,1.0,5.0,1.0,3640.0,5261.0,41.5,0.0,0.0,8.0,61.0,32.0,8.0,0.0,61.0,0.0,0.0,1.0,2.0,1.0,1.0,1.0,2.0,2.0,2.0,3.0,0.0,0.0,0.0,1.0,100.0,0.0,0.0,0.0,17500.0,10919.0,9000.0,5500.0,0,0
35023,15950.0,0.124,532.83,2,50000.0,1,0,n,31.64,0.0,3.0,12.0,1.0,1630.0,37.0,0,0.0,0.0,1724.31,1724.31,1115.49,608.82,0.0,0.0,0.0,0.0,0.0,1.0,1,0.0,192.0,45425.0,3.0,3.0,2.0,5.0,5.0,43795.0,92.0,3.0,5.0,904.0,48.0,19800.0,4.0,0.0,6.0,10.0,3785.0,13562.0,10.2,0.0,0.0,138.0,165.0,4.0,4.0,0.0,4.0,0.0,0.0,5.0,6.0,6.0,15.0,14.0,9.0,22.0,6.0,12.0,0.0,0.0,0.0,5.0,96.6,0.0,1.0,0.0,79193.0,45425.0,15100.0,59393.0,0,0
35034,30000.0,0.1862,1093.93,2,90000.0,1,0,n,16.07,0.0,1.0,13.0,0.0,35096.0,25.0,0,0.0,0.0,1934.59,1934.59,411.2,1523.39,0.0,0.0,0.0,0.0,0.0,1.0,1,0.0,0.0,223705.0,1.0,5.0,0.0,1.0,22.0,20410.0,122.0,1.0,2.0,9583.0,86.0,48000.0,1.0,3.0,1.0,3.0,17208.0,7146.0,78.3,0.0,0.0,171.0,169.0,4.0,4.0,1.0,19.0,4.0,5.0,4.0,6.0,4.0,5.0,10.0,7.0,13.0,6.0,13.0,0.0,0.0,0.0,1.0,80.0,50.0,0.0,0.0,246423.0,55506.0,33000.0,16774.0,0,0
35110,2400.0,0.1612,84.52,2,25000.0,0,0,n,34.42,0.0,2.0,18.0,0.0,8674.0,26.0,0,2130.2,2130.2,561.93,561.93,269.8,292.13,0.0,0.0,0.0,84.52,0.0,1.0,1,0.0,0.0,50257.0,3.0,4.0,1.0,3.0,10.0,10254.0,66.0,5.0,6.0,1875.0,45.0,27000.0,3.0,3.0,3.0,9.0,2792.0,13843.0,29.4,0.0,0.0,86.0,95.0,2.0,2.0,1.0,2.0,2.0,0.0,6.0,8.0,9.0,11.0,10.0,13.0,15.0,8.0,18.0,0.0,0.0,0.0,6.0,100.0,11.1,0.0,0.0,75832.0,18928.0,19600.0,15448.0,0,0
35119,12000.0,0.1862,437.58,1,34840.0,1,0,n,25.97,0.0,0.0,15.0,0.0,11308.0,23.0,0,0.0,0.0,1281.71,1281.71,765.91,515.8,0.0,0.0,0.0,0.0,0.0,1.0,1,0.0,0.0,21510.0,1.0,3.0,2.0,2.0,7.0,10202.0,72.0,4.0,4.0,3128.0,50.0,29200.0,0.0,8.0,1.0,6.0,1434.0,10170.0,30.8,0.0,0.0,49.0,57.0,5.0,5.0,0.0,7.0,12.0,0.0,3.0,6.0,7.0,7.0,8.0,12.0,15.0,6.0,15.0,0.0,0.0,0.0,6.0,100.0,28.6,0.0,0.0,43464.0,21510.0,14700.0,14264.0,0,0
35140,23000.0,0.2565,683.88,3,65000.0,1,0,n,23.21,0.0,1.0,9.0,0.0,21905.0,24.0,0,0.0,0.0,2653.58,2653.58,794.02,1859.56,0.0,0.0,0.0,0.0,0.0,1.0,1,0.0,0.0,60765.0,2.0,2.0,1.0,3.0,8.0,38860.0,78.0,2.0,5.0,8908.0,58.0,55300.0,1.0,4.0,1.0,8.0,6752.0,33395.0,39.6,0.0,0.0,76.0,71.0,4.0,4.0,0.0,4.0,1.0,0.0,5.0,5.0,7.0,10.0,9.0,7.0,15.0,5.0,9.0,0.0,0.0,0.0,3.0,100.0,42.9,0.0,0.0,104867.0,60765.0,55300.0,49567.0,0,0
35145,22000.0,0.1033,713.3,1,80000.0,1,0,n,17.48,0.0,1.0,15.0,0.0,22561.0,23.0,0,0.0,0.0,1753.2,1753.2,1237.91,515.29,0.0,0.0,0.0,178.73,0.0,1.0,1,0.0,105.0,35459.0,2.0,2.0,1.0,5.0,3.0,12898.0,74.0,4.0,5.0,5880.0,44.0,62500.0,1.0,0.0,3.0,10.0,2364.0,39939.0,36.1,0.0,0.0,50.0,100.0,6.0,3.0,0.0,6.0,6.0,0.0,11.0,11.0,13.0,13.0,8.0,13.0,15.0,11.0,15.0,0.0,0.0,0.0,5.0,100.0,7.7,0.0,0.0,80000.0,35459.0,62500.0,17500.0,0,0
35203,5000.0,0.2305,193.68,2,125000.0,0,0,n,21.22,0.0,3.0,10.0,1.0,22824.0,16.0,0,0.0,0.0,921.96,921.96,197.15,174.2,0.0,550.61,99.1098,0.0,0.0,1.0,1,0.0,0.0,381658.0,0.0,3.0,2.0,3.0,8.0,64993.0,85.0,0.0,0.0,11647.0,85.0,26200.0,6.0,0.0,10.0,3.0,42406.0,3376.0,87.1,0.0,0.0,133.0,137.0,27.0,8.0,1.0,27.0,0.0,0.0,4.0,4.0,6.0,6.0,8.0,6.0,7.0,4.0,10.0,0.0,0.0,0.0,2.0,100.0,40.0,1.0,0.0,413583.0,87817.0,26200.0,76837.0,0,0
35207,5300.0,0.1033,171.84,2,58500.0,0,0,n,4.27,0.0,1.0,6.0,0.0,2793.0,14.0,0,4383.75,4383.75,1367.12,1367.12,916.25,450.87,0.0,0.0,0.0,171.84,0.0,1.0,1,0.0,0.0,219797.0,3.0,1.0,2.0,2.0,2.0,5924.0,98.0,1.0,2.0,33.0,53.0,10500.0,1.0,3.0,4.0,5.0,36633.0,2467.0,1.3,0.0,0.0,156.0,59.0,2.0,2.0,2.0,24.0,2.0,0.0,1.0,2.0,2.0,3.0,6.0,4.0,6.0,2.0,6.0,0.0,0.0,0.0,4.0,100.0,0.0,0.0,0.0,228521.0,8717.0,2500.0,6021.0,0,0
35211,24000.0,0.2565,713.61,1,70000.0,1,0,n,21.33,1.0,0.0,7.0,0.0,7439.0,16.0,0,23799.39,23799.39,3072.77,3072.77,200.61,2872.16,0.0,0.0,0.0,0.0,0.0,1.0,1,0.0,0.0,45321.0,0.0,2.0,1.0,2.0,10.0,37882.0,91.0,0.0,1.0,3386.0,88.0,9000.0,0.0,1.0,1.0,3.0,6474.0,741.0,90.1,0.0,0.0,82.0,200.0,21.0,10.0,1.0,43.0,10.0,0.0,2.0,3.0,3.0,4.0,7.0,5.0,8.0,3.0,7.0,0.0,0.0,0.0,1.0,93.8,66.7,0.0,0.0,64744.0,45321.0,7500.0,55744.0,0,0
35333,26600.0,0.2305,750.64,1,26000.0,0,0,n,90.58,0.0,1.0,14.0,0.0,18679.0,26.0,1,23984.85,23984.85,7472.34,7472.34,2615.15,4857.19,0.0,0.0,0.0,750.64,0.0,1.0,0,0.0,0.0,71805.0,1.0,4.0,0.0,1.0,19.0,41166.0,66.0,3.0,4.0,5584.0,65.0,29900.0,1.0,4.0,1.0,5.0,5523.0,6423.0,63.5,0.0,0.0,93.0,123.0,3.0,3.0,1.0,3.0,3.0,0.0,4.0,8.0,5.0,6.0,14.0,9.0,11.0,8.0,14.0,0.0,0.0,0.0,3.0,96.2,50.0,0.0,0.0,163715.0,59845.0,17600.0,62865.0,0,0
35377,10000.0,0.2565,401.05,1,120000.0,0,0,n,31.36,0.0,0.0,21.0,0.0,56173.0,32.0,0,9812.7,9812.7,1568.58,1568.58,187.3,1381.28,0.0,0.0,0.0,0.0,0.0,1.0,1,0.0,0.0,85220.0,0.0,4.0,1.0,1.0,10.0,29047.0,46.0,0.0,1.0,9737.0,65.0,66900.0,1.0,0.0,1.0,2.0,4261.0,3090.0,94.4,0.0,0.0,95.0,346.0,17.0,10.0,0.0,17.0,10.0,0.0,11.0,15.0,11.0,14.0,5.0,17.0,27.0,15.0,21.0,0.0,0.0,0.0,1.0,100.0,90.9,0.0,0.0,130291.0,85220.0,55300.0,63391.0,0,0
35405,40000.0,0.08810000000000001,1268.46,1,155000.0,1,0,n,14.09,0.0,2.0,11.0,1.0,32364.0,18.0,0,39162.25,39162.25,3638.06,3638.06,837.75,2800.31,0.0,0.0,0.0,634.23,0.0,1.0,1,0.0,0.0,51678.0,3.0,2.0,0.0,1.0,13.0,19314.0,56.0,4.0,5.0,16834.0,62.0,48500.0,0.0,5.0,3.0,6.0,4698.0,11436.0,73.9,0.0,0.0,151.0,294.0,5.0,5.0,0.0,5.0,5.0,0.0,5.0,5.0,6.0,6.0,8.0,9.0,10.0,5.0,11.0,0.0,0.0,0.0,4.0,100.0,33.3,1.0,0.0,83282.0,51678.0,43800.0,34782.0,0,0
35507,20200.0,0.1524,702.62,1,85000.0,0,0,n,17.0,0.0,0.0,8.0,0.0,20210.0,11.0,0,18452.52,18452.52,3246.22,3246.22,1747.48,1498.74,0.0,0.0,0.0,0.0,0.0,1.0,1,0.0,0.0,39773.0,0.0,2.0,0.0,2.0,14.0,16319.0,76.0,0.0,0.0,6352.0,78.0,25900.0,2.0,0.0,0.0,2.0,4972.0,5690.0,78.0,0.0,0.0,88.0,59.0,28.0,14.0,0.0,28.0,14.0,0.0,5.0,5.0,5.0,5.0,5.0,5.0,5.0,5.0,8.0,0.0,0.0,0.0,0.0,100.0,40.0,0.0,0.0,50931.0,39773.0,25900.0,21578.0,0,0
35522,12500.0,0.1102,271.91,1,87129.48,1,0,n,14.57,0.0,0.0,8.0,0.0,11643.0,22.0,0,11032.86,11032.86,2428.06,2428.06,1467.14,960.92,0.0,0.0,0.0,271.91,0.0,1.0,1,0.0,0.0,46595.0,1.0,1.0,2.0,2.0,3.0,34952.0,100.0,1.0,3.0,7617.0,48.0,62600.0,0.0,0.0,1.0,5.0,5824.0,46203.0,19.6,0.0,0.0,90.0,163.0,7.0,3.0,0.0,13.0,7.0,0.0,3.0,4.0,5.0,13.0,4.0,7.0,18.0,4.0,8.0,0.0,0.0,0.0,3.0,100.0,0.0,0.0,0.0,97600.0,46595.0,57500.0,35000.0,0,0
35529,8500.0,0.14300000000000002,291.75,1,63000.0,1,0,n,8.0,0.0,0.0,12.0,0.0,5168.0,16.0,0,6674.37,6674.37,2817.12,2817.12,1825.63,991.49,0.0,0.0,0.0,291.75,0.0,1.0,1,0.0,101.0,39827.0,3.0,9.0,4.0,8.0,5.0,34659.0,83.0,1.0,3.0,7.0,74.0,12300.0,0.0,0.0,0.0,11.0,3319.0,1293.0,0.5,0.0,0.0,56.0,32.0,3.0,3.0,0.0,25.0,23.0,0.0,1.0,3.0,1.0,3.0,11.0,3.0,5.0,3.0,12.0,0.0,0.0,0.0,5.0,93.8,0.0,0.0,0.0,54037.0,39827.0,1300.0,41737.0,0,0
35600,2150.0,0.1308,72.53,3,23000.0,1,0,n,6.0,0.0,1.0,6.0,1.0,2145.0,9.0,1,1654.63,1654.63,738.74,738.74,495.37,228.37,15.0,0.0,0.0,72.53,0.0,1.0,1,0.0,0.0,2653.0,0.0,1.0,0.0,1.0,23.0,508.0,51.0,1.0,2.0,1438.0,40.0,5700.0,2.0,0.0,4.0,3.0,442.0,2562.0,36.0,0.0,0.0,171.0,142.0,12.0,12.0,0.0,12.0,4.0,0.0,1.0,2.0,3.0,4.0,2.0,5.0,7.0,2.0,6.0,0.0,0.0,0.0,1.0,77.8,33.3,1.0,0.0,6700.0,2653.0,4000.0,1000.0,0,0
35629,26575.0,0.2055,712.24,2,50300.0,1,0,n,34.27,0.0,3.0,13.0,0.0,32600.0,43.0,0,25244.49,25244.49,3485.35,3485.35,1330.51,2154.84,0.0,0.0,0.0,0.0,0.0,1.0,0,0.0,0.0,167670.0,4.0,2.0,1.0,3.0,4.0,29313.0,94.0,2.0,5.0,8712.0,56.0,60500.0,1.0,0.0,4.0,9.0,12898.0,24258.0,55.5,0.0,0.0,160.0,252.0,2.0,2.0,6.0,2.0,2.0,0.0,6.0,7.0,7.0,13.0,18.0,10.0,19.0,7.0,13.0,0.0,0.0,0.0,4.0,100.0,42.9,0.0,0.0,210451.0,61913.0,54500.0,44195.0,0,0
35667,8800.0,0.1308,200.59,1,54996.0,1,0,n,24.26,0.0,2.0,7.0,1.0,5632.0,13.0,0,0.0,0.0,689.01,689.01,210.48,478.53,0.0,0.0,0.0,93.63,0.0,1.0,1,0.0,0.0,54599.0,3.0,3.0,2.0,3.0,2.0,48967.0,82.0,3.0,6.0,3823.0,61.0,30600.0,4.0,1.0,6.0,9.0,7800.0,24968.0,18.4,0.0,0.0,52.0,68.0,4.0,2.0,0.0,4.0,2.0,0.0,4.0,4.0,4.0,5.0,6.0,4.0,7.0,4.0,7.0,0.0,0.0,0.0,5.0,100.0,0.0,1.0,0.0,90274.0,54599.0,30600.0,59674.0,0,0
35680,35000.0,0.2055,938.03,1,110000.0,1,0,n,17.89,0.0,2.0,21.0,0.0,22682.0,26.0,0,0.0,0.0,5711.69,5711.69,338.65,559.42,0.0,4813.62,866.4516,0.0,0.0,1.0,1,0.0,0.0,56403.0,5.0,2.0,0.0,1.0,15.0,33721.0,82.0,6.0,11.0,11629.0,34.0,86400.0,1.0,1.0,2.0,12.0,2820.0,51116.0,30.1,0.0,0.0,207.0,287.0,5.0,5.0,0.0,5.0,5.0,1.0,12.0,15.0,15.0,16.0,5.0,19.0,21.0,15.0,21.0,0.0,0.0,0.0,6.0,100.0,28.6,0.0,0.0,138596.0,56403.0,73100.0,52196.0,0,0
35763,27000.0,0.2565,1082.82,1,84920.0,1,0,n,34.84,0.0,0.0,10.0,0.0,32295.0,15.0,0,0.0,0.0,4292.8,4292.8,1022.2,3270.6,0.0,0.0,0.0,1082.82,0.0,1.0,1,0.0,0.0,65511.0,0.0,3.0,0.0,1.0,13.0,33216.0,60.0,0.0,1.0,18186.0,72.0,36500.0,1.0,1.0,0.0,2.0,6551.0,930.0,97.1,0.0,0.0,63.0,86.0,24.0,13.0,0.0,24.0,13.0,0.0,3.0,5.0,4.0,5.0,6.0,7.0,9.0,5.0,10.0,0.0,0.0,0.0,0.0,100.0,75.0,0.0,0.0,91500.0,65511.0,32500.0,55000.0,0,0
35764,11000.0,0.0646,336.94,2,50000.0,0,0,n,33.15,0.0,1.0,15.0,1.0,15919.0,24.0,0,9024.26,9024.26,2354.63,2354.63,1975.74,378.89,0.0,0.0,0.0,0.0,0.0,1.0,1,0.0,0.0,37007.0,0.0,2.0,0.0,0.0,28.0,21088.0,51.0,2.0,4.0,11100.0,37.0,58600.0,0.0,2.0,1.0,4.0,2467.0,38103.0,28.8,0.0,0.0,52.0,151.0,9.0,9.0,0.0,9.0,3.0,0.0,3.0,4.0,8.0,9.0,4.0,13.0,20.0,4.0,15.0,0.0,0.0,0.0,2.0,100.0,0.0,1.0,0.0,99972.0,37007.0,53500.0,41372.0,0,0
35769,12125.0,0.1862,312.0,2,93000.0,0,0,n,18.54,0.0,3.0,14.0,0.0,9666.0,32.0,0,11270.76,11270.76,2171.46,2171.46,854.24,1317.22,0.0,0.0,0.0,0.0,0.0,1.0,1,0.0,0.0,170988.0,6.0,3.0,2.0,5.0,4.0,58904.0,89.0,5.0,7.0,5095.0,74.0,26800.0,4.0,5.0,3.0,12.0,12213.0,9473.0,42.9,0.0,0.0,100.0,283.0,4.0,4.0,2.0,4.0,4.0,2.0,4.0,6.0,4.0,9.0,11.0,10.0,19.0,6.0,14.0,0.0,0.0,0.0,7.0,90.0,0.0,0.0,0.0,214896.0,68570.0,16600.0,66047.0,0,0
35826,28000.0,0.08810000000000001,887.92,1,150000.0,0,0,n,17.6,0.0,3.0,23.0,1.0,32066.0,53.0,0,0.0,0.0,1275.34,1275.34,682.35,592.99,0.0,0.0,0.0,200.56,0.0,1.0,1,0.0,0.0,71743.0,3.0,3.0,0.0,0.0,28.0,39677.0,59.0,4.0,7.0,11648.0,39.0,115900.0,0.0,7.0,3.0,7.0,3261.0,38501.0,44.2,0.0,0.0,147.0,262.0,2.0,2.0,2.0,2.0,1.0,0.0,4.0,8.0,10.0,17.0,7.0,20.0,44.0,8.0,23.0,0.0,0.0,0.0,4.0,100.0,22.2,1.0,0.0,182730.0,71743.0,69000.0,66830.0,0,0
35901,7000.0,0.2305,271.16,2,85000.0,0,0,n,4.13,0.0,1.0,9.0,0.0,6469.0,25.0,0,6581.97,6581.97,804.52,804.52,418.03,386.49,0.0,0.0,0.0,0.0,0.0,1.0,1,0.0,0.0,483639.0,2.0,1.0,1.0,1.0,12.0,11988.0,145.0,1.0,2.0,5804.0,79.0,14600.0,1.0,0.0,5.0,6.0,53738.0,1696.0,77.4,0.0,0.0,170.0,166.0,3.0,3.0,4.0,51.0,2.0,0.0,1.0,2.0,1.0,2.0,9.0,6.0,11.0,2.0,9.0,0.0,0.0,0.0,3.0,95.2,100.0,0.0,0.0,491396.0,20111.0,7500.0,8272.0,0,0
35942,18000.0,0.2055,674.0,2,60000.0,0,0,n,23.86,0.0,0.0,10.0,0.0,23745.0,22.0,0,0.0,0.0,3318.62,3318.62,1892.46,1426.16,0.0,0.0,0.0,0.0,0.0,1.0,1,0.0,0.0,45693.0,0.0,2.0,1.0,1.0,10.0,21948.0,71.0,0.0,0.0,16479.0,50.0,60600.0,0.0,0.0,2.0,1.0,4569.0,8723.0,73.1,0.0,0.0,96.0,226.0,26.0,10.0,2.0,26.0,1.0,1.0,3.0,4.0,3.0,4.0,5.0,8.0,15.0,4.0,10.0,0.0,0.0,0.0,1.0,95.5,66.7,0.0,0.0,91433.0,45693.0,32400.0,30833.0,0,0
35955,30000.0,0.1862,771.96,1,90000.0,1,0,n,20.12,0.0,1.0,10.0,0.0,8879.0,22.0,0,27752.3,27752.3,5372.69,5372.69,2247.7,3124.99,0.0,0.0,0.0,0.0,0.0,1.0,1,0.0,224.0,83279.0,0.0,3.0,0.0,1.0,18.0,74400.0,85.0,0.0,2.0,5134.0,80.0,13400.0,1.0,9.0,4.0,3.0,8328.0,4521.0,66.3,0.0,0.0,95.0,77.0,18.0,18.0,2.0,18.0,3.0,0.0,4.0,4.0,6.0,7.0,12.0,6.0,7.0,4.0,10.0,0.0,0.0,0.0,0.0,100.0,50.0,0.0,0.0,103455.0,83279.0,13400.0,89696.0,0,0
35979,14000.0,0.1524,334.83,2,65000.0,1,0,n,29.32,0.0,0.0,15.0,0.0,11575.0,30.0,0,0.0,0.0,1662.3,1662.3,805.35,856.95,0.0,0.0,0.0,334.83,0.0,1.0,1,0.0,0.0,400796.0,2.0,2.0,1.0,5.0,7.0,65333.0,94.0,3.0,4.0,3150.0,42.0,55800.0,2.0,7.0,3.0,10.0,26720.0,36449.0,21.4,0.0,0.0,121.0,162.0,1.0,1.0,1.0,1.0,7.0,0.0,5.0,6.0,8.0,11.0,10.0,12.0,19.0,6.0,15.0,0.0,0.0,0.0,5.0,100.0,0.0,0.0,0.0,457341.0,76908.0,46400.0,74336.0,0,0
36021,15950.0,0.1308,363.57,2,70000.0,0,0,n,17.13,0.0,0.0,12.0,0.0,16792.0,27.0,0,14930.57,14930.57,2533.4,2533.4,1019.43,1513.97,0.0,0.0,0.0,0.0,0.0,1.0,1,0.0,0.0,87225.0,0.0,3.0,2.0,3.0,10.0,23148.0,86.0,0.0,1.0,7222.0,58.0,42500.0,2.0,0.0,1.0,4.0,7269.0,6535.0,72.0,0.0,0.0,130.0,153.0,23.0,10.0,1.0,38.0,12.0,1.0,4.0,5.0,4.0,6.0,14.0,8.0,12.0,5.0,12.0,0.0,0.0,0.0,2.0,92.6,50.0,0.0,0.0,152500.0,39940.0,23300.0,27000.0,0,0
36024,40000.0,0.2055,1072.04,2,72000.0,0,0,n,19.03,0.0,0.0,10.0,0.0,15582.0,16.0,0,36268.25,36268.25,9602.69,9602.69,3731.75,5870.94,0.0,0.0,0.0,0.0,0.0,1.0,0,0.0,0.0,26603.0,0.0,2.0,0.0,1.0,18.0,11021.0,34.0,1.0,2.0,4028.0,44.0,27800.0,1.0,2.0,1.0,3.0,2660.0,9960.0,54.7,0.0,0.0,113.0,118.0,12.0,12.0,0.0,12.0,11.0,0.0,4.0,5.0,6.0,9.0,4.0,8.0,12.0,5.0,10.0,0.0,0.0,0.0,1.0,87.5,33.3,0.0,0.0,60215.0,26603.0,22000.0,32415.0,0,0
36035,15950.0,0.1524,381.47,1,75000.0,1,0,n,14.59,0.0,3.0,30.0,0.0,24199.0,33.0,0,15771.1,15771.1,1130.91,1130.91,178.9,952.01,0.0,0.0,0.0,0.0,0.0,1.0,1,0.0,0.0,35367.0,6.0,1.0,1.0,1.0,11.0,11168.0,80.0,6.0,9.0,8527.0,29.0,110000.0,1.0,2.0,7.0,10.0,1220.0,12009.0,51.2,0.0,0.0,49.0,51.0,0.0,0.0,0.0,4.0,0.0,0.0,5.0,7.0,13.0,13.0,4.0,29.0,29.0,7.0,30.0,0.0,0.0,0.0,7.0,100.0,15.4,0.0,0.0,124000.0,35367.0,24600.0,14000.0,0,0
36039,20000.0,0.16949999999999998,712.56,2,120000.0,1,0,n,15.18,0.0,0.0,17.0,0.0,31255.0,20.0,0,18807.73,18807.73,2118.85,2118.85,1192.27,926.58,0.0,0.0,0.0,0.0,0.0,1.0,1,0.0,0.0,91247.0,0.0,8.0,1.0,4.0,11.0,59992.0,96.0,0.0,2.0,7590.0,94.0,34700.0,2.0,0.0,3.0,6.0,5367.0,3445.0,90.1,0.0,0.0,161.0,68.0,19.0,11.0,1.0,19.0,11.0,0.0,7.0,7.0,9.0,9.0,10.0,9.0,9.0,7.0,17.0,0.0,0.0,0.0,1.0,100.0,77.8,0.0,0.0,97315.0,91247.0,34700.0,62615.0,0,0
36079,15000.0,0.2055,561.67,1,60000.0,1,0,n,25.46,0.0,1.0,6.0,0.0,12391.0,19.0,0,0.0,0.0,1106.22,1106.22,614.81,491.41,0.0,0.0,0.0,0.0,0.0,1.0,1,0.0,0.0,57796.0,1.0,4.0,3.0,6.0,3.0,45405.0,96.0,0.0,0.0,9924.0,96.0,12500.0,2.0,0.0,2.0,6.0,9633.0,109.0,99.1,0.0,0.0,90.0,107.0,32.0,3.0,0.0,66.0,3.0,0.0,2.0,2.0,2.0,5.0,14.0,2.0,5.0,2.0,6.0,0.0,0.0,0.0,3.0,100.0,100.0,0.0,0.0,59924.0,57796.0,12500.0,47424.0,0,0
36131,14000.0,0.124,314.26,3,40000.0,0,0,n,19.23,1.0,0.0,9.0,0.0,14397.0,13.0,0,0.0,0.0,2190.18,2190.18,1173.3,1016.88,0.0,0.0,0.0,0.0,0.0,1.0,1,0.0,0.0,28160.0,0.0,1.0,0.0,1.0,22.0,1347.0,50.0,1.0,1.0,5349.0,84.0,16000.0,0.0,1.0,0.0,2.0,3129.0,835.0,91.0,0.0,0.0,63.0,82.0,11.0,11.0,2.0,39.0,22.0,0.0,3.0,7.0,3.0,4.0,3.0,7.0,8.0,7.0,9.0,0.0,0.0,0.0,1.0,92.3,66.7,0.0,0.0,69496.0,15744.0,9300.0,2696.0,0,0
36155,7000.0,0.17739999999999995,252.16,1,53000.0,1,0,n,30.89,0.0,1.0,18.0,0.0,6672.0,27.0,0,5969.87,5969.87,2010.38,2010.38,1030.13,980.25,0.0,0.0,0.0,252.16,0.0,1.0,1,0.0,452.0,33288.0,2.0,4.0,1.0,2.0,10.0,26164.0,58.0,5.0,7.0,3070.0,51.0,18900.0,2.0,0.0,4.0,10.0,1849.0,9388.0,38.6,0.0,0.0,65.0,171.0,6.0,6.0,0.0,6.0,6.0,1.0,8.0,9.0,10.0,13.0,6.0,13.0,20.0,9.0,18.0,0.0,0.0,0.0,7.0,96.2,10.0,0.0,0.0,64998.0,33288.0,15300.0,45512.0,0,0
36201,21275.0,0.1308,484.95,2,100000.0,0,0,n,6.31,0.0,3.0,14.0,0.0,2159.0,17.0,0,0.0,0.0,669.49,669.49,299.43,370.06,0.0,0.0,0.0,100.0,0.0,1.0,0,0.0,0.0,272920.0,1.0,1.0,0.0,1.0,19.0,11968.0,80.0,2.0,8.0,1009.0,34.0,24000.0,6.0,0.0,5.0,9.0,19494.0,18941.0,10.2,0.0,0.0,19.0,62.0,4.0,4.0,3.0,8.0,1.0,0.0,4.0,4.0,9.0,10.0,1.0,11.0,12.0,4.0,14.0,0.0,0.0,0.0,2.0,94.1,0.0,0.0,0.0,401359.0,14156.0,21100.0,15000.0,0,0
36282,15000.0,0.2305,581.04,1,70000.0,0,0,n,34.24,2.0,1.0,15.0,0.0,9199.0,23.0,0,12151.87,12151.87,5210.15,5210.15,2848.13,2362.02,0.0,0.0,0.0,0.0,1.0,1.0,1,0.0,257.0,42743.0,1.0,4.0,1.0,3.0,6.0,33544.0,65.0,0.0,2.0,3644.0,61.0,18200.0,2.0,0.0,1.0,5.0,2850.0,5917.0,58.3,0.0,0.0,90.0,202.0,19.0,6.0,0.0,19.0,6.0,1.0,6.0,8.0,7.0,9.0,7.0,11.0,15.0,8.0,15.0,0.0,0.0,0.0,1.0,78.3,42.9,0.0,0.0,69805.0,42743.0,14200.0,51605.0,0,0
36444,19125.0,0.17739999999999995,688.93,1,300000.0,1,0,n,12.19,0.0,0.0,10.0,0.0,33946.0,12.0,1,0.0,0.0,4414.6,4414.6,966.07,1081.87,0.0,2366.66,425.9988000078,0.0,0.0,1.0,1,0.0,0.0,75790.0,0.0,4.0,0.0,2.0,21.0,38989.0,57.0,0.0,0.0,9621.0,66.0,34800.0,3.0,0.0,0.0,3.0,7579.0,684.0,97.7,0.0,0.0,48.0,96.0,44.0,12.0,0.0,44.0,21.0,0.0,4.0,5.0,4.0,5.0,5.0,5.0,6.0,5.0,10.0,0.0,0.0,0.0,1.0,100.0,100.0,0.0,0.0,115635.0,75790.0,29400.0,68898.0,0,0
36477,14000.0,0.16949999999999998,498.79,1,150000.0,1,0,n,18.0,0.0,0.0,10.0,0.0,4201.0,13.0,0,12019.05,12019.05,3957.36,3957.36,1980.95,1976.41,0.0,0.0,0.0,498.79,0.0,1.0,1,0.0,6778.0,86466.0,0.0,5.0,0.0,5.0,13.0,82265.0,85.0,0.0,1.0,3797.0,80.0,8200.0,5.0,0.0,1.0,6.0,8647.0,3999.0,51.2,0.0,0.0,143.0,140.0,16.0,13.0,0.0,16.0,11.0,0.0,5.0,5.0,5.0,5.0,8.0,5.0,5.0,5.0,10.0,0.0,0.0,0.0,0.0,92.3,20.0,0.0,0.0,110994.0,86466.0,8200.0,102794.0,0,0
36491,35575.0,0.1612,867.39,2,130000.0,0,0,n,22.57,0.0,0.0,27.0,0.0,28142.0,63.0,0,0.0,0.0,5245.9,5245.9,389.5,446.03,0.0,4410.37,793.8666,0.0,0.0,1.0,1,0.0,0.0,642767.0,0.0,3.0,1.0,3.0,10.0,36085.0,62.0,5.0,8.0,6641.0,43.0,92900.0,2.0,0.0,2.0,11.0,23806.0,41211.0,38.2,0.0,0.0,149.0,190.0,8.0,8.0,3.0,8.0,10.0,0.0,9.0,12.0,14.0,23.0,11.0,21.0,48.0,12.0,27.0,0.0,0.0,0.0,6.0,100.0,14.3,0.0,0.0,822017.0,64227.0,66700.0,58089.0,0,0
36502,40000.0,0.16949999999999998,1425.12,2,50796.0,1,0,n,43.4,0.0,1.0,12.0,0.0,50710.0,47.0,1,34295.28,34295.28,11367.69,11367.69,5704.72,5662.97,0.0,0.0,0.0,1426.0,0.0,1.0,0,0.0,0.0,324742.0,0.0,1.0,0.0,0.0,29.0,20258.0,58.0,2.0,5.0,13293.0,53.0,98500.0,0.0,3.0,2.0,6.0,27062.0,34015.0,58.3,0.0,0.0,197.0,237.0,9.0,9.0,2.0,9.0,3.0,0.0,6.0,7.0,8.0,14.0,23.0,10.0,22.0,7.0,12.0,0.0,0.0,0.0,3.0,95.7,50.0,0.0,0.0,389185.0,70968.0,81500.0,34685.0,0,0
36591,18000.0,0.28800000000000003,569.17,1,85000.0,0,0,n,31.56,0.0,0.0,23.0,0.0,31193.0,27.0,0,0.0,0.0,540.37,540.37,137.17,403.2,0.0,0.0,0.0,0.0,0.0,1.0,1,0.0,0.0,68202.0,1.0,3.0,1.0,2.0,6.0,36722.0,74.0,0.0,4.0,7945.0,31.0,169000.0,0.0,0.0,0.0,6.0,2965.0,113000.0,20.4,0.0,0.0,48.0,59.0,18.0,6.0,0.0,18.0,14.0,0.0,12.0,14.0,15.0,18.0,4.0,19.0,22.0,14.0,23.0,0.0,0.0,0.0,1.0,100.0,0.0,0.0,0.0,222035.0,68202.0,142000.0,49851.0,0,0
36608,40000.0,0.1171,883.93,1,124000.0,0,0,n,6.94,0.0,0.0,16.0,0.0,5776.0,20.0,0,0.0,0.0,0.0,0.0,0.0,0.0,0.0,0.0,0.0,0.0,0.0,1.0,0,0.0,0.0,31189.0,0.0,1.0,1.0,1.0,11.0,25413.0,90.0,0.0,2.0,505.0,46.0,39700.0,1.0,1.0,3.0,3.0,1949.0,23377.0,6.5,0.0,0.0,77.0,64.0,15.0,11.0,0.0,17.0,11.0,0.0,5.0,6.0,10.0,11.0,3.0,15.0,17.0,6.0,16.0,0.0,0.0,0.0,1.0,100.0,0.0,0.0,0.0,68042.0,31189.0,25000.0,28342.0,0,0
36635,6000.0,0.124,200.44,3,115500.0,0,0,n,24.27,1.0,1.0,25.0,0.0,14182.0,47.0,0,4549.42,4549.42,2000.27,2000.27,1450.58,549.69,0.0,0.0,0.0,0.0,0.0,1.0,1,0.0,0.0,124805.0,1.0,20.0,1.0,4.0,3.0,110623.0,101.0,1.0,1.0,9777.0,98.0,17300.0,3.0,1.0,2.0,5.0,4992.0,1318.0,91.5,0.0,0.0,155.0,345.0,8.0,3.0,2.0,8.0,3.0,10.0,3.0,3.0,3.0,11.0,30.0,5.0,15.0,3.0,25.0,0.0,0.0,0.0,2.0,74.5,100.0,0.0,0.0,127392.0,124805.0,15500.0,110092.0,0,0
36686,19000.0,0.2055,509.22,3,90000.0,0,0,n,7.45,2.0,2.0,10.0,0.0,12423.0,38.0,0,17227.41,17227.41,4561.29,4561.29,1772.59,2788.7,0.0,0.0,0.0,0.0,0.0,1.0,1,0.0,12637.0,15062.0,3.0,1.0,0.0,0.0,29.0,2639.0,35.0,6.0,6.0,7467.0,29.0,43800.0,4.0,1.0,5.0,6.0,1506.0,28577.0,30.3,0.0,0.0,155.0,130.0,2.0,2.0,0.0,6.0,2.0,5.0,6.0,6.0,7.0,8.0,25.0,9.0,12.0,6.0,10.0,0.0,0.0,0.0,6.0,76.3,0.0,0.0,0.0,51319.0,15062.0,41000.0,7519.0,0,0
36782,29075.0,0.1033,942.68,3,62000.0,1,0,n,26.15,0.0,0.0,11.0,0.0,1189.0,23.0,0,24899.87,24899.87,6496.79,6496.79,4175.13,2321.66,0.0,0.0,0.0,214.35,0.0,1.0,1,0.0,349.0,39962.0,0.0,4.0,3.0,4.0,7.0,38773.0,71.0,0.0,1.0,1057.0,49.0,26900.0,1.0,0.0,0.0,5.0,3633.0,23995.0,4.4,0.0,0.0,48.0,66.0,15.0,7.0,1.0,15.0,16.0,0.0,2.0,3.0,6.0,6.0,14.0,7.0,8.0,3.0,11.0,0.0,0.0,0.0,3.0,100.0,0.0,0.0,0.0,81764.0,39962.0,25100.0,54864.0,1,0
36811,24000.0,0.124,801.74,2,100808.0,0,0,n,20.44,0.0,1.0,7.0,0.0,9829.0,19.0,0,0.0,0.0,991.49,991.49,760.02,231.47,0.0,0.0,0.0,206.28,0.0,1.0,0,0.0,0.0,332618.0,2.0,3.0,0.0,1.0,22.0,53561.0,41.0,0.0,1.0,1657.0,61.0,10500.0,1.0,7.0,7.0,4.0,55436.0,643.0,72.0,0.0,0.0,184.0,164.0,15.0,3.0,5.0,15.0,3.0,0.0,1.0,2.0,1.0,1.0,10.0,3.0,4.0,2.0,7.0,0.0,0.0,0.0,2.0,100.0,0.0,0.0,0.0,364208.0,63390.0,2300.0,84083.0,0,0
36902,2750.0,0.28800000000000003,114.95,1,51000.0,0,0,n,28.89,0.0,1.0,20.0,0.0,1655.0,24.0,0,0.0,0.0,742.78,742.78,167.16,575.62,0.0,0.0,0.0,0.0,0.0,1.0,1,0.0,61.0,114499.0,3.0,17.0,3.0,5.0,2.0,112844.0,100.0,1.0,2.0,1489.0,85.0,20800.0,1.0,2.0,2.0,7.0,5725.0,13145.0,11.2,0.0,0.0,102.0,46.0,4.0,2.0,0.0,4.0,6.0,0.0,2.0,2.0,2.0,3.0,20.0,3.0,4.0,2.0,20.0,0.0,0.0,0.0,4.0,100.0,0.0,0.0,0.0,134197.0,114499.0,14800.0,113397.0,0,0
36904,14225.0,0.2565,570.49,3,105000.0,0,0,n,28.54,0.0,0.0,15.0,0.0,44530.0,25.0,0,11728.36,11728.36,5114.14,5114.14,2496.64,2617.5,0.0,0.0,0.0,0.0,0.0,1.0,1,0.0,0.0,71570.0,0.0,1.0,1.0,1.0,7.0,27040.0,90.0,0.0,2.0,9251.0,61.0,87200.0,1.0,0.0,1.0,3.0,4771.0,22316.0,63.4,0.0,0.0,123.0,169.0,13.0,7.0,1.0,13.0,7.0,0.0,6.0,8.0,8.0,8.0,7.0,14.0,17.0,8.0,15.0,0.0,0.0,0.0,1.0,96.0,62.5,0.0,0.0,117200.0,71570.0,61000.0,30000.0,0,0
36914,8000.0,0.1612,281.74,3,80000.0,0,0,n,29.69,0.0,0.0,7.0,0.0,18434.0,10.0,0,0.0,0.0,1119.8,1119.8,449.8,670.0,0.0,0.0,0.0,281.74,0.0,1.0,1,0.0,0.0,66172.0,0.0,3.0,0.0,1.0,19.0,47738.0,65.0,0.0,0.0,8632.0,73.0,20300.0,1.0,1.0,1.0,1.0,9453.0,1866.0,90.8,0.0,0.0,102.0,397.0,46.0,19.0,0.0,46.0,11.0,0.0,4.0,4.0,4.0,5.0,5.0,4.0,5.0,4.0,7.0,0.0,0.0,0.0,0.0,100.0,75.0,0.0,0.0,102056.0,66172.0,20300.0,81756.0,0,0
36924,21000.0,0.16949999999999998,748.19,1,67000.0,1,0,n,20.33,0.0,1.0,16.0,0.0,22249.0,29.0,0,0.0,0.0,10154.21,10154.21,8128.23,595.72,0.0,1430.26,257.4468,1496.38,0.0,1.0,1,0.0,0.0,29550.0,1.0,1.0,0.0,1.0,13.0,7301.0,73.0,1.0,3.0,2357.0,59.0,40400.0,1.0,0.0,1.0,4.0,1847.0,5958.0,70.5,0.0,0.0,13.0,229.0,5.0,5.0,0.0,5.0,3.0,0.0,8.0,13.0,8.0,11.0,1.0,15.0,28.0,13.0,16.0,0.0,0.0,0.0,1.0,79.3,37.5,0.0,0.0,50400.0,29550.0,20200.0,10000.0,0,0
36947,9600.0,0.16949999999999998,342.03,1,42500.0,1,0,n,22.71,0.0,1.0,12.0,0.0,9118.0,15.0,0,7864.57,7864.57,2727.2,2727.2,1735.43,991.77,0.0,0.0,0.0,0.0,0.0,1.0,1,0.0,0.0,35906.0,2.0,2.0,1.0,2.0,2.0,26788.0,94.0,1.0,3.0,2018.0,71.0,21800.0,1.0,3.0,1.0,5.0,2992.0,8922.0,38.9,0.0,0.0,93.0,57.0,3.0,2.0,0.0,3.0,2.0,0.0,6.0,8.0,7.0,7.0,5.0,10.0,10.0,8.0,12.0,0.0,0.0,0.0,2.0,100.0,0.0,0.0,0.0,50350.0,35906.0,14600.0,28550.0,0,0
36965,16000.0,0.2565,475.74,1,65000.0,0,0,n,34.31,0.0,1.0,19.0,0.0,13354.0,26.0,0,0.0,0.0,2831.64,2831.64,697.9,2133.74,0.0,0.0,0.0,0.0,0.0,1.0,1,0.0,0.0,48761.0,3.0,3.0,3.0,3.0,2.0,35407.0,83.0,3.0,7.0,5374.0,53.0,50000.0,2.0,0.0,4.0,10.0,2566.0,28544.0,30.2,0.0,0.0,57.0,151.0,1.0,1.0,0.0,1.0,1.0,0.0,11.0,13.0,12.0,13.0,8.0,16.0,18.0,13.0,19.0,0.0,0.0,0.0,6.0,96.2,8.3,0.0,0.0,92734.0,48761.0,40900.0,42734.0,0,0
37153,4800.0,0.1862,175.03,2,70000.0,0,0,n,8.28,0.0,0.0,6.0,0.0,12334.0,21.0,0,3721.3,3721.3,1745.33,1745.33,1078.7,666.63,0.0,0.0,0.0,0.0,0.0,1.0,1,0.0,0.0,16894.0,0.0,1.0,1.0,3.0,11.0,4560.0,44.0,0.0,0.0,5872.0,54.0,20800.0,2.0,0.0,1.0,3.0,2816.0,5650.0,67.3,0.0,0.0,145.0,365.0,27.0,11.0,0.0,27.0,11.0,0.0,4.0,5.0,4.0,11.0,6.0,5.0,15.0,5.0,6.0,0.0,0.0,0.0,1.0,95.2,75.0,0.0,0.0,31060.0,16894.0,17300.0,10260.0,0,0
37184,4375.0,0.17739999999999995,157.6,1,10000.0,0,0,n,18.13,0.0,1.0,5.0,0.0,2176.0,8.0,0,3385.58,3385.58,1571.69,1571.69,989.42,582.27,0.0,0.0,0.0,0.0,0.0,1.0,1,0.0,0.0,22551.0,1.0,3.0,0.0,0.0,41.0,20375.0,102.0,1.0,1.0,1997.0,78.0,9000.0,0.0,0.0,3.0,1.0,4510.0,6824.0,24.2,0.0,0.0,43.0,179.0,6.0,6.0,0.0,6.0,6.0,0.0,2.0,2.0,2.0,3.0,3.0,2.0,5.0,2.0,5.0,0.0,0.0,0.0,1.0,87.5,50.0,0.0,0.0,29000.0,22551.0,9000.0,20000.0,0,0
37227,10625.0,0.14300000000000002,364.69,2,105000.0,0,0,n,10.48,0.0,2.0,12.0,1.0,8025.0,17.0,0,9007.14,9007.14,2959.08,2959.08,1617.86,1341.22,0.0,0.0,0.0,364.69,0.0,1.0,1,0.0,511.0,27672.0,3.0,1.0,0.0,1.0,17.0,19647.0,77.0,3.0,8.0,1360.0,65.0,16700.0,1.0,0.0,2.0,9.0,2306.0,3908.0,55.1,0.0,0.0,82.0,46.0,3.0,3.0,3.0,3.0,3.0,2.0,5.0,9.0,5.0,5.0,2.0,11.0,12.0,9.0,12.0,0.0,0.0,0.0,3.0,87.5,20.0,1.0,0.0,42376.0,27672.0,8700.0,25676.0,0,0
37264,7000.0,0.17739999999999995,252.16,2,32000.0,1,0,n,13.05,0.0,0.0,11.0,0.0,9437.0,18.0,0,5783.4,5783.4,2010.38,2010.38,1216.6,793.78,0.0,0.0,0.0,252.16,0.0,1.0,1,0.0,0.0,23102.0,1.0,5.0,1.0,1.0,3.0,13665.0,107.0,0.0,1.0,5406.0,95.0,11500.0,0.0,4.0,1.0,2.0,2100.0,2042.0,81.4,0.0,0.0,112.0,143.0,23.0,3.0,2.0,23.0,1.0,0.0,4.0,5.0,5.0,8.0,7.0,6.0,9.0,5.0,11.0,0.0,0.0,0.0,1.0,100.0,60.0,0.0,0.0,24333.0,23102.0,11000.0,12833.0,0,0
37361,25000.0,0.2305,968.4,2,70000.0,1,0,n,15.07,0.0,0.0,8.0,0.0,22423.0,23.0,0,0.0,0.0,3841.59,3841.59,1077.46,2764.13,0.0,0.0,0.0,968.4,0.0,1.0,1,0.0,0.0,210306.0,1.0,1.0,0.0,0.0,34.0,14946.0,75.0,1.0,1.0,7476.0,75.0,30100.0,0.0,2.0,1.0,2.0,26288.0,4485.0,76.5,0.0,0.0,125.0,119.0,2.0,2.0,1.0,2.0,5.0,0.0,4.0,6.0,4.0,7.0,6.0,6.0,16.0,6.0,8.0,0.0,0.0,0.0,1.0,100.0,75.0,0.0,0.0,226050.0,37369.0,19100.0,20000.0,0,0
37378,8500.0,0.17739999999999995,306.19,1,47974.0,1,0,n,19.89,1.0,1.0,13.0,0.0,7090.0,20.0,0,7069.78,7069.78,2244.0,2244.0,1430.22,813.78,0.0,0.0,0.0,0.0,0.0,1.0,1,0.0,0.0,66444.0,2.0,8.0,1.0,3.0,4.0,59354.0,120.0,1.0,2.0,4229.0,104.0,14500.0,2.0,1.0,1.0,5.0,5111.0,3328.0,58.4,0.0,0.0,138.0,64.0,5.0,4.0,0.0,5.0,4.0,0.0,2.0,5.0,2.0,2.0,14.0,5.0,6.0,5.0,13.0,0.0,0.0,1.0,2.0,90.0,50.0,0.0,0.0,63968.0,66444.0,8000.0,49468.0,0,0
37403,8400.0,0.0819,263.97,2,99400.0,1,0,n,20.92,0.0,1.0,13.0,0.0,16864.0,27.0,0,7687.13,7687.13,1316.03,1316.03,712.87,603.16,0.0,0.0,0.0,263.97,0.0,1.0,1,0.0,0.0,291446.0,3.0,8.0,4.0,9.0,2.0,37394.0,66.0,0.0,1.0,6069.0,68.0,23400.0,0.0,2.0,1.0,10.0,22419.0,5531.0,70.3,0.0,0.0,125.0,101.0,17.0,2.0,2.0,17.0,5.0,1.0,3.0,4.0,3.0,3.0,21.0,4.0,4.0,4.0,13.0,0.0,0.0,0.0,4.0,88.9,66.7,0.0,0.0,325929.0,54258.0,18600.0,56879.0,0,0
37409,36825.0,0.1102,801.04,1,80000.0,1,0,n,26.06,0.0,1.0,11.0,0.0,4531.0,29.0,0,35137.48,35137.48,3982.65,3982.65,1687.52,2295.13,0.0,0.0,0.0,0.0,0.0,1.0,1,0.0,0.0,41446.0,2.0,3.0,2.0,3.0,7.0,36915.0,63.0,2.0,2.0,3269.0,31.0,74500.0,4.0,1.0,2.0,5.0,3768.0,67674.0,6.3,0.0,0.0,93.0,481.0,4.0,4.0,1.0,4.0,5.0,0.0,3.0,4.0,7.0,16.0,7.0,8.0,20.0,4.0,11.0,0.0,0.0,0.0,4.0,100.0,0.0,0.0,0.0,133125.0,41446.0,72200.0,58625.0,0,0
37410,16000.0,0.14300000000000002,549.18,1,67200.0,1,0,n,12.96,0.0,0.0,8.0,0.0,8295.0,9.0,0,13684.21,13684.21,4380.73,4380.73,2315.79,2064.94,0.0,0.0,0.0,1098.36,0.0,1.0,1,0.0,0.0,26129.0,0.0,2.0,0.0,2.0,16.0,17834.0,76.0,1.0,3.0,668.0,68.0,15100.0,0.0,4.0,0.0,5.0,3266.0,1332.0,33.4,0.0,0.0,30.0,51.0,9.0,9.0,0.0,29.0,19.0,0.0,1.0,4.0,2.0,2.0,3.0,6.0,6.0,4.0,8.0,0.0,0.0,0.0,1.0,100.0,0.0,0.0,0.0,38551.0,26129.0,2000.0,23451.0,0,0
37434,10000.0,0.2305,282.2,3,78000.0,0,0,n,39.06,0.0,0.0,11.0,0.0,7268.0,19.0,0,9130.66,9130.66,2809.19,2809.19,869.34,1939.85,0.0,0.0,0.0,0.0,0.0,1.0,1,0.0,0.0,147630.0,2.0,2.0,1.0,2.0,11.0,11050.0,38.0,4.0,7.0,3076.0,41.0,15200.0,1.0,1.0,5.0,11.0,13421.0,7932.0,47.8,0.0,0.0,122.0,292.0,2.0,2.0,2.0,2.0,3.0,4.0,5.0,5.0,8.0,11.0,3.0,8.0,14.0,5.0,11.0,0.0,0.0,0.0,7.0,88.2,12.5,0.0,0.0,174700.0,18318.0,15200.0,29500.0,0,0
37440,32000.0,0.0819,651.76,1,70000.0,1,0,n,20.93,0.0,1.0,20.0,0.0,11717.0,24.0,0,0.0,0.0,1940.72,1940.72,1308.97,631.75,0.0,0.0,0.0,0.0,0.0,1.0,1,0.0,0.0,65212.0,2.0,12.0,1.0,2.0,5.0,53495.0,89.0,1.0,1.0,8302.0,65.0,39300.0,0.0,1.0,1.0,3.0,3261.0,25057.0,31.5,0.0,0.0,101.0,109.0,1.0,1.0,0.0,1.0,5.0,0.0,4.0,5.0,6.0,9.0,13.0,8.0,11.0,5.0,20.0,0.0,0.0,0.0,2.0,100.0,16.7,0.0,0.0,99741.0,65212.0,36600.0,60441.0,0,0
37450,20000.0,0.1171,661.52,3,75000.0,1,0,n,22.04,0.0,1.0,20.0,0.0,26273.0,25.0,0,17132.71,17132.71,4290.49,4290.49,2867.29,1423.2,0.0,0.0,0.0,0.0,0.0,1.0,1,0.0,0.0,38164.0,0.0,3.0,1.0,3.0,11.0,11891.0,58.0,2.0,4.0,3245.0,36.0,85000.0,1.0,0.0,3.0,7.0,2009.0,38370.0,18.5,0.0,0.0,160.0,221.0,9.0,9.0,0.0,24.0,6.0,0.0,6.0,12.0,9.0,11.0,5.0,17.0,20.0,12.0,20.0,0.0,0.0,0.0,3.0,100.0,12.5,0.0,0.0,105347.0,38164.0,47100.0,20347.0,0,0
37470,2000.0,0.2055,74.89,1,40000.0,1,0,n,3.96,0.0,0.0,3.0,0.0,240.0,5.0,0,1750.63,1750.63,596.84,596.84,249.37,347.47,0.0,0.0,0.0,74.89,0.0,1.0,1,0.0,0.0,2226.0,1.0,1.0,0.0,1.0,16.0,1986.0,79.0,2.0,2.0,133.0,68.0,800.0,0.0,1.0,1.0,3.0,742.0,560.0,30.0,0.0,0.0,151.0,8.0,3.0,3.0,0.0,3.0,8.0,0.0,2.0,2.0,2.0,2.0,3.0,2.0,2.0,2.0,3.0,0.0,0.0,0.0,2.0,100.0,0.0,0.0,0.0,3300.0,2226.0,800.0,2500.0,0,0
37489,7000.0,0.1862,180.13,3,45000.0,0,0,n,9.47,0.0,0.0,7.0,1.0,5890.0,18.0,0,0.0,0.0,1073.54,1073.54,446.08,627.46,0.0,0.0,0.0,180.13,0.0,1.0,1,0.0,0.0,11862.0,2.0,1.0,1.0,2.0,9.0,5972.0,90.0,2.0,5.0,1736.0,64.0,11900.0,1.0,4.0,3.0,7.0,1695.0,1564.0,52.6,0.0,0.0,114.0,128.0,2.0,2.0,1.0,30.0,10.0,0.0,1.0,5.0,1.0,5.0,5.0,6.0,12.0,5.0,7.0,0.0,0.0,0.0,3.0,94.4,0.0,1.0,0.0,18575.0,11862.0,3300.0,6675.0,0,0
37511,30000.0,0.16949999999999998,1068.84,2,103000.0,1,0,n,21.26,0.0,0.0,15.0,0.0,25950.0,29.0,0,0.0,0.0,1040.59,1040.59,602.72,437.87,0.0,0.0,0.0,700.0,0.0,1.0,1,0.0,0.0,81643.0,1.0,3.0,1.0,2.0,6.0,55693.0,134.0,0.0,2.0,6841.0,87.0,42700.0,0.0,0.0,1.0,6.0,6280.0,9952.0,66.0,0.0,0.0,139.0,142.0,14.0,6.0,0.0,14.0,9.0,0.0,5.0,7.0,6.0,7.0,11.0,9.0,15.0,7.0,15.0,0.0,0.0,0.0,1.0,100.0,16.7,0.0,0.0,111811.0,81643.0,29300.0,69041.0,0,0
37517,11475.0,0.17739999999999995,289.77,2,50000.0,0,0,n,25.44,1.0,2.0,8.0,0.0,3602.0,21.0,0,0.0,0.0,1727.31,1727.31,747.96,979.35,0.0,0.0,0.0,289.77,0.0,1.0,0,0.0,0.0,233657.0,3.0,2.0,2.0,2.0,4.0,46747.0,72.0,1.0,3.0,3602.0,37.0,23100.0,1.0,4.0,6.0,6.0,29207.0,18698.0,16.2,0.0,0.0,72.0,62.0,4.0,4.0,3.0,4.0,4.0,0.0,1.0,1.0,4.0,5.0,7.0,5.0,11.0,1.0,8.0,0.0,0.0,0.0,4.0,95.2,25.0,0.0,0.0,259410.0,50349.0,22300.0,51810.0,0,0
37622,1825.0,0.08810000000000001,57.88,1,20000.0,0,0,n,12.79,0.0,0.0,6.0,0.0,1695.0,7.0,0,1764.15,1764.15,164.87,164.87,60.85,104.02,0.0,0.0,0.0,57.88,0.0,1.0,1,0.0,0.0,6061.0,1.0,1.0,1.0,1.0,7.0,4366.0,87.0,1.0,3.0,1695.0,40.0,10300.0,1.0,0.0,1.0,4.0,1010.0,2405.0,41.3,0.0,0.0,7.0,46.0,6.0,6.0,0.0,26.0,7.0,0.0,1.0,1.0,1.0,2.0,1.0,5.0,6.0,1.0,6.0,0.0,0.0,0.0,2.0,100.0,0.0,0.0,0.0,15300.0,6061.0,4100.0,5000.0,0,0
37684,34000.0,0.2055,1273.12,1,50000.0,0,0,n,20.04,0.0,1.0,8.0,0.0,6206.0,17.0,0,26801.19,26801.19,12692.38,12692.38,7198.81,5493.57,0.0,0.0,0.0,0.0,0.0,1.0,0,0.0,1251.0,16861.0,1.0,2.0,1.0,1.0,3.0,10655.0,45.0,0.0,0.0,4394.0,51.0,9400.0,1.0,4.0,1.0,1.0,2108.0,860.0,85.4,0.0,0.0,106.0,118.0,26.0,3.0,0.0,26.0,3.0,0.0,3.0,6.0,3.0,5.0,6.0,6.0,11.0,6.0,8.0,0.0,0.0,0.0,1.0,94.1,33.3,0.0,0.0,33326.0,16861.0,5900.0,23926.0,0,0
37754,16000.0,0.1102,348.04,2,70000.0,1,0,n,21.22,0.0,0.0,17.0,0.0,57858.0,23.0,0,0.0,0.0,686.28,686.28,404.06,282.22,0.0,0.0,0.0,348.04,0.0,1.0,1,0.0,0.0,216571.0,0.0,2.0,0.0,2.0,15.0,20884.0,80.0,1.0,3.0,3336.0,37.0,115700.0,2.0,1.0,0.0,5.0,15469.0,39482.0,24.7,0.0,0.0,82.0,141.0,10.0,10.0,1.0,18.0,15.0,0.0,6.0,9.0,6.0,6.0,7.0,14.0,15.0,9.0,17.0,0.0,0.0,0.0,1.0,100.0,0.0,0.0,0.0,286154.0,78742.0,52400.0,26149.0,0,0
37781,6000.0,0.1102,196.49,1,100000.0,1,0,n,13.75,0.0,3.0,15.0,0.0,5175.0,23.0,0,5390.54,5390.54,978.78,978.78,609.46,369.32,0.0,0.0,0.0,196.49,0.0,1.0,1,0.0,0.0,32207.0,9.0,3.0,2.0,2.0,4.0,27032.0,72.0,7.0,7.0,2398.0,57.0,19600.0,1.0,0.0,5.0,9.0,2147.0,14253.0,26.2,0.0,0.0,117.0,209.0,2.0,2.0,3.0,2.0,2.0,1.0,7.0,8.0,11.0,12.0,7.0,12.0,13.0,8.0,15.0,0.0,0.0,0.0,9.0,81.8,0.0,0.0,0.0,56979.0,32207.0,19300.0,37379.0,0,0
37784,27000.0,0.1033,578.07,1,107000.0,0,0,n,8.2,0.0,1.0,8.0,0.0,522.0,17.0,0,0.0,0.0,5064.72,5064.72,930.17,788.54,0.0,3346.01,602.2818,0.0,0.0,1.0,1,0.0,3684.0,35450.0,3.0,2.0,2.0,4.0,6.0,34928.0,92.0,2.0,3.0,522.0,58.0,23400.0,4.0,0.0,5.0,7.0,4431.0,13178.0,3.8,0.0,0.0,61.0,177.0,3.0,3.0,0.0,3.0,3.0,0.0,1.0,1.0,3.0,4.0,6.0,6.0,11.0,1.0,8.0,0.0,0.0,0.0,4.0,100.0,0.0,0.0,0.0,61333.0,35450.0,13700.0,37933.0,0,0
37808,25525.0,0.0819,802.1,1,80000.0,0,0,n,22.04,0.0,1.0,13.0,0.0,12802.0,22.0,0,0.0,0.0,3998.89,3998.89,3182.61,816.28,0.0,0.0,0.0,802.1,0.0,1.0,0,0.0,0.0,32000.0,0.0,2.0,0.0,1.0,19.0,19198.0,46.0,0.0,2.0,5825.0,45.0,28900.0,1.0,3.0,1.0,3.0,2462.0,11431.0,52.4,0.0,0.0,79.0,112.0,16.0,16.0,0.0,16.0,1.0,0.0,6.0,9.0,7.0,11.0,6.0,11.0,16.0,9.0,13.0,0.0,0.0,0.0,0.0,100.0,14.3,0.0,0.0,70921.0,32000.0,24000.0,42021.0,0,0
37828,1500.0,0.1033,48.64,2,200000.0,1,0,n,9.5,2.0,0.0,19.0,0.0,20816.0,42.0,0,1139.95,1139.95,485.54,485.54,360.05,125.49,0.0,0.0,0.0,48.64,0.0,1.0,1,0.0,0.0,82180.0,1.0,3.0,1.0,1.0,11.0,12982.0,38.0,1.0,1.0,2097.0,40.0,50900.0,2.0,3.0,1.0,3.0,4566.0,12979.0,25.0,0.0,0.0,167.0,427.0,5.0,5.0,3.0,140.0,11.0,2.0,3.0,10.0,5.0,12.0,8.0,15.0,31.0,10.0,19.0,0.0,0.0,1.0,3.0,85.7,20.0,0.0,0.0,134728.0,33798.0,17300.0,33828.0,0,0
37846,19000.0,0.1171,628.45,1,65000.0,1,0,n,15.14,0.0,0.0,5.0,0.0,16099.0,8.0,0,14428.62,14428.62,6272.14,6272.14,4571.38,1700.76,0.0,0.0,0.0,0.0,0.0,1.0,1,0.0,0.0,51617.0,1.0,2.0,0.0,1.0,23.0,35518.0,43.0,1.0,2.0,15321.0,75.0,16300.0,0.0,0.0,1.0,3.0,12904.0,201.0,98.8,0.0,0.0,102.0,213.0,3.0,3.0,0.0,3.0,0.0,0.0,2.0,2.0,3.0,3.0,4.0,3.0,4.0,2.0,5.0,0.0,0.0,0.0,1.0,100.0,100.0,0.0,0.0,76930.0,51617.0,16300.0,60630.0,0,0
37899,12625.0,0.0756,393.07,1,42000.0,0,0,n,31.47,0.0,1.0,12.0,0.0,4179.0,29.0,0,11038.24,11038.24,1960.05,1960.05,1586.76,373.29,0.0,0.0,0.0,393.07,0.0,1.0,1,0.0,0.0,33691.0,3.0,3.0,4.0,5.0,3.0,29512.0,77.0,2.0,4.0,4179.0,37.0,53400.0,2.0,0.0,2.0,9.0,2808.0,41221.0,9.2,0.0,0.0,176.0,171.0,1.0,1.0,1.0,7.0,6.0,0.0,1.0,1.0,7.0,8.0,15.0,9.0,13.0,1.0,12.0,0.0,0.0,0.0,6.0,100.0,0.0,0.0,0.0,91662.0,33691.0,45400.0,38262.0,0,0
37920,16000.0,0.14300000000000002,549.18,2,555000.0,1,0,n,3.29,0.0,1.0,7.0,0.0,2287.0,32.0,0,0.0,0.0,2733.19,2733.19,1835.8,897.39,0.0,0.0,0.0,0.0,0.0,1.0,1,0.0,0.0,130259.0,2.0,5.0,3.0,6.0,3.0,32890.0,62.0,0.0,1.0,2287.0,63.0,2500.0,0.0,0.0,3.0,7.0,18608.0,213.0,91.5,0.0,0.0,119.0,177.0,16.0,3.0,1.0,16.0,3.0,3.0,1.0,1.0,1.0,6.0,20.0,1.0,11.0,1.0,7.0,0.0,0.0,0.0,3.0,81.3,100.0,0.0,0.0,187960.0,35177.0,2500.0,53460.0,0,0
37938,12000.0,0.2055,321.62,2,60000.0,1,0,n,37.14,0.0,0.0,14.0,0.0,11461.0,23.0,0,0.0,0.0,1916.02,1916.02,727.24,1188.78,0.0,0.0,0.0,0.0,0.0,1.0,1,0.0,0.0,250372.0,2.0,2.0,1.0,4.0,2.0,78213.0,79.0,5.0,5.0,4906.0,63.0,24700.0,4.0,2.0,8.0,10.0,19259.0,7242.0,51.4,0.0,0.0,136.0,107.0,3.0,2.0,1.0,7.0,2.0,1.0,3.0,6.0,5.0,6.0,9.0,11.0,13.0,6.0,14.0,0.0,0.0,0.0,6.0,95.7,60.0,0.0,0.0,272538.0,89674.0,14900.0,83908.0,0,0
37975,10000.0,0.0819,203.68,2,53000.0,0,0,n,19.2,1.0,2.0,8.0,0.0,9317.0,16.0,0,8747.32,8747.32,1828.57,1828.57,1252.68,575.89,0.0,0.0,0.0,0.0,0.0,1.0,1,0.0,0.0,184951.0,2.0,1.0,0.0,2.0,13.0,25855.0,86.0,2.0,2.0,6000.0,75.0,16800.0,1.0,1.0,4.0,5.0,23119.0,3153.0,67.8,0.0,0.0,65.0,182.0,1.0,1.0,3.0,1.0,0.0,1.0,2.0,4.0,2.0,3.0,3.0,6.0,10.0,4.0,8.0,0.0,0.0,1.0,3.0,81.3,50.0,0.0,0.0,197046.0,35172.0,9800.0,30246.0,0,0
37976,21275.0,0.1862,547.45,1,105000.0,1,0,n,11.98,0.0,1.0,17.0,0.0,17796.0,25.0,0,21057.67,21057.67,1072.9,1072.9,217.33,855.57,0.0,0.0,0.0,0.0,0.0,1.0,1,0.0,0.0,24522.0,2.0,1.0,0.0,1.0,17.0,5272.0,33.0,3.0,4.0,8967.0,26.0,76600.0,2.0,0.0,3.0,5.0,1442.0,57172.0,19.8,0.0,0.0,17.0,246.0,1.0,1.0,0.0,1.0,1.0,0.0,9.0,11.0,13.0,18.0,1.0,15.0,23.0,11.0,17.0,0.0,0.0,0.0,3.0,92.0,7.7,0.0,0.0,94926.0,24522.0,71300.0,16000.0,0,0
38099,13000.0,0.2305,503.57,1,50000.0,0,0,n,9.99,0.0,1.0,6.0,0.0,3771.0,6.0,0,0.0,0.0,990.49,990.49,512.6,477.89,0.0,0.0,0.0,0.0,0.0,1.0,1,0.0,0.0,9926.0,3.0,1.0,0.0,0.0,49.0,6155.0,36.0,3.0,4.0,3038.0,34.0,11900.0,0.0,0.0,1.0,4.0,1654.0,1311.0,72.7,0.0,0.0,49.0,43.0,1.0,1.0,0.0,1.0,1.0,0.0,2.0,3.0,2.0,2.0,1.0,5.0,5.0,3.0,6.0,0.0,0.0,0.0,3.0,100.0,50.0,0.0,0.0,28918.0,9926.0,4800.0,17018.0,0,0
38137,25000.0,0.2565,1002.62,1,600000.0,0,0,n,4.54,0.0,0.0,8.0,0.0,15239.0,10.0,0,0.0,0.0,1969.62,1969.62,468.25,498.75,0.0,1002.62,180.4716,0.0,0.0,1.0,1,0.0,0.0,113558.0,0.0,3.0,1.0,1.0,7.0,83526.0,89.0,0.0,1.0,2563.0,69.0,31500.0,1.0,4.0,1.0,3.0,14195.0,505.0,90.8,0.0,0.0,181.0,225.0,24.0,7.0,1.0,24.0,7.0,1.0,2.0,3.0,2.0,2.0,3.0,4.0,5.0,3.0,8.0,0.0,0.0,0.0,2.0,70.0,100.0,0.0,0.0,144194.0,113558.0,5500.0,88106.0,0,0
38225,37600.0,0.16949999999999998,1339.61,2,87000.0,0,0,n,34.4,0.0,2.0,9.0,0.0,13433.0,16.0,0,36986.23,36986.23,5028.3,5028.3,613.77,4414.53,0.0,0.0,0.0,0.0,0.0,1.0,0,0.0,0.0,374333.0,1.0,3.0,2.0,3.0,6.0,67264.0,74.0,0.0,0.0,8626.0,67.0,28400.0,4.0,0.0,5.0,3.0,41593.0,11967.0,52.9,0.0,0.0,44.0,119.0,39.0,6.0,3.0,74.0,5.0,0.0,3.0,3.0,4.0,7.0,4.0,5.0,9.0,3.0,9.0,0.0,0.0,0.0,2.0,100.0,0.0,0.0,0.0,434895.0,80697.0,25400.0,91495.0,0,0
38316,10625.0,0.16949999999999998,378.55,2,60000.0,1,0,n,33.88,0.0,0.0,10.0,1.0,9091.0,35.0,0,8240.53,8240.53,3775.49,3775.49,2384.47,1391.02,0.0,0.0,0.0,0.0,0.0,1.0,1,0.0,0.0,63585.0,0.0,3.0,2.0,3.0,7.0,54494.0,78.0,1.0,4.0,2545.0,71.0,19500.0,1.0,8.0,3.0,7.0,6359.0,7190.0,39.1,0.0,0.0,302.0,201.0,8.0,7.0,1.0,8.0,9.0,0.0,3.0,7.0,3.0,11.0,8.0,7.0,26.0,7.0,10.0,0.0,0.0,0.0,3.0,96.3,0.0,1.0,0.0,89462.0,63585.0,11800.0,69962.0,0,0
38360,4500.0,0.0819,141.41,1,30000.0,1,0,n,15.8,0.0,1.0,4.0,0.0,4345.0,6.0,0,3832.94,3832.94,987.82,987.82,667.06,320.76,0.0,0.0,0.0,141.41,0.0,1.0,1,0.0,0.0,9664.0,1.0,1.0,0.0,1.0,18.0,5319.0,53.0,1.0,2.0,4275.0,65.0,11300.0,0.0,0.0,1.0,3.0,2416.0,6625.0,95.0,0.0,0.0,18.0,209.0,1.0,1.0,0.0,17.0,1.0,0.0,1.0,2.0,2.0,3.0,1.0,3.0,4.0,2.0,4.0,0.0,0.0,0.0,1.0,100.0,50.0,0.0,0.0,21379.0,9664.0,10900.0,10079.0,0,0
38411,15000.0,0.17739999999999995,540.34,1,29000.0,1,0,n,32.91,0.0,0.0,13.0,0.0,9719.0,22.0,0,0.0,0.0,525.56,525.56,318.59,206.97,0.0,0.0,0.0,0.0,0.0,1.0,1,0.0,0.0,18463.0,0.0,3.0,2.0,3.0,7.0,8744.0,67.0,1.0,2.0,2463.0,51.0,23300.0,1.0,9.0,1.0,5.0,1420.0,8915.0,27.5,0.0,0.0,82.0,76.0,7.0,7.0,0.0,7.0,10.0,0.0,3.0,7.0,5.0,5.0,7.0,10.0,15.0,7.0,13.0,0.0,0.0,0.0,3.0,100.0,20.0,0.0,0.0,36300.0,18463.0,12300.0,13000.0,0,0
38453,25000.0,0.2305,968.4,1,175000.0,0,0,n,13.5,0.0,0.0,12.0,0.0,28890.0,14.0,0,25000.0,25000.0,2496.81,2496.81,0.0,2496.81,0.0,0.0,0.0,600.0,0.0,1.0,1,0.0,0.0,49082.0,0.0,1.0,0.0,1.0,16.0,20192.0,67.0,0.0,3.0,6167.0,74.0,36300.0,2.0,0.0,0.0,4.0,4090.0,3474.0,86.0,0.0,0.0,102.0,57.0,17.0,16.0,0.0,19.0,16.0,0.0,7.0,10.0,7.0,7.0,3.0,11.0,11.0,10.0,12.0,0.0,0.0,0.0,0.0,100.0,85.7,0.0,0.0,66300.0,49082.0,24800.0,30000.0,0,0
38460,16000.0,0.17739999999999995,576.36,2,80000.0,1,0,n,12.73,4.0,1.0,15.0,0.0,17787.0,31.0,0,12754.32,12754.32,5171.47,5171.47,3245.68,1925.79,0.0,0.0,0.0,0.0,0.0,1.0,1,0.0,0.0,32192.0,2.0,5.0,2.0,2.0,6.0,14405.0,56.0,0.0,0.0,10519.0,52.0,35900.0,2.0,1.0,5.0,3.0,2299.0,15087.0,45.5,0.0,0.0,147.0,171.0,33.0,6.0,4.0,33.0,3.0,0.0,4.0,7.0,6.0,6.0,17.0,10.0,10.0,7.0,15.0,0.0,0.0,0.0,2.0,87.1,16.7,0.0,0.0,61613.0,32192.0,27700.0,25713.0,0,0
38478,14000.0,0.17739999999999995,504.31,1,39000.0,0,0,n,37.66,0.0,1.0,12.0,0.0,13914.0,13.0,0,11955.8,11955.8,4324.99,4324.99,2044.2,2280.79,0.0,0.0,0.0,304.31,0.0,1.0,1,0.0,0.0,38605.0,1.0,4.0,1.0,1.0,6.0,24691.0,58.0,0.0,0.0,5335.0,52.0,31700.0,0.0,0.0,1.0,1.0,3217.0,8070.0,59.7,0.0,0.0,76.0,67.0,30.0,6.0,0.0,30.0,6.0,0.0,3.0,5.0,5.0,5.0,5.0,8.0,8.0,5.0,12.0,0.0,0.0,0.0,1.0,100.0,60.0,0.0,0.0,74061.0,38605.0,20000.0,42361.0,0,0
38571,15000.0,0.08810000000000001,475.68,1,55000.0,0,0,n,13.9,0.0,3.0,11.0,1.0,864.0,15.0,0,12384.06,12384.06,3322.42,3322.42,2615.94,706.48,0.0,0.0,0.0,0.0,0.0,1.0,1,0.0,0.0,15290.0,2.0,1.0,0.0,1.0,23.0,14426.0,72.0,4.0,4.0,389.0,49.0,11500.0,1.0,1.0,5.0,5.0,1390.0,4966.0,9.7,0.0,0.0,123.0,126.0,3.0,3.0,0.0,9.0,1.0,0.0,2.0,5.0,3.0,4.0,2.0,10.0,13.0,5.0,11.0,0.0,0.0,0.0,4.0,100.0,0.0,1.0,0.0,31500.0,15290.0,5500.0,20000.0,0,0
38627,4000.0,0.28800000000000003,167.19,2,30000.0,0,0,n,39.52,0.0,2.0,6.0,0.0,0.0,14.0,0,0.0,0.0,996.74,996.74,449.2,547.54,0.0,0.0,0.0,0.0,0.0,1.0,1,0.0,0.0,60623.0,2.0,4.0,1.0,3.0,0.0,60623.0,68.0,1.0,1.0,0.0,67.0,800.0,1.0,1.0,2.0,4.0,12125.0,800.0,0.0,0.0,0.0,179.0,102.0,2.0,0.0,0.0,2.0,0.0,0.0,0.0,0.0,2.0,2.0,12.0,2.0,2.0,0.0,6.0,0.0,0.0,0.0,2.0,100.0,0.0,0.0,0.0,75028.0,60623.0,800.0,74228.0,0,0
38640,12000.0,0.2055,321.62,1,77000.0,0,0,n,21.51,0.0,2.0,9.0,1.0,10722.0,43.0,0,0.0,0.0,629.54,629.54,206.36,423.18,0.0,0.0,0.0,0.0,0.0,1.0,1,0.0,0.0,49354.0,2.0,4.0,4.0,6.0,4.0,38632.0,84.0,2.0,3.0,2132.0,55.0,44400.0,6.0,3.0,5.0,9.0,5484.0,18768.0,10.2,0.0,0.0,110.0,114.0,3.0,3.0,2.0,14.0,3.0,0.0,1.0,3.0,3.0,8.0,26.0,5.0,15.0,3.0,9.0,0.0,0.0,0.0,6.0,100.0,0.0,1.0,0.0,90530.0,49354.0,20900.0,46130.0,0,0
38675,14400.0,0.2305,557.8,2,45000.0,0,0,n,35.97,0.0,1.0,12.0,1.0,7112.0,16.0,0,12948.55,12948.55,3886.16,3886.16,1451.45,2434.71,0.0,0.0,0.0,0.0,0.0,1.0,1,0.0,0.0,51441.0,2.0,2.0,1.0,2.0,5.0,44329.0,89.0,2.0,4.0,3235.0,61.0,34300.0,4.0,0.0,13.0,6.0,4287.0,16804.0,28.2,0.0,0.0,92.0,91.0,2.0,2.0,0.0,9.0,0.0,0.0,3.0,5.0,6.0,6.0,3.0,10.0,13.0,5.0,12.0,0.0,0.0,0.0,3.0,100.0,33.3,1.0,0.0,84178.0,51441.0,23400.0,49878.0,0,0
38718,9675.0,0.14300000000000002,332.09,1,32830.0,1,0,n,14.92,0.0,2.0,9.0,1.0,6703.0,14.0,0,9458.21,9458.21,662.56,662.56,216.79,445.77,0.0,0.0,0.0,112.72,0.0,1.0,1,0.0,0.0,11143.0,1.0,1.0,0.0,1.0,14.0,4440.0,74.0,4.0,4.0,1960.0,36.0,25100.0,5.0,0.0,6.0,5.0,1238.0,9196.0,24.6,0.0,0.0,135.0,61.0,3.0,3.0,0.0,3.0,4.0,0.0,3.0,5.0,5.0,7.0,4.0,8.0,10.0,5.0,9.0,0.0,0.0,0.0,4.0,100.0,0.0,1.0,0.0,31100.0,11143.0,12200.0,6000.0,0,0
38819,16000.0,0.2055,599.12,1,50000.0,0,0,n,3.41,0.0,0.0,6.0,0.0,5066.0,9.0,0,0.0,0.0,580.85,580.85,0.0,580.85,0.0,0.0,0.0,0.0,0.0,1.0,1,0.0,1983.0,121577.0,0.0,1.0,0.0,0.0,114.0,2560.0,28.0,0.0,2.0,2897.0,15.0,43000.0,0.0,0.0,0.0,2.0,20263.0,37934.0,11.8,0.0,0.0,114.0,102.0,13.0,13.0,2.0,13.0,13.0,0.0,3.0,3.0,4.0,5.0,1.0,4.0,6.0,3.0,6.0,0.0,0.0,0.0,0.0,100.0,0.0,0.0,0.0,173476.0,7626.0,43000.0,9226.0,0,0
38860,25000.0,0.2565,1002.62,1,190000.0,1,0,n,23.37,0.0,0.0,21.0,0.0,78294.0,41.0,0,0.0,0.0,4977.48,4977.48,2443.48,2534.0,0.0,0.0,0.0,0.0,1.0,1.0,1,0.0,188.0,106319.0,0.0,2.0,0.0,1.0,19.0,23624.0,46.0,1.0,6.0,36720.0,42.0,150300.0,0.0,0.0,2.0,9.0,5596.0,65173.0,40.2,0.0,0.0,104.0,97.0,11.0,8.0,0.0,11.0,8.0,0.0,8.0,9.0,14.0,25.0,6.0,17.0,29.0,9.0,21.0,0.0,0.0,0.0,3.0,100.0,33.3,0.0,0.0,208237.0,106319.0,142200.0,51307.0,0,0
38881,15625.0,0.2565,626.64,3,68640.0,1,0,n,24.67,0.0,0.0,8.0,0.0,4061.0,38.0,0,13516.09,13516.09,4364.21,4364.21,2108.91,2255.3,0.0,0.0,0.0,626.64,0.0,1.0,1,0.0,59.0,214010.0,0.0,4.0,1.0,3.0,9.0,128261.0,89.0,0.0,0.0,2689.0,87.0,6400.0,3.0,1.0,1.0,3.0,26751.0,1439.0,73.8,0.0,0.0,152.0,222.0,37.0,9.0,2.0,37.0,9.0,4.0,2.0,2.0,2.0,7.0,17.0,3.0,19.0,2.0,8.0,0.0,0.0,0.0,1.0,78.9,50.0,0.0,0.0,258065.0,132322.0,5500.0,128710.0,0,0
38892,3600.0,0.124,120.27,1,40000.0,0,0,n,25.98,0.0,0.0,13.0,0.0,8550.0,18.0,0,2743.19,2743.19,1200.22,1200.22,856.81,343.41,0.0,0.0,0.0,0.0,0.0,1.0,1,0.0,0.0,23870.0,1.0,2.0,1.0,2.0,11.0,15320.0,86.0,2.0,4.0,1455.0,47.0,32900.0,1.0,0.0,1.0,6.0,1989.0,18232.0,20.4,0.0,0.0,14.0,86.0,2.0,2.0,0.0,2.0,11.0,0.0,6.0,7.0,10.0,11.0,2.0,11.0,16.0,7.0,13.0,0.0,0.0,0.0,3.0,100.0,0.0,0.0,0.0,50665.0,23870.0,22900.0,17765.0,0,0
38895,37225.0,0.1524,890.28,1,30000.0,1,0,n,15.92,0.0,1.0,4.0,0.0,4905.0,12.0,1,36807.47,36807.47,2683.96,2683.96,417.53,2266.43,0.0,0.0,0.0,0.0,0.0,1.0,0,0.0,0.0,18945.0,1.0,1.0,0.0,0.0,52.0,14040.0,70.0,1.0,1.0,2350.0,46.0,21500.0,1.0,0.0,2.0,1.0,4736.0,16595.0,22.8,0.0,0.0,113.0,88.0,5.0,5.0,0.0,5.0,0.0,0.0,3.0,3.0,3.0,5.0,7.0,3.0,5.0,3.0,4.0,0.0,0.0,0.0,1.0,100.0,0.0,0.0,0.0,41670.0,18945.0,21500.0,20170.0,0,0
38911,11825.0,0.17739999999999995,425.97,2,36000.0,1,0,n,34.73,2.0,0.0,10.0,0.0,18504.0,19.0,0,9426.21,9426.21,3822.08,3822.08,2398.79,1423.29,0.0,0.0,0.0,0.0,0.0,1.0,1,0.0,0.0,129105.0,0.0,2.0,1.0,2.0,10.0,45215.0,99.0,1.0,1.0,4524.0,85.0,28800.0,0.0,2.0,2.0,4.0,12911.0,8031.0,62.3,0.0,0.0,13.0,264.0,12.0,10.0,4.0,12.0,10.0,1.0,4.0,6.0,4.0,6.0,2.0,7.0,13.0,6.0,10.0,0.0,0.0,1.0,2.0,84.2,75.0,0.0,0.0,144952.0,63719.0,21300.0,45852.0,0,0
38993,11000.0,0.124,246.92,3,65000.0,0,0,n,19.66,0.0,0.0,12.0,1.0,11322.0,29.0,0,0.0,0.0,1720.86,1720.86,962.2,758.66,0.0,0.0,0.0,0.0,0.0,1.0,1,0.0,0.0,119080.0,0.0,2.0,0.0,1.0,22.0,14798.0,48.0,1.0,3.0,5604.0,43.0,29700.0,3.0,3.0,1.0,5.0,9923.0,8431.0,43.0,0.0,0.0,113.0,107.0,10.0,10.0,2.0,10.0,10.0,0.0,2.0,4.0,4.0,6.0,12.0,9.0,15.0,4.0,12.0,0.0,0.0,0.0,1.0,100.0,25.0,1.0,0.0,155880.0,26120.0,14800.0,31044.0,0,0
39004,10625.0,0.124,354.94,1,50000.0,0,0,n,33.65,0.0,0.0,11.0,0.0,61290.0,35.0,1,8142.35,8142.35,3542.08,3542.08,2482.65,1059.43,0.0,0.0,0.0,354.94,0.0,1.0,1,0.0,0.0,136496.0,0.0,2.0,0.0,0.0,26.0,75206.0,35.0,1.0,4.0,22177.0,57.0,94000.0,0.0,0.0,0.0,4.0,12409.0,32710.0,65.2,0.0,0.0,101.0,245.0,9.0,9.0,0.0,9.0,14.0,0.0,5.0,5.0,8.0,14.0,19.0,8.0,15.0,5.0,11.0,0.0,0.0,0.0,1.0,100.0,37.5,0.0,0.0,187171.0,136496.0,94000.0,82382.0,0,0
39068,25250.0,0.08810000000000001,800.72,1,89000.0,0,0,n,25.3,0.0,2.0,22.0,0.0,2642.0,34.0,0,0.0,0.0,788.36,788.36,615.34,173.02,0.0,0.0,0.0,0.0,0.0,1.0,1,0.0,0.0,40480.0,3.0,3.0,1.0,2.0,3.0,35972.0,50.0,1.0,4.0,1364.0,29.0,65200.0,4.0,0.0,3.0,7.0,1840.0,46158.0,5.4,0.0,0.0,102.0,111.0,2.0,2.0,0.0,2.0,1.0,0.0,6.0,6.0,11.0,14.0,7.0,18.0,26.0,6.0,22.0,0.0,0.0,0.0,3.0,100.0,0.0,0.0,0.0,141560.0,40480.0,48800.0,71499.0,0,0
39070,34025.0,0.1033,728.47,1,65000.0,0,0,n,19.48,0.0,2.0,10.0,0.0,84.0,24.0,0,33428.06,33428.06,3472.65,3472.65,596.94,2875.71,0.0,0.0,0.0,728.47,0.0,1.0,1,0.0,0.0,182832.0,2.0,2.0,1.0,3.0,8.0,19805.0,48.0,1.0,4.0,84.0,24.0,79500.0,3.0,0.0,7.0,8.0,18283.0,77916.0,0.2,0.0,0.0,99.0,77.0,5.0,3.0,2.0,5.0,3.0,0.0,1.0,1.0,6.0,9.0,5.0,7.0,16.0,1.0,10.0,0.0,0.0,0.0,3.0,95.8,0.0,0.0,0.0,291484.0,19889.0,78000.0,41359.0,0,0
39086,24950.0,0.1033,534.18,3,74000.0,0,0,n,21.26,0.0,1.0,15.0,0.0,13112.0,20.0,0,22849.67,22849.67,4259.12,4259.12,2100.33,2158.79,0.0,0.0,0.0,534.18,0.0,1.0,0,0.0,0.0,209590.0,1.0,5.0,0.0,1.0,22.0,28853.0,70.0,2.0,2.0,4302.0,37.0,71200.0,1.0,0.0,2.0,3.0,13973.0,54588.0,19.4,0.0,0.0,340.0,143.0,3.0,3.0,1.0,3.0,3.0,0.0,4.0,4.0,8.0,12.0,5.0,9.0,14.0,4.0,15.0,0.0,0.0,0.0,2.0,100.0,0.0,0.0,0.0,290883.0,41965.0,67700.0,40997.0,0,0
39134,34775.0,0.1102,1138.82,1,84000.0,1,0,n,22.84,0.0,1.0,9.0,0.0,14056.0,20.0,0,0.0,0.0,3395.17,3395.17,2481.05,914.12,0.0,0.0,0.0,1138.82,0.0,1.0,1,0.0,0.0,50441.0,0.0,3.0,1.0,2.0,9.0,36385.0,79.0,0.0,0.0,11068.0,58.0,40800.0,3.0,0.0,1.0,2.0,5605.0,21744.0,39.3,0.0,0.0,172.0,164.0,28.0,9.0,0.0,41.0,2.0,0.0,5.0,5.0,5.0,8.0,8.0,6.0,12.0,5.0,9.0,0.0,0.0,0.0,1.0,100.0,0.0,0.0,0.0,86597.0,50441.0,35800.0,45797.0,0,0
39135,35000.0,0.0702,1081.02,1,125000.0,0,0,n,35.52,0.0,0.0,24.0,0.0,46036.0,32.0,0,27026.61,27026.61,9715.53,9715.53,7973.39,1742.14,0.0,0.0,0.0,0.0,0.0,1.0,1,0.0,0.0,110401.0,0.0,6.0,0.0,1.0,16.0,57386.0,63.0,0.0,8.0,16231.0,45.0,139200.0,1.0,1.0,0.0,9.0,4600.0,82210.0,35.9,0.0,0.0,99.0,426.0,15.0,15.0,2.0,15.0,15.0,0.0,8.0,9.0,13.0,14.0,6.0,17.0,23.0,9.0,24.0,0.0,0.0,0.0,0.0,100.0,7.7,0.0,0.0,266521.0,110401.0,128200.0,120342.0,0,0
39158,15000.0,0.17739999999999995,378.79,2,38000.0,0,0,n,41.16,0.0,0.0,7.0,0.0,5774.0,11.0,0,0.0,0.0,1600.38,1600.38,603.6,896.78,0.0,100.0,18.0,378.79,0.0,1.0,0,0.0,0.0,180522.0,1.0,3.0,4.0,4.0,2.0,56374.0,70.0,0.0,2.0,1667.0,59.0,12500.0,1.0,0.0,11.0,7.0,25789.0,4084.0,37.2,0.0,0.0,53.0,65.0,17.0,2.0,3.0,22.0,2.0,0.0,2.0,3.0,2.0,2.0,5.0,3.0,3.0,3.0,7.0,0.0,0.0,0.0,4.0,100.0,0.0,0.0,0.0,198656.0,62148.0,6500.0,65331.0,0,0
39177,16000.0,0.2565,475.74,1,100000.0,0,0,n,17.33,0.0,5.0,20.0,0.0,8817.0,39.0,0,15846.1,15846.1,2355.9,2355.9,153.9,2202.0,0.0,0.0,0.0,0.0,0.0,1.0,1,0.0,0.0,54245.0,4.0,4.0,2.0,6.0,1.0,45428.0,89.0,7.0,11.0,4300.0,66.0,30900.0,10.0,0.0,18.0,17.0,2712.0,13659.0,35.0,0.0,0.0,84.0,61.0,2.0,1.0,0.0,2.0,1.0,1.0,8.0,10.0,10.0,15.0,13.0,16.0,26.0,10.0,20.0,0.0,0.0,0.0,9.0,97.4,30.0,0.0,0.0,82043.0,54245.0,21000.0,51143.0,0,0
39209,10850.0,0.14300000000000002,254.16,1,80000.0,0,0,n,11.84,0.0,1.0,12.0,0.0,3014.0,14.0,0,0.0,0.0,1728.2,1728.2,120.55,124.99,0.0,1482.66,266.8788,0.0,0.0,1.0,1,0.0,0.0,21580.0,2.0,2.0,1.0,1.0,6.0,18566.0,53.0,2.0,2.0,1753.0,34.0,28400.0,1.0,0.0,1.0,3.0,1798.0,24134.0,10.6,0.0,0.0,42.0,107.0,5.0,5.0,0.0,5.0,6.0,0.0,4.0,5.0,8.0,9.0,2.0,10.0,12.0,5.0,12.0,0.0,0.0,0.0,3.0,61.5,0.0,0.0,0.0,63740.0,21580.0,27000.0,35340.0,0,0
39270,14000.0,0.14300000000000002,480.53,2,79750.0,0,0,n,34.51,0.0,1.0,15.0,0.0,16437.0,33.0,0,10648.27,10648.27,5019.41,5019.41,3351.73,1667.68,0.0,0.0,0.0,250.0,0.0,1.0,1,0.0,1080.0,224313.0,1.0,3.0,1.0,2.0,11.0,67794.0,55.0,3.0,4.0,3782.0,49.0,41400.0,7.0,1.0,6.0,6.0,14954.0,13631.0,40.2,0.0,0.0,138.0,124.0,5.0,5.0,1.0,9.0,6.0,1.0,5.0,9.0,5.0,8.0,17.0,10.0,15.0,9.0,15.0,0.0,0.0,0.0,4.0,93.9,0.0,0.0,0.0,292750.0,84231.0,22800.0,102104.0,0,0
39346,9000.0,0.2305,348.63,1,85000.0,0,0,n,24.0,0.0,0.0,17.0,0.0,6466.0,37.0,0,7085.2,7085.2,3474.78,3474.78,1914.8,1559.98,0.0,0.0,0.0,0.0,0.0,1.0,1,0.0,0.0,58325.0,4.0,4.0,2.0,3.0,4.0,51859.0,75.0,5.0,10.0,1929.0,71.0,13300.0,4.0,0.0,2.0,13.0,3431.0,904.0,81.9,0.0,0.0,195.0,134.0,3.0,3.0,0.0,3.0,7.0,10.0,5.0,8.0,5.0,7.0,18.0,13.0,19.0,8.0,17.0,0.0,0.0,0.0,7.0,67.6,60.0,0.0,0.0,82097.0,58325.0,5000.0,68797.0,0,0
39403,8500.0,0.0702,262.54,1,53000.0,1,0,n,24.59,0.0,0.0,9.0,0.0,10297.0,21.0,0,7858.16,7858.16,784.3,784.3,641.84,142.46,0.0,0.0,0.0,0.0,0.0,1.0,1,0.0,0.0,101319.0,0.0,4.0,0.0,3.0,14.0,91022.0,86.0,2.0,3.0,3513.0,83.0,14900.0,1.0,0.0,2.0,6.0,11258.0,3125.0,72.8,0.0,0.0,87.0,91.0,10.0,10.0,0.0,10.0,12.0,0.0,3.0,5.0,3.0,5.0,14.0,5.0,7.0,5.0,9.0,0.0,0.0,0.0,2.0,100.0,66.7,0.0,0.0,111821.0,101319.0,11500.0,96921.0,0,0
39470,12000.0,0.2565,481.26,1,62000.0,1,0,n,33.8,0.0,0.0,18.0,0.0,13983.0,29.0,0,10166.74,10166.74,3832.98,3832.98,1833.26,1999.72,0.0,0.0,0.0,481.26,0.0,1.0,1,0.0,0.0,75325.0,2.0,3.0,1.0,2.0,7.0,61342.0,81.0,2.0,2.0,3345.0,77.0,22100.0,2.0,2.0,1.0,4.0,4185.0,4148.0,70.4,0.0,0.0,187.0,111.0,2.0,2.0,0.0,2.0,7.0,1.0,10.0,14.0,10.0,11.0,9.0,15.0,20.0,14.0,18.0,0.0,0.0,0.0,3.0,82.8,50.0,0.0,0.0,98043.0,75325.0,14000.0,75943.0,0,0
39471,13600.0,0.16949999999999998,337.63,2,69600.0,1,0,n,6.21,0.0,2.0,6.0,1.0,8832.0,21.0,0,0.0,0.0,2012.97,2012.97,801.57,1211.4,0.0,0.0,0.0,337.63,0.0,1.0,1,0.0,0.0,76880.0,1.0,1.0,1.0,3.0,10.0,2821.0,84.0,1.0,1.0,4300.0,51.0,19700.0,3.0,5.0,8.0,5.0,12813.0,8493.0,42.2,0.0,0.0,164.0,87.0,5.0,5.0,1.0,5.0,0.0,0.0,2.0,3.0,3.0,5.0,13.0,4.0,7.0,3.0,6.0,0.0,0.0,0.0,3.0,100.0,33.3,1.0,0.0,88846.0,11653.0,14700.0,3360.0,0,0
39472,10000.0,0.1862,364.65,3,60000.0,0,0,n,26.68,0.0,1.0,11.0,0.0,8694.0,16.0,0,0.0,0.0,718.96,718.96,209.48,509.48,0.0,0.0,0.0,0.0,0.0,1.0,1,0.0,0.0,41242.0,2.0,3.0,2.0,3.0,4.0,32548.0,79.0,4.0,4.0,3694.0,62.0,24700.0,2.0,0.0,2.0,7.0,3749.0,16006.0,35.2,0.0,0.0,75.0,51.0,2.0,2.0,0.0,2.0,4.0,0.0,5.0,5.0,8.0,8.0,8.0,8.0,8.0,5.0,11.0,0.0,0.0,0.0,6.0,100.0,0.0,0.0,0.0,66120.0,41242.0,24700.0,41420.0,0,0
39478,18000.0,0.1524,626.1,2,72799.0,1,0,n,15.74,0.0,1.0,8.0,0.0,11038.0,23.0,0,13789.96,13789.96,6245.76,6245.76,4210.04,2035.72,0.0,0.0,0.0,626.1,0.0,1.0,1,0.0,0.0,280279.0,2.0,3.0,0.0,1.0,23.0,20046.0,70.0,2.0,2.0,3965.0,74.0,13500.0,4.0,1.0,4.0,5.0,35035.0,1837.0,78.4,0.0,0.0,141.0,107.0,8.0,5.0,3.0,8.0,5.0,4.0,2.0,3.0,3.0,5.0,11.0,4.0,9.0,3.0,8.0,0.0,0.0,0.0,4.0,65.2,66.7,0.0,0.0,292413.0,31084.0,8500.0,28532.0,0,0
39535,35000.0,0.2055,938.03,2,115000.0,1,0,n,18.89,1.0,0.0,13.0,0.0,50549.0,28.0,0,32122.7,32122.7,7464.28,7464.28,2877.3,4586.98,0.0,0.0,0.0,0.0,0.0,1.0,1,0.0,0.0,529069.0,0.0,5.0,1.0,2.0,10.0,49574.0,92.0,0.0,0.0,12539.0,88.0,59800.0,3.0,0.0,4.0,2.0,40698.0,5372.0,84.6,1.0,0.0,146.0,296.0,32.0,10.0,3.0,57.0,10.0,4.0,4.0,6.0,4.0,6.0,14.0,6.0,11.0,6.0,13.0,0.0,0.0,1.0,1.0,85.7,75.0,0.0,0.0,571342.0,100123.0,34800.0,54012.0,0,0
39573,2000.0,0.14300000000000002,68.65,1,35000.0,1,0,n,8.47,1.0,0.0,5.0,0.0,863.0,5.0,0,0.0,0.0,347.52,347.52,90.17,45.54,0.0,211.81,38.1258,0.0,0.0,1.0,1,0.0,0.0,39591.0,0.0,2.0,0.0,1.0,17.0,38728.0,95.0,0.0,2.0,863.0,91.0,2900.0,2.0,0.0,0.0,3.0,7918.0,1137.0,43.1,0.0,0.0,42.0,191.0,22.0,17.0,0.0,191.0,17.0,0.0,1.0,1.0,1.0,1.0,2.0,3.0,3.0,1.0,5.0,0.0,0.0,0.0,0.0,80.0,0.0,0.0,0.0,43600.0,39591.0,2000.0,40700.0,0,0
39594,5000.0,0.2305,193.68,1,50000.0,1,0,n,29.67,0.0,1.0,14.0,0.0,8513.0,17.0,0,0.0,0.0,962.0,962.0,507.31,454.69,0.0,0.0,0.0,0.0,0.0,1.0,1,0.0,0.0,20937.0,1.0,5.0,3.0,3.0,8.0,12424.0,51.0,1.0,4.0,1507.0,51.0,16600.0,0.0,1.0,3.0,7.0,1496.0,1024.0,77.2,0.0,0.0,54.0,43.0,3.0,3.0,0.0,3.0,3.0,0.0,3.0,9.0,3.0,3.0,6.0,9.0,11.0,9.0,14.0,0.0,0.0,0.0,4.0,100.0,66.7,0.0,0.0,40787.0,20937.0,4500.0,24187.0,0,0
39598,12000.0,0.2305,464.83,2,54000.0,1,0,n,37.67,0.0,1.0,18.0,0.0,11038.0,28.0,0,0.0,0.0,1843.95,1843.95,964.67,879.28,0.0,0.0,0.0,0.0,1.0,1.0,1,0.0,5230.0,33110.0,3.0,5.0,1.0,5.0,6.0,22072.0,64.0,5.0,9.0,6208.0,42.0,44300.0,9.0,0.0,7.0,14.0,1839.0,29103.0,24.6,0.0,0.0,99.0,438.0,2.0,2.0,0.0,8.0,1.0,1.0,5.0,7.0,5.0,6.0,12.0,13.0,15.0,7.0,18.0,0.0,0.0,0.0,6.0,96.4,60.0,0.0,0.0,79012.0,33110.0,38600.0,34712.0,0,0
39614,36000.0,0.124,1202.61,2,12000.0,0,0,n,97.2,0.0,0.0,8.0,0.0,25377.0,17.0,0,27630.92,27630.92,12001.3,12001.3,8369.08,3632.22,0.0,0.0,0.0,1202.61,0.0,1.0,0,0.0,0.0,167774.0,0.0,1.0,0.0,2.0,15.0,21997.0,75.0,0.0,2.0,9709.0,62.0,46700.0,3.0,0.0,4.0,4.0,20972.0,21023.0,54.7,0.0,0.0,197.0,217.0,15.0,15.0,3.0,17.0,4.0,0.0,3.0,3.0,4.0,7.0,6.0,5.0,8.0,3.0,8.0,0.0,0.0,0.0,0.0,94.1,50.0,0.0,0.0,226642.0,47374.0,46400.0,29344.0,0,0
39617,7975.0,0.124,266.42,1,185000.0,0,0,n,23.02,0.0,0.0,12.0,0.0,44716.0,18.0,0,7605.07,7605.07,1108.13,1108.13,369.93,738.2,0.0,0.0,0.0,133.21,0.0,1.0,1,0.0,0.0,95468.0,0.0,2.0,0.0,2.0,21.0,16370.0,48.0,0.0,0.0,9947.0,75.0,47300.0,2.0,0.0,0.0,2.0,7956.0,980.0,96.7,0.0,0.0,60.0,501.0,44.0,21.0,0.0,44.0,21.0,0.0,7.0,9.0,7.0,9.0,5.0,9.0,12.0,9.0,12.0,0.0,0.0,0.0,0.0,100.0,100.0,0.0,0.0,127038.0,95468.0,29700.0,34000.0,0,0
39754,20000.0,0.124,448.95,1,165000.0,1,0,n,13.57,0.0,1.0,10.0,0.0,8957.0,14.0,0,0.0,0.0,0.0,0.0,0.0,0.0,0.0,0.0,0.0,0.0,0.0,1.0,1,0.0,0.0,31847.0,2.0,2.0,1.0,1.0,12.0,22890.0,45.0,2.0,4.0,5691.0,37.0,35500.0,1.0,0.0,2.0,5.0,3185.0,19043.0,32.0,0.0,0.0,69.0,145.0,2.0,2.0,0.0,2.0,2.0,0.0,5.0,5.0,7.0,10.0,3.0,8.0,11.0,5.0,10.0,0.0,0.0,0.0,3.0,100.0,0.0,0.0,0.0,85971.0,31847.0,28000.0,50471.0,0,0
39763,26300.0,0.1171,869.9,1,70000.0,1,0,n,19.82,0.0,4.0,10.0,0.0,9912.0,31.0,0,0.0,0.0,3539.15,3539.15,0.0,0.0,0.0,3539.15,637.047,0.0,0.0,1.0,1,0.0,0.0,40220.0,2.0,3.0,1.0,2.0,2.0,30308.0,70.0,1.0,4.0,434.0,42.0,52500.0,0.0,7.0,4.0,6.0,4022.0,19966.0,2.1,0.0,0.0,121.0,141.0,1.0,1.0,2.0,1.0,0.0,0.0,1.0,2.0,4.0,9.0,11.0,7.0,18.0,2.0,10.0,0.0,0.0,0.0,2.0,100.0,0.0,0.0,0.0,95899.0,40220.0,20400.0,43399.0,0,0
39764,32000.0,0.0702,988.36,3,225000.0,1,0,n,8.34,1.0,2.0,12.0,0.0,32012.0,37.0,0,0.0,0.0,3940.96,3940.96,3232.87,708.09,0.0,0.0,0.0,988.36,0.0,1.0,1,0.0,2364.0,75331.0,1.0,2.0,0.0,2.0,13.0,43319.0,87.0,3.0,6.0,14563.0,45.0,118500.0,0.0,1.0,2.0,8.0,6278.0,70594.0,28.7,0.0,0.0,144.0,212.0,4.0,4.0,4.0,4.0,1.0,0.0,4.0,6.0,6.0,15.0,5.0,10.0,27.0,6.0,12.0,0.0,0.0,0.0,3.0,97.1,0.0,0.0,0.0,168264.0,75331.0,99000.0,49764.0,0,0
39767,28000.0,0.1862,1021.0,2,255000.0,0,0,n,23.13,0.0,4.0,52.0,0.0,74705.0,101.0,0,25972.8,25972.8,5076.04,5076.04,2027.2,3048.84,0.0,0.0,0.0,0.0,0.0,1.0,1,0.0,0.0,170012.0,2.0,4.0,1.0,4.0,6.0,95307.0,70.0,5.0,9.0,14530.0,48.0,183300.0,5.0,0.0,4.0,14.0,3269.0,36097.0,59.2,0.0,0.0,127.0,104.0,2.0,2.0,0.0,9.0,2.0,0.0,18.0,35.0,22.0,26.0,23.0,47.0,77.0,35.0,52.0,0.0,0.0,0.0,6.0,100.0,4.5,0.0,0.0,295605.0,170012.0,88500.0,111455.0,0,0
39805,25525.0,0.1862,930.75,1,85000.0,1,0,n,27.32,0.0,0.0,13.0,0.0,8716.0,15.0,0,23546.45,23546.45,4697.35,4697.35,1978.55,2718.8,0.0,0.0,0.0,50.0,0.0,1.0,1,0.0,0.0,75309.0,0.0,3.0,1.0,2.0,7.0,66593.0,72.0,1.0,5.0,3141.0,58.0,25200.0,1.0,0.0,0.0,7.0,5793.0,8176.0,48.6,0.0,0.0,44.0,61.0,11.0,7.0,0.0,14.0,17.0,1.0,5.0,7.0,6.0,7.0,3.0,10.0,11.0,7.0,13.0,0.0,0.0,0.0,2.0,93.3,50.0,0.0,0.0,105378.0,75309.0,15900.0,80178.0,0,0
39822,15950.0,0.1612,561.71,1,70000.0,1,0,n,26.42,0.0,0.0,7.0,0.0,17372.0,11.0,1,12257.78,12257.78,5602.82,5602.82,3692.22,1910.6,0.0,0.0,0.0,0.0,0.0,1.0,1,0.0,0.0,35677.0,1.0,3.0,1.0,3.0,6.0,18305.0,53.0,0.0,0.0,8190.0,68.0,18200.0,1.0,0.0,1.0,3.0,5097.0,828.0,95.5,0.0,0.0,46.0,113.0,43.0,6.0,0.0,43.0,6.0,0.0,4.0,4.0,4.0,4.0,5.0,4.0,6.0,4.0,7.0,0.0,0.0,0.0,1.0,100.0,100.0,0.0,0.0,52618.0,35677.0,18200.0,34418.0,0,0
39831,9000.0,0.14300000000000002,308.92,1,45309.0,0,0,n,21.09,0.0,1.0,13.0,0.0,24915.0,24.0,0,0.0,0.0,2398.14,2398.14,1729.06,669.08,0.0,0.0,0.0,0.0,0.0,1.0,1,0.0,0.0,37330.0,2.0,1.0,2.0,3.0,11.0,12415.0,78.0,2.0,5.0,6750.0,40.0,78000.0,0.0,0.0,2.0,8.0,2872.0,53085.0,31.9,0.0,0.0,53.0,160.0,5.0,5.0,0.0,5.0,5.0,0.0,5.0,5.0,12.0,18.0,5.0,12.0,19.0,5.0,13.0,0.0,0.0,0.0,4.0,100.0,33.3,0.0,0.0,94000.0,37330.0,78000.0,16000.0,0,0
39877,12000.0,0.17739999999999995,432.27,2,44000.0,1,0,n,19.37,0.0,0.0,8.0,0.0,14439.0,10.0,1,0.0,0.0,2162.7,2162.7,1231.06,906.64,0.0,25.0,4.5,0.0,0.0,1.0,1,0.0,0.0,83075.0,1.0,1.0,1.0,2.0,7.0,17641.0,94.0,1.0,2.0,3461.0,68.0,28800.0,3.0,2.0,3.0,5.0,10384.0,5217.0,40.0,0.0,0.0,27.0,52.0,5.0,5.0,1.0,28.0,7.0,0.0,2.0,4.0,3.0,3.0,3.0,6.0,6.0,4.0,8.0,0.0,0.0,0.0,2.0,100.0,33.3,0.0,0.0,99486.0,32080.0,8700.0,18686.0,0,0
39971,15950.0,0.2055,427.48,1,58500.0,0,0,n,38.69,0.0,0.0,21.0,0.0,19958.0,30.0,0,14638.71,14638.71,3401.63,3401.63,1311.29,2090.34,0.0,0.0,0.0,0.0,0.0,1.0,1,0.0,855.0,65284.0,0.0,3.0,1.0,2.0,8.0,45215.0,81.0,0.0,2.0,9612.0,60.0,51300.0,3.0,0.0,0.0,4.0,3109.0,23932.0,43.7,0.0,0.0,129.0,113.0,13.0,8.0,0.0,13.0,16.0,0.0,11.0,14.0,13.0,14.0,7.0,17.0,21.0,14.0,21.0,0.0,0.0,0.0,1.0,100.0,0.0,0.0,0.0,108041.0,65284.0,42500.0,55991.0,0,0
40077,20000.0,0.1102,435.05,2,60000.0,0,0,n,32.92,0.0,0.0,12.0,0.0,16160.0,19.0,0,0.0,0.0,3448.57,3448.57,505.07,340.54,0.0,2602.96,468.5328,435.05,0.0,1.0,1,0.0,0.0,196494.0,0.0,3.0,0.0,2.0,20.0,39510.0,65.0,0.0,2.0,5474.0,50.0,50400.0,2.0,1.0,1.0,4.0,16375.0,29140.0,35.7,0.0,0.0,92.0,136.0,22.0,20.0,2.0,22.0,2.0,0.0,4.0,4.0,5.0,6.0,8.0,7.0,9.0,4.0,12.0,0.0,0.0,0.0,0.0,100.0,20.0,0.0,0.0,267149.0,55670.0,45300.0,60449.0,0,0
40088,19050.0,0.2565,566.43,2,37440.0,0,0,n,54.52,0.0,0.0,16.0,0.0,27771.0,20.0,0,17815.04,17815.04,3910.72,3910.72,1234.96,2675.76,0.0,0.0,0.0,0.0,0.0,1.0,0,0.0,0.0,230399.0,0.0,6.0,0.0,2.0,14.0,40750.0,68.0,1.0,3.0,1845.0,64.0,46900.0,2.0,4.0,1.0,5.0,14400.0,11139.0,14.3,0.0,0.0,77.0,83.0,12.0,12.0,1.0,35.0,2.0,0.0,2.0,5.0,2.0,4.0,8.0,9.0,11.0,5.0,16.0,0.0,0.0,0.0,1.0,100.0,50.0,0.0,0.0,279050.0,68521.0,13000.0,60150.0,0,0
40160,20000.0,0.2305,774.72,2,110000.0,0,0,n,26.64,0.0,1.0,17.0,0.0,22936.0,21.0,0,17318.75,17318.75,5759.18,5759.18,2681.25,3077.93,0.0,0.0,0.0,0.0,0.0,1.0,1,0.0,0.0,75407.0,0.0,4.0,2.0,4.0,7.0,52471.0,67.0,0.0,4.0,5096.0,60.0,48200.0,2.0,0.0,3.0,8.0,4436.0,13763.0,49.8,0.0,0.0,95.0,47.0,13.0,7.0,0.0,13.0,2.0,0.0,5.0,9.0,6.0,7.0,7.0,13.0,14.0,9.0,17.0,0.0,0.0,0.0,2.0,100.0,16.7,0.0,0.0,126382.0,75407.0,27400.0,78182.0,0,0
40232,25000.0,0.2565,743.35,2,85000.0,0,0,n,30.1,0.0,2.0,11.0,0.0,6732.0,23.0,0,0.0,0.0,1415.45,1415.45,208.98,1206.47,0.0,0.0,0.0,743.35,0.0,1.0,1,0.0,920.0,282629.0,4.0,4.0,2.0,5.0,4.0,34836.0,82.0,2.0,3.0,2406.0,72.0,15200.0,1.0,0.0,9.0,9.0,25694.0,358.0,92.4,0.0,0.0,183.0,62.0,3.0,3.0,1.0,23.0,0.0,0.0,3.0,5.0,3.0,3.0,16.0,6.0,6.0,5.0,11.0,0.0,0.0,0.0,5.0,91.3,66.7,0.0,0.0,299813.0,41568.0,4700.0,42613.0,0,0
40247,18500.0,0.1612,651.51,2,113000.0,1,0,n,21.9,0.0,0.0,11.0,0.0,15251.0,20.0,1,15999.35,15999.35,4328.78,4328.78,2500.65,1828.13,0.0,0.0,0.0,0.0,1.0,1.0,1,0.0,391.0,256514.0,0.0,3.0,1.0,2.0,10.0,61506.0,81.0,0.0,0.0,5931.0,79.0,19400.0,1.0,10.0,1.0,2.0,23319.0,2570.0,83.4,0.0,0.0,160.0,53.0,34.0,10.0,2.0,37.0,10.0,0.0,4.0,6.0,4.0,4.0,12.0,6.0,6.0,6.0,11.0,0.0,0.0,0.0,1.0,95.0,75.0,0.0,0.0,312345.0,76757.0,15500.0,96087.0,0,0
40360,10000.0,0.2305,282.2,1,42000.0,1,0,n,29.0,2.0,1.0,23.0,0.0,14884.0,28.0,0,9818.03,9818.03,1949.79,1949.79,181.97,1767.82,0.0,0.0,0.0,282.2,0.0,1.0,1,0.0,501.0,85792.0,1.0,13.0,0.0,0.0,43.0,70908.0,105.0,1.0,3.0,7021.0,82.0,37400.0,0.0,0.0,2.0,3.0,3730.0,16264.0,43.9,0.0,0.0,160.0,149.0,3.0,3.0,0.0,3.0,3.0,0.0,6.0,10.0,6.0,7.0,14.0,10.0,14.0,10.0,23.0,0.0,0.0,0.0,1.0,85.7,16.7,0.0,0.0,104836.0,85792.0,29000.0,67436.0,0,0
40361,23575.0,0.1308,795.25,2,95000.0,0,0,n,36.09,0.0,1.0,14.0,1.0,9780.0,20.0,0,22944.39,22944.39,3355.94,3355.94,630.61,2725.33,0.0,0.0,0.0,795.25,0.0,1.0,0,0.0,0.0,411619.0,1.0,3.0,2.0,3.0,8.0,81401.0,84.0,1.0,4.0,6585.0,53.0,75800.0,1.0,0.0,2.0,8.0,31663.0,66020.0,12.9,0.0,0.0,137.0,79.0,5.0,5.0,2.0,5.0,5.0,0.0,4.0,4.0,8.0,10.0,8.0,8.0,10.0,5.0,14.0,0.0,0.0,0.0,3.0,95.0,0.0,1.0,0.0,541106.0,91181.0,75800.0,97206.0,0,0
40374,10625.0,0.1524,369.57,1,50000.0,0,0,n,35.96,1.0,0.0,9.0,0.0,20067.0,40.0,0,8918.65,8918.65,2569.0,2569.0,1706.35,862.65,0.0,0.0,0.0,0.0,0.0,1.0,1,0.0,0.0,148845.0,0.0,4.0,0.0,1.0,22.0,128778.0,93.0,1.0,1.0,9352.0,66.0,39500.0,1.0,0.0,0.0,2.0,16538.0,19433.0,50.8,0.0,0.0,126.0,179.0,7.0,7.0,0.0,7.0,22.0,1.0,5.0,5.0,5.0,16.0,21.0,5.0,19.0,5.0,9.0,0.0,0.0,1.0,1.0,97.4,40.0,0.0,0.0,144362.0,148845.0,39500.0,104862.0,0,0
40444,2250.0,0.0702,69.5,3,125000.0,0,0,n,13.02,0.0,1.0,16.0,0.0,3001.0,27.0,0,1671.56,1671.56,693.24,693.24,578.44,114.8,0.0,0.0,0.0,0.0,0.0,1.0,1,0.0,0.0,107934.0,1.0,4.0,3.0,3.0,4.0,43174.0,78.0,0.0,4.0,1904.0,45.0,48600.0,2.0,1.0,2.0,7.0,6746.0,38399.0,7.2,0.0,0.0,83.0,141.0,16.0,4.0,5.0,16.0,5.0,0.0,2.0,2.0,7.0,9.0,8.0,10.0,14.0,2.0,16.0,0.0,0.0,0.0,3.0,100.0,0.0,0.0,0.0,223647.0,46175.0,41400.0,55241.0,0,0
40448,10000.0,0.1612,352.17,1,30000.0,1,0,n,27.04,0.0,1.0,11.0,0.0,3447.0,25.0,0,8589.53,8589.53,2799.45,2799.45,1410.47,1388.98,0.0,0.0,0.0,352.17,1.0,1.0,1,0.0,267.0,8625.0,2.0,2.0,0.0,1.0,18.0,5178.0,48.0,5.0,6.0,604.0,26.0,23100.0,1.0,0.0,1.0,7.0,784.0,14653.0,19.0,0.0,0.0,26.0,280.0,2.0,2.0,0.0,5.0,2.0,0.0,7.0,7.0,7.0,20.0,2.0,9.0,23.0,7.0,11.0,0.0,0.0,0.0,5.0,100.0,14.3,0.0,0.0,33855.0,8625.0,18100.0,10755.0,0,0
40486,11000.0,0.17739999999999995,396.25,1,100000.0,1,0,n,16.28,0.0,2.0,15.0,0.0,10697.0,20.0,0,9037.45,9037.45,3415.54,3415.54,1962.55,1452.99,0.0,0.0,0.0,133.61,0.0,1.0,1,0.0,0.0,40786.0,2.0,9.0,5.0,5.0,4.0,30089.0,80.0,0.0,0.0,2305.0,81.0,12700.0,1.0,8.0,2.0,5.0,2719.0,1996.0,67.8,0.0,0.0,47.0,77.0,32.0,4.0,0.0,32.0,2.0,0.0,4.0,6.0,4.0,4.0,14.0,6.0,6.0,6.0,15.0,0.0,0.0,0.0,5.0,100.0,75.0,0.0,0.0,50513.0,40786.0,6200.0,37813.0,0,0
40497,30000.0,0.1308,683.83,3,155000.0,0,0,n,19.14,0.0,0.0,9.0,0.0,34449.0,16.0,0,0.0,0.0,7051.62,7051.62,717.55,606.51,0.0,5727.56,1030.9608,0.0,0.0,1.0,1,0.0,0.0,100979.0,0.0,3.0,0.0,2.0,21.0,66530.0,60.0,0.0,1.0,9727.0,73.0,40800.0,2.0,3.0,0.0,3.0,12622.0,995.0,96.0,0.0,0.0,53.0,255.0,24.0,21.0,0.0,24.0,20.0,0.0,3.0,5.0,4.0,6.0,7.0,6.0,9.0,5.0,9.0,0.0,0.0,0.0,0.0,100.0,100.0,0.0,0.0,135673.0,100979.0,24900.0,94873.0,0,0
40520,16000.0,0.2565,475.74,1,50800.0,1,0,n,32.21,0.0,1.0,10.0,0.0,7205.0,18.0,0,0.0,0.0,2786.33,2786.33,133.74,296.4,0.0,2356.19,424.1142,0.0,0.0,1.0,1,0.0,0.0,30575.0,2.0,3.0,1.0,3.0,6.0,23370.0,60.0,3.0,3.0,1616.0,63.0,9900.0,2.0,5.0,2.0,6.0,3058.0,339.0,91.9,0.0,0.0,69.0,91.0,5.0,5.0,0.0,9.0,6.0,2.0,4.0,7.0,4.0,6.0,9.0,7.0,9.0,7.0,10.0,0.0,0.0,0.0,4.0,94.1,75.0,0.0,0.0,48583.0,30575.0,4200.0,38683.0,0,0
40555,17000.0,0.08810000000000001,351.33,2,80000.0,1,0,n,11.16,0.0,3.0,13.0,0.0,5686.0,23.0,0,0.0,0.0,334.69,334.69,180.76,153.93,0.0,0.0,0.0,0.0,0.0,1.0,1,0.0,0.0,25603.0,5.0,2.0,2.0,2.0,3.0,19917.0,92.0,6.0,7.0,4407.0,23.0,91600.0,3.0,0.0,6.0,11.0,1969.0,63668.0,7.6,0.0,0.0,75.0,113.0,2.0,2.0,3.0,6.0,2.0,0.0,3.0,4.0,6.0,8.0,6.0,11.0,14.0,4.0,13.0,0.0,0.0,0.0,8.0,100.0,0.0,0.0,0.0,113255.0,25603.0,68900.0,21655.0,0,0
40581,19000.0,0.2055,711.45,2,100000.0,1,0,n,12.3,0.0,1.0,7.0,0.0,8587.0,14.0,0,17260.01,17260.01,4936.77,4936.77,1739.99,3196.78,0.0,0.0,0.0,711.45,0.0,1.0,1,0.0,0.0,32813.0,0.0,2.0,1.0,2.0,9.0,24226.0,72.0,0.0,1.0,4451.0,70.0,13100.0,1.0,0.0,3.0,4.0,4688.0,4513.0,65.5,0.0,0.0,92.0,59.0,15.0,9.0,1.0,15.0,0.0,0.0,4.0,4.0,5.0,5.0,7.0,5.0,6.0,4.0,7.0,0.0,0.0,0.0,1.0,100.0,40.0,0.0,0.0,46898.0,32813.0,13100.0,33798.0,0,0
40594,10625.0,0.1171,351.44,3,70000.0,0,0,n,20.18,1.0,0.0,18.0,0.0,12027.0,33.0,0,8306.13,8306.13,3149.14,3149.14,2318.87,830.27,0.0,0.0,0.0,0.0,0.0,1.0,1,0.0,1231.0,31190.0,0.0,5.0,0.0,1.0,15.0,19163.0,42.0,1.0,2.0,2993.0,40.0,33000.0,1.0,0.0,1.0,4.0,1733.0,11816.0,41.5,0.0,0.0,174.0,163.0,10.0,10.0,0.0,25.0,4.0,1.0,5.0,8.0,7.0,9.0,13.0,13.0,19.0,8.0,18.0,0.0,0.0,1.0,1.0,97.0,28.6,0.0,0.0,78640.0,31190.0,20200.0,45640.0,0,0
40598,32000.0,0.2055,857.63,2,67000.0,1,0,n,18.38,1.0,1.0,23.0,0.0,22022.0,34.0,0,31726.9,31726.9,4129.81,4129.81,273.1,3856.71,0.0,0.0,0.0,543.33,0.0,1.0,0,0.0,63.0,199472.0,2.0,1.0,0.0,0.0,39.0,8186.0,54.0,3.0,3.0,10603.0,47.0,48600.0,0.0,2.0,4.0,3.0,8673.0,15845.0,50.2,0.0,0.0,41.0,58.0,3.0,3.0,3.0,3.0,4.0,0.0,9.0,17.0,11.0,14.0,4.0,20.0,27.0,17.0,23.0,0.0,0.0,0.0,3.0,94.1,0.0,0.0,0.0,263952.0,30208.0,31800.0,15153.0,0,0
40612,9600.0,0.16949999999999998,342.03,1,95000.0,1,0,n,12.38,1.0,0.0,12.0,1.0,7335.0,45.0,0,8205.51,8205.51,2718.16,2718.16,1394.49,1323.67,0.0,0.0,0.0,342.03,0.0,1.0,1,0.0,362.0,104391.0,4.0,3.0,1.0,3.0,5.0,97056.0,83.0,3.0,4.0,2018.0,59.0,22200.0,1.0,0.0,0.0,7.0,8699.0,10509.0,28.5,0.0,0.0,182.0,159.0,5.0,5.0,0.0,5.0,14.0,3.0,3.0,5.0,4.0,7.0,29.0,9.0,16.0,5.0,12.0,0.0,0.0,0.0,4.0,79.1,25.0,1.0,0.0,118320.0,104391.0,14700.0,96120.0,0,0
40628,14000.0,0.2305,395.07,1,73000.0,0,0,n,26.42,0.0,0.0,17.0,0.0,20759.0,26.0,0,0.0,0.0,1939.49,1939.49,655.47,1284.02,0.0,0.0,0.0,395.07,0.0,1.0,1,0.0,0.0,79564.0,1.0,4.0,1.0,3.0,5.0,58805.0,71.0,1.0,4.0,5353.0,69.0,32200.0,1.0,0.0,0.0,7.0,4680.0,1216.0,92.8,0.0,0.0,163.0,211.0,11.0,5.0,0.0,11.0,18.0,0.0,6.0,12.0,6.0,6.0,9.0,13.0,17.0,12.0,17.0,0.0,0.0,0.0,2.0,100.0,100.0,0.0,0.0,114634.0,79564.0,16800.0,82434.0,0,0
40635,8000.0,0.2055,299.56,2,33866.45,1,0,n,34.69,0.0,1.0,7.0,1.0,7208.0,10.0,0,6432.63,6432.63,2677.77,2677.77,1567.37,1110.4,0.0,0.0,0.0,0.0,0.0,1.0,1,0.0,0.0,26480.0,1.0,2.0,0.0,1.0,15.0,19272.0,52.0,1.0,1.0,3117.0,48.0,17600.0,1.0,0.0,1.0,2.0,3783.0,3682.0,62.4,0.0,0.0,154.0,244.0,4.0,4.0,0.0,4.0,4.0,0.0,3.0,5.0,3.0,3.0,5.0,5.0,5.0,5.0,7.0,0.0,0.0,0.0,1.0,100.0,33.3,1.0,0.0,54805.0,26480.0,9800.0,37205.0,0,0
40677,8000.0,0.14300000000000002,274.59,1,56000.0,0,0,n,14.16,1.0,0.0,12.0,0.0,6329.0,23.0,0,6918.28,6918.28,1909.42,1909.42,1081.72,827.7,0.0,0.0,0.0,0.0,0.0,1.0,1,0.0,0.0,18311.0,2.0,4.0,1.0,1.0,10.0,11297.0,86.0,3.0,5.0,2682.0,75.0,9900.0,1.0,0.0,3.0,7.0,1526.0,3571.0,63.9,0.0,0.0,184.0,263.0,5.0,5.0,0.0,5.0,6.0,5.0,5.0,5.0,7.0,13.0,7.0,7.0,14.0,5.0,12.0,0.0,0.0,1.0,4.0,94.7,57.1,0.0,0.0,24280.0,18311.0,9900.0,13175.0,0,0
40718,18000.0,0.124,404.05,1,82500.0,0,0,n,19.43,0.0,1.0,10.0,0.0,14578.0,16.0,0,0.0,0.0,2197.48,2197.48,1113.02,1084.46,0.0,0.0,0.0,202.03,0.0,1.0,1,0.0,0.0,55275.0,1.0,2.0,0.0,2.0,15.0,40697.0,85.0,3.0,4.0,5233.0,59.0,45200.0,0.0,1.0,5.0,6.0,5528.0,22709.0,39.0,0.0,0.0,70.0,274.0,1.0,1.0,0.0,8.0,1.0,0.0,6.0,7.0,6.0,6.0,7.0,8.0,9.0,7.0,10.0,0.0,0.0,0.0,3.0,93.8,0.0,0.0,0.0,93336.0,55275.0,37200.0,48136.0,0,0
40754,20000.0,0.1524,478.33,1,105000.0,0,0,n,17.73,0.0,2.0,12.0,0.0,12531.0,21.0,0,0.0,0.0,922.79,922.79,224.33,698.46,0.0,0.0,0.0,0.0,0.0,1.0,1,0.0,0.0,61138.0,5.0,2.0,2.0,6.0,4.0,48607.0,93.0,3.0,3.0,2967.0,72.0,33400.0,8.0,1.0,2.0,9.0,5095.0,14342.0,38.2,0.0,0.0,116.0,127.0,1.0,1.0,0.0,1.0,4.0,0.0,6.0,8.0,7.0,7.0,11.0,10.0,10.0,8.0,12.0,0.0,0.0,0.0,5.0,95.2,0.0,0.0,0.0,85499.0,61138.0,23200.0,52099.0,0,0
40784,15600.0,0.08810000000000001,494.7,1,84000.0,1,0,n,5.23,0.0,2.0,13.0,0.0,32.0,17.0,0,15187.04,15187.04,1697.89,1697.89,412.96,1284.93,0.0,0.0,0.0,494.7,0.0,1.0,0,0.0,0.0,215754.0,4.0,1.0,1.0,2.0,4.0,9536.0,95.0,3.0,5.0,10.0,26.0,26600.0,1.0,1.0,4.0,8.0,16596.0,17390.0,0.1,0.0,0.0,35.0,84.0,1.0,1.0,1.0,4.0,4.0,0.0,1.0,2.0,6.0,6.0,3.0,11.0,13.0,2.0,13.0,0.0,0.0,0.0,5.0,100.0,0.0,0.0,0.0,242786.0,9568.0,17400.0,10000.0,0,0
40787,15950.0,0.08810000000000001,505.8,2,250000.0,1,0,n,12.07,0.0,2.0,17.0,0.0,8514.0,39.0,0,14841.43,14841.43,2236.09,2236.09,1108.57,1127.52,0.0,0.0,0.0,505.8,0.0,1.0,1,0.0,7670.0,495129.0,1.0,3.0,2.0,4.0,6.0,59856.0,85.0,2.0,2.0,2178.0,75.0,26200.0,2.0,1.0,3.0,7.0,33009.0,6702.0,54.4,0.0,0.0,162.0,174.0,7.0,6.0,4.0,7.0,6.0,7.0,6.0,8.0,6.0,14.0,9.0,10.0,23.0,8.0,17.0,0.0,0.0,0.0,4.0,84.2,50.0,0.0,0.0,531491.0,85888.0,14700.0,70515.0,0,0
40806,25000.0,0.2305,968.4,1,175000.0,1,0,n,11.65,0.0,0.0,14.0,0.0,30323.0,15.0,0,24511.81,24511.81,2814.45,2814.45,488.19,2326.26,0.0,0.0,0.0,484.2,0.0,1.0,1,0.0,0.0,52758.0,0.0,3.0,0.0,2.0,18.0,22435.0,76.0,0.0,2.0,13897.0,71.0,45300.0,0.0,0.0,1.0,4.0,3768.0,12351.0,70.5,0.0,0.0,96.0,98.0,19.0,18.0,0.0,19.0,9.0,0.0,6.0,8.0,9.0,10.0,3.0,11.0,12.0,8.0,14.0,0.0,0.0,0.0,0.0,100.0,33.3,0.0,0.0,74707.0,52758.0,41800.0,29407.0,0,0
40864,20000.0,0.2565,594.68,3,230000.0,1,0,n,29.95,0.0,3.0,9.0,0.0,6350.0,54.0,0,19864.06,19864.06,4105.76,4105.76,135.94,3969.82,0.0,0.0,0.0,0.0,0.0,1.0,1,0.0,0.0,220422.0,4.0,4.0,3.0,5.0,3.0,214072.0,97.0,2.0,3.0,2164.0,85.0,10300.0,2.0,6.0,4.0,8.0,27553.0,3950.0,61.7,0.0,0.0,130.0,229.0,2.0,2.0,0.0,2.0,1.0,8.0,4.0,4.0,5.0,18.0,28.0,5.0,26.0,4.0,9.0,0.0,0.0,0.0,5.0,83.3,50.0,0.0,0.0,259606.0,220422.0,10300.0,249306.0,0,0
40869,20000.0,0.2305,774.72,3,75000.0,1,0,n,22.09,0.0,2.0,18.0,0.0,23757.0,30.0,0,16060.56,16060.56,6946.54,6946.54,3939.44,3007.1,0.0,0.0,0.0,774.72,0.0,1.0,1,0.0,0.0,42213.0,4.0,1.0,1.0,1.0,5.0,18456.0,98.0,4.0,8.0,2136.0,75.0,37800.0,0.0,0.0,3.0,9.0,2345.0,2086.0,77.3,0.0,0.0,5.0,288.0,3.0,3.0,0.0,3.0,3.0,0.0,5.0,15.0,5.0,12.0,1.0,17.0,29.0,15.0,18.0,0.0,0.0,0.0,5.0,100.0,80.0,0.0,0.0,56628.0,42213.0,9200.0,18828.0,0,0
40958,18000.0,0.1102,589.47,1,38000.0,1,0,n,23.34,0.0,0.0,25.0,0.0,18833.0,31.0,0,16245.46,16245.46,3527.25,3527.25,1754.54,1772.71,0.0,0.0,0.0,294.73,0.0,1.0,1,0.0,0.0,51697.0,0.0,1.0,0.0,0.0,46.0,32864.0,213.0,3.0,5.0,6658.0,70.0,58700.0,0.0,3.0,1.0,5.0,2068.0,23139.0,36.4,0.0,0.0,150.0,86.0,8.0,8.0,0.0,8.0,9.0,0.0,7.0,12.0,13.0,17.0,2.0,24.0,29.0,12.0,25.0,0.0,0.0,0.0,3.0,96.8,7.7,0.0,0.0,74139.0,51697.0,36400.0,15439.0,0,0
40984,11000.0,0.1033,356.65,2,55000.0,0,0,n,23.54,0.0,0.0,12.0,1.0,10967.0,30.0,0,9118.24,9118.24,2640.92,2640.92,1881.76,759.16,0.0,0.0,0.0,78.5,0.0,1.0,1,0.0,1351.0,57806.0,1.0,3.0,2.0,4.0,3.0,46839.0,98.0,0.0,1.0,6109.0,79.0,25300.0,1.0,0.0,1.0,5.0,4817.0,10733.0,50.5,0.0,0.0,122.0,106.0,20.0,3.0,0.0,20.0,9.0,0.0,5.0,5.0,6.0,8.0,17.0,9.0,13.0,5.0,12.0,0.0,0.0,0.0,2.0,100.0,0.0,1.0,0.0,73123.0,57806.0,21700.0,47823.0,0,0
41028,10850.0,0.1308,247.32,1,91000.0,0,0,n,8.47,0.0,1.0,30.0,0.0,7582.0,38.0,0,0.0,0.0,726.19,726.19,335.0,391.19,0.0,0.0,0.0,0.0,0.0,1.0,1,0.0,1139.0,71013.0,2.0,10.0,0.0,0.0,36.0,63431.0,105.0,2.0,5.0,3347.0,52.0,76400.0,0.0,0.0,1.0,5.0,2367.0,60812.0,8.3,0.0,0.0,257.0,80.0,4.0,4.0,0.0,4.0,1.0,0.0,5.0,8.0,14.0,18.0,11.0,20.0,27.0,8.0,30.0,0.0,0.0,0.0,2.0,100.0,0.0,0.0,0.0,136900.0,71013.0,66300.0,60500.0,0,0
41082,35000.0,0.1171,1157.66,1,185000.0,0,0,n,18.86,3.0,1.0,17.0,0.0,23864.0,26.0,0,0.0,0.0,3427.44,3427.44,2472.32,955.12,0.0,0.0,0.0,0.0,1.0,1.0,1,0.0,220.0,313687.0,1.0,4.0,2.0,5.0,11.0,94466.0,63.0,1.0,1.0,19179.0,41.0,78300.0,3.0,0.0,2.0,9.0,18452.0,47340.0,32.1,0.0,0.0,76.0,160.0,5.0,5.0,2.0,5.0,5.0,1.0,2.0,3.0,8.0,9.0,8.0,11.0,14.0,3.0,17.0,0.0,0.0,1.0,4.0,76.9,12.5,0.0,0.0,405516.0,118546.0,69700.0,125380.0,0,0
41207,30000.0,0.1102,982.45,2,104000.0,1,0,n,16.82,0.0,0.0,9.0,0.0,7497.0,21.0,0,0.0,0.0,2910.62,2910.62,1615.47,1295.15,0.0,0.0,0.0,0.0,0.0,1.0,1,0.0,894.0,74913.0,1.0,2.0,3.0,4.0,2.0,67416.0,90.0,1.0,1.0,2407.0,49.0,31900.0,3.0,1.0,7.0,5.0,8324.0,22161.0,24.6,0.0,0.0,160.0,113.0,12.0,2.0,0.0,12.0,2.0,0.0,5.0,6.0,6.0,9.0,10.0,7.0,11.0,6.0,9.0,0.0,0.0,0.0,4.0,95.2,0.0,0.0,0.0,101326.0,74913.0,29400.0,69426.0,0,0
41230,19200.0,0.1862,494.06,1,105000.0,1,0,n,22.87,2.0,1.0,8.0,0.0,9497.0,22.0,1,18188.39,18188.39,3913.7,3913.7,1011.61,2902.09,0.0,0.0,0.0,0.94,0.0,1.0,1,0.0,0.0,29693.0,1.0,4.0,1.0,1.0,5.0,20196.0,33.0,0.0,0.0,4963.0,39.0,13800.0,1.0,2.0,1.0,1.0,4242.0,4303.0,68.8,0.0,0.0,157.0,138.0,31.0,5.0,0.0,33.0,5.0,1.0,3.0,3.0,3.0,5.0,13.0,4.0,9.0,3.0,7.0,0.0,0.0,1.0,1.0,72.2,33.3,0.0,0.0,76032.0,29693.0,13800.0,62232.0,0,0
41281,10525.0,0.1102,344.68,1,65000.0,0,0,n,20.85,0.0,0.0,25.0,0.0,6259.0,75.0,1,0.0,0.0,676.47,676.47,498.32,178.15,0.0,0.0,0.0,0.0,0.0,1.0,1,0.0,0.0,164631.0,1.0,15.0,1.0,3.0,6.0,158372.0,142.0,1.0,1.0,3461.0,70.0,87500.0,0.0,0.0,1.0,4.0,6585.0,70938.0,7.9,0.0,0.0,150.0,161.0,11.0,6.0,0.0,11.0,3.0,0.0,3.0,5.0,8.0,13.0,51.0,10.0,24.0,5.0,25.0,0.0,0.0,0.0,2.0,100.0,0.0,0.0,0.0,214389.0,164631.0,77000.0,126889.0,0,0
41307,16375.0,0.2055,438.87,1,34600.0,1,0,n,14.57,0.0,2.0,6.0,1.0,1572.0,11.0,0,16055.39,16055.39,2595.83,2595.83,319.61,2276.22,0.0,0.0,0.0,438.87,0.0,1.0,1,0.0,0.0,23223.0,2.0,4.0,1.0,4.0,6.0,21651.0,100.0,1.0,1.0,1220.0,91.0,3800.0,3.0,0.0,2.0,5.0,3871.0,2228.0,41.4,0.0,0.0,172.0,164.0,1.0,1.0,0.0,1.0,1.0,0.0,2.0,2.0,2.0,2.0,8.0,2.0,3.0,2.0,6.0,0.0,0.0,0.0,2.0,100.0,50.0,1.0,0.0,25425.0,23223.0,3800.0,21625.0,0,0
41324,40000.0,0.08810000000000001,1268.46,2,147000.0,0,0,n,20.37,0.0,1.0,20.0,0.0,25233.0,60.0,0,35460.47,35460.47,6836.2,6836.2,4539.53,2296.67,0.0,0.0,0.0,1268.46,0.0,1.0,1,0.0,0.0,273474.0,0.0,4.0,0.0,5.0,13.0,29335.0,51.0,2.0,4.0,3983.0,40.0,79600.0,1.0,2.0,3.0,9.0,13674.0,45287.0,34.8,0.0,0.0,139.0,202.0,9.0,9.0,6.0,21.0,1.0,0.0,12.0,15.0,12.0,23.0,21.0,15.0,33.0,15.0,20.0,0.0,0.0,0.0,2.0,100.0,0.0,0.0,0.0,362560.0,54568.0,69500.0,57960.0,0,0
41370,25000.0,0.2565,1002.62,2,237000.0,0,0,n,17.16,0.0,0.0,29.0,0.0,49592.0,39.0,0,24638.63,24638.63,4941.85,4941.85,361.37,4580.48,0.0,0.0,0.0,1002.62,0.0,1.0,1,0.0,0.0,63166.0,0.0,2.0,0.0,0.0,43.0,13090.0,28.0,2.0,4.0,6024.0,59.0,74100.0,3.0,1.0,9.0,4.0,2178.0,8005.0,77.4,0.0,0.0,118.0,143.0,7.0,7.0,0.0,7.0,2.0,0.0,13.0,25.0,14.0,17.0,5.0,26.0,33.0,25.0,29.0,0.0,0.0,0.0,2.0,100.0,64.3,0.0,0.0,128675.0,63166.0,40500.0,54014.0,0,0
41372,17175.0,0.1862,441.95,2,65000.0,0,0,n,41.53,0.0,0.0,11.0,0.0,22719.0,14.0,0,16771.41,16771.41,3147.59,3147.59,403.59,2744.0,0.0,0.0,0.0,441.95,0.0,1.0,0,0.0,0.0,170897.0,0.0,3.0,1.0,2.0,7.0,47759.0,56.0,2.0,3.0,10962.0,57.0,37700.0,2.0,0.0,2.0,5.0,15536.0,7370.0,74.1,0.0,0.0,78.0,76.0,8.0,7.0,1.0,41.0,7.0,0.0,3.0,6.0,3.0,3.0,6.0,7.0,7.0,6.0,11.0,0.0,0.0,0.0,3.0,100.0,33.3,0.0,0.0,253988.0,70478.0,28500.0,85250.0,0,0
41418,3000.0,0.1862,109.4,3,55000.0,1,0,n,5.69,1.0,1.0,6.0,0.0,2492.0,11.0,0,0.0,0.0,321.99,321.99,167.48,154.51,0.0,0.0,0.0,0.0,0.0,1.0,1,0.0,0.0,3326.0,1.0,1.0,0.0,0.0,30.0,834.0,29.0,1.0,3.0,1129.0,31.0,7800.0,0.0,3.0,1.0,3.0,554.0,4003.0,31.0,0.0,0.0,91.0,90.0,2.0,2.0,0.0,16.0,2.0,0.0,3.0,4.0,3.0,3.0,3.0,5.0,8.0,4.0,6.0,0.0,0.0,0.0,1.0,90.9,33.3,0.0,0.0,10708.0,3326.0,5800.0,2908.0,0,0
41427,23325.0,0.08810000000000001,739.67,2,120000.0,0,0,n,37.01,0.0,0.0,17.0,0.0,32038.0,37.0,0,0.0,0.0,0.0,0.0,0.0,0.0,0.0,0.0,0.0,0.0,0.0,1.0,1,0.0,0.0,200883.0,0.0,4.0,0.0,3.0,14.0,82219.0,63.0,0.0,1.0,9816.0,57.0,57600.0,2.0,0.0,1.0,4.0,11817.0,17669.0,60.0,0.0,0.0,125.0,228.0,21.0,14.0,5.0,21.0,8.0,0.0,7.0,9.0,7.0,12.0,15.0,10.0,16.0,9.0,17.0,0.0,0.0,0.0,0.0,85.7,42.9,0.0,0.0,318860.0,116066.0,44200.0,134475.0,0,0
41533,20000.0,0.2055,748.89,3,235729.0,1,0,n,10.08,0.0,0.0,7.0,0.0,18129.0,12.0,0,15949.94,15949.94,7443.23,7443.23,4050.06,3393.17,0.0,0.0,0.0,748.89,0.0,1.0,1,0.0,0.0,46125.0,0.0,2.0,1.0,1.0,11.0,27996.0,65.0,0.0,0.0,8601.0,75.0,18200.0,2.0,0.0,1.0,1.0,6589.0,71.0,99.6,0.0,0.0,45.0,469.0,38.0,11.0,1.0,42.0,11.0,0.0,5.0,5.0,5.0,6.0,2.0,5.0,9.0,5.0,7.0,0.0,0.0,0.0,1.0,100.0,100.0,0.0,0.0,61240.0,46125.0,18200.0,43040.0,0,0
41558,40000.0,0.0702,1235.45,2,40000.0,1,0,n,19.08,1.0,0.0,20.0,0.0,5804.0,25.0,0,0.0,0.0,1204.25,1204.25,1001.45,202.8,0.0,0.0,0.0,1235.45,0.0,1.0,0,0.0,0.0,226429.0,1.0,9.0,0.0,0.0,36.0,76092.0,113.0,1.0,4.0,3877.0,60.0,68700.0,0.0,0.0,1.0,5.0,11321.0,54896.0,9.6,0.0,0.0,111.0,71.0,8.0,5.0,3.0,8.0,6.0,0.0,2.0,2.0,8.0,10.0,10.0,10.0,12.0,2.0,20.0,0.0,0.0,0.0,2.0,88.0,12.5,0.0,0.0,280950.0,81896.0,60700.0,67250.0,0,0
41593,40000.0,0.1308,911.77,1,480000.0,1,0,n,8.04,0.0,0.0,9.0,0.0,45083.0,16.0,0,0.0,0.0,1765.41,1765.41,956.73,808.68,0.0,0.0,0.0,0.0,0.0,1.0,1,0.0,0.0,46962.0,0.0,2.0,0.0,1.0,23.0,1879.0,3.0,0.0,0.0,23056.0,37.0,61700.0,1.0,0.0,0.0,2.0,5218.0,14255.0,75.8,0.0,0.0,37.0,162.0,41.0,8.0,2.0,41.0,23.0,0.0,4.0,5.0,5.0,9.0,2.0,6.0,11.0,5.0,9.0,0.0,0.0,0.0,1.0,100.0,40.0,0.0,0.0,127144.0,46962.0,58900.0,60000.0,0,0
41595,10625.0,0.1171,351.44,2,50000.0,1,0,n,44.19,0.0,0.0,9.0,0.0,2191.0,40.0,0,9562.96,9562.96,1743.38,1743.38,1062.04,681.34,0.0,0.0,0.0,351.44,0.0,1.0,0,0.0,0.0,318323.0,2.0,3.0,2.0,2.0,2.0,50095.0,77.0,1.0,3.0,1573.0,73.0,6600.0,1.0,2.0,0.0,5.0,35369.0,27.0,98.3,0.0,0.0,126.0,455.0,12.0,2.0,3.0,32.0,17.0,1.0,1.0,2.0,1.0,9.0,13.0,5.0,22.0,2.0,8.0,0.0,0.0,0.0,3.0,92.5,100.0,0.0,0.0,356091.0,52286.0,1600.0,64785.0,0,0
41639,4250.0,0.2305,164.63,1,50000.0,0,0,n,29.62,0.0,2.0,8.0,0.0,3045.0,17.0,0,0.0,0.0,483.01,483.01,167.58,315.43,0.0,0.0,0.0,164.63,0.0,1.0,1,0.0,8929.0,31248.0,1.0,2.0,0.0,2.0,18.0,28203.0,69.0,1.0,4.0,701.0,67.0,5600.0,6.0,1.0,5.0,6.0,3906.0,174.0,84.2,0.0,0.0,90.0,253.0,4.0,4.0,0.0,17.0,4.0,1.0,2.0,5.0,2.0,2.0,7.0,6.0,10.0,5.0,8.0,0.0,0.0,0.0,1.0,88.2,50.0,0.0,0.0,46500.0,31248.0,1100.0,40900.0,0,0
41666,40000.0,0.16949999999999998,993.03,1,160000.0,0,0,n,19.14,0.0,2.0,13.0,0.0,41609.0,24.0,0,0.0,0.0,8051.31,8051.31,1129.75,1774.01,0.0,5147.55,926.559,993.03,0.0,1.0,1,0.0,0.0,83561.0,0.0,4.0,0.0,3.0,17.0,41952.0,68.0,0.0,1.0,5130.0,67.0,62600.0,3.0,7.0,6.0,4.0,6428.0,4906.0,70.4,0.0,0.0,120.0,92.0,18.0,17.0,0.0,38.0,2.0,0.0,4.0,9.0,4.0,4.0,11.0,9.0,13.0,9.0,13.0,0.0,0.0,0.0,0.0,100.0,25.0,0.0,0.0,124202.0,83561.0,16600.0,61602.0,0,0
41695,9000.0,0.0756,280.21,3,125000.0,1,0,n,7.7,0.0,0.0,9.0,0.0,9050.0,14.0,0,7171.99,7171.99,2234.12,2234.12,1828.01,406.11,0.0,0.0,0.0,0.0,0.0,1.0,1,0.0,0.0,24004.0,1.0,1.0,0.0,1.0,23.0,14954.0,72.0,1.0,2.0,3850.0,78.0,9900.0,5.0,0.0,0.0,3.0,2667.0,850.0,91.4,0.0,0.0,141.0,49.0,6.0,6.0,0.0,6.0,13.0,1.0,8.0,8.0,8.0,8.0,5.0,8.0,8.0,8.0,9.0,0.0,0.0,0.0,1.0,100.0,87.5,0.0,0.0,30804.0,24004.0,9900.0,20904.0,0,0
41774,40000.0,0.1033,856.4,2,104000.0,1,0,n,27.76,0.0,2.0,13.0,0.0,6040.0,47.0,0,35352.41,35352.41,7661.69,7661.69,4647.59,3014.1,0.0,0.0,0.0,0.0,0.0,1.0,0,0.0,0.0,659197.0,1.0,6.0,2.0,2.0,10.0,114327.0,83.0,2.0,3.0,4611.0,59.0,29700.0,4.0,2.0,14.0,7.0,50707.0,19957.0,19.2,0.0,0.0,128.0,184.0,8.0,6.0,4.0,12.0,4.0,0.0,2.0,3.0,3.0,15.0,14.0,6.0,29.0,3.0,13.0,0.0,0.0,0.0,5.0,95.7,0.0,0.0,0.0,703067.0,120367.0,24700.0,131467.0,0,0
41795,6400.0,0.14300000000000002,219.68,3,36000.0,0,0,n,23.7,1.0,0.0,8.0,0.0,10887.0,18.0,0,5071.17,5071.17,1966.95,1966.95,1328.83,638.12,0.0,0.0,0.0,0.0,0.0,1.0,1,0.0,0.0,60469.0,0.0,1.0,1.0,1.0,7.0,2125.0,18.0,0.0,1.0,3889.0,49.0,14800.0,0.0,0.0,1.0,2.0,7559.0,3578.0,66.9,0.0,0.0,75.0,379.0,16.0,7.0,4.0,16.0,2.0,0.0,4.0,6.0,4.0,6.0,3.0,6.0,11.0,6.0,8.0,0.0,0.0,0.0,1.0,83.3,50.0,0.0,0.0,76475.0,13012.0,10800.0,11675.0,0,0
41812,30000.0,0.0819,942.73,2,140000.0,1,0,n,13.24,1.0,0.0,11.0,0.0,27816.0,50.0,0,17701.52,17701.52,13684.27,13684.27,12298.48,1385.79,0.0,0.0,0.0,0.0,0.0,1.0,1,0.0,866.0,317499.0,0.0,2.0,0.0,0.0,26.0,289683.0,69.0,1.0,2.0,5282.0,57.0,52300.0,0.0,2.0,1.0,2.0,28864.0,12864.0,45.0,1.0,0.0,173.0,207.0,12.0,12.0,0.0,12.0,12.0,2.0,3.0,7.0,4.0,8.0,29.0,9.0,21.0,7.0,11.0,0.0,0.0,0.0,1.0,93.9,0.0,0.0,0.0,262038.0,317499.0,23400.0,209738.0,0,0
41824,35000.0,0.2305,987.68,2,70000.0,0,0,n,7.94,0.0,0.0,17.0,0.0,927.0,28.0,0,0.0,0.0,5382.54,5382.54,315.39,582.65,0.0,4484.5,807.21,0.0,0.0,1.0,1,0.0,7397.0,9055.0,0.0,1.0,0.0,1.0,15.0,8128.0,68.0,2.0,5.0,552.0,20.0,33100.0,1.0,1.0,0.0,6.0,533.0,23242.0,2.3,0.0,0.0,126.0,184.0,7.0,7.0,1.0,7.0,15.0,0.0,2.0,3.0,9.0,11.0,2.0,16.0,25.0,3.0,17.0,0.0,0.0,0.0,2.0,89.3,0.0,0.0,0.0,45100.0,9055.0,23800.0,12000.0,0,0
41832,8000.0,0.2305,309.89,2,52000.0,1,0,n,31.73,2.0,2.0,13.0,0.0,17107.0,20.0,0,8000.0,8000.0,904.09,904.09,0.0,904.09,0.0,0.0,0.0,154.95,0.0,1.0,1,0.0,1649.0,119549.0,1.0,3.0,2.0,2.0,1.0,27620.0,97.0,1.0,1.0,2717.0,60.0,34200.0,5.0,1.0,9.0,3.0,9196.0,2526.0,70.3,0.0,0.0,77.0,237.0,10.0,1.0,1.0,35.0,0.0,0.0,4.0,7.0,4.0,6.0,5.0,9.0,14.0,7.0,12.0,0.0,0.0,0.0,3.0,85.0,50.0,0.0,0.0,199334.0,44727.0,8500.0,47134.0,0,0
41868,35000.0,0.08810000000000001,1109.9,3,85000.0,1,0,n,23.34,0.0,0.0,10.0,0.0,32949.0,14.0,0,29714.34,29714.34,7735.04,7735.04,5285.66,2449.38,0.0,0.0,0.0,1109.9,0.0,1.0,1,0.0,0.0,40531.0,0.0,1.0,0.0,0.0,27.0,7582.0,36.0,2.0,2.0,16528.0,61.0,45100.0,0.0,0.0,1.0,2.0,4053.0,8670.0,75.5,0.0,0.0,93.0,85.0,11.0,11.0,0.0,11.0,10.0,0.0,5.0,8.0,5.0,7.0,2.0,9.0,12.0,8.0,10.0,0.0,0.0,0.0,2.0,100.0,40.0,0.0,0.0,66100.0,40531.0,35400.0,21000.0,0,0
41871,40000.0,0.0819,1256.97,1,65000.0,0,0,n,33.6,0.0,0.0,15.0,0.0,3832.0,21.0,0,0.0,0.0,5976.66,5976.66,856.57,364.0,0.0,4756.09,856.0962,1256.97,0.0,1.0,1,0.0,0.0,45434.0,1.0,3.0,1.0,3.0,8.0,41602.0,55.0,2.0,4.0,3832.0,31.0,71500.0,2.0,2.0,3.0,7.0,3245.0,56268.0,6.4,0.0,0.0,99.0,162.0,5.0,5.0,0.0,5.0,8.0,0.0,1.0,1.0,10.0,11.0,6.0,12.0,15.0,1.0,15.0,0.0,0.0,0.0,3.0,100.0,0.0,0.0,0.0,147234.0,45434.0,60100.0,75734.0,0,0
41874,12000.0,0.2305,464.83,2,160000.0,1,0,n,21.43,0.0,1.0,22.0,0.0,44139.0,35.0,0,0.0,0.0,1428.59,1428.59,537.99,890.6,0.0,0.0,0.0,0.0,0.0,1.0,1,0.0,0.0,376352.0,2.0,8.0,2.0,4.0,2.0,83338.0,90.0,1.0,4.0,9869.0,61.0,117900.0,1.0,3.0,2.0,10.0,17107.0,45111.0,41.0,0.0,0.0,137.0,128.0,6.0,2.0,2.0,6.0,2.0,0.0,6.0,7.0,7.0,7.0,18.0,12.0,13.0,7.0,22.0,0.0,0.0,0.0,3.0,100.0,28.6,0.0,0.0,451027.0,130247.0,76500.0,92707.0,0,0
41901,10625.0,0.2305,411.57,1,23322.0,1,0,n,50.18,0.0,0.0,8.0,0.0,1649.0,15.0,0,8361.35,8361.35,4088.49,4088.49,2263.65,1824.84,0.0,0.0,0.0,0.0,0.0,1.0,0,0.0,0.0,33863.0,0.0,4.0,1.0,4.0,8.0,32214.0,82.0,1.0,2.0,671.0,79.0,3600.0,8.0,1.0,4.0,6.0,4233.0,715.0,60.3,0.0,0.0,158.0,110.0,8.0,8.0,0.0,27.0,8.0,3.0,2.0,3.0,2.0,3.0,9.0,4.0,6.0,3.0,8.0,0.0,0.0,0.0,2.0,84.6,50.0,0.0,0.0,42789.0,33863.0,1800.0,39189.0,0,0
41956,10000.0,0.2565,401.05,2,70000.0,0,0,n,27.55,0.0,1.0,23.0,0.0,54395.0,47.0,0,8207.55,8207.55,3580.95,3580.95,1792.45,1788.5,0.0,0.0,0.0,0.0,0.0,1.0,1,0.0,3347.0,158445.0,1.0,1.0,0.0,1.0,21.0,4913.0,49.0,1.0,3.0,8369.0,58.0,93000.0,2.0,0.0,3.0,5.0,7922.0,21543.0,60.8,0.0,0.0,145.0,457.0,1.0,1.0,1.0,13.0,1.0,0.0,9.0,13.0,12.0,25.0,6.0,19.0,37.0,13.0,23.0,0.0,0.0,0.0,2.0,100.0,27.3,0.0,0.0,204134.0,59308.0,55000.0,10000.0,0,0
41981,20000.0,0.2305,564.39,2,94000.0,0,0,n,23.83,0.0,0.0,19.0,1.0,22010.0,31.0,0,19047.4,19047.4,3899.51,3899.51,952.6,2946.91,0.0,0.0,0.0,564.39,0.0,1.0,1,0.0,0.0,197536.0,3.0,7.0,2.0,3.0,4.0,36631.0,73.0,3.0,5.0,9033.0,63.0,43000.0,0.0,0.0,1.0,9.0,10397.0,8217.0,67.0,0.0,0.0,245.0,61.0,5.0,4.0,2.0,9.0,0.0,0.0,6.0,10.0,6.0,6.0,18.0,10.0,11.0,10.0,19.0,0.0,0.0,0.0,6.0,100.0,16.7,1.0,0.0,233259.0,58641.0,24900.0,50259.0,0,0
42012,15950.0,0.14300000000000002,373.62,1,125000.0,1,0,n,14.47,0.0,1.0,9.0,0.0,13563.0,12.0,0,0.0,0.0,721.9,721.9,139.2,582.7,0.0,0.0,0.0,373.62,0.0,1.0,1,0.0,0.0,55257.0,1.0,3.0,1.0,4.0,8.0,41694.0,84.0,1.0,2.0,6075.0,66.0,34000.0,5.0,1.0,2.0,6.0,6140.0,19237.0,41.4,0.0,0.0,20.0,67.0,5.0,5.0,0.0,5.0,5.0,0.0,4.0,4.0,5.0,7.0,4.0,6.0,8.0,4.0,9.0,0.0,0.0,0.0,2.0,100.0,0.0,0.0,0.0,83921.0,55257.0,32800.0,49921.0,0,0
42038,9000.0,0.1524,313.05,1,42000.0,0,0,n,23.03,0.0,0.0,8.0,0.0,9355.0,18.0,0,8998.11,8998.11,1152.51,1152.51,1.89,1150.62,0.0,0.0,0.0,313.05,0.0,1.0,1,0.0,0.0,56953.0,1.0,2.0,1.0,1.0,4.0,47598.0,84.0,1.0,3.0,4075.0,83.0,12600.0,0.0,2.0,3.0,4.0,7119.0,526.0,94.2,0.0,0.0,78.0,78.0,8.0,4.0,0.0,14.0,9.0,0.0,3.0,4.0,3.0,4.0,10.0,6.0,8.0,4.0,8.0,0.0,0.0,0.0,2.0,100.0,100.0,0.0,0.0,69022.0,56953.0,9100.0,56422.0,0,0
42056,16000.0,0.2055,428.82,1,130000.0,0,0,n,11.71,0.0,1.0,12.0,0.0,6912.0,25.0,0,14684.61,14684.61,3394.03,3394.03,1315.39,2078.64,0.0,0.0,0.0,428.82,0.0,1.0,1,0.0,75.0,168967.0,3.0,6.0,1.0,2.0,6.0,162055.0,109.0,2.0,4.0,4708.0,67.0,22400.0,1.0,4.0,2.0,6.0,14081.0,15488.0,30.9,0.0,0.0,159.0,64.0,4.0,4.0,0.0,4.0,4.0,1.0,6.0,6.0,6.0,7.0,17.0,6.0,7.0,6.0,12.0,0.0,0.0,0.0,3.0,76.0,0.0,0.0,0.0,165476.0,168967.0,22400.0,143076.0,0,0
42088,32000.0,0.1171,1058.44,1,181430.0,1,0,n,18.53,0.0,1.0,13.0,0.0,30900.0,20.0,1,0.0,0.0,2691.34,2691.34,1499.62,1191.72,0.0,0.0,0.0,297.64,0.0,1.0,1,0.0,0.0,59958.0,0.0,3.0,0.0,2.0,20.0,29058.0,41.0,0.0,3.0,7779.0,50.0,48700.0,2.0,0.0,1.0,5.0,4612.0,16529.0,60.5,0.0,0.0,92.0,167.0,14.0,14.0,0.0,14.0,0.0,0.0,8.0,10.0,8.0,8.0,9.0,10.0,11.0,10.0,13.0,0.0,0.0,0.0,0.0,100.0,25.0,0.0,0.0,120481.0,59958.0,41800.0,71781.0,0,0
42121,29000.0,0.1862,1057.47,3,75000.0,0,0,n,20.37,0.0,0.0,17.0,1.0,28470.0,30.0,0,0.0,0.0,4908.68,4908.68,607.49,389.98,0.0,3911.21,704.0178,0.0,0.0,1.0,1,0.0,0.0,46468.0,0.0,1.0,0.0,1.0,18.0,17998.0,72.0,2.0,4.0,7411.0,46.0,75900.0,0.0,0.0,1.0,5.0,2733.0,30725.0,47.9,0.0,0.0,18.0,128.0,10.0,10.0,0.0,10.0,10.0,0.0,6.0,8.0,11.0,19.0,1.0,16.0,29.0,8.0,17.0,0.0,0.0,0.0,2.0,100.0,18.2,1.0,0.0,101003.0,46468.0,59000.0,25103.0,0,0
42134,20425.0,0.1308,688.99,1,60000.0,0,0,n,14.36,0.0,0.0,6.0,0.0,11123.0,13.0,0,17138.91,17138.91,4808.09,4808.09,3286.09,1522.0,0.0,0.0,0.0,0.0,0.0,1.0,1,0.0,0.0,17509.0,0.0,1.0,0.0,1.0,16.0,6386.0,64.0,0.0,0.0,3843.0,48.0,26300.0,1.0,1.0,0.0,1.0,2918.0,15177.0,42.3,0.0,0.0,99.0,158.0,47.0,16.0,0.0,47.0,16.0,0.0,5.0,5.0,5.0,6.0,2.0,5.0,11.0,5.0,6.0,0.0,0.0,0.0,0.0,58.3,20.0,0.0,0.0,36300.0,17509.0,26300.0,10000.0,0,0
42166,15000.0,0.17739999999999995,540.34,3,129999.0,1,0,n,7.71,1.0,1.0,9.0,0.0,12172.0,11.0,0,0.0,0.0,1591.45,1591.45,1013.73,577.72,0.0,0.0,0.0,0.0,0.0,1.0,1,0.0,0.0,19824.0,0.0,2.0,0.0,2.0,22.0,7652.0,39.0,2.0,4.0,6731.0,54.0,17000.0,4.0,0.0,7.0,6.0,2203.0,4828.0,71.6,0.0,0.0,24.0,94.0,8.0,8.0,0.0,8.0,6.0,0.0,6.0,6.0,7.0,9.0,2.0,7.0,9.0,6.0,9.0,0.0,0.0,0.0,2.0,90.9,28.6,0.0,0.0,36698.0,19824.0,17000.0,19698.0,0,0
42241,25000.0,0.2055,670.03,2,122000.0,0,0,n,15.94,0.0,1.0,15.0,0.0,21789.0,17.0,0,24512.05,24512.05,3293.07,3293.07,487.95,2805.12,0.0,0.0,0.0,670.03,0.0,1.0,1,0.0,0.0,251294.0,1.0,3.0,1.0,1.0,8.0,50583.0,56.0,3.0,4.0,5683.0,56.0,38600.0,1.0,4.0,8.0,5.0,16753.0,13271.0,46.5,0.0,0.0,46.0,64.0,2.0,2.0,1.0,2.0,2.0,0.0,7.0,9.0,9.0,9.0,5.0,11.0,11.0,9.0,15.0,0.0,0.0,0.0,4.0,100.0,44.4,0.0,0.0,292127.0,72372.0,24800.0,60587.0,0,0
42298,16700.0,0.2565,669.75,1,38000.0,0,0,n,38.16,0.0,1.0,13.0,1.0,28787.0,21.0,0,0.0,0.0,1291.9,1291.9,632.26,659.64,0.0,0.0,0.0,0.0,0.0,1.0,1,0.0,0.0,50728.0,1.0,1.0,0.0,1.0,20.0,21941.0,80.0,1.0,2.0,7825.0,44.0,89100.0,0.0,1.0,1.0,3.0,3902.0,45360.0,36.9,0.0,0.0,170.0,220.0,1.0,1.0,0.0,24.0,1.0,0.0,7.0,9.0,8.0,14.0,3.0,12.0,18.0,9.0,13.0,0.0,0.0,0.0,1.0,100.0,37.5,1.0,0.0,116575.0,50728.0,71900.0,27475.0,0,0
42330,4500.0,0.0819,141.41,1,32000.0,1,0,n,25.28,0.0,1.0,10.0,0.0,3878.0,26.0,0,3487.97,3487.97,1268.59,1268.59,1012.03,256.56,0.0,0.0,0.0,0.0,0.0,1.0,1,0.0,0.0,30050.0,3.0,2.0,2.0,2.0,6.0,26172.0,94.0,3.0,4.0,1926.0,58.0,23900.0,2.0,1.0,3.0,6.0,3756.0,11774.0,14.1,0.0,0.0,125.0,178.0,3.0,3.0,1.0,19.0,6.0,0.0,1.0,3.0,4.0,10.0,7.0,8.0,18.0,3.0,10.0,0.0,0.0,0.0,5.0,96.2,0.0,0.0,0.0,51835.0,30050.0,13700.0,27935.0,0,0
42334,30000.0,0.1612,1056.49,1,54000.0,0,0,n,23.56,1.0,1.0,15.0,0.0,14680.0,27.0,0,0.0,0.0,6312.07,6312.07,4055.0,2257.07,0.0,0.0,0.0,0.0,0.0,1.0,1,0.0,0.0,28553.0,1.0,1.0,0.0,1.0,13.0,13873.0,69.0,1.0,2.0,4415.0,27.0,84800.0,1.0,0.0,1.0,3.0,1904.0,54920.0,15.5,1.0,0.0,13.0,231.0,4.0,4.0,0.0,32.0,4.0,0.0,5.0,8.0,8.0,16.0,1.0,14.0,26.0,8.0,15.0,0.0,0.0,1.0,1.0,96.2,0.0,0.0,0.0,104800.0,28553.0,65000.0,20000.0,0,0
42389,5000.0,0.17739999999999995,180.12,2,60000.0,0,0,n,18.02,0.0,3.0,15.0,0.0,9965.0,23.0,0,4164.73,4164.73,1526.03,1526.03,835.27,690.76,0.0,0.0,0.0,0.0,0.0,1.0,1,0.0,0.0,95902.0,3.0,2.0,0.0,0.0,28.0,10926.0,42.0,6.0,7.0,469.0,40.0,26500.0,0.0,3.0,4.0,7.0,6393.0,3611.0,16.0,0.0,0.0,66.0,77.0,3.0,3.0,2.0,3.0,3.0,3.0,3.0,9.0,3.0,4.0,3.0,12.0,18.0,9.0,15.0,0.0,0.0,0.0,6.0,86.4,33.3,0.0,0.0,130884.0,20891.0,4300.0,26184.0,0,0
42393,8500.0,0.2305,329.26,1,60000.0,0,0,n,25.6,0.0,0.0,13.0,0.0,28337.0,21.0,0,0.0,0.0,1624.53,1624.53,791.98,832.55,0.0,0.0,0.0,329.26,0.0,1.0,1,0.0,0.0,41249.0,0.0,1.0,0.0,0.0,34.0,12912.0,49.0,0.0,3.0,6040.0,65.0,36900.0,1.0,0.0,0.0,3.0,3437.0,6300.0,81.4,0.0,0.0,139.0,185.0,15.0,15.0,0.0,15.0,23.0,1.0,7.0,9.0,10.0,12.0,4.0,12.0,17.0,9.0,13.0,0.0,0.0,0.0,0.0,95.2,77.8,0.0,0.0,63414.0,41249.0,33900.0,26514.0,0,0
42407,21375.0,0.1524,511.21,2,81300.0,1,0,n,25.49,0.0,0.0,16.0,0.0,21235.0,39.0,0,20085.67,20085.67,4071.58,4071.58,1289.33,2782.25,0.0,0.0,0.0,511.21,0.0,1.0,1,0.0,0.0,424699.0,0.0,4.0,1.0,2.0,9.0,60584.0,69.0,0.0,0.0,4525.0,57.0,48800.0,3.0,9.0,7.0,3.0,26544.0,17221.0,23.5,0.0,0.0,107.0,138.0,28.0,9.0,4.0,42.0,1.0,0.0,2.0,6.0,3.0,4.0,10.0,11.0,25.0,6.0,16.0,0.0,0.0,0.0,2.0,100.0,0.0,0.0,0.0,489717.0,81819.0,22500.0,95476.0,0,0
42518,25675.0,0.2305,724.53,1,102000.0,1,0,n,36.72,0.0,0.0,14.0,0.0,9069.0,17.0,0,23427.66,23427.66,7212.42,7212.42,2247.34,4965.08,0.0,0.0,0.0,724.53,0.0,1.0,1,0.0,0.0,102565.0,0.0,4.0,0.0,4.0,16.0,93496.0,76.0,0.0,1.0,2799.0,65.0,25300.0,4.0,3.0,1.0,5.0,7326.0,13780.0,27.1,0.0,0.0,61.0,62.0,21.0,16.0,0.0,21.0,12.0,0.0,4.0,5.0,7.0,8.0,6.0,10.0,11.0,5.0,14.0,0.0,0.0,0.0,0.0,100.0,14.3,0.0,0.0,146033.0,102565.0,18900.0,120733.0,0,0
42533,3500.0,0.0646,107.21,1,26500.0,0,0,n,24.95,0.0,0.0,4.0,0.0,3517.0,5.0,0,2594.6,2594.6,1070.84,1070.84,905.4,165.44,0.0,0.0,0.0,0.0,0.0,1.0,1,0.0,875.0,23640.0,0.0,1.0,0.0,1.0,21.0,20123.0,79.0,1.0,2.0,1543.0,70.0,8200.0,2.0,1.0,0.0,3.0,5910.0,4683.0,42.9,0.0,0.0,58.0,33.0,11.0,11.0,0.0,11.0,19.0,0.0,3.0,3.0,3.0,3.0,2.0,3.0,3.0,3.0,4.0,0.0,0.0,0.0,1.0,100.0,0.0,0.0,0.0,33639.0,23640.0,8200.0,25439.0,0,0
42547,10000.0,0.17739999999999995,252.53,1,55000.0,0,0,n,8.95,1.0,1.0,5.0,0.0,4193.0,6.0,0,0.0,0.0,242.67,242.67,104.69,137.98,0.0,0.0,0.0,0.0,0.0,1.0,1,0.0,0.0,13456.0,2.0,1.0,1.0,1.0,5.0,9263.0,93.0,1.0,2.0,2978.0,38.0,25000.0,1.0,0.0,1.0,3.0,2691.0,19807.0,17.5,0.0,0.0,58.0,61.0,3.0,3.0,0.0,3.0,5.0,0.0,3.0,3.0,3.0,3.0,2.0,4.0,4.0,3.0,5.0,0.0,0.0,0.0,2.0,83.3,0.0,0.0,0.0,35000.0,13456.0,24000.0,10000.0,0,0
42580,5850.0,0.0756,182.14,1,21000.0,1,0,n,11.09,0.0,0.0,8.0,1.0,2814.0,10.0,0,0.0,0.0,361.82,361.82,272.94,88.88,0.0,0.0,0.0,0.0,0.0,1.0,1,0.0,0.0,5909.0,0.0,1.0,1.0,1.0,7.0,3095.0,88.0,4.0,6.0,1843.0,34.0,14000.0,1.0,0.0,2.0,7.0,739.0,7008.0,23.0,0.0,0.0,7.0,44.0,8.0,7.0,0.0,12.0,7.0,0.0,2.0,3.0,3.0,3.0,1.0,7.0,9.0,3.0,8.0,0.0,0.0,0.0,5.0,100.0,0.0,1.0,0.0,17500.0,5909.0,9100.0,3500.0,0,0
42603,23400.0,0.1102,766.31,2,220000.0,1,0,n,33.0,0.0,2.0,15.0,0.0,129360.0,45.0,0,19432.08,19432.08,5349.84,5349.84,3967.92,1381.92,0.0,0.0,0.0,766.31,0.0,1.0,1,0.0,0.0,582684.0,4.0,3.0,3.0,5.0,5.0,130342.0,91.0,3.0,4.0,46664.0,64.0,182300.0,2.0,1.0,12.0,10.0,38846.0,42587.0,58.4,0.0,0.0,143.0,245.0,6.0,5.0,8.0,23.0,0.0,0.0,6.0,9.0,8.0,14.0,15.0,11.0,22.0,9.0,15.0,0.0,0.0,0.0,7.0,100.0,37.5,0.0,0.0,656579.0,259702.0,166700.0,148884.0,0,0
42624,8000.0,0.2055,299.56,1,22000.0,0,0,n,23.51,0.0,0.0,10.0,0.0,5013.0,21.0,0,0.0,0.0,1179.97,1179.97,391.23,788.74,0.0,0.0,0.0,299.56,0.0,1.0,1,0.0,192.0,10135.0,0.0,1.0,0.0,1.0,23.0,5122.0,71.0,0.0,1.0,2201.0,50.0,12900.0,0.0,0.0,1.0,2.0,1014.0,1244.0,75.1,0.0,0.0,51.0,156.0,24.0,23.0,0.0,60.0,8.0,1.0,2.0,6.0,2.0,8.0,2.0,9.0,19.0,6.0,10.0,0.0,0.0,0.0,0.0,90.5,50.0,0.0,0.0,20116.0,10135.0,5000.0,7216.0,0,0
42688,21275.0,0.1612,749.23,1,89000.0,0,0,n,32.48,0.0,2.0,24.0,0.0,28954.0,31.0,1,17388.42,17388.42,6469.13,6469.13,3886.58,2582.55,0.0,0.0,0.0,749.23,0.0,1.0,1,0.0,0.0,69694.0,2.0,2.0,0.0,0.0,34.0,40726.0,48.0,2.0,4.0,4714.0,44.0,64400.0,0.0,2.0,3.0,4.0,2904.0,10975.0,71.3,0.0,0.0,195.0,112.0,1.0,1.0,0.0,1.0,1.0,0.0,13.0,15.0,15.0,16.0,6.0,21.0,23.0,15.0,24.0,0.0,0.0,0.0,2.0,100.0,66.7,0.0,0.0,143767.0,69694.0,38300.0,74775.0,0,0
42729,15000.0,0.17739999999999995,540.34,3,42000.0,1,0,n,27.54,1.0,2.0,8.0,0.0,15347.0,17.0,0,6000.0,6000.0,10689.26,10689.26,9000.0,1689.26,0.0,0.0,0.0,0.0,0.0,1.0,1,0.0,0.0,20765.0,2.0,1.0,0.0,1.0,21.0,5418.0,34.0,2.0,4.0,6854.0,48.0,27500.0,1.0,0.0,2.0,5.0,2596.0,12153.0,55.8,0.0,0.0,35.0,113.0,2.0,2.0,0.0,2.0,2.0,0.0,6.0,6.0,7.0,15.0,2.0,7.0,15.0,6.0,8.0,0.0,0.0,0.0,2.0,93.3,28.6,0.0,0.0,43500.0,20765.0,27500.0,16000.0,0,0
42765,10000.0,0.16949999999999998,356.28,3,60000.0,1,0,n,30.3,0.0,2.0,10.0,0.0,1451.0,26.0,0,7813.4,7813.4,3200.82,3200.82,2186.6,1014.22,0.0,0.0,0.0,0.0,0.0,1.0,1,0.0,0.0,44988.0,4.0,4.0,2.0,5.0,4.0,43537.0,87.0,3.0,4.0,1277.0,75.0,10100.0,5.0,2.0,7.0,9.0,4499.0,1873.0,43.2,0.0,0.0,94.0,131.0,5.0,4.0,0.0,10.0,4.0,0.0,3.0,4.0,3.0,11.0,10.0,6.0,16.0,4.0,9.0,0.0,0.0,0.0,5.0,91.7,0.0,0.0,0.0,60105.0,44988.0,3300.0,50005.0,0,0
42775,10625.0,0.14300000000000002,364.69,1,75000.0,1,0,n,22.67,1.0,2.0,7.0,0.0,7088.0,14.0,0,10386.92,10386.92,968.5,968.5,238.08,730.42,0.0,0.0,0.0,123.78,0.0,1.0,1,0.0,50.0,34544.0,1.0,2.0,1.0,1.0,2.0,27456.0,74.0,0.0,0.0,5703.0,52.0,29800.0,2.0,0.0,4.0,1.0,5757.0,22712.0,23.8,0.0,0.0,161.0,155.0,30.0,2.0,0.0,30.0,2.0,0.0,4.0,4.0,5.0,5.0,9.0,5.0,5.0,4.0,7.0,0.0,0.0,0.0,1.0,92.3,0.0,0.0,0.0,67046.0,34544.0,29800.0,37246.0,0,0
42795,10625.0,0.1308,242.19,1,60000.0,1,0,n,18.98,0.0,0.0,16.0,1.0,5531.0,34.0,0,10625.0,10625.0,466.12,466.12,0.0,466.12,0.0,0.0,0.0,121.1,0.0,1.0,1,0.0,666.0,22385.0,0.0,2.0,0.0,1.0,19.0,16854.0,57.0,1.0,2.0,1550.0,42.0,23700.0,1.0,3.0,4.0,3.0,1399.0,6614.0,38.8,0.0,0.0,161.0,193.0,8.0,8.0,0.0,8.0,8.0,0.0,6.0,10.0,7.0,9.0,6.0,14.0,27.0,10.0,16.0,0.0,0.0,0.0,1.0,100.0,28.6,1.0,0.0,53125.0,22385.0,10800.0,29425.0,0,0
42802,10625.0,0.2055,284.76,1,62000.0,0,0,n,37.73,0.0,2.0,17.0,0.0,8496.0,24.0,0,9751.52,9751.52,2253.82,2253.82,873.48,1380.34,0.0,0.0,0.0,0.0,0.0,1.0,1,0.0,0.0,49334.0,2.0,3.0,1.0,3.0,3.0,40838.0,73.0,2.0,5.0,3208.0,56.0,32500.0,3.0,1.0,4.0,8.0,2902.0,19920.0,27.3,0.0,0.0,75.0,104.0,5.0,3.0,1.0,17.0,3.0,0.0,8.0,10.0,11.0,11.0,8.0,14.0,15.0,10.0,17.0,0.0,0.0,0.0,3.0,100.0,18.2,0.0,0.0,88462.0,49334.0,27400.0,55962.0,0,0
42853,20000.0,0.1862,729.29,1,95000.0,0,0,n,14.02,0.0,0.0,10.0,0.0,15898.0,14.0,0,17637.65,17637.65,5469.13,5469.13,2362.35,3106.78,0.0,0.0,0.0,729.29,0.0,1.0,1,0.0,0.0,24280.0,0.0,2.0,1.0,1.0,11.0,8382.0,47.0,0.0,1.0,6634.0,60.0,22800.0,1.0,0.0,1.0,2.0,2698.0,5005.0,75.6,0.0,0.0,32.0,248.0,14.0,11.0,0.0,14.0,11.0,0.0,4.0,6.0,5.0,6.0,2.0,8.0,12.0,6.0,10.0,0.0,0.0,0.0,1.0,100.0,75.0,0.0,0.0,40800.0,24280.0,20500.0,18000.0,0,0
42921,19125.0,0.2055,512.57,1,140000.0,0,0,n,3.07,2.0,1.0,11.0,0.0,8541.0,21.0,0,0.0,0.0,2447.68,2447.68,0.0,0.0,0.0,2447.68,440.5824,0.0,0.0,1.0,1,0.0,0.0,107178.0,1.0,4.0,0.0,0.0,30.0,98637.0,125.0,2.0,2.0,3875.0,115.0,14700.0,1.0,1.0,5.0,2.0,9743.0,3586.0,70.1,0.0,0.0,138.0,102.0,4.0,4.0,0.0,4.0,4.0,1.0,6.0,7.0,6.0,11.0,5.0,7.0,15.0,7.0,11.0,0.0,0.0,1.0,2.0,78.9,50.0,0.0,0.0,93556.0,107178.0,12000.0,78856.0,0,0
42927,10000.0,0.2305,387.36,2,150000.0,0,0,n,20.13,0.0,1.0,9.0,0.0,85449.0,14.0,0,8390.19,8390.19,3473.43,3473.43,1609.81,1863.62,0.0,0.0,0.0,387.36,0.0,1.0,1,0.0,0.0,525094.0,0.0,5.0,2.0,5.0,10.0,46419.0,82.0,0.0,0.0,3829.0,85.0,87200.0,3.0,0.0,6.0,5.0,58344.0,0.0,100.8,0.0,0.0,125.0,205.0,36.0,10.0,4.0,95.0,1.0,0.0,1.0,3.0,1.0,1.0,6.0,3.0,4.0,3.0,9.0,0.0,0.0,0.0,2.0,100.0,100.0,0.0,0.0,560793.0,131868.0,3800.0,56593.0,0,0
42949,20000.0,0.14300000000000002,686.48,1,116000.0,0,0,n,14.99,0.0,0.0,19.0,0.0,13180.0,19.0,0,17549.68,17549.68,4789.47,4789.47,2450.32,2339.15,0.0,0.0,0.0,686.48,0.0,1.0,1,0.0,0.0,87671.0,1.0,15.0,0.0,1.0,17.0,74491.0,94.0,1.0,1.0,7520.0,93.0,14300.0,2.0,0.0,0.0,2.0,4871.0,1120.0,92.2,0.0,0.0,99.0,49.0,2.0,2.0,0.0,2.0,17.0,0.0,2.0,2.0,4.0,4.0,15.0,4.0,4.0,2.0,19.0,0.0,0.0,0.0,1.0,100.0,66.7,0.0,0.0,93918.0,87671.0,14300.0,79618.0,0,0
42956,29775.0,0.1102,975.08,1,75500.0,1,0,n,7.9,0.0,0.0,9.0,0.0,2562.0,16.0,1,0.0,0.0,1936.85,1936.85,830.82,1106.03,0.0,0.0,0.0,0.0,0.0,1.0,1,0.0,0.0,10968.0,1.0,2.0,0.0,1.0,19.0,8406.0,71.0,1.0,4.0,535.0,35.0,19400.0,2.0,0.0,1.0,5.0,1219.0,5749.0,12.9,0.0,0.0,272.0,147.0,1.0,1.0,0.0,1.0,0.0,2.0,3.0,5.0,4.0,7.0,5.0,7.0,11.0,5.0,9.0,0.0,0.0,0.0,1.0,84.6,0.0,0.0,0.0,31180.0,10968.0,6600.0,11780.0,0,0
43021,9000.0,0.1524,313.05,3,87000.0,0,0,n,11.54,0.0,0.0,7.0,0.0,9600.0,12.0,1,7337.49,7337.49,2699.5,2699.5,1662.51,1036.99,0.0,0.0,0.0,0.0,0.0,1.0,1,0.0,0.0,27998.0,1.0,2.0,1.0,1.0,10.0,18398.0,72.0,1.0,1.0,3525.0,73.0,12700.0,1.0,0.0,2.0,2.0,4000.0,3007.0,73.4,0.0,0.0,172.0,240.0,6.0,6.0,0.0,6.0,7.0,0.0,3.0,4.0,4.0,4.0,7.0,5.0,5.0,4.0,7.0,0.0,0.0,0.0,2.0,100.0,25.0,0.0,0.0,38343.0,27998.0,11300.0,25643.0,0,0
43062,27000.0,0.2565,1082.82,3,120000.0,1,0,n,28.99,0.0,1.0,21.0,1.0,36323.0,27.0,0,26782.86,26782.86,3334.3,3334.3,217.14,3117.16,0.0,0.0,0.0,572.49,0.0,1.0,1,0.0,0.0,57215.0,1.0,3.0,0.0,1.0,20.0,20892.0,54.0,2.0,4.0,9103.0,72.0,45300.0,1.0,0.0,1.0,5.0,2725.0,6231.0,82.9,0.0,0.0,161.0,165.0,6.0,6.0,0.0,7.0,6.0,0.0,9.0,14.0,12.0,12.0,6.0,18.0,21.0,14.0,21.0,0.0,0.0,0.0,2.0,100.0,58.3,1.0,0.0,105440.0,57215.0,36400.0,60140.0,0,0
43082,19000.0,0.2055,711.45,3,65000.0,0,0,n,26.81,0.0,0.0,6.0,0.0,17250.0,9.0,0,0.0,0.0,689.76,689.76,310.15,379.61,0.0,0.0,0.0,0.0,0.0,1.0,1,0.0,0.0,42645.0,0.0,2.0,1.0,1.0,8.0,25395.0,70.0,0.0,0.0,6196.0,76.0,19700.0,1.0,0.0,1.0,1.0,7108.0,2450.0,87.6,0.0,0.0,147.0,74.0,25.0,8.0,0.0,25.0,8.0,0.0,4.0,4.0,4.0,4.0,5.0,4.0,4.0,4.0,6.0,0.0,0.0,0.0,1.0,100.0,100.0,0.0,0.0,55914.0,42645.0,19700.0,36214.0,0,0
43180,26500.0,0.0819,539.74,2,155000.0,0,0,n,14.8,0.0,1.0,12.0,0.0,12876.0,22.0,0,0.0,0.0,527.68,527.68,220.21,307.47,0.0,0.0,0.0,539.74,0.0,1.0,0,0.0,0.0,136793.0,1.0,3.0,0.0,1.0,23.0,68217.0,66.0,2.0,3.0,6416.0,50.0,40900.0,0.0,1.0,2.0,4.0,11399.0,20744.0,33.9,0.0,0.0,178.0,222.0,3.0,3.0,3.0,3.0,3.0,0.0,5.0,7.0,5.0,6.0,7.0,7.0,12.0,7.0,12.0,0.0,0.0,0.0,2.0,100.0,0.0,0.0,0.0,291741.0,81093.0,31400.0,93659.0,0,0
43189,21275.0,0.2055,570.19,3,32000.0,0,0,n,25.02,0.0,3.0,7.0,1.0,7104.0,14.0,0,0.0,0.0,4477.51,4477.51,229.95,1386.14,0.0,2861.42,515.0556,500.0,0.0,1.0,1,0.0,50.0,17572.0,3.0,1.0,1.0,1.0,6.0,10468.0,87.0,2.0,4.0,2905.0,39.0,32800.0,1.0,1.0,3.0,5.0,2510.0,17251.0,27.8,0.0,0.0,136.0,87.0,1.0,1.0,0.0,1.0,4.0,0.0,4.0,6.0,4.0,7.0,5.0,6.0,9.0,6.0,7.0,0.0,0.0,0.0,3.0,100.0,25.0,1.0,0.0,44800.0,17572.0,23900.0,12000.0,0,0
43193,11900.0,0.1524,413.92,2,148000.0,1,0,n,7.09,0.0,1.0,9.0,0.0,1273.0,31.0,0,9701.82,9701.82,3301.28,3301.28,2198.18,1103.1,0.0,0.0,0.0,0.0,0.0,1.0,0,0.0,341.0,277453.0,1.0,2.0,1.0,1.0,1.0,38424.0,106.0,0.0,0.0,1048.0,62.0,27800.0,1.0,0.0,4.0,1.0,30828.0,19727.0,6.1,0.0,0.0,133.0,226.0,25.0,1.0,2.0,76.0,1.0,1.0,2.0,2.0,2.0,6.0,8.0,6.0,21.0,2.0,9.0,0.0,0.0,0.0,1.0,96.8,0.0,0.0,0.0,333554.0,39697.0,21000.0,36154.0,0,0
43198,32050.0,0.14300000000000002,1100.07,1,110000.0,1,0,n,13.08,0.0,1.0,11.0,0.0,27398.0,24.0,1,31522.82,31522.82,3639.1,3639.1,527.18,3111.92,0.0,0.0,0.0,550.04,0.0,1.0,1,0.0,0.0,404571.0,1.0,2.0,1.0,1.0,6.0,262010.0,92.0,1.0,3.0,12450.0,52.0,67400.0,1.0,1.0,2.0,6.0,36779.0,40002.0,40.6,0.0,0.0,156.0,101.0,12.0,6.0,2.0,12.0,6.0,0.0,5.0,5.0,8.0,9.0,12.0,8.0,10.0,5.0,11.0,0.0,0.0,0.0,4.0,100.0,12.5,0.0,0.0,398752.0,289408.0,67400.0,215437.0,0,0
43203,20000.0,0.2055,536.02,2,56000.0,0,0,n,10.72,0.0,0.0,5.0,2.0,3169.0,6.0,0,0.0,0.0,3798.24,3798.24,590.56,994.67,0.0,2213.01,398.3418,0.0,0.0,1.0,1,0.0,0.0,10418.0,0.0,1.0,0.0,1.0,14.0,7249.0,73.0,0.0,0.0,1780.0,70.0,4900.0,2.0,0.0,0.0,1.0,2084.0,608.0,82.1,0.0,0.0,29.0,90.0,32.0,14.0,0.0,32.0,14.0,0.0,2.0,3.0,3.0,3.0,2.0,4.0,4.0,3.0,5.0,0.0,0.0,0.0,0.0,100.0,66.7,2.0,0.0,14900.0,10418.0,3400.0,10000.0,0,0
43226,12500.0,0.2055,468.06,1,36000.0,0,0,n,35.43,1.0,1.0,13.0,1.0,7901.0,29.0,0,0.0,0.0,667.86,667.86,0.0,667.86,0.0,0.0,0.0,-468.06,0.0,1.0,1,0.0,0.0,27849.0,1.0,3.0,1.0,2.0,2.0,19948.0,61.0,1.0,1.0,1414.0,53.0,19500.0,3.0,2.0,1.0,3.0,3094.0,9583.0,34.8,0.0,0.0,170.0,655.0,7.0,2.0,3.0,7.0,6.0,0.0,4.0,5.0,6.0,18.0,4.0,10.0,22.0,5.0,11.0,0.0,0.0,0.0,2.0,95.5,0.0,1.0,0.0,52276.0,27849.0,14700.0,32776.0,0,0
43354,10000.0,0.17739999999999995,360.23,1,21000.0,1,0,n,16.23,2.0,0.0,9.0,0.0,9108.0,15.0,0,0.0,0.0,350.37,350.37,212.39,137.98,0.0,0.0,0.0,0.0,0.0,1.0,1,0.0,0.0,15530.0,2.0,2.0,0.0,0.0,80.0,6422.0,130.0,3.0,4.0,6589.0,78.0,15100.0,0.0,2.0,1.0,4.0,1726.0,2192.0,80.6,0.0,0.0,158.0,74.0,1.0,1.0,0.0,15.0,7.0,0.0,3.0,3.0,3.0,5.0,4.0,7.0,11.0,3.0,9.0,0.0,0.0,2.0,3.0,86.7,33.3,0.0,0.0,20042.0,15530.0,11300.0,4942.0,0,0
43376,15000.0,0.1612,365.73,1,38300.0,1,0,n,25.85,0.0,0.0,7.0,0.0,13079.0,35.0,0,14423.08,14423.08,2432.57,2432.57,576.92,1855.65,0.0,0.0,0.0,250.0,0.0,1.0,1,0.0,0.0,41944.0,0.0,2.0,1.0,1.0,12.0,28865.0,76.0,0.0,4.0,9413.0,66.0,26000.0,1.0,2.0,1.0,5.0,5992.0,3421.0,79.3,0.0,0.0,98.0,131.0,13.0,12.0,0.0,14.0,10.0,0.0,2.0,2.0,2.0,16.0,10.0,5.0,25.0,2.0,7.0,0.0,0.0,0.0,1.0,100.0,50.0,0.0,0.0,63854.0,41944.0,16500.0,37854.0,0,0
43380,32000.0,0.1308,1079.44,1,250000.0,0,0,n,21.35,0.0,1.0,7.0,0.0,57492.0,12.0,0,0.0,0.0,6165.25,6165.25,1116.65,1018.98,53.97,3975.65,715.617,0.0,0.0,1.0,1,0.0,0.0,115515.0,0.0,2.0,1.0,2.0,7.0,58023.0,43.0,0.0,0.0,24670.0,78.0,60200.0,0.0,0.0,2.0,2.0,16502.0,2708.0,95.5,0.0,0.0,88.0,140.0,37.0,7.0,0.0,37.0,0.0,0.0,5.0,5.0,5.0,5.0,7.0,5.0,5.0,5.0,7.0,0.0,0.0,0.0,1.0,91.7,80.0,0.0,0.0,143725.0,115515.0,60200.0,83525.0,0,0
43399,3000.0,0.1171,99.23,1,23000.0,0,0,n,15.71,0.0,0.0,9.0,0.0,4008.0,13.0,1,2802.12,2802.12,422.75,422.75,197.88,224.87,0.0,0.0,0.0,0.0,0.0,1.0,1,0.0,3637.0,7039.0,0.0,1.0,0.0,1.0,16.0,3031.0,61.0,0.0,0.0,1700.0,18.0,34200.0,1.0,0.0,0.0,1.0,782.0,20254.0,14.5,0.0,0.0,16.0,158.0,49.0,16.0,0.0,58.0,16.0,0.0,4.0,5.0,5.0,6.0,1.0,8.0,12.0,5.0,9.0,0.0,0.0,0.0,0.0,100.0,0.0,0.0,0.0,39200.0,7039.0,23700.0,5000.0,0,0
43534,8500.0,0.17739999999999995,306.19,2,193500.0,1,0,n,10.52,0.0,0.0,11.0,0.0,29378.0,23.0,0,0.0,0.0,297.81,297.81,159.59,138.22,0.0,0.0,0.0,0.0,0.0,1.0,1,0.0,0.0,315974.0,0.0,3.0,1.0,2.0,12.0,45400.0,77.0,0.0,0.0,9848.0,76.0,40200.0,1.0,1.0,2.0,3.0,28725.0,9901.0,70.0,0.0,0.0,116.0,182.0,25.0,10.0,2.0,30.0,9.0,0.0,3.0,5.0,5.0,10.0,7.0,7.0,14.0,5.0,11.0,0.0,0.0,0.0,2.0,95.7,60.0,0.0,0.0,342651.0,74778.0,33000.0,58701.0,0,0
43560,22000.0,0.17739999999999995,555.55,1,62000.0,1,0,n,20.27,0.0,0.0,17.0,1.0,15340.0,26.0,0,0.0,0.0,3867.17,3867.17,1660.73,2206.44,0.0,0.0,0.0,0.0,0.0,1.0,1,0.0,0.0,71116.0,0.0,5.0,0.0,0.0,37.0,55776.0,116.0,2.0,2.0,8274.0,84.0,36600.0,2.0,0.0,2.0,2.0,4183.0,5080.0,66.6,0.0,0.0,121.0,109.0,11.0,11.0,2.0,28.0,11.0,0.0,3.0,9.0,4.0,7.0,7.0,12.0,16.0,9.0,17.0,0.0,0.0,0.0,2.0,100.0,25.0,1.0,0.0,84751.0,71116.0,15200.0,48151.0,0,0
43612,18000.0,0.2305,507.95,1,75000.0,0,0,n,28.16,0.0,0.0,11.0,1.0,22556.0,20.0,0,0.0,0.0,992.85,992.85,162.2,830.65,0.0,0.0,0.0,507.95,0.0,1.0,1,0.0,0.0,52587.0,2.0,2.0,1.0,2.0,8.0,30031.0,86.0,2.0,2.0,5670.0,71.0,39600.0,1.0,5.0,0.0,4.0,4781.0,9556.0,60.2,0.0,0.0,140.0,68.0,5.0,5.0,0.0,5.0,20.0,0.0,4.0,8.0,4.0,4.0,9.0,9.0,11.0,8.0,11.0,0.0,0.0,0.0,3.0,100.0,25.0,1.0,0.0,74610.0,52587.0,24000.0,35010.0,0,0
43627,32800.0,0.1308,1106.43,2,59000.0,1,0,n,16.11,0.0,0.0,5.0,0.0,13703.0,13.0,0,31980.95,31980.95,3295.46,3295.46,819.05,2476.41,0.0,0.0,0.0,1106.43,0.0,1.0,0,0.0,0.0,207551.0,2.0,1.0,0.0,1.0,14.0,17468.0,83.0,1.0,1.0,13703.0,75.0,20800.0,4.0,0.0,1.0,4.0,41510.0,297.0,97.9,0.0,0.0,163.0,245.0,2.0,2.0,3.0,245.0,5.0,0.0,1.0,1.0,1.0,1.0,2.0,3.0,8.0,1.0,5.0,0.0,0.0,0.0,2.0,100.0,100.0,0.0,0.0,218700.0,31171.0,14000.0,21000.0,0,0
43637,14000.0,0.0819,439.94,3,67600.0,0,0,n,18.46,0.0,0.0,10.0,1.0,9329.0,16.0,0,0.0,0.0,3520.06,3520.06,1215.95,537.44,0.0,1766.67,318.0006,0.0,0.0,1.0,1,0.0,0.0,133437.0,1.0,2.0,1.0,2.0,1.0,26486.0,87.0,1.0,2.0,5939.0,63.0,26700.0,1.0,0.0,1.0,4.0,13344.0,13859.0,36.1,0.0,0.0,53.0,178.0,9.0,1.0,2.0,9.0,1.0,0.0,2.0,4.0,4.0,4.0,4.0,6.0,9.0,4.0,10.0,0.0,0.0,0.0,2.0,100.0,0.0,1.0,0.0,162900.0,36584.0,21700.0,30312.0,0,0
43638,33000.0,0.14300000000000002,1132.68,2,93000.0,1,0,n,31.34,0.0,0.0,17.0,0.0,20137.0,32.0,0,28039.98,28039.98,9035.22,9035.22,4960.02,4075.2,0.0,0.0,0.0,1132.68,0.0,1.0,0,0.0,0.0,222379.0,1.0,4.0,3.0,3.0,3.0,72604.0,85.0,0.0,1.0,12073.0,81.0,27100.0,0.0,1.0,3.0,4.0,13899.0,4333.0,82.0,0.0,0.0,147.0,80.0,16.0,3.0,2.0,32.0,3.0,0.0,5.0,6.0,8.0,9.0,16.0,11.0,13.0,6.0,17.0,0.0,0.0,0.0,3.0,96.9,42.9,0.0,0.0,245516.0,92741.0,24100.0,83025.0,0,0
43730,15950.0,0.2565,639.67,3,88000.0,1,0,n,4.65,0.0,2.0,9.0,0.0,3381.0,15.0,0,0.0,0.0,3175.62,3175.62,1067.98,2107.64,0.0,0.0,0.0,639.67,0.0,1.0,0,0.0,0.0,9514.0,2.0,1.0,1.0,1.0,12.0,6133.0,88.0,3.0,7.0,605.0,66.0,7500.0,1.0,0.0,2.0,8.0,1189.0,1195.0,33.6,0.0,0.0,148.0,415.0,2.0,2.0,0.0,20.0,3.0,1.0,1.0,4.0,3.0,3.0,3.0,8.0,12.0,4.0,9.0,0.0,0.0,0.0,4.0,100.0,50.0,0.0,0.0,14500.0,9514.0,1800.0,7000.0,0,0
43738,12750.0,0.2055,341.72,2,67528.0,1,0,n,14.68,0.0,3.0,14.0,0.0,10432.0,15.0,0,12501.14,12501.14,1010.6,1010.6,248.86,761.74,0.0,0.0,0.0,341.72,0.0,1.0,1,0.0,0.0,242970.0,1.0,2.0,1.0,2.0,5.0,11876.0,85.0,3.0,5.0,3550.0,43.0,37800.0,2.0,1.0,4.0,8.0,17355.0,5818.0,53.8,0.0,0.0,35.0,59.0,7.0,5.0,1.0,25.0,2.0,0.0,2.0,9.0,2.0,2.0,3.0,11.0,11.0,9.0,14.0,0.0,0.0,0.0,4.0,100.0,50.0,0.0,0.0,268698.0,22308.0,12600.0,14000.0,0,0
43750,21275.0,0.14300000000000002,498.35,1,150000.0,0,0,n,22.65,0.0,1.0,12.0,0.0,36480.0,28.0,0,19755.23,19755.23,3969.9,3969.9,1519.77,2450.13,0.0,0.0,0.0,498.35,0.0,1.0,1,0.0,0.0,93482.0,1.0,3.0,3.0,3.0,2.0,54877.0,88.0,0.0,2.0,9548.0,56.0,82700.0,1.0,5.0,1.0,5.0,7790.0,41648.0,33.0,0.0,0.0,162.0,187.0,19.0,2.0,3.0,19.0,2.0,0.0,4.0,6.0,6.0,9.0,10.0,8.0,14.0,6.0,12.0,0.0,0.0,0.0,3.0,96.4,0.0,0.0,0.0,167602.0,93482.0,62200.0,62102.0,0,0
43763,16750.0,0.2305,472.68,2,105000.0,1,0,n,31.36,0.0,1.0,20.0,0.0,29462.0,50.0,0,0.0,0.0,4145.95,4145.95,150.94,772.97,0.0,3222.04,579.9672,472.68,0.0,1.0,1,0.0,0.0,125377.0,1.0,3.0,2.0,4.0,1.0,95915.0,89.0,0.0,4.0,7085.0,40.0,106200.0,3.0,4.0,6.0,8.0,6269.0,72778.0,25.1,0.0,0.0,115.0,122.0,13.0,1.0,2.0,13.0,1.0,0.0,7.0,9.0,14.0,21.0,17.0,17.0,31.0,9.0,20.0,0.0,0.0,0.0,2.0,100.0,14.3,0.0,0.0,218852.0,125377.0,97200.0,112652.0,0,0
43924,29075.0,0.2305,820.48,1,48000.0,1,0,n,33.65,0.0,0.0,11.0,0.0,18222.0,27.0,0,26787.61,26787.61,7347.09,7347.09,2287.39,5059.7,0.0,0.0,0.0,820.48,0.0,1.0,1,0.0,0.0,105507.0,0.0,3.0,1.0,3.0,7.0,87285.0,86.0,0.0,1.0,8636.0,62.0,37400.0,1.0,0.0,0.0,4.0,9592.0,11672.0,59.9,0.0,0.0,101.0,88.0,14.0,7.0,0.0,14.0,14.0,0.0,3.0,4.0,5.0,5.0,17.0,8.0,10.0,4.0,11.0,0.0,0.0,0.0,1.0,100.0,20.0,0.0,0.0,126524.0,105507.0,29100.0,89124.0,0,0
43933,11500.0,0.1033,372.86,2,84000.0,0,0,n,34.57,0.0,1.0,15.0,0.0,8713.0,31.0,0,9241.93,9241.93,2976.28,2976.28,2258.07,718.21,0.0,0.0,0.0,0.0,0.0,1.0,1,0.0,0.0,291747.0,1.0,4.0,2.0,3.0,6.0,74940.0,82.0,0.0,3.0,3226.0,53.0,50200.0,2.0,1.0,1.0,8.0,19450.0,26422.0,22.1,0.0,0.0,133.0,77.0,13.0,6.0,3.0,13.0,6.0,0.0,6.0,7.0,7.0,10.0,11.0,10.0,17.0,7.0,15.0,0.0,0.0,0.0,2.0,100.0,0.0,0.0,0.0,363325.0,83653.0,33900.0,100425.0,0,0
44058,12000.0,0.2565,481.26,3,70000.0,0,0,n,14.49,0.0,0.0,6.0,1.0,8270.0,13.0,0,11104.96,11104.96,2870.46,2870.46,895.04,1975.42,0.0,0.0,0.0,481.26,0.0,1.0,1,0.0,0.0,14800.0,2.0,2.0,2.0,2.0,4.0,6530.0,60.0,2.0,2.0,3834.0,56.0,15600.0,1.0,0.0,2.0,4.0,2467.0,730.0,91.9,0.0,0.0,121.0,79.0,5.0,4.0,0.0,5.0,1.0,0.0,3.0,3.0,3.0,6.0,6.0,4.0,7.0,3.0,6.0,0.0,0.0,0.0,4.0,100.0,100.0,1.0,0.0,26532.0,14800.0,9000.0,10932.0,0,0
44075,5000.0,0.1102,163.75,2,55000.0,0,0,n,23.5,1.0,1.0,19.0,0.0,11447.0,36.0,0,3771.76,3771.76,1634.44,1634.44,1228.24,406.2,0.0,0.0,0.0,0.0,0.0,1.0,1,0.0,1156.0,38131.0,0.0,4.0,0.0,2.0,14.0,17806.0,53.0,0.0,2.0,2114.0,37.0,44700.0,1.0,0.0,1.0,4.0,2118.0,26538.0,26.5,0.0,0.0,98.0,87.0,15.0,14.0,1.0,15.0,1.0,0.0,5.0,7.0,9.0,13.0,11.0,13.0,23.0,7.0,19.0,0.0,0.0,0.0,0.0,94.4,0.0,0.0,0.0,98834.0,29253.0,36100.0,33620.0,0,0
44110,40000.0,0.0819,814.7,2,85000.0,1,0,n,11.66,0.0,3.0,13.0,0.0,2447.0,24.0,0,35376.16,35376.16,7314.1,7314.1,4623.84,2690.26,0.0,0.0,0.0,0.0,0.0,1.0,1,0.0,0.0,155460.0,3.0,3.0,1.0,3.0,7.0,41414.0,98.0,3.0,4.0,1002.0,44.0,57300.0,1.0,10.0,3.0,8.0,11958.0,40798.0,2.4,0.0,0.0,157.0,162.0,1.0,1.0,5.0,1.0,1.0,0.0,1.0,3.0,7.0,7.0,9.0,9.0,10.0,3.0,13.0,0.0,0.0,0.0,4.0,100.0,0.0,0.0,0.0,213738.0,43861.0,41800.0,42438.0,0,0
44114,37225.0,0.1524,890.28,1,122000.0,0,0,n,8.76,0.0,0.0,10.0,0.0,33039.0,26.0,0,35956.45,35956.45,4876.53,4876.53,1268.55,3607.98,0.0,0.0,0.0,890.28,0.0,1.0,1,0.0,0.0,57403.0,1.0,1.0,1.0,1.0,4.0,24364.0,100.0,0.0,2.0,21187.0,62.0,68900.0,0.0,7.0,0.0,3.0,8200.0,35078.0,42.2,0.0,0.0,93.0,125.0,18.0,4.0,3.0,18.0,14.0,0.0,2.0,4.0,5.0,8.0,10.0,9.0,13.0,4.0,10.0,0.0,0.0,0.0,1.0,100.0,0.0,0.0,0.0,93264.0,57403.0,60700.0,24364.0,0,0
44118,24450.0,0.2055,655.29,1,56340.0,0,0,n,18.96,0.0,0.0,8.0,1.0,18539.0,10.0,0,0.0,0.0,2643.25,2643.25,970.92,1622.33,0.0,50.0,9.0,655.29,0.0,1.0,1,0.0,0.0,30308.0,0.0,1.0,0.0,1.0,18.0,11769.0,79.0,0.0,3.0,8399.0,88.0,19500.0,1.0,0.0,0.0,4.0,5051.0,124.0,98.8,0.0,0.0,18.0,223.0,18.0,18.0,1.0,18.0,18.0,0.0,2.0,3.0,3.0,3.0,1.0,6.0,7.0,3.0,8.0,0.0,0.0,0.0,0.0,100.0,100.0,1.0,0.0,34500.0,30308.0,10500.0,15000.0,0,0
44125,17500.0,0.2055,469.02,1,94000.0,0,0,n,14.72,0.0,2.0,6.0,1.0,4385.0,15.0,0,17158.44,17158.44,1974.76,1974.76,341.56,1633.2,0.0,0.0,0.0,234.51,0.0,1.0,1,0.0,0.0,29399.0,2.0,4.0,2.0,3.0,4.0,25014.0,71.0,0.0,0.0,2009.0,68.0,8000.0,3.0,4.0,2.0,3.0,4900.0,3491.0,36.5,0.0,0.0,75.0,92.0,65.0,4.0,0.0,83.0,4.0,0.0,1.0,2.0,1.0,2.0,9.0,2.0,6.0,2.0,6.0,0.0,0.0,0.0,2.0,100.0,0.0,1.0,0.0,43418.0,29399.0,5500.0,35418.0,0,0
44149,14000.0,0.124,314.26,1,42000.0,0,0,n,24.6,0.0,0.0,11.0,0.0,14146.0,19.0,0,0.0,0.0,304.62,304.62,121.38,183.24,0.0,0.0,0.0,0.0,0.0,1.0,1,0.0,0.0,26110.0,1.0,2.0,0.0,2.0,15.0,11964.0,67.0,2.0,6.0,4606.0,56.0,28600.0,0.0,1.0,0.0,8.0,2611.0,8977.0,56.4,0.0,0.0,106.0,267.0,5.0,5.0,0.0,5.0,14.0,0.0,5.0,6.0,7.0,10.0,4.0,9.0,15.0,6.0,11.0,0.0,0.0,0.0,2.0,100.0,33.3,0.0,0.0,46519.0,26110.0,20600.0,17919.0,0,0
44163,24000.0,0.1612,585.17,2,85000.0,1,0,n,15.67,0.0,0.0,36.0,0.0,17732.0,58.0,0,21503.93,21503.93,5245.04,5245.04,2496.07,2748.97,0.0,0.0,0.0,0.0,0.0,1.0,1,0.0,0.0,232909.0,0.0,20.0,0.0,1.0,21.0,95323.0,120.0,3.0,10.0,7249.0,107.0,26500.0,1.0,0.0,3.0,11.0,6470.0,2184.0,86.3,0.0,0.0,190.0,64.0,8.0,8.0,2.0,8.0,3.0,16.0,7.0,12.0,8.0,9.0,39.0,15.0,17.0,12.0,36.0,0.0,0.0,0.0,3.0,69.6,75.0,0.0,0.0,236472.0,113055.0,16000.0,79210.0,0,0
44233,14875.0,0.14300000000000002,348.44,1,84000.0,0,0,n,23.0,0.0,2.0,9.0,1.0,3540.0,21.0,0,13418.94,13418.94,3124.14,3124.14,1456.06,1668.08,0.0,0.0,0.0,0.0,0.0,1.0,1,0.0,0.0,301140.0,2.0,2.0,1.0,3.0,2.0,81250.0,99.0,3.0,4.0,3540.0,50.0,39100.0,3.0,0.0,3.0,9.0,33460.0,22760.0,13.5,0.0,0.0,120.0,84.0,5.0,2.0,2.0,5.0,2.0,0.0,1.0,1.0,2.0,3.0,8.0,6.0,10.0,1.0,9.0,0.0,0.0,0.0,6.0,100.0,0.0,1.0,0.0,347847.0,84790.0,26300.0,89787.0,0,0
44236,14000.0,0.1033,453.92,3,40000.0,0,0,n,20.28,0.0,0.0,8.0,0.0,13696.0,13.0,0,0.0,0.0,2715.49,2715.49,2035.58,679.91,0.0,0.0,0.0,0.0,0.0,1.0,1,0.0,0.0,39855.0,0.0,2.0,0.0,0.0,32.0,26159.0,178.0,0.0,0.0,4437.0,125.0,17300.0,0.0,1.0,0.0,0.0,4982.0,753.0,91.6,0.0,0.0,296.0,106.0,41.0,32.0,0.0,55.0,18.0,1.0,2.0,5.0,2.0,3.0,3.0,6.0,10.0,5.0,8.0,0.0,0.0,0.0,0.0,92.3,100.0,0.0,0.0,31990.0,39855.0,9000.0,14690.0,0,0
44271,10450.0,0.1171,345.65,3,60000.0,0,0,n,24.16,0.0,0.0,6.0,0.0,5599.0,13.0,0,8531.23,8531.23,2758.4,2758.4,1918.77,839.63,0.0,0.0,0.0,0.0,0.0,1.0,1,0.0,0.0,43751.0,0.0,3.0,2.0,3.0,11.0,38152.0,81.0,0.0,0.0,2754.0,79.0,7700.0,0.0,1.0,0.0,3.0,7292.0,437.0,91.6,0.0,0.0,124.0,143.0,50.0,11.0,1.0,50.0,23.0,0.0,2.0,3.0,2.0,3.0,5.0,3.0,7.0,3.0,6.0,0.0,0.0,0.0,2.0,84.6,100.0,0.0,0.0,55081.0,43751.0,5200.0,47381.0,0,0
44347,21050.0,0.1033,450.68,2,219000.0,1,0,n,19.28,0.0,1.0,26.0,0.0,29080.0,41.0,0,19114.26,19114.26,3142.68,3142.68,1935.74,1206.94,0.0,0.0,0.0,450.68,0.0,1.0,0,0.0,0.0,419802.0,2.0,4.0,2.0,4.0,4.0,156857.0,73.0,1.0,1.0,11652.0,37.0,134600.0,3.0,0.0,3.0,5.0,16146.0,63026.0,24.1,0.0,0.0,139.0,308.0,4.0,4.0,4.0,43.0,4.0,0.0,5.0,9.0,10.0,11.0,10.0,20.0,26.0,9.0,26.0,0.0,0.0,0.0,3.0,100.0,10.0,0.0,0.0,642466.0,189664.0,83000.0,191345.0,0,0
44358,12000.0,0.2305,464.83,1,32000.0,0,0,n,17.59,0.0,1.0,8.0,0.0,12564.0,8.0,0,0.0,0.0,1379.12,1379.12,716.58,662.54,0.0,0.0,0.0,0.0,0.0,1.0,1,0.0,0.0,13578.0,1.0,2.0,0.0,0.0,208.0,1014.0,29.0,2.0,3.0,4936.0,67.0,16600.0,0.0,0.0,1.0,3.0,1697.0,3123.0,73.1,0.0,0.0,208.0,50.0,3.0,3.0,0.0,3.0,3.0,0.0,5.0,6.0,5.0,5.0,2.0,6.0,6.0,6.0,8.0,0.0,0.0,0.0,2.0,100.0,40.0,0.0,0.0,20133.0,13578.0,11600.0,3533.0,0,0
44435,24000.0,0.1612,845.2,2,125000.0,0,0,n,10.36,0.0,0.0,4.0,0.0,7984.0,9.0,1,18585.32,18585.32,8409.01,8409.01,5414.68,2994.33,0.0,0.0,0.0,845.2,0.0,1.0,1,0.0,0.0,28748.0,0.0,2.0,1.0,2.0,11.0,20764.0,79.0,0.0,1.0,6100.0,77.0,11000.0,1.0,0.0,2.0,3.0,7187.0,3016.0,72.6,0.0,0.0,126.0,98.0,24.0,11.0,0.0,24.0,11.0,0.0,2.0,2.0,2.0,4.0,5.0,2.0,4.0,2.0,4.0,0.0,0.0,0.0,1.0,85.7,50.0,0.0,0.0,37200.0,28748.0,11000.0,26200.0,0,0
44436,20000.0,0.2055,748.89,2,111000.0,0,0,n,14.51,0.0,0.0,13.0,0.0,29615.0,18.0,0,0.0,0.0,1474.95,1474.95,819.74,655.21,0.0,0.0,0.0,0.0,0.0,1.0,1,0.0,0.0,48836.0,0.0,1.0,0.0,2.0,20.0,19221.0,77.0,0.0,5.0,9370.0,77.0,38500.0,0.0,6.0,2.0,7.0,3757.0,7171.0,77.4,0.0,0.0,152.0,59.0,13.0,13.0,0.0,15.0,12.0,0.0,6.0,8.0,9.0,11.0,3.0,12.0,15.0,8.0,13.0,0.0,0.0,0.0,0.0,100.0,44.4,0.0,0.0,63500.0,48836.0,31800.0,25000.0,0,0
44496,9450.0,0.08810000000000001,299.68,1,174000.0,1,0,n,25.82,0.0,1.0,27.0,0.0,78326.0,45.0,0,0.0,0.0,1793.45,1793.45,1407.42,386.03,0.0,0.0,0.0,0.0,0.0,1.0,1,0.0,0.0,107040.0,2.0,4.0,1.0,3.0,8.0,28714.0,66.0,3.0,4.0,11953.0,52.0,158000.0,2.0,3.0,3.0,7.0,3964.0,50431.0,55.6,0.0,0.0,426.0,135.0,4.0,4.0,0.0,10.0,4.0,0.0,16.0,22.0,16.0,19.0,15.0,23.0,30.0,22.0,27.0,0.0,0.0,0.0,4.0,100.0,31.3,0.0,0.0,226023.0,107040.0,113600.0,68023.0,0,0
44515,4000.0,0.1033,129.69,1,65000.0,0,0,n,21.6,0.0,2.0,11.0,0.0,2255.0,37.0,0,3582.15,3582.15,646.15,646.15,417.85,228.3,0.0,0.0,0.0,0.0,0.0,1.0,1,0.0,0.0,32868.0,1.0,2.0,2.0,4.0,3.0,30613.0,74.0,0.0,0.0,473.0,41.0,38200.0,4.0,1.0,3.0,4.0,2988.0,25684.0,4.9,0.0,0.0,156.0,230.0,33.0,3.0,0.0,33.0,1.0,0.0,4.0,6.0,7.0,15.0,17.0,9.0,20.0,6.0,11.0,0.0,0.0,0.0,2.0,100.0,0.0,0.0,0.0,79625.0,32868.0,27000.0,41425.0,0,0
44516,26000.0,0.0756,809.48,1,100000.0,0,0,n,30.3,0.0,0.0,14.0,0.0,22557.0,17.0,0,24766.85,24766.85,2733.82,2733.82,1233.15,1500.67,0.0,0.0,0.0,809.48,0.0,1.0,1,0.0,0.0,99831.0,0.0,8.0,1.0,1.0,8.0,77274.0,72.0,2.0,2.0,7792.0,49.0,71000.0,1.0,0.0,3.0,3.0,7131.0,30360.0,39.9,0.0,0.0,141.0,68.0,12.0,8.0,0.0,12.0,8.0,0.0,4.0,6.0,4.0,4.0,10.0,6.0,7.0,6.0,14.0,0.0,0.0,0.0,3.0,100.0,25.0,0.0,0.0,183367.0,99831.0,50500.0,112367.0,0,0
44533,15000.0,0.1612,528.25,1,68000.0,1,0,n,7.36,0.0,1.0,9.0,0.0,5439.0,10.0,0,14106.0,14106.0,2627.82,2627.82,894.0,1733.82,0.0,0.0,0.0,0.0,0.0,1.0,1,0.0,0.0,14121.0,1.0,1.0,1.0,2.0,11.0,8682.0,82.0,1.0,2.0,1583.0,59.0,13300.0,1.0,2.0,3.0,4.0,1569.0,1352.0,69.3,0.0,0.0,14.0,41.0,3.0,3.0,0.0,3.0,3.0,0.0,4.0,6.0,4.0,5.0,2.0,7.0,8.0,6.0,9.0,0.0,0.0,0.0,2.0,100.0,50.0,0.0,0.0,23874.0,14121.0,4400.0,10574.0,0,0
44559,12000.0,0.1524,417.4,1,46000.0,0,0,n,15.6,0.0,2.0,16.0,0.0,8040.0,20.0,0,0.0,0.0,1117.64,1117.64,465.11,652.53,0.0,0.0,0.0,146.5,0.0,1.0,1,0.0,0.0,16562.0,2.0,3.0,1.0,1.0,5.0,8522.0,77.0,2.0,6.0,1075.0,59.0,17000.0,1.0,1.0,3.0,7.0,1035.0,1387.0,64.4,0.0,0.0,112.0,105.0,6.0,5.0,0.0,14.0,5.0,1.0,4.0,8.0,4.0,5.0,5.0,13.0,15.0,8.0,16.0,0.0,0.0,0.0,3.0,95.0,50.0,0.0,0.0,28100.0,16562.0,3900.0,11100.0,0,0
44585,25000.0,0.28800000000000003,1044.93,2,74000.0,0,0,n,12.59,0.0,1.0,13.0,0.0,15033.0,24.0,0,24099.46,24099.46,3054.79,3054.79,900.54,2154.25,0.0,0.0,0.0,0.0,0.0,1.0,1,0.0,0.0,229149.0,1.0,4.0,1.0,2.0,12.0,10992.0,68.0,0.0,1.0,3141.0,82.0,15700.0,2.0,0.0,2.0,5.0,17627.0,503.0,96.1,0.0,0.0,313.0,175.0,13.0,6.0,2.0,13.0,2.0,2.0,6.0,7.0,6.0,11.0,7.0,7.0,14.0,7.0,13.0,0.0,0.0,0.0,2.0,83.3,100.0,0.0,0.0,235700.0,26780.0,13000.0,16106.0,0,0
44594,3000.0,0.14300000000000002,102.98,2,60000.0,0,0,n,22.3,0.0,0.0,11.0,0.0,15747.0,39.0,1,0.0,0.0,615.5,615.5,415.59,199.91,0.0,0.0,0.0,0.0,0.0,1.0,1,0.0,0.0,211001.0,1.0,4.0,0.0,3.0,19.0,106787.0,58.0,1.0,2.0,9193.0,56.0,29400.0,1.0,0.0,0.0,7.0,19182.0,1904.0,88.9,0.0,0.0,135.0,96.0,6.0,6.0,2.0,19.0,14.0,0.0,2.0,4.0,2.0,5.0,26.0,6.0,11.0,4.0,11.0,0.0,0.0,0.0,1.0,100.0,100.0,0.0,0.0,228534.0,122534.0,17100.0,108801.0,0,0
44595,6375.0,0.124,212.97,3,78000.0,0,0,n,11.37,1.0,0.0,5.0,0.0,6534.0,20.0,0,0.0,0.0,208.58,208.58,131.72,76.86,0.0,0.0,0.0,0.0,0.0,1.0,1,0.0,0.0,14707.0,0.0,1.0,1.0,1.0,8.0,8173.0,82.0,0.0,1.0,4895.0,52.0,18500.0,1.0,0.0,1.0,2.0,2941.0,10605.0,31.6,0.0,0.0,291.0,353.0,20.0,8.0,1.0,28.0,8.0,6.0,1.0,2.0,2.0,8.0,4.0,4.0,15.0,2.0,5.0,0.0,0.0,1.0,1.0,72.2,0.0,0.0,0.0,28500.0,14707.0,15500.0,10000.0,0,0
44618,20400.0,0.1308,465.0,1,60000.0,0,0,n,13.76,0.0,2.0,23.0,0.0,12759.0,27.0,0,0.0,0.0,2310.18,2310.18,1131.38,1178.8,0.0,0.0,0.0,465.0,0.0,1.0,1,0.0,0.0,16326.0,1.0,1.0,0.0,1.0,19.0,3567.0,60.0,6.0,11.0,2484.0,31.0,46300.0,1.0,0.0,4.0,12.0,710.0,20692.0,32.2,0.0,0.0,19.0,52.0,3.0,3.0,0.0,3.0,3.0,0.0,9.0,14.0,13.0,15.0,1.0,22.0,26.0,14.0,23.0,0.0,0.0,0.0,6.0,100.0,7.7,0.0,0.0,52300.0,16326.0,30500.0,6000.0,0,0
44622,16800.0,0.1524,584.36,1,82000.0,1,0,n,20.42,0.0,0.0,20.0,0.0,18103.0,24.0,0,0.0,0.0,1358.56,1358.56,732.31,626.25,0.0,0.0,0.0,204.06,0.0,1.0,1,0.0,0.0,46824.0,3.0,2.0,2.0,4.0,7.0,28721.0,83.0,5.0,9.0,6922.0,46.0,66500.0,1.0,6.0,1.0,13.0,2341.0,27021.0,34.9,0.0,0.0,48.0,48.0,1.0,1.0,0.0,3.0,10.0,0.0,6.0,12.0,10.0,10.0,5.0,18.0,19.0,12.0,20.0,0.0,0.0,0.0,7.0,95.8,20.0,0.0,0.0,100981.0,46824.0,41500.0,34481.0,0,0
44736,40000.0,0.0819,814.7,1,150000.0,0,0,n,15.38,0.0,2.0,22.0,0.0,38969.0,39.0,0,0.0,0.0,4309.57,4309.57,2745.73,1563.84,0.0,0.0,0.0,254.27,0.0,1.0,1,0.0,0.0,99417.0,3.0,3.0,1.0,3.0,3.0,60448.0,81.0,2.0,4.0,19934.0,33.0,182900.0,0.0,0.0,3.0,7.0,4519.0,109598.0,25.0,0.0,0.0,168.0,243.0,4.0,3.0,3.0,6.0,4.0,0.0,10.0,12.0,10.0,14.0,11.0,19.0,25.0,12.0,22.0,0.0,0.0,0.0,3.0,100.0,10.0,0.0,0.0,265901.0,99417.0,146100.0,83001.0,0,0
44754,9000.0,0.0646,275.68,2,64000.0,0,0,n,25.35,1.0,0.0,20.0,0.0,11374.0,37.0,0,6930.81,6930.81,2477.89,2477.89,2069.19,408.7,0.0,0.0,0.0,0.0,0.0,1.0,1,0.0,0.0,47174.0,0.0,2.0,0.0,2.0,21.0,35678.0,69.0,1.0,3.0,3138.0,30.0,51200.0,2.0,1.0,1.0,5.0,2948.0,23972.0,28.0,0.0,0.0,263.0,161.0,10.0,10.0,0.0,10.0,11.0,2.0,5.0,6.0,10.0,11.0,11.0,17.0,25.0,6.0,20.0,0.0,0.0,1.0,1.0,91.7,14.3,0.0,0.0,100512.0,47174.0,33300.0,49147.0,0,0
44787,15000.0,0.1308,341.92,3,100000.0,1,0,n,20.59,0.0,0.0,10.0,0.0,40740.0,33.0,0,0.0,0.0,1356.78,1356.78,646.63,710.15,0.0,0.0,0.0,341.92,0.0,1.0,1,0.0,2500.0,289806.0,1.0,4.0,1.0,3.0,9.0,63105.0,77.0,1.0,1.0,8277.0,79.0,50300.0,3.0,0.0,2.0,4.0,28981.0,2892.0,75.9,0.0,0.0,167.0,226.0,4.0,4.0,6.0,4.0,9.0,0.0,2.0,3.0,2.0,3.0,13.0,5.0,14.0,3.0,10.0,0.0,0.0,0.0,2.0,90.6,50.0,0.0,0.0,452037.0,103845.0,12000.0,81737.0,0,0
44797,12000.0,0.2305,338.64,1,43000.0,0,0,n,24.84,0.0,0.0,16.0,1.0,14577.0,29.0,0,11438.12,11438.12,2121.73,2121.73,561.88,1559.85,0.0,0.0,0.0,0.0,0.0,1.0,1,0.0,0.0,139113.0,0.0,3.0,0.0,1.0,13.0,124536.0,75.0,3.0,5.0,10914.0,62.0,28600.0,1.0,0.0,2.0,6.0,8695.0,8130.0,63.7,0.0,0.0,208.0,110.0,12.0,12.0,0.0,12.0,12.0,0.0,6.0,7.0,7.0,15.0,6.0,13.0,23.0,7.0,16.0,0.0,0.0,0.0,3.0,89.7,42.9,1.0,0.0,143169.0,139113.0,22400.0,114569.0,0,0
44798,26000.0,0.17739999999999995,656.56,2,90000.0,0,0,n,18.2,0.0,0.0,13.0,0.0,36607.0,23.0,0,0.0,0.0,2600.62,2600.62,1113.15,1487.47,0.0,0.0,0.0,0.0,0.0,1.0,1,0.0,0.0,486164.0,0.0,1.0,0.0,2.0,16.0,16199.0,79.0,0.0,1.0,9292.0,80.0,45300.0,1.0,0.0,0.0,6.0,37397.0,3593.0,91.1,0.0,0.0,66.0,116.0,16.0,7.0,3.0,16.0,16.0,0.0,8.0,8.0,9.0,10.0,7.0,11.0,13.0,8.0,13.0,0.0,0.0,0.0,1.0,100.0,88.9,0.0,0.0,502015.0,52806.0,40200.0,20515.0,0,0
44806,22000.0,0.1033,713.3,2,121000.0,1,0,n,15.48,0.0,0.0,20.0,0.0,35625.0,23.0,0,16655.43,16655.43,7120.37,7120.37,5344.57,1775.8,0.0,0.0,0.0,0.0,0.0,1.0,1,0.0,0.0,233937.0,1.0,2.0,0.0,0.0,53.0,20268.0,54.0,0.0,0.0,7712.0,64.0,48900.0,1.0,0.0,1.0,1.0,11697.0,6012.0,82.0,0.0,0.0,171.0,142.0,39.0,6.0,1.0,39.0,10.0,0.0,11.0,16.0,11.0,11.0,4.0,16.0,16.0,16.0,20.0,0.0,0.0,0.0,1.0,91.3,72.7,0.0,0.0,266264.0,55988.0,33400.0,37731.0,0,0
44960,30000.0,0.14300000000000002,1029.71,1,200000.0,0,0,n,4.16,0.0,0.0,5.0,0.0,2608.0,13.0,0,0.0,0.0,1005.88,1005.88,672.21,333.67,0.0,0.0,0.0,0.0,0.0,1.0,1,0.0,0.0,16803.0,0.0,2.0,1.0,1.0,12.0,14195.0,75.0,0.0,0.0,496.0,75.0,3700.0,3.0,2.0,4.0,1.0,3361.0,4.0,99.2,0.0,0.0,194.0,114.0,71.0,12.0,1.0,71.0,12.0,1.0,1.0,3.0,1.0,1.0,7.0,3.0,5.0,3.0,5.0,0.0,0.0,0.0,1.0,84.6,100.0,0.0,0.0,22568.0,16803.0,500.0,18868.0,0,0
44964,8500.0,0.124,283.95,1,60000.0,0,0,n,37.16,0.0,1.0,14.0,1.0,5289.0,19.0,0,7465.24,7465.24,1697.84,1697.84,1034.76,663.08,0.0,0.0,0.0,0.0,0.0,1.0,0,0.0,0.0,62779.0,2.0,3.0,2.0,4.0,4.0,57490.0,80.0,2.0,5.0,1119.0,69.0,19500.0,5.0,0.0,1.0,9.0,4484.0,12282.0,18.7,0.0,0.0,84.0,72.0,6.0,4.0,0.0,6.0,4.0,0.0,7.0,8.0,9.0,9.0,7.0,11.0,12.0,8.0,14.0,0.0,0.0,0.0,4.0,84.2,0.0,1.0,0.0,91188.0,62779.0,15100.0,71688.0,0,0
45031,10625.0,0.2055,397.85,2,60382.0,1,0,n,34.33,0.0,2.0,8.0,0.0,6354.0,31.0,1,0.0,0.0,783.57,783.57,435.49,348.08,0.0,0.0,0.0,0.0,0.0,1.0,1,0.0,0.0,195603.0,1.0,4.0,3.0,4.0,9.0,102550.0,79.0,0.0,3.0,6354.0,56.0,32000.0,2.0,1.0,8.0,8.0,24450.0,13646.0,31.8,0.0,0.0,149.0,114.0,21.0,2.0,1.0,21.0,2.0,0.0,1.0,1.0,2.0,6.0,19.0,3.0,10.0,1.0,8.0,0.0,0.0,0.0,4.0,90.3,0.0,0.0,0.0,332426.0,108904.0,20000.0,114226.0,0,0
45039,16000.0,0.2565,641.68,1,62000.0,0,0,n,20.85,0.0,0.0,4.0,1.0,3302.0,14.0,1,15700.32,15700.32,2573.44,2573.44,299.68,2273.76,0.0,0.0,0.0,641.68,0.0,1.0,1,0.0,0.0,78487.0,0.0,2.0,1.0,1.0,9.0,75185.0,221.0,0.0,0.0,2430.0,185.0,3500.0,1.0,0.0,4.0,1.0,19622.0,198.0,94.3,0.0,0.0,223.0,52.0,26.0,9.0,0.0,26.0,9.0,0.0,2.0,2.0,2.0,2.0,12.0,2.0,2.0,2.0,4.0,0.0,0.0,0.0,1.0,100.0,100.0,1.0,0.0,72052.0,78487.0,3500.0,68552.0,0,0
45078,10000.0,0.17739999999999995,360.23,1,90000.0,1,0,n,18.67,0.0,3.0,10.0,0.0,13246.0,14.0,0,0.0,0.0,350.37,350.37,212.4,137.97,0.0,0.0,0.0,0.0,0.0,1.0,1,0.0,0.0,149388.0,3.0,3.0,2.0,2.0,3.0,136142.0,97.0,1.0,1.0,7794.0,64.0,38400.0,1.0,0.0,3.0,3.0,14939.0,19865.0,35.1,0.0,0.0,198.0,249.0,2.0,2.0,0.0,27.0,2.0,1.0,4.0,6.0,5.0,8.0,4.0,7.0,10.0,6.0,10.0,0.0,0.0,0.0,3.0,76.9,0.0,0.0,0.0,171341.0,149388.0,30600.0,132941.0,0,0
45088,6000.0,0.17739999999999995,216.14,2,48000.0,1,0,n,18.05,2.0,0.0,8.0,0.0,2499.0,10.0,0,4739.14,4739.14,2155.49,2155.49,1260.86,894.63,0.0,0.0,0.0,432.28,0.0,1.0,1,0.0,0.0,14366.0,1.0,3.0,1.0,1.0,3.0,11867.0,63.0,0.0,1.0,1169.0,54.0,7500.0,4.0,0.0,4.0,2.0,1796.0,3531.0,24.9,0.0,0.0,43.0,39.0,23.0,3.0,0.0,27.0,5.0,2.0,1.0,2.0,3.0,3.0,5.0,5.0,5.0,2.0,8.0,0.0,0.0,2.0,1.0,88.9,0.0,0.0,0.0,26463.0,14366.0,4700.0,18963.0,0,0
45110,2000.0,0.14300000000000002,68.65,2,32000.0,0,0,n,8.59,0.0,1.0,7.0,0.0,4173.0,12.0,0,1527.02,1527.02,684.91,684.91,472.98,211.93,0.0,0.0,0.0,0.0,0.0,1.0,1,0.0,0.0,147803.0,2.0,2.0,2.0,2.0,5.0,3842.0,93.0,2.0,2.0,3488.0,73.0,6900.0,2.0,1.0,2.0,5.0,21115.0,2312.0,60.1,0.0,0.0,139.0,320.0,0.0,0.0,3.0,0.0,0.0,0.0,1.0,3.0,2.0,2.0,4.0,4.0,5.0,3.0,7.0,0.0,0.0,0.0,5.0,91.7,50.0,0.0,0.0,153529.0,8015.0,5800.0,4144.0,0,0
45131,16200.0,0.2565,649.7,3,45000.0,0,0,n,13.36,3.0,0.0,5.0,0.0,543.0,10.0,0,13829.58,13829.58,5174.52,5174.52,2370.42,2804.1,0.0,0.0,0.0,0.0,0.0,1.0,1,0.0,0.0,41156.0,1.0,2.0,1.0,2.0,4.0,40613.0,99.0,0.0,0.0,543.0,88.0,5700.0,1.0,0.0,0.0,2.0,8231.0,5157.0,9.5,0.0,0.0,193.0,89.0,49.0,4.0,0.0,49.0,22.0,0.0,1.0,1.0,3.0,3.0,7.0,3.0,3.0,1.0,5.0,0.0,0.0,1.0,1.0,70.0,0.0,0.0,0.0,46636.0,41156.0,5700.0,40936.0,0,0
45139,16000.0,0.1862,583.43,2,95000.0,1,0,n,27.98,0.0,0.0,21.0,0.0,21649.0,29.0,0,0.0,0.0,1733.74,1733.74,859.02,874.72,0.0,0.0,0.0,0.0,0.0,1.0,1,0.0,0.0,68368.0,1.0,3.0,1.0,2.0,1.0,36881.0,73.0,0.0,4.0,669.0,73.0,33500.0,2.0,5.0,0.0,6.0,3256.0,10320.0,20.6,0.0,0.0,51.0,168.0,15.0,1.0,0.0,15.0,18.0,0.0,10.0,15.0,12.0,17.0,6.0,17.0,22.0,15.0,21.0,0.0,0.0,0.0,1.0,96.2,25.0,0.0,0.0,94002.0,68368.0,13000.0,50664.0,0,0
45233,10200.0,0.0646,312.44,1,28000.0,0,0,n,14.06,0.0,0.0,3.0,0.0,7480.0,12.0,0,0.0,0.0,2408.78,2408.78,2132.79,275.99,0.0,0.0,0.0,0.0,0.0,1.0,1,0.0,0.0,7921.0,0.0,1.0,0.0,1.0,17.0,441.0,9.0,0.0,0.0,7480.0,34.0,18100.0,1.0,0.0,0.0,1.0,2640.0,10620.0,41.3,0.0,0.0,173.0,207.0,44.0,17.0,0.0,44.0,17.0,0.0,1.0,1.0,2.0,5.0,5.0,2.0,7.0,1.0,3.0,0.0,0.0,0.0,0.0,100.0,0.0,0.0,0.0,23100.0,7921.0,18100.0,5000.0,0,0
45236,32000.0,0.16949999999999998,794.43,2,139000.0,1,0,n,19.1,0.0,2.0,10.0,0.0,17430.0,29.0,0,0.0,0.0,764.3,764.3,161.63,602.67,0.0,0.0,0.0,0.0,0.0,1.0,1,0.0,0.0,360255.0,1.0,4.0,3.0,6.0,7.0,77211.0,78.0,1.0,1.0,9777.0,58.0,48800.0,4.0,0.0,6.0,7.0,36026.0,31370.0,35.7,0.0,0.0,132.0,83.0,5.0,5.0,4.0,5.0,0.0,0.0,3.0,3.0,5.0,9.0,15.0,5.0,10.0,3.0,10.0,0.0,0.0,0.0,4.0,100.0,0.0,0.0,0.0,438284.0,94641.0,48800.0,101634.0,0,0
45259,20000.0,0.2565,594.68,2,55000.0,1,0,n,37.42,0.0,0.0,26.0,1.0,19814.0,39.0,0,20000.0,20000.0,2610.54,2610.54,0.0,2610.54,0.0,0.0,0.0,892.02,0.0,1.0,1,0.0,0.0,56817.0,0.0,3.0,0.0,1.0,21.0,37003.0,68.0,2.0,7.0,7085.0,61.0,34200.0,1.0,0.0,2.0,8.0,2273.0,1150.0,90.2,0.0,0.0,145.0,409.0,7.0,7.0,0.0,8.0,7.0,0.0,4.0,14.0,5.0,6.0,12.0,23.0,27.0,15.0,26.0,0.0,0.0,0.0,2.0,100.0,60.0,1.0,0.0,86472.0,56817.0,11700.0,52272.0,0,0
45335,13000.0,0.2305,503.57,2,75000.0,1,0,n,32.56,0.0,0.0,12.0,0.0,10278.0,19.0,0,0.0,0.0,3004.77,3004.77,1598.22,1406.55,0.0,0.0,0.0,0.0,1.0,1.0,1,0.0,1290.0,285407.0,3.0,4.0,1.0,2.0,5.0,50760.0,84.0,2.0,4.0,6548.0,71.0,19200.0,2.0,0.0,3.0,7.0,23784.0,1689.0,82.4,0.0,0.0,237.0,161.0,3.0,3.0,2.0,71.0,5.0,0.0,2.0,5.0,3.0,3.0,9.0,7.0,8.0,5.0,12.0,0.0,0.0,0.0,4.0,89.5,33.3,0.0,0.0,310893.0,61038.0,9600.0,65859.0,0,0
45359,30000.0,0.28800000000000003,948.61,2,135187.0,1,0,n,14.98,0.0,3.0,15.0,0.0,40357.0,35.0,0,28892.44,28892.44,5643.66,5643.66,1107.56,4536.1,0.0,0.0,0.0,948.61,0.0,1.0,1,0.0,0.0,860057.0,2.0,3.0,3.0,4.0,4.0,31412.0,93.0,1.0,2.0,12066.0,72.0,65300.0,2.0,1.0,6.0,7.0,57337.0,17272.0,65.0,0.0,0.0,74.0,385.0,9.0,4.0,7.0,9.0,0.0,0.0,5.0,6.0,6.0,8.0,15.0,8.0,12.0,6.0,15.0,0.0,0.0,0.0,4.0,97.1,16.7,0.0,0.0,932649.0,71769.0,49300.0,33825.0,0,0
45390,14000.0,0.0819,285.15,1,36000.0,0,0,n,23.37,0.0,1.0,4.0,0.0,13159.0,5.0,0,0.0,0.0,1704.53,1704.53,1157.18,547.35,0.0,0.0,0.0,0.0,0.0,1.0,1,0.0,0.0,34097.0,1.0,1.0,1.0,1.0,7.0,20938.0,94.0,1.0,1.0,7174.0,63.0,31700.0,3.0,0.0,7.0,2.0,8524.0,18541.0,41.5,0.0,0.0,41.0,40.0,2.0,2.0,0.0,2.0,3.0,0.0,3.0,3.0,3.0,3.0,2.0,3.0,3.0,3.0,4.0,0.0,0.0,0.0,2.0,100.0,0.0,0.0,0.0,54096.0,34097.0,31700.0,22396.0,0,0
45407,38000.0,0.1308,866.18,2,115000.0,1,0,n,18.2,0.0,0.0,15.0,0.0,42211.0,24.0,0,34243.17,34243.17,6901.83,6901.83,3756.83,3145.0,0.0,0.0,0.0,0.0,0.0,1.0,1,0.0,0.0,322196.0,1.0,6.0,1.0,2.0,7.0,24282.0,62.0,2.0,2.0,14476.0,52.0,87900.0,2.0,1.0,3.0,5.0,21480.0,38460.0,50.0,0.0,0.0,207.0,209.0,2.0,2.0,3.0,2.0,2.0,0.0,6.0,7.0,6.0,9.0,10.0,8.0,11.0,7.0,15.0,0.0,0.0,0.0,4.0,100.0,0.0,0.0,0.0,385788.0,66493.0,76900.0,39488.0,0,0
45480,11000.0,0.16949999999999998,273.09,1,80000.0,1,0,n,14.58,0.0,3.0,14.0,0.0,15651.0,55.0,0,0.0,0.0,1901.27,1901.27,859.76,1041.51,0.0,0.0,0.0,273.09,0.0,1.0,1,0.0,0.0,128889.0,1.0,3.0,0.0,1.0,21.0,98216.0,81.0,1.0,1.0,7215.0,77.0,24300.0,2.0,8.0,8.0,3.0,9206.0,1363.0,90.3,0.0,0.0,164.0,72.0,5.0,5.0,0.0,28.0,0.0,1.0,3.0,7.0,3.0,4.0,38.0,10.0,14.0,7.0,14.0,0.0,0.0,0.0,2.0,98.1,100.0,0.0,0.0,129972.0,128889.0,14000.0,88956.0,0,0
45520,12000.0,0.1308,404.79,2,110000.0,0,0,n,21.97,0.0,1.0,19.0,0.0,24995.0,31.0,0,9072.36,9072.36,4039.18,4039.18,2927.64,1111.54,0.0,0.0,0.0,0.0,0.0,1.0,1,0.0,3855.0,153140.0,2.0,3.0,1.0,3.0,10.0,72652.0,85.0,3.0,3.0,5785.0,65.0,66200.0,1.0,0.0,1.0,6.0,8060.0,23400.0,44.7,0.0,0.0,160.0,178.0,5.0,5.0,3.0,7.0,5.0,0.0,9.0,13.0,9.0,9.0,11.0,15.0,17.0,13.0,19.0,0.0,0.0,0.0,4.0,100.0,22.2,0.0,0.0,211263.0,97647.0,42300.0,85031.0,0,0
45527,15000.0,0.2055,561.67,2,24000.0,1,0,n,42.45,0.0,1.0,10.0,0.0,5163.0,29.0,0,0.0,0.0,14082.88,14082.88,14010.21,72.67,0.0,0.0,0.0,14100.0,0.0,1.0,0,0.0,1635.0,95244.0,2.0,3.0,2.0,3.0,7.0,19932.0,68.0,2.0,3.0,0.0,48.0,22800.0,0.0,7.0,2.0,6.0,9524.0,2300.0,0.0,0.0,0.0,276.0,228.0,1.0,1.0,1.0,58.0,2.0,0.0,0.0,3.0,1.0,2.0,16.0,6.0,12.0,3.0,10.0,0.0,0.0,0.0,4.0,96.6,0.0,0.0,0.0,137437.0,25095.0,2300.0,29513.0,0,0
45546,12000.0,0.1524,287.0,1,55000.0,1,0,n,27.43,0.0,1.0,6.0,0.0,12654.0,28.0,0,0.0,0.0,276.84,276.84,134.6,142.24,0.0,0.0,0.0,287.0,0.0,1.0,1,0.0,0.0,35948.0,1.0,3.0,1.0,1.0,5.0,23294.0,57.0,1.0,2.0,4021.0,63.0,16800.0,1.0,6.0,2.0,3.0,5991.0,2371.0,75.8,0.0,0.0,119.0,290.0,12.0,5.0,1.0,21.0,3.0,0.0,2.0,3.0,2.0,7.0,6.0,3.0,21.0,3.0,6.0,0.0,0.0,0.0,2.0,100.0,50.0,0.0,0.0,57558.0,35948.0,9800.0,40758.0,0,0
45572,18000.0,0.17739999999999995,454.54,1,48000.0,0,0,n,24.0,0.0,1.0,6.0,0.0,5375.0,20.0,0,15985.17,15985.17,4527.66,4527.66,2014.83,2512.83,0.0,0.0,0.0,454.54,0.0,1.0,1,0.0,0.0,34077.0,1.0,2.0,0.0,2.0,13.0,28702.0,82.0,2.0,4.0,4684.0,80.0,7600.0,2.0,0.0,5.0,6.0,5680.0,2225.0,70.7,0.0,0.0,153.0,63.0,1.0,1.0,0.0,1.0,1.0,4.0,4.0,4.0,4.0,8.0,11.0,4.0,8.0,4.0,6.0,0.0,0.0,0.0,2.0,80.0,25.0,0.0,0.0,42699.0,34077.0,7600.0,35099.0,0,0
45604,13000.0,0.08810000000000001,412.25,1,48000.0,0,0,n,21.73,0.0,0.0,12.0,0.0,12380.0,18.0,0,10104.02,10104.02,3703.89,3703.89,2895.98,807.91,0.0,0.0,0.0,0.0,0.0,1.0,1,0.0,0.0,30805.0,3.0,2.0,2.0,2.0,7.0,18425.0,81.0,4.0,6.0,5854.0,47.0,42200.0,0.0,0.0,3.0,8.0,2567.0,23351.0,32.9,0.0,0.0,119.0,42.0,1.0,1.0,0.0,1.0,7.0,2.0,7.0,9.0,7.0,8.0,6.0,10.0,11.0,9.0,12.0,0.0,0.0,0.0,6.0,100.0,0.0,0.0,0.0,64955.0,30805.0,34800.0,22755.0,0,0
45615,15000.0,0.1171,496.14,3,85000.0,0,0,n,23.9,2.0,0.0,7.0,0.0,13236.0,14.0,0,0.0,0.0,2967.08,2967.08,2114.6,852.48,0.0,0.0,0.0,0.0,0.0,1.0,1,0.0,0.0,70939.0,0.0,2.0,1.0,2.0,11.0,57703.0,86.0,0.0,1.0,9912.0,78.0,20500.0,0.0,4.0,0.0,3.0,10134.0,402.0,96.2,0.0,0.0,58.0,258.0,14.0,11.0,0.0,35.0,17.0,0.0,2.0,4.0,2.0,2.0,8.0,5.0,6.0,4.0,7.0,0.0,0.0,0.0,1.0,85.7,50.0,0.0,0.0,97465.0,70939.0,10500.0,76965.0,0,0
45713,11700.0,0.2565,469.23,2,37560.0,0,0,n,31.47,0.0,0.0,13.0,0.0,9020.0,20.0,0,10450.19,10450.19,3737.17,3737.17,1249.81,2487.36,0.0,0.0,0.0,469.23,0.0,1.0,1,0.0,0.0,121591.0,2.0,3.0,1.0,1.0,5.0,34964.0,71.0,3.0,6.0,3081.0,67.0,15900.0,0.0,0.0,1.0,7.0,9353.0,3040.0,73.3,0.0,0.0,162.0,41.0,1.0,1.0,1.0,1.0,7.0,0.0,6.0,8.0,6.0,6.0,8.0,9.0,11.0,8.0,13.0,0.0,0.0,0.0,4.0,100.0,66.7,0.0,0.0,146794.0,43984.0,11400.0,49494.0,0,0
45721,15000.0,0.2305,423.29,1,48999.0,0,0,n,29.05,1.0,0.0,20.0,0.0,10097.0,53.0,0,14151.18,14151.18,2501.32,2501.32,848.82,1652.5,0.0,0.0,0.0,423.29,0.0,1.0,1,0.0,0.0,60399.0,1.0,7.0,0.0,1.0,20.0,50302.0,61.0,2.0,2.0,2935.0,59.0,20100.0,0.0,2.0,1.0,3.0,3020.0,3313.0,61.0,0.0,0.0,148.0,147.0,4.0,4.0,0.0,9.0,9.0,0.0,3.0,9.0,4.0,8.0,23.0,13.0,30.0,9.0,20.0,0.0,0.0,0.0,2.0,84.6,75.0,0.0,0.0,102223.0,60399.0,8500.0,82123.0,0,0
45819,12000.0,0.1308,273.53,1,50000.0,1,0,n,29.98,0.0,0.0,10.0,0.0,13667.0,12.0,0,10916.78,10916.78,2453.05,2453.05,1083.22,1369.83,0.0,0.0,0.0,273.53,0.0,1.0,0,0.0,0.0,60372.0,0.0,4.0,0.0,2.0,15.0,46705.0,81.0,0.0,1.0,9179.0,73.0,24600.0,2.0,1.0,0.0,3.0,6037.0,5667.0,66.3,0.0,0.0,56.0,63.0,24.0,15.0,0.0,26.0,20.0,0.0,3.0,6.0,3.0,4.0,5.0,6.0,7.0,6.0,10.0,0.0,0.0,0.0,0.0,100.0,0.0,0.0,0.0,82514.0,60372.0,16800.0,57914.0,0,0
45847,25000.0,0.124,835.15,3,78000.0,0,0,n,24.03,0.0,0.0,9.0,0.0,24999.0,16.0,0,20215.08,20215.08,6663.98,6663.98,4784.92,1879.06,0.0,0.0,0.0,0.0,0.0,1.0,1,0.0,0.0,54884.0,1.0,2.0,0.0,2.0,20.0,29885.0,66.0,1.0,1.0,10518.0,73.0,30200.0,0.0,0.0,1.0,3.0,7841.0,5201.0,82.8,0.0,0.0,145.0,140.0,3.0,3.0,0.0,3.0,9.0,0.0,4.0,4.0,7.0,9.0,7.0,7.0,9.0,4.0,9.0,0.0,0.0,0.0,1.0,100.0,60.0,0.0,0.0,75461.0,54884.0,30200.0,45261.0,0,0
45848,8000.0,0.2305,309.89,1,65000.0,1,0,n,38.37,0.0,1.0,26.0,0.0,53344.0,48.0,1,0.0,0.0,1219.29,1219.29,786.47,432.82,0.0,0.0,0.0,929.89,0.0,1.0,1,0.0,0.0,112509.0,1.0,2.0,0.0,0.0,25.0,59165.0,70.0,1.0,5.0,6377.0,64.0,85000.0,0.0,4.0,1.0,5.0,4327.0,2511.0,93.1,0.0,0.0,193.0,221.0,0.0,0.0,0.0,0.0,0.0,1.0,12.0,21.0,13.0,18.0,14.0,24.0,34.0,21.0,26.0,0.0,0.0,0.0,1.0,97.9,92.3,0.0,0.0,143028.0,112509.0,36400.0,58028.0,0,0
45849,14400.0,0.08810000000000001,456.65,1,70000.0,1,0,n,13.48,0.0,3.0,23.0,0.0,18682.0,38.0,0,0.0,0.0,1006.25,1006.25,704.43,301.82,0.0,0.0,0.0,100.0,0.0,1.0,1,0.0,0.0,47748.0,6.0,3.0,1.0,2.0,3.0,29066.0,92.0,6.0,7.0,4700.0,40.0,88800.0,3.0,0.0,3.0,10.0,2170.0,55303.0,24.7,0.0,0.0,93.0,152.0,1.0,1.0,0.0,4.0,4.0,0.0,8.0,10.0,15.0,19.0,10.0,19.0,27.0,10.0,23.0,0.0,0.0,0.0,7.0,97.3,7.1,0.0,0.0,120311.0,47748.0,73400.0,31448.0,0,0
45853,10625.0,0.1612,374.18,1,70000.0,0,0,n,17.57,0.0,0.0,7.0,0.0,8334.0,9.0,1,9188.81,9188.81,2235.56,2235.56,1436.19,799.37,0.0,0.0,0.0,0.0,0.0,1.0,0,0.0,0.0,33051.0,3.0,3.0,2.0,3.0,3.0,24717.0,81.0,1.0,2.0,0.0,68.0,18200.0,1.0,4.0,2.0,5.0,4722.0,3400.0,0.0,0.0,0.0,40.0,58.0,4.0,3.0,0.0,20.0,5.0,0.0,0.0,2.0,1.0,1.0,5.0,4.0,4.0,2.0,7.0,0.0,0.0,0.0,3.0,100.0,0.0,0.0,0.0,48868.0,33051.0,3400.0,30668.0,0,0
45854,7000.0,0.2305,271.16,2,53000.0,0,0,n,39.9,0.0,0.0,17.0,0.0,20842.0,44.0,0,0.0,0.0,533.36,533.36,136.71,396.65,0.0,0.0,0.0,271.16,0.0,1.0,1,0.0,252.0,96014.0,3.0,6.0,2.0,3.0,7.0,75172.0,74.0,5.0,6.0,5034.0,58.0,50100.0,2.0,5.0,4.0,9.0,5648.0,15235.0,45.2,0.0,0.0,233.0,180.0,2.0,2.0,2.0,2.0,7.0,0.0,5.0,7.0,8.0,12.0,19.0,11.0,23.0,7.0,17.0,0.0,0.0,0.0,7.0,100.0,25.0,0.0,0.0,136485.0,96014.0,27800.0,86385.0,0,0
45887,12000.0,0.17739999999999995,432.27,1,53000.0,0,0,n,13.16,0.0,1.0,8.0,0.0,11754.0,10.0,0,11051.44,11051.44,2352.71,2352.71,948.56,1404.15,0.0,0.0,0.0,1000.0,0.0,1.0,1,0.0,0.0,14276.0,6.0,1.0,0.0,1.0,22.0,2522.0,33.0,6.0,7.0,4052.0,49.0,21400.0,0.0,0.0,1.0,8.0,1785.0,4987.0,64.6,0.0,0.0,58.0,27.0,1.0,1.0,0.0,1.0,3.0,0.0,4.0,7.0,4.0,5.0,2.0,7.0,8.0,7.0,8.0,0.0,0.0,0.0,6.0,100.0,25.0,0.0,0.0,29008.0,14276.0,14100.0,7608.0,0,0
45911,16000.0,0.1612,390.11,2,150000.0,1,0,n,9.82,0.0,1.0,21.0,1.0,13460.0,55.0,0,15629.77,15629.77,1191.08,1191.08,370.23,820.85,0.0,0.0,0.0,195.06,0.0,1.0,1,0.0,0.0,607416.0,3.0,2.0,2.0,2.0,3.0,37180.0,97.0,0.0,2.0,6375.0,53.0,57000.0,1.0,0.0,6.0,5.0,55220.0,38461.0,23.1,0.0,0.0,293.0,230.0,17.0,3.0,5.0,17.0,3.0,0.0,6.0,7.0,13.0,16.0,27.0,18.0,23.0,7.0,21.0,0.0,0.0,0.0,3.0,100.0,14.3,1.0,0.0,652196.0,50640.0,50000.0,38420.0,0,0
46017,25525.0,0.16949999999999998,633.68,1,120000.0,1,0,n,38.0,0.0,0.0,19.0,0.0,39995.0,24.0,1,0.0,0.0,3144.36,3144.36,1404.82,1739.54,0.0,0.0,0.0,633.68,0.0,1.0,1,0.0,0.0,122866.0,1.0,11.0,0.0,1.0,22.0,82871.0,74.0,1.0,1.0,27324.0,68.0,65900.0,1.0,0.0,0.0,2.0,6467.0,19640.0,61.7,0.0,0.0,172.0,133.0,2.0,2.0,0.0,28.0,22.0,0.0,2.0,4.0,6.0,7.0,14.0,8.0,10.0,4.0,19.0,0.0,0.0,0.0,1.0,100.0,16.7,0.0,0.0,189976.0,122866.0,51300.0,124076.0,0,0
46063,23000.0,0.1612,560.79,1,100000.0,1,0,n,26.83,0.0,1.0,18.0,0.0,32323.0,45.0,0,22245.03,22245.03,3344.14,3344.14,754.97,2589.17,0.0,0.0,0.0,560.79,0.0,1.0,1,0.0,0.0,70285.0,0.0,3.0,1.0,1.0,10.0,37962.0,63.0,2.0,4.0,6636.0,44.0,99400.0,2.0,0.0,6.0,5.0,3905.0,47783.0,34.2,0.0,0.0,122.0,83.0,11.0,10.0,1.0,11.0,0.0,0.0,9.0,12.0,10.0,13.0,24.0,15.0,20.0,12.0,18.0,0.0,0.0,0.0,3.0,100.0,10.0,0.0,0.0,160144.0,70285.0,72600.0,60744.0,0,0
46109,30000.0,0.28800000000000003,948.61,1,245000.0,1,0,n,13.97,2.0,1.0,17.0,0.0,44470.0,23.0,0,30000.0,30000.0,2797.83,2797.83,0.0,2797.83,0.0,0.0,0.0,0.0,0.0,1.0,1,0.0,0.0,447017.0,1.0,2.0,0.0,0.0,34.0,82248.0,98.0,4.0,4.0,9656.0,87.0,53600.0,0.0,0.0,2.0,5.0,27939.0,1339.0,94.2,0.0,0.0,234.0,98.0,0.0,0.0,4.0,0.0,6.0,0.0,5.0,9.0,6.0,6.0,5.0,13.0,14.0,9.0,17.0,0.0,0.0,0.0,4.0,91.3,80.0,0.0,0.0,536598.0,126718.0,23100.0,116998.0,0,0
46123,9750.0,0.08810000000000001,309.19,1,74000.0,1,0,n,27.44,0.0,2.0,25.0,0.0,31450.0,42.0,0,0.0,0.0,2159.56,2159.56,1699.77,459.79,0.0,0.0,0.0,309.19,0.0,1.0,1,0.0,0.0,80431.0,3.0,2.0,1.0,1.0,3.0,48981.0,32.0,3.0,6.0,6588.0,29.0,107300.0,2.0,0.0,8.0,8.0,3217.0,67050.0,31.9,0.0,0.0,124.0,193.0,4.0,3.0,0.0,4.0,2.0,0.0,10.0,10.0,19.0,26.0,8.0,22.0,33.0,10.0,25.0,0.0,0.0,0.0,4.0,100.0,21.1,0.0,0.0,169906.0,80431.0,98500.0,61656.0,0,0
46192,20925.0,0.1862,763.02,1,110000.0,1,0,n,21.93,0.0,1.0,7.0,0.0,25716.0,14.0,0,20465.02,20465.02,2880.87,2880.87,459.98,2420.89,0.0,0.0,0.0,0.0,0.0,1.0,1,0.0,0.0,65421.0,1.0,2.0,0.0,1.0,16.0,33330.0,67.0,1.0,1.0,11330.0,71.0,33700.0,5.0,0.0,2.0,2.0,9346.0,4730.0,83.2,0.0,0.0,77.0,122.0,1.0,1.0,0.0,1.0,4.0,0.0,3.0,4.0,3.0,7.0,5.0,4.0,8.0,4.0,7.0,0.0,0.0,0.0,1.0,100.0,66.7,0.0,0.0,120349.0,65421.0,28200.0,50000.0,0,0
46195,5400.0,0.2565,216.57,2,85000.0,0,0,n,32.88,0.0,1.0,35.0,0.0,74709.0,55.0,0,0.0,0.0,417.75,417.75,204.77,212.98,0.0,0.0,0.0,0.0,0.0,1.0,1,0.0,0.0,303779.0,2.0,1.0,0.0,0.0,28.0,13139.0,65.0,4.0,15.0,12735.0,57.0,133400.0,0.0,7.0,2.0,17.0,8935.0,27148.0,65.9,0.0,0.0,110.0,108.0,0.0,0.0,3.0,5.0,0.0,0.0,10.0,20.0,16.0,21.0,6.0,32.0,46.0,20.0,35.0,0.0,0.0,0.0,4.0,100.0,37.5,0.0,0.0,377111.0,87848.0,79500.0,20211.0,0,0
46209,14500.0,0.0819,455.65,1,70000.0,0,0,n,14.23,0.0,0.0,6.0,0.0,8090.0,16.0,0,0.0,0.0,2271.65,2271.65,1718.82,552.83,0.0,0.0,0.0,455.65,0.0,1.0,1,0.0,0.0,19545.0,0.0,2.0,0.0,0.0,27.0,11455.0,47.0,0.0,0.0,6098.0,57.0,10000.0,0.0,2.0,0.0,0.0,3258.0,1410.0,85.2,0.0,0.0,71.0,68.0,35.0,27.0,0.0,35.0,22.0,0.0,3.0,3.0,3.0,4.0,4.0,4.0,12.0,3.0,6.0,0.0,0.0,0.0,0.0,93.8,66.7,0.0,0.0,34289.0,19545.0,9500.0,24289.0,0,0
46224,15300.0,0.2305,431.76,1,52000.0,0,0,n,26.61,0.0,0.0,6.0,0.0,32527.0,16.0,0,0.0,0.0,2119.62,2119.62,663.5,1456.12,0.0,0.0,0.0,0.0,0.0,1.0,1,0.0,0.0,40314.0,2.0,1.0,0.0,0.0,28.0,7787.0,60.0,2.0,3.0,13895.0,78.0,38500.0,0.0,0.0,0.0,3.0,6719.0,2430.0,91.3,0.0,0.0,112.0,150.0,1.0,1.0,0.0,4.0,22.0,0.0,3.0,5.0,3.0,7.0,4.0,5.0,12.0,5.0,6.0,0.0,0.0,0.0,2.0,100.0,100.0,0.0,0.0,51500.0,40314.0,28000.0,13000.0,0,0
46277,30000.0,0.2305,1162.08,2,73000.0,0,0,n,11.11,0.0,3.0,16.0,0.0,11749.0,23.0,0,0.0,0.0,6285.74,6285.74,5530.05,755.69,0.0,0.0,0.0,0.0,0.0,1.0,0,0.0,0.0,410848.0,7.0,3.0,3.0,3.0,4.0,28342.0,95.0,3.0,6.0,2846.0,54.0,43800.0,3.0,0.0,11.0,10.0,25678.0,18841.0,13.2,0.0,0.0,42.0,68.0,3.0,3.0,1.0,3.0,5.0,0.0,2.0,3.0,5.0,8.0,4.0,12.0,18.0,3.0,16.0,0.0,0.0,0.0,7.0,100.0,20.0,0.0,0.0,446821.0,40091.0,21700.0,29904.0,0,0
46284,15000.0,0.1171,496.14,1,70000.0,1,0,n,13.63,0.0,0.0,6.0,0.0,15901.0,11.0,0,13224.33,13224.33,3288.74,3288.74,1775.67,1513.07,0.0,0.0,0.0,496.14,0.0,1.0,1,0.0,0.0,97509.0,0.0,1.0,1.0,1.0,11.0,5628.0,56.0,0.0,1.0,8967.0,80.0,16900.0,0.0,0.0,0.0,2.0,16252.0,999.0,94.1,0.0,0.0,141.0,139.0,21.0,11.0,2.0,21.0,22.0,1.0,3.0,3.0,4.0,6.0,3.0,4.0,6.0,3.0,6.0,0.0,0.0,0.0,1.0,90.9,75.0,0.0,0.0,127107.0,21529.0,16900.0,10000.0,0,0
46295,16000.0,0.124,534.5,2,70000.0,0,0,n,16.34,0.0,2.0,10.0,0.0,18715.0,15.0,0,0.0,0.0,3184.96,3184.96,2277.27,907.69,0.0,0.0,0.0,534.5,0.0,1.0,1,0.0,0.0,31545.0,1.0,1.0,0.0,0.0,35.0,12830.0,39.0,1.0,2.0,4875.0,45.0,37000.0,0.0,1.0,2.0,2.0,3155.0,12037.0,50.5,0.0,0.0,51.0,158.0,1.0,1.0,0.0,30.0,1.0,0.0,3.0,5.0,5.0,7.0,2.0,9.0,13.0,5.0,10.0,0.0,0.0,0.0,1.0,100.0,40.0,0.0,0.0,69680.0,31545.0,24300.0,32680.0,0,0
46358,21275.0,0.14300000000000002,498.35,2,95000.0,0,0,n,21.4,0.0,0.0,14.0,0.0,1810.0,21.0,0,21013.27,21013.27,1713.73,1713.73,261.73,1452.0,0.0,0.0,0.0,250.0,0.0,1.0,1,0.0,0.0,372554.0,1.0,8.0,2.0,7.0,5.0,137690.0,94.0,0.0,1.0,1810.0,91.0,12800.0,2.0,1.0,1.0,8.0,26611.0,2190.0,45.3,0.0,0.0,175.0,49.0,16.0,5.0,2.0,16.0,11.0,1.0,1.0,1.0,2.0,2.0,12.0,5.0,7.0,1.0,14.0,0.0,0.0,0.0,2.0,94.4,0.0,0.0,0.0,430401.0,139500.0,4000.0,146183.0,0,0
46429,10000.0,0.17739999999999995,360.23,1,44000.0,1,0,n,18.28,2.0,1.0,6.0,0.0,4969.0,7.0,0,0.0,0.0,340.52,340.52,222.25,118.27,0.0,0.0,0.0,0.0,0.0,1.0,1,0.0,0.0,16123.0,0.0,1.0,1.0,1.0,9.0,11154.0,78.0,0.0,1.0,2520.0,58.0,13700.0,0.0,0.0,1.0,2.0,2687.0,480.0,84.0,0.0,0.0,9.0,46.0,16.0,9.0,0.0,42.0,0.0,0.0,1.0,3.0,1.0,2.0,1.0,5.0,6.0,3.0,6.0,0.0,0.0,0.0,1.0,71.4,100.0,0.0,0.0,28003.0,16123.0,3000.0,14303.0,0,0
46461,17500.0,0.1102,573.1,1,65000.0,0,0,n,11.5,0.0,1.0,10.0,1.0,15827.0,16.0,0,13399.04,13399.04,5709.57,5709.57,4100.96,1608.61,0.0,0.0,0.0,573.1,0.0,1.0,1,0.0,0.0,17336.0,1.0,1.0,0.0,0.0,29.0,1509.0,15.0,1.0,1.0,5877.0,49.0,25000.0,2.0,1.0,6.0,1.0,1734.0,7899.0,66.1,0.0,0.0,142.0,112.0,5.0,5.0,2.0,5.0,0.0,0.0,4.0,5.0,7.0,7.0,3.0,9.0,11.0,6.0,10.0,0.0,0.0,0.0,1.0,100.0,57.1,1.0,0.0,35353.0,17336.0,23300.0,10353.0,0,0
46532,34025.0,0.2055,911.9,1,96000.0,1,0,n,11.53,0.0,2.0,14.0,0.0,3140.0,20.0,0,0.0,0.0,3569.91,3569.91,1024.82,2545.09,0.0,0.0,0.0,0.0,1.0,1.0,1,0.0,0.0,30301.0,1.0,4.0,2.0,5.0,7.0,25838.0,92.0,3.0,10.0,2893.0,73.0,11600.0,1.0,0.0,3.0,16.0,2164.0,7960.0,28.3,0.0,0.0,184.0,27.0,3.0,3.0,0.0,9.0,3.0,1.0,4.0,4.0,8.0,10.0,7.0,9.0,11.0,4.0,14.0,0.0,0.0,0.0,5.0,95.0,0.0,0.0,0.0,41525.0,30301.0,11100.0,28233.0,0,0
46542,24675.0,0.2055,661.32,3,136000.0,1,0,n,11.05,0.0,1.0,8.0,0.0,5916.0,14.0,0,0.0,0.0,1927.62,1927.62,482.4,1445.22,0.0,0.0,0.0,0.0,0.0,1.0,1,0.0,0.0,42771.0,1.0,2.0,0.0,2.0,13.0,36855.0,92.0,1.0,2.0,3471.0,81.0,9600.0,2.0,0.0,8.0,5.0,5346.0,3684.0,61.6,0.0,0.0,168.0,51.0,2.0,2.0,0.0,2.0,1.0,0.0,4.0,4.0,5.0,5.0,8.0,5.0,5.0,4.0,8.0,0.0,0.0,0.0,1.0,100.0,20.0,0.0,0.0,65057.0,42771.0,9600.0,55457.0,0,0
46555,10000.0,0.1612,352.17,1,85000.0,1,0,n,12.04,3.0,2.0,23.0,0.0,6431.0,55.0,0,0.0,0.0,3327.79,3327.79,1352.37,742.74,0.0,1232.68,221.8824,0.0,0.0,1.0,1,0.0,0.0,15541.0,8.0,1.0,1.0,1.0,5.0,9110.0,91.0,12.0,12.0,1426.0,25.0,52900.0,1.0,0.0,3.0,13.0,676.0,18556.0,11.6,0.0,0.0,108.0,198.0,0.0,0.0,0.0,0.0,1.0,0.0,3.0,16.0,6.0,17.0,2.0,22.0,53.0,16.0,23.0,0.0,0.0,1.0,13.0,85.5,0.0,0.0,0.0,62900.0,15541.0,21000.0,10000.0,0,0
46563,9275.0,0.1033,300.72,1,210000.0,1,0,n,20.65,0.0,0.0,13.0,0.0,11333.0,24.0,0,7918.24,7918.24,1930.05,1930.05,1356.76,573.29,0.0,0.0,0.0,68.19,0.0,1.0,1,0.0,0.0,137939.0,0.0,8.0,1.0,2.0,8.0,126606.0,59.0,0.0,0.0,7041.0,54.0,31600.0,1.0,2.0,1.0,2.0,10611.0,20267.0,35.9,0.0,0.0,201.0,123.0,36.0,8.0,0.0,36.0,8.0,0.0,4.0,4.0,5.0,7.0,17.0,5.0,7.0,4.0,13.0,0.0,0.0,0.0,1.0,100.0,20.0,0.0,0.0,238844.0,137939.0,31600.0,207244.0,0,0
46607,8000.0,0.16949999999999998,285.03,2,63896.0,1,0,n,11.42,0.0,0.0,12.0,0.0,9795.0,29.0,0,6759.63,6759.63,2265.17,2265.17,1240.37,1024.8,0.0,0.0,0.0,285.03,0.0,1.0,1,0.0,0.0,267016.0,3.0,1.0,2.0,2.0,5.0,9700.0,92.0,3.0,7.0,4859.0,59.0,18400.0,1.0,0.0,5.0,10.0,22251.0,1505.0,86.7,0.0,0.0,122.0,186.0,6.0,3.0,1.0,6.0,6.0,0.0,5.0,5.0,5.0,5.0,15.0,9.0,12.0,5.0,12.0,0.0,0.0,0.0,6.0,96.6,80.0,0.0,0.0,280719.0,19495.0,11300.0,10500.0,0,0
46689,10000.0,0.08810000000000001,317.12,2,79000.0,0,0,n,36.85,1.0,0.0,19.0,1.0,12293.0,41.0,0,0.0,0.0,1258.69,1258.69,985.84,272.85,0.0,0.0,0.0,317.12,0.0,1.0,1,0.0,0.0,136438.0,1.0,6.0,0.0,2.0,17.0,88339.0,68.0,1.0,1.0,2814.0,59.0,34200.0,4.0,8.0,3.0,3.0,7181.0,2072.0,61.6,0.0,0.0,109.0,291.0,6.0,6.0,1.0,67.0,2.0,0.0,2.0,6.0,2.0,8.0,20.0,12.0,20.0,6.0,19.0,0.0,0.0,0.0,1.0,97.6,0.0,1.0,0.0,215702.0,100632.0,5400.0,121426.0,0,0
46760,24000.0,0.16949999999999998,595.82,1,50000.0,1,0,n,13.47,0.0,1.0,11.0,0.0,8913.0,19.0,0,22817.16,22817.16,4125.54,4125.54,1182.84,2942.7,0.0,0.0,0.0,595.82,0.0,1.0,0,0.0,0.0,25182.0,0.0,1.0,0.0,0.0,29.0,16269.0,66.0,0.0,1.0,6713.0,28.0,66700.0,2.0,1.0,2.0,1.0,2289.0,50987.0,14.9,0.0,0.0,55.0,246.0,19.0,19.0,0.0,19.0,0.0,0.0,5.0,5.0,9.0,13.0,2.0,10.0,17.0,5.0,11.0,0.0,0.0,0.0,0.0,100.0,11.1,0.0,0.0,91496.0,25182.0,59900.0,24796.0,0,0
46770,27000.0,0.2565,802.81,1,57000.0,0,0,n,10.25,0.0,2.0,12.0,0.0,1988.0,19.0,0,0.0,0.0,2331.48,2331.48,457.4,1874.08,0.0,0.0,0.0,0.0,0.0,1.0,1,0.0,10982.0,11296.0,1.0,1.0,1.0,2.0,4.0,9308.0,93.0,1.0,4.0,336.0,39.0,19000.0,2.0,0.0,3.0,6.0,941.0,13957.0,5.1,0.0,0.0,84.0,78.0,8.0,4.0,0.0,8.0,1.0,2.0,3.0,5.0,7.0,7.0,4.0,11.0,15.0,5.0,12.0,0.0,0.0,0.0,2.0,89.5,0.0,0.0,0.0,29000.0,11296.0,14700.0,10000.0,0,0
46780,27000.0,0.2305,1045.87,1,184000.0,0,0,n,11.49,0.0,1.0,13.0,0.0,27555.0,19.0,0,0.0,0.0,3068.46,3068.46,1066.0,2002.46,0.0,0.0,0.0,0.0,0.0,1.0,1,0.0,0.0,62981.0,6.0,2.0,1.0,2.0,3.0,35426.0,85.0,7.0,12.0,13671.0,32.0,152900.0,1.0,0.0,4.0,14.0,4845.0,125345.0,18.0,0.0,0.0,35.0,63.0,3.0,3.0,0.0,3.0,3.0,0.0,6.0,6.0,11.0,16.0,3.0,11.0,16.0,6.0,13.0,0.0,0.0,0.0,8.0,100.0,18.2,0.0,0.0,194783.0,62981.0,152900.0,41883.0,0,0
46809,12000.0,0.1102,392.98,1,31000.0,1,0,n,22.96,0.0,0.0,8.0,0.0,11793.0,10.0,0,9977.69,9977.69,2930.07,2930.07,2022.31,907.76,0.0,0.0,0.0,0.0,0.0,1.0,1,0.0,0.0,16505.0,0.0,1.0,0.0,1.0,19.0,4712.0,44.0,0.0,2.0,5494.0,42.0,28900.0,0.0,0.0,1.0,3.0,2063.0,13907.0,45.9,0.0,0.0,54.0,54.0,18.0,18.0,0.0,18.0,11.0,0.0,3.0,3.0,5.0,5.0,3.0,7.0,7.0,3.0,8.0,0.0,0.0,0.0,0.0,100.0,20.0,0.0,0.0,39503.0,16505.0,25700.0,10603.0,0,0
46810,32000.0,0.124,1068.99,2,102036.0,1,0,n,18.16,0.0,0.0,13.0,0.0,32895.0,20.0,0,0.0,0.0,5300.86,5300.86,3148.65,2152.21,0.0,0.0,0.0,0.0,0.0,1.0,1,0.0,0.0,312156.0,1.0,1.0,1.0,1.0,3.0,33273.0,98.0,2.0,4.0,9956.0,54.0,88100.0,3.0,1.0,2.0,6.0,24012.0,40817.0,42.6,0.0,0.0,74.0,77.0,8.0,3.0,1.0,8.0,3.0,0.0,9.0,11.0,9.0,11.0,5.0,11.0,14.0,11.0,13.0,0.0,0.0,0.0,3.0,100.0,11.1,0.0,0.0,371999.0,66168.0,71100.0,34049.0,0,0
46855,21600.0,0.16949999999999998,536.24,1,55000.0,0,0,n,24.98,0.0,1.0,8.0,0.0,8499.0,14.0,0,19396.87,19396.87,4785.48,4785.48,2203.13,2582.35,0.0,0.0,0.0,0.0,0.0,1.0,1,0.0,0.0,49198.0,4.0,2.0,1.0,3.0,1.0,40699.0,100.0,3.0,4.0,2289.0,41.0,32000.0,2.0,1.0,4.0,7.0,6150.0,14211.0,13.9,0.0,0.0,59.0,70.0,2.0,1.0,0.0,3.0,1.0,0.0,1.0,2.0,2.0,2.0,7.0,6.0,7.0,2.0,8.0,0.0,0.0,0.0,4.0,100.0,0.0,0.0,0.0,83307.0,49198.0,16500.0,51307.0,0,0
46905,20000.0,0.14300000000000002,468.49,2,90000.0,0,0,n,23.61,0.0,0.0,14.0,1.0,13315.0,24.0,0,17827.06,17827.06,4184.63,4184.63,2172.94,2011.69,0.0,0.0,0.0,0.0,0.0,1.0,1,0.0,0.0,134495.0,0.0,3.0,0.0,3.0,13.0,29605.0,60.0,1.0,1.0,3911.0,60.0,22600.0,0.0,0.0,1.0,5.0,9607.0,7522.0,59.6,0.0,0.0,134.0,104.0,8.0,8.0,2.0,8.0,8.0,0.0,6.0,8.0,7.0,11.0,7.0,9.0,14.0,8.0,14.0,0.0,0.0,0.0,1.0,100.0,42.9,1.0,0.0,165572.0,42920.0,18600.0,49566.0,0,0
46906,25000.0,0.2565,1002.62,1,55000.0,0,0,n,32.16,0.0,1.0,17.0,0.0,33393.0,26.0,0,24496.13,24496.13,3983.83,3983.83,503.87,3479.96,0.0,0.0,0.0,501.31,0.0,1.0,1,0.0,0.0,48896.0,2.0,1.0,0.0,0.0,34.0,15503.0,58.0,2.0,3.0,8938.0,71.0,42600.0,0.0,0.0,1.0,3.0,2876.0,7565.0,81.3,0.0,0.0,56.0,148.0,4.0,4.0,0.0,4.0,4.0,0.0,14.0,16.0,14.0,20.0,2.0,16.0,24.0,16.0,17.0,0.0,0.0,0.0,2.0,100.0,64.3,0.0,0.0,69209.0,48896.0,40400.0,26609.0,0,0
46915,35000.0,0.1524,837.07,1,180000.0,0,0,n,9.72,2.0,1.0,12.0,0.0,21455.0,21.0,0,0.0,0.0,3289.01,3289.01,979.99,2309.02,0.0,0.0,0.0,837.07,2.0,1.0,1,0.0,0.0,70457.0,0.0,4.0,0.0,1.0,19.0,49002.0,94.0,1.0,2.0,3226.0,34.0,83800.0,1.0,3.0,1.0,5.0,5871.0,36314.0,17.1,2.0,0.0,137.0,99.0,7.0,7.0,0.0,7.0,6.0,2.0,5.0,7.0,6.0,6.0,10.0,8.0,9.0,7.0,12.0,0.0,0.0,2.0,1.0,88.9,0.0,0.0,0.0,144081.0,70457.0,43800.0,60281.0,0,0
46946,7200.0,0.1171,238.15,1,25000.0,0,0,n,33.85,0.0,1.0,17.0,0.0,5850.0,24.0,0,0.0,0.0,353.78,353.78,137.44,91.34,0.0,125.0,22.5,238.15,0.0,1.0,1,0.0,0.0,38024.0,4.0,5.0,1.0,3.0,6.0,32174.0,84.0,3.0,4.0,1694.0,44.0,47600.0,2.0,2.0,1.0,7.0,2377.0,22253.0,17.3,0.0,0.0,162.0,171.0,3.0,3.0,0.0,3.0,6.0,0.0,5.0,7.0,7.0,7.0,8.0,12.0,16.0,7.0,17.0,0.0,0.0,0.0,4.0,95.8,0.0,0.0,0.0,86043.0,38024.0,26900.0,38443.0,0,0
46970,2500.0,0.1862,91.17,1,38000.0,0,0,n,32.91,1.0,0.0,11.0,1.0,6601.0,26.0,0,0.0,0.0,268.34,268.34,160.92,107.42,0.0,0.0,0.0,0.0,0.0,1.0,1,0.0,0.0,13107.0,1.0,2.0,0.0,1.0,19.0,6506.0,32.0,1.0,4.0,3781.0,35.0,16800.0,0.0,0.0,0.0,5.0,1311.0,3012.0,62.4,0.0,0.0,99.0,98.0,3.0,3.0,0.0,21.0,19.0,0.0,2.0,6.0,2.0,6.0,7.0,9.0,19.0,6.0,11.0,0.0,0.0,0.0,1.0,92.3,0.0,1.0,0.0,37088.0,13107.0,8000.0,20288.0,0,0
47027,36000.0,0.28800000000000003,1138.33,2,38000.0,1,0,n,44.16,0.0,3.0,8.0,0.0,9967.0,33.0,0,0.0,0.0,1173.13,1173.13,0.0,1023.13,0.0,150.0,27.0,0.0,0.0,1.0,0,0.0,0.0,183444.0,4.0,3.0,2.0,5.0,1.0,39565.0,88.0,1.0,1.0,7421.0,69.0,26400.0,3.0,2.0,5.0,7.0,22931.0,10951.0,41.8,0.0,0.0,139.0,223.0,2.0,1.0,5.0,50.0,1.0,5.0,2.0,3.0,2.0,4.0,18.0,4.0,10.0,3.0,8.0,0.0,0.0,0.0,4.0,81.8,0.0,0.0,0.0,205709.0,49532.0,18800.0,44974.0,0,0
47041,34000.0,0.16949999999999998,844.08,2,65831.0,1,0,n,34.07,0.0,2.0,20.0,1.0,14175.0,39.0,0,0.0,0.0,4325.77,4325.77,1123.48,3202.29,0.0,0.0,0.0,464.39,0.0,1.0,0,0.0,0.0,350958.0,4.0,4.0,1.0,2.0,2.0,73897.0,68.0,3.0,4.0,7273.0,51.0,40600.0,11.0,0.0,4.0,8.0,17548.0,11497.0,51.9,0.0,0.0,182.0,91.0,3.0,2.0,2.0,10.0,2.0,0.0,6.0,9.0,7.0,9.0,17.0,15.0,20.0,9.0,20.0,0.0,0.0,0.0,5.0,89.7,0.0,1.0,0.0,390675.0,88072.0,23900.0,86069.0,0,0
47042,7425.0,0.1102,243.16,2,45000.0,1,0,n,20.37,0.0,1.0,9.0,1.0,4804.0,34.0,0,0.0,0.0,1377.5,1377.5,893.38,313.33,0.0,170.79,30.7422,0.0,0.0,1.0,1,0.0,422.0,206925.0,2.0,2.0,2.0,3.0,10.0,16037.0,82.0,1.0,4.0,1668.0,71.0,10000.0,3.0,5.0,9.0,9.0,22992.0,2907.0,55.3,0.0,0.0,119.0,131.0,4.0,4.0,5.0,4.0,4.0,0.0,4.0,5.0,4.0,11.0,7.0,6.0,22.0,5.0,9.0,0.0,0.0,0.0,4.0,96.3,25.0,1.0,0.0,217010.0,20841.0,6500.0,19536.0,0,0
47045,14875.0,0.1308,501.78,1,48000.0,1,0,n,12.18,0.0,3.0,12.0,0.0,2770.0,23.0,0,0.0,0.0,480.16,480.16,263.98,216.18,0.0,0.0,0.0,0.0,0.0,1.0,1,0.0,4995.0,13156.0,4.0,1.0,2.0,2.0,2.0,10386.0,98.0,3.0,10.0,1696.0,36.0,26400.0,3.0,0.0,4.0,12.0,1096.0,21372.0,11.0,0.0,0.0,112.0,134.0,1.0,1.0,0.0,1.0,2.0,1.0,3.0,4.0,9.0,14.0,5.0,11.0,18.0,5.0,12.0,0.0,0.0,0.0,5.0,95.5,0.0,0.0,0.0,37025.0,13156.0,24000.0,10625.0,0,0
47067,6375.0,0.1308,215.05,3,28000.0,0,0,n,24.82,1.0,0.0,9.0,0.0,6814.0,31.0,0,0.0,0.0,205.79,205.79,150.2,55.59,0.0,0.0,0.0,-215.05,0.0,1.0,1,0.0,0.0,13511.0,2.0,1.0,0.0,1.0,13.0,6697.0,71.0,2.0,4.0,1391.0,40.0,24600.0,2.0,0.0,0.0,5.0,1501.0,14793.0,25.7,0.0,0.0,76.0,154.0,4.0,4.0,0.0,5.0,13.0,2.0,5.0,7.0,6.0,16.0,8.0,8.0,23.0,7.0,9.0,0.0,0.0,1.0,2.0,93.5,0.0,0.0,0.0,34100.0,13511.0,19900.0,9500.0,0,0
47125,5000.0,0.08810000000000001,158.56,1,75000.0,0,0,n,24.83,0.0,1.0,11.0,0.0,7972.0,21.0,0,4517.58,4517.58,710.69,710.69,482.42,213.27,15.0,0.0,0.0,33.17,0.0,1.0,1,0.0,0.0,71068.0,2.0,2.0,0.0,2.0,13.0,63096.0,77.0,3.0,4.0,882.0,55.0,22500.0,2.0,1.0,2.0,6.0,6461.0,6275.0,16.3,0.0,0.0,147.0,151.0,5.0,5.0,2.0,7.0,4.0,5.0,2.0,8.0,2.0,5.0,4.0,9.0,15.0,8.0,11.0,0.0,0.0,0.0,3.0,76.2,0.0,0.0,0.0,99843.0,71068.0,7500.0,77343.0,0,0
47133,15000.0,0.17739999999999995,540.34,1,50000.0,1,0,n,20.4,0.0,1.0,7.0,1.0,10372.0,10.0,0,0.0,0.0,510.77,510.77,222.49,288.28,0.0,0.0,0.0,0.0,0.0,1.0,1,0.0,286.0,25449.0,0.0,2.0,1.0,2.0,9.0,15077.0,59.0,0.0,0.0,5315.0,55.0,20800.0,1.0,0.0,2.0,2.0,3636.0,2595.0,79.2,0.0,0.0,68.0,71.0,33.0,9.0,0.0,33.0,1.0,0.0,3.0,4.0,3.0,3.0,4.0,5.0,6.0,4.0,7.0,0.0,0.0,0.0,1.0,100.0,66.7,1.0,0.0,46267.0,25449.0,12500.0,25467.0,0,0
47144,7200.0,0.2305,278.9,1,64624.0,1,0,n,32.4,0.0,2.0,10.0,1.0,5958.0,62.0,0,7114.72,7114.72,533.8,533.8,85.28,448.52,0.0,0.0,0.0,136.67,0.0,1.0,1,0.0,0.0,318677.0,5.0,8.0,7.0,12.0,1.0,312719.0,88.0,2.0,3.0,5813.0,84.0,9000.0,5.0,1.0,2.0,15.0,31868.0,2687.0,68.4,0.0,0.0,171.0,94.0,5.0,1.0,1.0,94.0,0.0,0.0,1.0,2.0,1.0,2.0,54.0,2.0,7.0,2.0,10.0,0.0,0.0,0.0,9.0,100.0,0.0,1.0,0.0,255961.0,318677.0,8500.0,246961.0,0,0
47195,7975.0,0.1524,277.4,1,40000.0,0,0,n,26.25,0.0,0.0,8.0,0.0,14491.0,10.0,1,7668.39,7668.39,1013.48,1013.48,306.61,706.87,0.0,0.0,0.0,0.0,0.0,1.0,1,0.0,0.0,29284.0,0.0,1.0,1.0,1.0,11.0,14793.0,74.0,2.0,2.0,9885.0,41.0,51300.0,1.0,1.0,2.0,3.0,3661.0,30261.0,32.0,0.0,0.0,63.0,66.0,8.0,8.0,0.0,10.0,10.0,0.0,4.0,5.0,4.0,4.0,2.0,7.0,8.0,5.0,8.0,0.0,0.0,0.0,3.0,100.0,25.0,0.0,0.0,71300.0,29284.0,44500.0,20000.0,0,0
47254,17000.0,0.124,381.61,2,72000.0,1,0,n,16.87,0.0,1.0,9.0,0.0,14174.0,12.0,0,0.0,0.0,1503.02,1503.02,484.52,1018.5,0.0,0.0,0.0,381.61,0.0,1.0,1,0.0,0.0,144432.0,0.0,4.0,2.0,4.0,7.0,37807.0,83.0,0.0,1.0,9993.0,70.0,28900.0,1.0,3.0,2.0,6.0,16048.0,6707.0,59.8,0.0,0.0,34.0,63.0,15.0,7.0,1.0,15.0,6.0,0.0,1.0,2.0,2.0,3.0,5.0,4.0,6.0,2.0,9.0,0.0,0.0,0.0,2.0,100.0,50.0,0.0,0.0,169193.0,51981.0,16700.0,45388.0,0,0
47258,21275.0,0.1862,775.78,1,65000.0,0,0,n,9.99,0.0,2.0,4.0,0.0,4614.0,9.0,1,19381.22,19381.22,5408.45,5408.45,1893.78,3514.67,0.0,0.0,0.0,775.78,0.0,1.0,0,0.0,0.0,24520.0,0.0,1.0,0.0,2.0,19.0,19906.0,76.0,0.0,1.0,4238.0,77.0,5300.0,0.0,2.0,2.0,3.0,8173.0,686.0,87.1,0.0,0.0,23.0,34.0,13.0,13.0,0.0,13.0,1.0,0.0,2.0,2.0,2.0,4.0,2.0,2.0,4.0,2.0,4.0,0.0,0.0,0.0,0.0,100.0,50.0,0.0,0.0,31681.0,24520.0,5300.0,26381.0,0,0
47418,6375.0,0.2055,238.71,1,27500.0,0,0,n,31.08,0.0,0.0,6.0,0.0,8495.0,7.0,0,0.0,0.0,1656.41,1656.41,954.85,701.56,0.0,0.0,0.0,0.0,0.0,1.0,1,0.0,0.0,16060.0,0.0,1.0,1.0,1.0,11.0,7565.0,76.0,0.0,0.0,5321.0,66.0,14300.0,1.0,0.0,1.0,1.0,2677.0,2305.0,78.7,0.0,0.0,11.0,246.0,43.0,11.0,0.0,200.0,11.0,0.0,4.0,4.0,4.0,5.0,1.0,5.0,6.0,4.0,6.0,0.0,0.0,0.0,1.0,100.0,50.0,0.0,0.0,24300.0,16060.0,10800.0,10000.0,0,0
47466,25000.0,0.08810000000000001,792.79,1,120000.0,0,0,n,28.18,0.0,0.0,15.0,1.0,16423.0,36.0,0,24384.63,24384.63,1919.17,1919.17,615.37,1303.8,0.0,0.0,0.0,792.79,0.0,1.0,1,0.0,0.0,99883.0,2.0,9.0,2.0,4.0,5.0,83460.0,51.0,0.0,2.0,11381.0,54.0,22600.0,0.0,13.0,1.0,6.0,6659.0,1966.0,87.6,0.0,0.0,141.0,92.0,18.0,5.0,0.0,25.0,1.0,0.0,3.0,5.0,3.0,7.0,25.0,6.0,11.0,5.0,15.0,0.0,0.0,0.0,2.0,94.4,66.7,1.0,0.0,185560.0,99883.0,15900.0,162960.0,0,0
47500,19600.0,0.17739999999999995,706.04,1,60000.0,0,0,n,24.14,1.0,0.0,16.0,0.0,14622.0,35.0,0,17031.35,17031.35,5256.67,5256.67,2568.65,2688.02,0.0,0.0,0.0,353.02,0.0,1.0,1,0.0,0.0,47908.0,0.0,7.0,0.0,0.0,27.0,33286.0,81.0,0.0,4.0,4776.0,53.0,49400.0,0.0,0.0,1.0,4.0,2994.0,13892.0,49.3,0.0,0.0,155.0,148.0,13.0,13.0,0.0,13.0,8.0,0.0,5.0,7.0,6.0,14.0,11.0,9.0,24.0,7.0,16.0,0.0,0.0,0.0,0.0,94.3,66.7,0.0,0.0,90513.0,47908.0,27400.0,41113.0,1,0
47536,10000.0,0.08810000000000001,317.12,1,125000.0,0,0,n,17.52,0.0,0.0,10.0,0.0,31631.0,14.0,0,8531.58,8531.58,2210.05,2210.05,1468.42,741.63,0.0,0.0,0.0,158.56,0.0,1.0,1,0.0,0.0,54596.0,0.0,2.0,0.0,1.0,13.0,22965.0,52.0,1.0,3.0,15815.0,58.0,49300.0,1.0,0.0,0.0,4.0,5460.0,14569.0,68.5,0.0,0.0,183.0,152.0,7.0,7.0,0.0,7.0,13.0,0.0,4.0,4.0,6.0,7.0,4.0,8.0,10.0,4.0,10.0,0.0,0.0,0.0,1.0,100.0,50.0,0.0,0.0,93840.0,54596.0,46200.0,44540.0,0,0
47557,14400.0,0.1102,313.24,2,139000.0,1,0,n,15.68,0.0,1.0,9.0,0.0,8250.0,14.0,0,12381.32,12381.32,3443.67,3443.67,2018.68,1409.33,15.66,0.0,0.0,313.24,0.0,1.0,1,0.0,105.0,529764.0,2.0,4.0,4.0,7.0,3.0,32224.0,72.0,2.0,2.0,7845.0,47.0,42500.0,1.0,0.0,2.0,9.0,58863.0,34255.0,18.6,0.0,0.0,26.0,335.0,3.0,3.0,2.0,8.0,3.0,0.0,1.0,2.0,2.0,2.0,9.0,3.0,3.0,2.0,9.0,0.0,0.0,0.0,6.0,100.0,50.0,0.0,0.0,777699.0,40474.0,42100.0,44499.0,0,0
47561,10400.0,0.28800000000000003,328.86,1,65000.0,0,0,n,2.75,0.0,0.0,4.0,0.0,3167.0,16.0,0,9625.83,9625.83,3090.89,3090.89,774.17,2316.72,0.0,0.0,0.0,164.43,0.0,1.0,1,0.0,0.0,28188.0,0.0,2.0,1.0,3.0,10.0,25021.0,91.0,0.0,2.0,989.0,90.0,3800.0,0.0,0.0,1.0,5.0,7047.0,11.0,98.9,0.0,0.0,153.0,17.0,13.0,10.0,0.0,17.0,10.0,0.0,1.0,2.0,1.0,1.0,14.0,2.0,2.0,2.0,4.0,0.0,0.0,0.0,1.0,100.0,100.0,0.0,0.0,31397.0,28188.0,1000.0,27597.0,0,0
47589,2800.0,0.16949999999999998,99.76,1,35000.0,1,0,n,9.95,0.0,1.0,3.0,0.0,7281.0,3.0,0,0.0,0.0,294.01,294.01,183.25,110.76,0.0,0.0,0.0,0.0,0.0,1.0,1,0.0,0.0,8820.0,1.0,1.0,0.0,0.0,54.0,1539.0,15.0,1.0,1.0,6053.0,28.0,21500.0,0.0,0.0,1.0,1.0,2940.0,14219.0,33.9,0.0,0.0,54.0,52.0,2.0,2.0,0.0,2.0,2.0,0.0,2.0,2.0,2.0,2.0,1.0,2.0,2.0,2.0,3.0,0.0,0.0,0.0,1.0,100.0,50.0,0.0,0.0,31969.0,8820.0,21500.0,10469.0,0,0
47626,6000.0,0.08810000000000001,190.27,2,65000.0,0,0,n,18.06,0.0,0.0,9.0,0.0,15580.0,17.0,0,0.0,0.0,184.4,184.4,147.69,36.71,0.0,0.0,0.0,190.27,0.0,1.0,1,0.0,0.0,127374.0,0.0,2.0,0.0,2.0,19.0,10012.0,59.0,0.0,1.0,9495.0,65.0,22000.0,2.0,2.0,1.0,3.0,14153.0,3434.0,81.6,0.0,0.0,67.0,375.0,16.0,16.0,2.0,16.0,12.0,0.0,5.0,6.0,5.0,10.0,4.0,6.0,11.0,6.0,9.0,0.0,0.0,0.0,0.0,88.2,80.0,0.0,0.0,151114.0,25592.0,18700.0,17114.0,0,0
47636,20000.0,0.2565,594.68,1,68000.0,1,0,n,35.77,0.0,1.0,14.0,0.0,14826.0,23.0,0,18557.62,18557.62,4700.44,4700.44,1442.38,3258.06,0.0,0.0,0.0,594.68,0.0,1.0,1,0.0,0.0,93432.0,5.0,3.0,2.0,2.0,6.0,78606.0,68.0,3.0,5.0,4119.0,61.0,26900.0,1.0,4.0,4.0,8.0,6674.0,5274.0,73.8,0.0,0.0,143.0,248.0,1.0,1.0,0.0,5.0,5.0,1.0,5.0,5.0,7.0,10.0,6.0,10.0,15.0,5.0,14.0,0.0,0.0,0.0,6.0,95.7,57.1,0.0,0.0,115047.0,93432.0,20100.0,87897.0,0,0
47670,10000.0,0.2305,387.36,3,27000.0,0,0,n,21.38,0.0,0.0,4.0,0.0,5722.0,7.0,0,0.0,0.0,2685.91,2685.91,1448.56,1237.35,0.0,0.0,0.0,387.36,0.0,1.0,1,0.0,0.0,11034.0,1.0,2.0,1.0,2.0,6.0,5312.0,75.0,0.0,0.0,3499.0,85.0,5800.0,1.0,1.0,0.0,2.0,2759.0,78.0,98.7,0.0,0.0,188.0,170.0,67.0,6.0,0.0,68.0,15.0,0.0,2.0,2.0,2.0,4.0,3.0,2.0,4.0,2.0,4.0,0.0,0.0,0.0,1.0,85.7,100.0,0.0,0.0,12928.0,11034.0,5800.0,7128.0,0,0
47691,5300.0,0.14300000000000002,124.15,2,75000.0,1,0,n,16.69,0.0,1.0,21.0,0.0,4487.0,42.0,1,4595.18,4595.18,1357.23,1357.23,704.82,652.41,0.0,0.0,0.0,124.15,0.0,1.0,1,0.0,218.0,111353.0,2.0,5.0,2.0,4.0,2.0,78092.0,104.0,0.0,1.0,1865.0,84.0,24900.0,0.0,1.0,1.0,5.0,5303.0,6633.0,37.4,0.0,0.0,129.0,132.0,22.0,2.0,2.0,22.0,1.0,0.0,4.0,6.0,5.0,6.0,17.0,15.0,23.0,6.0,21.0,0.0,0.0,0.0,2.0,95.0,0.0,0.0,0.0,152574.0,82579.0,10600.0,75424.0,0,0
47711,16575.0,0.08810000000000001,525.62,1,50000.0,0,0,n,25.47,0.0,0.0,13.0,0.0,13228.0,15.0,1,15337.1,15337.1,2548.69,2548.69,1237.9,1310.79,0.0,0.0,0.0,262.81,0.0,1.0,1,0.0,0.0,18778.0,1.0,2.0,0.0,1.0,17.0,5550.0,24.0,1.0,2.0,3325.0,42.0,20900.0,1.0,0.0,0.0,3.0,1444.0,4104.0,72.6,0.0,0.0,78.0,72.0,6.0,6.0,0.0,15.0,17.0,0.0,7.0,9.0,7.0,7.0,4.0,11.0,11.0,9.0,13.0,0.0,0.0,0.0,1.0,92.9,42.9,0.0,0.0,44471.0,18778.0,15000.0,23571.0,0,0
47713,12000.0,0.1524,287.0,1,56000.0,0,0,n,14.83,0.0,0.0,8.0,0.0,12770.0,30.0,0,11050.31,11050.31,2562.68,2562.68,949.69,1612.99,0.0,0.0,0.0,574.0,0.0,1.0,1,0.0,0.0,36663.0,0.0,3.0,0.0,1.0,15.0,23893.0,90.0,0.0,1.0,9981.0,74.0,22700.0,0.0,1.0,0.0,2.0,4583.0,7914.0,59.4,0.0,0.0,160.0,180.0,20.0,15.0,2.0,137.0,15.0,0.0,2.0,4.0,2.0,7.0,9.0,5.0,19.0,4.0,8.0,0.0,0.0,0.0,0.0,96.7,50.0,0.0,0.0,49325.0,36663.0,19500.0,26625.0,0,0
47804,1500.0,0.17739999999999995,54.04,3,42360.0,1,0,n,12.46,4.0,1.0,10.0,0.0,1577.0,30.0,0,1239.85,1239.85,429.36,429.36,260.15,169.21,0.0,0.0,0.0,12.12,0.0,1.0,1,0.0,0.0,31793.0,0.0,5.0,0.0,0.0,56.0,30216.0,121.0,0.0,1.0,1014.0,114.0,2800.0,1.0,0.0,1.0,1.0,3974.0,2.0,99.8,1.0,0.0,149.0,357.0,13.0,13.0,0.0,13.0,0.0,8.0,2.0,3.0,4.0,11.0,16.0,5.0,14.0,3.0,10.0,0.0,0.0,3.0,0.0,56.0,100.0,0.0,0.0,27800.0,31793.0,1300.0,25000.0,0,0
47806,35000.0,0.1862,1276.25,0,90000.0,0,0,n,26.71,0.0,0.0,7.0,0.0,64382.0,12.0,0,0.0,0.0,3756.34,3756.34,1478.38,2277.96,0.0,0.0,0.0,0.0,0.0,1.0,1,0.0,0.0,85403.0,0.0,1.0,0.0,1.0,22.0,21021.0,91.0,0.0,0.0,20390.0,94.0,68100.0,0.0,1.0,0.0,1.0,14234.0,2528.0,95.5,0.0,0.0,57.0,167.0,26.0,22.0,3.0,26.0,18.0,0.0,4.0,5.0,5.0,5.0,2.0,6.0,7.0,5.0,7.0,0.0,0.0,0.0,0.0,100.0,100.0,0.0,0.0,91120.0,85403.0,56100.0,23020.0,0,0
47814,20000.0,0.2305,564.39,2,66800.0,0,0,n,34.38,0.0,2.0,20.0,0.0,31702.0,33.0,0,17900.61,17900.61,6157.07,6157.07,2099.39,4057.68,0.0,0.0,0.0,564.39,0.0,1.0,1,0.0,0.0,74502.0,2.0,1.0,0.0,1.0,14.0,11376.0,69.0,3.0,6.0,4693.0,46.0,77900.0,1.0,0.0,3.0,7.0,3725.0,23431.0,41.6,0.0,0.0,50.0,177.0,1.0,1.0,2.0,3.0,2.0,2.0,7.0,11.0,10.0,15.0,2.0,18.0,29.0,11.0,20.0,0.0,0.0,0.0,3.0,93.9,20.0,0.0,0.0,138347.0,43078.0,40100.0,16547.0,0,0
47842,25125.0,0.28800000000000003,794.46,1,40000.0,1,0,n,36.18,0.0,0.0,9.0,1.0,4432.0,16.0,0,23753.85,23753.85,5480.82,5480.82,1371.15,4109.67,0.0,0.0,0.0,0.0,0.0,1.0,1,0.0,0.0,27309.0,0.0,2.0,1.0,2.0,7.0,22877.0,76.0,0.0,2.0,4392.0,45.0,31200.0,2.0,1.0,1.0,4.0,3034.0,24568.0,15.3,0.0,0.0,109.0,138.0,14.0,7.0,0.0,14.0,7.0,0.0,2.0,2.0,6.0,7.0,7.0,7.0,9.0,2.0,9.0,0.0,0.0,0.0,1.0,100.0,16.7,1.0,0.0,61200.0,27309.0,29000.0,30000.0,0,0
47893,12000.0,0.1102,261.03,1,80000.0,1,0,n,35.21,0.0,0.0,14.0,0.0,17705.0,26.0,0,0.0,0.0,1290.46,1290.46,768.22,522.24,0.0,0.0,0.0,261.03,0.0,1.0,1,0.0,0.0,75098.0,0.0,9.0,0.0,3.0,17.0,57393.0,64.0,0.0,0.0,11701.0,68.0,20300.0,1.0,4.0,0.0,3.0,6827.0,1099.0,91.4,0.0,0.0,129.0,220.0,49.0,17.0,4.0,188.0,20.0,0.0,1.0,2.0,1.0,2.0,13.0,5.0,9.0,2.0,14.0,0.0,0.0,0.0,0.0,96.2,100.0,0.0,0.0,109805.0,75098.0,12800.0,89505.0,0,0
47899,4450.0,0.17739999999999995,160.3,1,75000.0,1,0,n,25.04,0.0,1.0,13.0,0.0,18146.0,29.0,1,0.0,0.0,316.21,316.21,190.42,125.79,0.0,0.0,0.0,0.0,0.0,1.0,1,0.0,300.0,477866.0,2.0,2.0,1.0,2.0,9.0,51511.0,85.0,3.0,5.0,8347.0,48.0,41200.0,3.0,0.0,4.0,7.0,36759.0,14918.0,43.7,0.0,0.0,39.0,87.0,3.0,3.0,5.0,12.0,6.0,0.0,4.0,9.0,4.0,12.0,3.0,10.0,21.0,9.0,13.0,0.0,0.0,0.0,4.0,93.1,25.0,0.0,0.0,552691.0,69657.0,26500.0,60491.0,0,0
47937,12000.0,0.17739999999999995,303.03,1,46000.0,0,0,n,38.06,0.0,1.0,7.0,0.0,8250.0,15.0,0,0.0,0.0,1213.47,1213.47,252.83,935.64,0.0,25.0,4.5,303.03,0.0,1.0,1,0.0,0.0,65867.0,2.0,3.0,2.0,2.0,4.0,57617.0,89.0,4.0,4.0,5690.0,79.0,18000.0,1.0,3.0,5.0,6.0,9410.0,1889.0,77.8,0.0,0.0,88.0,157.0,9.0,4.0,0.0,42.0,4.0,0.0,2.0,4.0,2.0,2.0,6.0,4.0,9.0,4.0,7.0,0.0,0.0,0.0,6.0,100.0,50.0,0.0,0.0,83032.0,65867.0,8500.0,65032.0,0,0
47940,10000.0,0.1524,347.83,2,50000.0,1,0,n,16.99,0.0,3.0,13.0,0.0,14164.0,26.0,1,0.0,0.0,339.36,339.36,220.83,118.53,0.0,0.0,0.0,0.0,0.0,1.0,1,0.0,0.0,107263.0,4.0,1.0,1.0,2.0,6.0,9361.0,88.0,3.0,7.0,7586.0,47.0,39400.0,1.0,3.0,3.0,10.0,8251.0,15780.0,42.4,0.0,0.0,284.0,66.0,1.0,1.0,1.0,1.0,1.0,1.0,6.0,8.0,7.0,7.0,14.0,11.0,11.0,8.0,13.0,0.0,0.0,0.0,4.0,84.6,28.6,0.0,0.0,138025.0,23525.0,27400.0,10625.0,0,0
47953,25000.0,0.0756,778.35,3,111585.0,1,0,n,7.4,2.0,0.0,9.0,0.0,19119.0,14.0,0,17622.06,17622.06,8857.35,8857.35,7377.94,1479.41,0.0,0.0,0.0,800.0,0.0,1.0,1,0.0,0.0,22613.0,0.0,1.0,1.0,1.0,11.0,3494.0,66.0,1.0,1.0,7590.0,41.0,50500.0,0.0,0.0,1.0,2.0,2513.0,23981.0,44.4,0.0,0.0,82.0,255.0,10.0,10.0,3.0,66.0,11.0,0.0,5.0,5.0,5.0,5.0,2.0,8.0,9.0,5.0,9.0,0.0,0.0,0.0,2.0,78.6,20.0,0.0,0.0,55819.0,22613.0,43100.0,5319.0,0,0
48001,19000.0,0.1308,433.09,3,65000.0,1,0,n,34.77,0.0,1.0,10.0,0.0,16177.0,18.0,0,0.0,0.0,1704.75,1704.75,819.01,885.74,0.0,0.0,0.0,433.09,0.0,1.0,1,0.0,0.0,61973.0,0.0,2.0,0.0,2.0,13.0,45796.0,88.0,0.0,2.0,4050.0,70.0,31400.0,1.0,0.0,3.0,4.0,6197.0,11723.0,58.0,0.0,0.0,60.0,75.0,14.0,13.0,0.0,14.0,1.0,0.0,6.0,6.0,7.0,8.0,4.0,8.0,14.0,6.0,10.0,0.0,0.0,0.0,0.0,100.0,57.1,0.0,0.0,102094.0,61973.0,27900.0,70694.0,0,0
48048,10000.0,0.0756,311.34,3,100000.0,1,0,n,18.05,0.0,1.0,14.0,0.0,14189.0,26.0,0,0.0,0.0,614.28,614.28,498.31,115.97,0.0,0.0,0.0,0.0,0.0,1.0,1,0.0,0.0,148216.0,1.0,2.0,1.0,1.0,2.0,29698.0,81.0,0.0,0.0,2158.0,47.0,56700.0,1.0,0.0,1.0,1.0,10587.0,25384.0,23.3,0.0,0.0,136.0,240.0,27.0,2.0,2.0,75.0,2.0,0.0,5.0,8.0,6.0,9.0,7.0,11.0,17.0,8.0,14.0,0.0,0.0,0.0,1.0,100.0,33.3,0.0,0.0,273200.0,43887.0,33100.0,36500.0,0,0
48069,30000.0,0.1524,1043.49,1,95000.0,0,0,n,22.45,0.0,0.0,9.0,0.0,42820.0,10.0,0,29324.81,29324.81,3525.91,3525.91,675.19,2850.72,0.0,0.0,0.0,521.75,0.0,1.0,1,0.0,0.0,51860.0,0.0,2.0,0.0,1.0,13.0,9040.0,49.0,1.0,2.0,12871.0,73.0,52300.0,2.0,0.0,1.0,3.0,5762.0,6591.0,85.8,0.0,0.0,32.0,157.0,11.0,11.0,0.0,16.0,11.0,0.0,5.0,7.0,5.0,5.0,2.0,7.0,8.0,7.0,9.0,0.0,0.0,0.0,1.0,100.0,100.0,0.0,0.0,70900.0,51860.0,46500.0,18600.0,0,0
48072,20000.0,0.2055,748.89,3,54000.0,1,0,n,27.67,0.0,1.0,11.0,0.0,10777.0,14.0,1,0.0,0.0,3721.62,3721.62,2102.75,1618.87,0.0,0.0,0.0,748.89,0.0,1.0,1,0.0,0.0,46761.0,3.0,3.0,4.0,4.0,4.0,35984.0,91.0,1.0,2.0,4469.0,51.0,51600.0,2.0,0.0,2.0,6.0,4251.0,39023.0,21.6,0.0,0.0,51.0,49.0,3.0,3.0,0.0,3.0,5.0,0.0,6.0,6.0,7.0,7.0,6.0,8.0,8.0,6.0,11.0,0.0,0.0,0.0,5.0,100.0,0.0,0.0,0.0,91068.0,46761.0,49800.0,39468.0,0,0
48146,10000.0,0.2565,401.05,1,74100.0,0,0,n,24.79,0.0,0.0,8.0,0.0,17308.0,12.0,1,8324.19,8324.19,3996.25,3996.25,1675.81,2320.44,0.0,0.0,0.0,401.05,0.0,1.0,1,0.0,0.0,42175.0,2.0,2.0,2.0,2.0,6.0,24867.0,84.0,1.0,1.0,6261.0,86.0,19400.0,1.0,0.0,1.0,3.0,5272.0,1359.0,90.9,0.0,0.0,143.0,170.0,6.0,6.0,1.0,6.0,12.0,1.0,4.0,6.0,4.0,4.0,3.0,6.0,8.0,6.0,8.0,0.0,0.0,0.0,3.0,83.3,75.0,0.0,0.0,48874.0,42175.0,14900.0,29474.0,0,0
48190,10625.0,0.1033,344.49,1,84000.0,0,0,n,24.43,0.0,0.0,15.0,0.0,19021.0,23.0,0,8696.31,8696.31,2749.82,2749.82,1928.69,821.13,0.0,0.0,0.0,344.49,0.0,1.0,1,0.0,0.0,47302.0,0.0,3.0,0.0,2.0,19.0,28281.0,59.0,1.0,5.0,7952.0,50.0,47300.0,1.0,1.0,0.0,7.0,3153.0,20643.0,44.8,0.0,0.0,161.0,192.0,10.0,10.0,0.0,16.0,18.0,1.0,6.0,10.0,7.0,9.0,9.0,12.0,14.0,10.0,15.0,0.0,0.0,0.0,1.0,95.7,71.4,0.0,0.0,94900.0,47302.0,37400.0,47600.0,0,0
48195,14000.0,0.1612,493.03,1,31000.0,1,0,n,24.12,1.0,2.0,12.0,0.0,7382.0,19.0,1,13385.98,13385.98,1579.68,1579.68,614.02,965.66,0.0,0.0,0.0,246.52,0.0,1.0,1,0.0,0.0,26552.0,3.0,3.0,1.0,1.0,4.0,19170.0,120.0,3.0,4.0,6285.0,42.0,47500.0,1.0,0.0,3.0,5.0,2213.0,27015.0,18.9,0.0,0.0,318.0,142.0,1.0,1.0,0.0,1.0,1.0,1.0,1.0,4.0,5.0,6.0,4.0,9.0,15.0,4.0,12.0,0.0,0.0,1.0,4.0,89.5,0.0,0.0,0.0,63440.0,26552.0,33300.0,15940.0,0,0
48196,12000.0,0.2565,481.26,2,45000.0,0,0,n,22.51,0.0,0.0,12.0,0.0,6889.0,23.0,0,0.0,0.0,928.32,928.32,454.67,473.65,0.0,0.0,0.0,0.0,0.0,1.0,1,0.0,63.0,99418.0,1.0,2.0,2.0,2.0,6.0,22497.0,92.0,0.0,2.0,2105.0,78.0,13200.0,2.0,0.0,1.0,4.0,8285.0,6066.0,48.2,0.0,0.0,166.0,226.0,13.0,6.0,1.0,13.0,7.0,5.0,8.0,9.0,8.0,8.0,10.0,9.0,12.0,9.0,12.0,0.0,0.0,0.0,2.0,69.6,25.0,0.0,0.0,121062.0,29386.0,11700.0,24402.0,0,0
48200,23975.0,0.1102,521.52,3,775000.0,1,0,n,1.08,0.0,1.0,14.0,0.0,32250.0,26.0,0,22876.31,22876.31,3022.16,3022.16,1098.69,1923.47,0.0,0.0,0.0,0.0,0.0,1.0,1,0.0,0.0,61483.0,1.0,3.0,1.0,2.0,9.0,29233.0,95.0,1.0,1.0,32179.0,26.0,173400.0,0.0,5.0,1.0,3.0,4729.0,117350.0,0.1,0.0,0.0,131.0,174.0,5.0,5.0,1.0,5.0,5.0,0.0,3.0,3.0,9.0,10.0,10.0,11.0,15.0,3.0,14.0,0.0,0.0,0.0,2.0,100.0,0.0,0.0,0.0,204150.0,61483.0,149600.0,30750.0,0,0
48202,14875.0,0.2055,556.99,1,60000.0,0,0,n,24.08,0.0,1.0,15.0,0.0,8033.0,20.0,0,0.0,0.0,3750.99,3750.99,2108.17,1642.82,0.0,0.0,0.0,556.99,0.0,1.0,1,0.0,853.0,35371.0,0.0,2.0,1.0,3.0,10.0,25966.0,68.0,5.0,9.0,3679.0,51.0,29300.0,6.0,0.0,7.0,13.0,2358.0,4333.0,60.2,0.0,0.0,48.0,45.0,7.0,7.0,0.0,7.0,6.0,0.0,4.0,5.0,7.0,9.0,5.0,12.0,14.0,5.0,15.0,0.0,0.0,0.0,6.0,95.0,57.1,0.0,0.0,69601.0,35371.0,10900.0,37953.0,0,0
48236,20000.0,0.1612,704.33,1,84000.0,0,0,n,8.36,0.0,0.0,7.0,0.0,10181.0,14.0,0,14965.24,14965.24,7715.83,7715.83,5034.76,2681.07,0.0,0.0,0.0,704.33,0.0,1.0,1,0.0,0.0,17401.0,0.0,1.0,0.0,0.0,27.0,7220.0,59.0,0.0,0.0,3479.0,74.0,11400.0,1.0,0.0,0.0,0.0,2486.0,37.0,99.4,0.0,0.0,124.0,177.0,27.0,27.0,0.0,101.0,22.0,0.0,2.0,6.0,2.0,2.0,7.0,6.0,7.0,6.0,7.0,0.0,0.0,0.0,0.0,100.0,100.0,0.0,0.0,23679.0,17401.0,6500.0,12279.0,0,0
48290,15000.0,0.1171,496.14,2,61508.0,0,0,n,47.55,0.0,1.0,9.0,0.0,74.0,19.0,1,12116.61,12116.61,4207.43,4207.43,2883.39,1324.04,0.0,0.0,0.0,248.07,0.0,1.0,0,0.0,0.0,324959.0,3.0,6.0,3.0,6.0,4.0,106095.0,74.0,0.0,2.0,74.0,70.0,6000.0,4.0,4.0,5.0,10.0,36107.0,4926.0,1.5,0.0,0.0,152.0,252.0,15.0,4.0,3.0,15.0,4.0,0.0,1.0,1.0,1.0,2.0,10.0,2.0,6.0,1.0,9.0,0.0,0.0,0.0,4.0,89.5,0.0,0.0,0.0,360900.0,106169.0,5000.0,133900.0,0,0
48294,17000.0,0.1862,619.9,1,70000.0,0,0,n,15.38,0.0,0.0,9.0,0.0,9976.0,10.0,1,0.0,0.0,0.0,0.0,0.0,0.0,0.0,0.0,0.0,1.0,0.0,1.0,1,0.0,0.0,34433.0,0.0,2.0,1.0,2.0,10.0,24457.0,82.0,0.0,0.0,1977.0,86.0,10200.0,3.0,0.0,4.0,2.0,3826.0,224.0,97.8,0.0,0.0,15.0,92.0,25.0,10.0,0.0,25.0,9.0,0.0,7.0,7.0,7.0,7.0,2.0,7.0,8.0,7.0,9.0,0.0,0.0,0.0,1.0,100.0,100.0,0.0,0.0,40076.0,34433.0,10200.0,29876.0,0,0
48366,13000.0,0.1524,452.18,1,65000.0,1,0,n,24.89,0.0,2.0,13.0,1.0,6033.0,19.0,0,5639.9,5639.9,8153.51,8153.51,7360.1,793.41,0.0,0.0,0.0,452.18,0.0,1.0,1,0.0,0.0,212993.0,1.0,5.0,1.0,2.0,5.0,206960.0,89.0,1.0,4.0,2876.0,72.0,23500.0,1.0,0.0,2.0,6.0,16384.0,9167.0,26.7,0.0,0.0,172.0,184.0,11.0,5.0,0.0,18.0,1.0,0.0,2.0,6.0,3.0,3.0,10.0,8.0,9.0,6.0,13.0,0.0,0.0,0.0,2.0,94.7,0.0,1.0,0.0,180486.0,212993.0,12500.0,156986.0,0,0
48380,18000.0,0.17739999999999995,648.4,2,91000.0,0,0,n,24.08,1.0,0.0,10.0,0.0,14526.0,25.0,0,16659.53,16659.53,4375.56,4375.56,1340.47,3035.09,0.0,0.0,0.0,648.4,0.0,1.0,1,0.0,0.0,225861.0,0.0,3.0,1.0,4.0,10.0,57955.0,67.0,1.0,3.0,7234.0,73.0,18600.0,7.0,3.0,6.0,9.0,22586.0,4074.0,78.1,0.0,0.0,173.0,209.0,12.0,10.0,3.0,12.0,10.0,1.0,6.0,6.0,6.0,7.0,13.0,6.0,9.0,6.0,10.0,0.0,0.0,0.0,2.0,54.2,50.0,0.0,0.0,243277.0,72481.0,18600.0,67674.0,0,0
48568,35000.0,0.14300000000000002,819.85,2,90000.0,1,0,n,22.12,0.0,1.0,16.0,0.0,640.0,37.0,0,32940.57,32940.57,5683.34,5683.34,2059.43,3623.91,0.0,0.0,0.0,0.0,0.0,1.0,1,0.0,0.0,580541.0,2.0,3.0,3.0,6.0,5.0,89467.0,97.0,1.0,2.0,16.0,43.0,72100.0,3.0,0.0,4.0,9.0,36284.0,57284.0,0.0,0.0,0.0,179.0,106.0,7.0,5.0,2.0,7.0,5.0,1.0,1.0,2.0,10.0,11.0,21.0,12.0,14.0,2.0,16.0,0.0,0.0,0.0,5.0,97.1,0.0,0.0,0.0,667765.0,90107.0,57300.0,102062.0,0,0
48602,11150.0,0.0819,350.38,2,65000.0,1,0,n,17.54,2.0,1.0,12.0,0.0,8777.0,25.0,0,0.0,0.0,690.61,690.61,550.51,140.1,0.0,0.0,0.0,0.0,0.0,1.0,1,0.0,0.0,232020.0,0.0,2.0,1.0,2.0,7.0,16217.0,78.0,1.0,2.0,4036.0,69.0,15700.0,1.0,1.0,5.0,5.0,19335.0,4650.0,58.8,0.0,0.0,86.0,200.0,11.0,7.0,3.0,11.0,1.0,3.0,6.0,7.0,6.0,10.0,7.0,9.0,15.0,7.0,12.0,0.0,0.0,0.0,2.0,76.0,33.3,0.0,0.0,248367.0,24994.0,11300.0,20773.0,0,0
48613,18000.0,0.1171,397.77,1,56000.0,1,0,n,26.96,0.0,1.0,15.0,0.0,13602.0,25.0,0,0.0,0.0,1977.14,1977.14,1132.48,844.66,0.0,0.0,0.0,0.0,0.0,1.0,1,0.0,0.0,75357.0,1.0,10.0,2.0,4.0,3.0,61755.0,93.0,0.0,0.0,12064.0,73.0,36900.0,2.0,3.0,1.0,4.0,5024.0,21598.0,38.6,0.0,0.0,136.0,148.0,25.0,3.0,0.0,25.0,3.0,0.0,2.0,2.0,3.0,4.0,17.0,5.0,8.0,2.0,15.0,0.0,0.0,0.0,2.0,100.0,33.3,0.0,0.0,103119.0,75357.0,35200.0,66219.0,0,0
48711,4000.0,0.1033,129.69,2,90000.0,1,0,n,23.8,0.0,0.0,14.0,0.0,34769.0,27.0,0,3112.52,3112.52,1162.62,1162.62,887.48,275.14,0.0,0.0,0.0,0.0,0.0,1.0,1,0.0,0.0,313102.0,0.0,3.0,0.0,2.0,13.0,24119.0,70.0,2.0,4.0,10816.0,59.0,66200.0,1.0,0.0,1.0,6.0,22364.0,15387.0,63.3,0.0,0.0,133.0,193.0,8.0,8.0,4.0,14.0,9.0,0.0,3.0,9.0,4.0,9.0,7.0,10.0,16.0,9.0,14.0,0.0,0.0,0.0,2.0,96.3,0.0,0.0,0.0,390976.0,58888.0,41900.0,34526.0,0,0
48721,20000.0,0.1524,478.33,2,260000.0,0,0,n,8.7,0.0,0.0,9.0,0.0,48090.0,20.0,0,0.0,0.0,2357.78,2357.78,1150.71,1207.07,0.0,0.0,0.0,0.0,0.0,1.0,1,0.0,0.0,323419.0,0.0,2.0,0.0,2.0,18.0,14964.0,83.0,0.0,1.0,22336.0,104.0,42800.0,1.0,0.0,0.0,3.0,35935.0,0.0,115.9,0.0,0.0,147.0,205.0,16.0,16.0,5.0,32.0,18.0,0.0,4.0,6.0,4.0,5.0,6.0,6.0,9.0,6.0,9.0,0.0,0.0,0.0,0.0,100.0,100.0,0.0,0.0,333550.0,63054.0,36800.0,18100.0,0,0
48769,4000.0,0.2305,154.95,3,26000.0,1,0,n,22.25,1.0,1.0,10.0,0.0,5338.0,13.0,0,3063.82,3063.82,1699.33,1699.33,936.18,763.15,0.0,0.0,0.0,154.95,0.0,1.0,1,0.0,315.0,36221.0,1.0,7.0,0.0,0.0,36.0,30883.0,73.0,1.0,2.0,3523.0,60.0,18400.0,0.0,0.0,1.0,2.0,3622.0,12178.0,25.7,0.0,0.0,75.0,77.0,6.0,6.0,1.0,6.0,6.0,0.0,2.0,3.0,2.0,3.0,7.0,3.0,5.0,3.0,10.0,0.0,0.0,0.0,1.0,92.3,0.0,0.0,0.0,60578.0,36221.0,16400.0,42178.0,0,0
48781,10700.0,0.2305,414.48,1,100000.0,0,0,n,29.88,0.0,0.0,14.0,0.0,16016.0,21.0,0,0.0,0.0,3018.58,3018.58,860.19,784.03,0.0,1374.36,247.3848,0.0,0.0,1.0,1,0.0,0.0,65125.0,1.0,3.0,1.0,3.0,8.0,49109.0,74.0,3.0,4.0,9054.0,63.0,36400.0,4.0,0.0,4.0,7.0,4652.0,9918.0,51.1,0.0,0.0,62.0,80.0,4.0,4.0,0.0,4.0,0.0,0.0,5.0,10.0,5.0,7.0,7.0,11.0,14.0,10.0,14.0,0.0,0.0,0.0,4.0,95.2,20.0,0.0,0.0,103045.0,65125.0,20300.0,66645.0,0,0
48783,35000.0,0.1524,1217.41,2,81039.0,0,0,n,36.62,0.0,2.0,17.0,0.0,5666.0,53.0,0,30228.57,30228.57,7245.19,7245.19,4771.43,2473.76,0.0,0.0,0.0,1217.41,0.0,1.0,1,0.0,486.0,277242.0,4.0,5.0,5.0,7.0,1.0,271576.0,91.0,4.0,8.0,2183.0,70.0,32200.0,4.0,0.0,7.0,15.0,16308.0,19634.0,22.4,0.0,0.0,161.0,363.0,8.0,1.0,1.0,8.0,1.0,3.0,7.0,7.0,7.0,9.0,31.0,12.0,21.0,7.0,17.0,0.0,0.0,0.0,9.0,94.3,0.0,0.0,0.0,310186.0,277242.0,25300.0,277986.0,0,0
48821,10000.0,0.17739999999999995,360.23,2,54080.0,1,0,n,30.6,3.0,1.0,7.0,0.0,6706.0,25.0,0,0.0,0.0,2385.93,2385.93,646.66,424.17,0.0,1315.1,236.718,0.0,0.0,1.0,1,0.0,0.0,68137.0,4.0,3.0,1.0,2.0,8.0,61431.0,66.0,4.0,4.0,4351.0,66.0,10100.0,0.0,6.0,1.0,6.0,9734.0,2544.0,64.2,1.0,0.0,161.0,116.0,2.0,2.0,1.0,2.0,3.0,4.0,2.0,4.0,2.0,6.0,13.0,4.0,11.0,4.0,7.0,0.0,0.0,3.0,5.0,68.0,0.0,0.0,0.0,85113.0,68137.0,7100.0,75013.0,0,0
48858,18200.0,0.1524,435.28,1,120000.0,0,0,n,14.65,0.0,0.0,6.0,0.0,25612.0,9.0,0,0.0,0.0,2596.27,2596.27,1157.4,1438.87,0.0,0.0,0.0,435.28,0.0,1.0,0,0.0,0.0,49793.0,0.0,1.0,0.0,2.0,13.0,24181.0,82.0,0.0,0.0,11817.0,82.0,31300.0,1.0,3.0,1.0,2.0,8299.0,4470.0,79.0,0.0,0.0,72.0,99.0,73.0,13.0,1.0,90.0,12.0,1.0,3.0,4.0,3.0,3.0,4.0,4.0,4.0,4.0,6.0,0.0,0.0,0.0,0.0,88.9,33.3,0.0,0.0,60700.0,49793.0,21300.0,29400.0,0,0
48875,10000.0,0.0646,306.31,3,81000.0,1,0,n,17.95,0.0,0.0,4.0,0.0,11888.0,21.0,0,7148.31,7148.31,3362.23,3362.23,2851.69,510.54,0.0,0.0,0.0,306.31,0.0,1.0,1,0.0,0.0,208310.0,0.0,2.0,0.0,1.0,20.0,11297.0,40.0,0.0,0.0,11888.0,52.0,16500.0,0.0,5.0,3.0,1.0,52078.0,4612.0,72.0,0.0,0.0,150.0,308.0,101.0,20.0,4.0,101.0,4.0,0.0,1.0,1.0,1.0,3.0,10.0,1.0,7.0,1.0,4.0,0.0,0.0,0.0,0.0,90.5,0.0,0.0,0.0,241306.0,23185.0,16500.0,28429.0,0,0
48880,21000.0,0.08810000000000001,665.94,1,93000.0,1,0,n,27.85,0.0,1.0,17.0,0.0,18259.0,30.0,0,0.0,0.0,1604.66,1604.66,1022.44,582.22,0.0,0.0,0.0,146.67,0.0,1.0,1,0.0,0.0,70039.0,1.0,3.0,1.0,3.0,4.0,51780.0,74.0,0.0,4.0,7561.0,53.0,61700.0,2.0,0.0,1.0,7.0,4377.0,39236.0,23.1,0.0,0.0,116.0,163.0,14.0,4.0,0.0,15.0,4.0,0.0,6.0,8.0,12.0,14.0,12.0,14.0,18.0,8.0,17.0,0.0,0.0,0.0,1.0,100.0,36.4,0.0,0.0,131835.0,70039.0,51000.0,70135.0,0,0
48889,5000.0,0.2565,200.53,1,40000.0,0,0,n,11.04,0.0,1.0,3.0,0.0,2672.0,3.0,0,0.0,0.0,386.81,386.81,97.22,289.59,0.0,0.0,0.0,0.0,0.0,1.0,1,0.0,0.0,10199.0,1.0,1.0,0.0,0.0,34.0,7527.0,64.0,1.0,1.0,510.0,67.0,3400.0,0.0,0.0,1.0,1.0,3400.0,290.0,63.8,0.0,0.0,34.0,39.0,5.0,5.0,0.0,5.0,5.0,0.0,1.0,2.0,1.0,1.0,1.0,2.0,2.0,2.0,3.0,0.0,0.0,0.0,1.0,100.0,0.0,0.0,0.0,15152.0,10199.0,800.0,11752.0,0,0
48925,18300.0,0.1171,605.3,1,92000.0,1,0,n,33.3,0.0,2.0,12.0,0.0,9992.0,18.0,0,0.0,0.0,3607.99,3607.99,2623.82,984.17,0.0,0.0,0.0,605.3,0.0,1.0,1,0.0,0.0,51670.0,4.0,4.0,2.0,4.0,3.0,41678.0,54.0,3.0,4.0,4000.0,39.0,54500.0,4.0,0.0,2.0,8.0,4306.0,43208.0,18.8,0.0,0.0,149.0,128.0,0.0,0.0,0.0,0.0,3.0,0.0,4.0,4.0,7.0,8.0,9.0,8.0,9.0,4.0,12.0,0.0,0.0,0.0,5.0,100.0,0.0,0.0,0.0,132065.0,51670.0,53200.0,77565.0,0,0
48981,20000.0,0.124,448.95,1,65000.0,1,0,n,14.96,0.0,1.0,11.0,0.0,3211.0,17.0,0,0.0,0.0,2467.97,2467.97,0.0,0.0,0.0,2467.97,444.2346,0.0,0.0,1.0,1,0.0,109.0,21712.0,1.0,2.0,1.0,3.0,3.0,18501.0,62.0,1.0,4.0,67.0,42.0,21800.0,1.0,1.0,1.0,7.0,1974.0,13833.0,0.5,0.0,0.0,54.0,90.0,9.0,3.0,0.0,15.0,4.0,1.0,1.0,2.0,6.0,7.0,6.0,9.0,11.0,2.0,11.0,0.0,0.0,0.0,2.0,93.3,0.0,0.0,0.0,51818.0,21712.0,13900.0,30018.0,0,0
48992,25000.0,0.2055,670.03,1,104000.0,1,0,n,11.67,0.0,1.0,12.0,0.0,8121.0,18.0,0,22385.31,22385.31,6978.24,6978.24,2614.69,4363.55,0.0,0.0,0.0,335.02,0.0,1.0,1,0.0,0.0,32100.0,1.0,2.0,2.0,3.0,11.0,23979.0,86.0,3.0,8.0,2000.0,75.0,15200.0,3.0,0.0,7.0,11.0,2675.0,5192.0,42.3,0.0,0.0,28.0,35.0,3.0,3.0,0.0,9.0,3.0,0.0,7.0,10.0,7.0,8.0,4.0,10.0,11.0,10.0,12.0,0.0,0.0,0.0,5.0,100.0,28.6,0.0,0.0,43007.0,32100.0,9000.0,27807.0,1,0
49002,9025.0,0.2305,349.6,2,80000.0,1,0,n,7.7,5.0,1.0,7.0,0.0,11548.0,23.0,0,6888.69,6888.69,3822.49,3822.49,2136.31,1686.18,0.0,0.0,0.0,349.6,0.0,1.0,1,0.0,0.0,14037.0,1.0,1.0,1.0,1.0,12.0,2489.0,78.0,1.0,1.0,5661.0,74.0,15900.0,1.0,2.0,2.0,2.0,2005.0,3999.0,66.4,0.0,0.0,178.0,217.0,2.0,2.0,2.0,2.0,2.0,1.0,4.0,6.0,4.0,7.0,5.0,6.0,16.0,6.0,7.0,0.0,0.0,2.0,2.0,69.6,50.0,0.0,0.0,19100.0,14037.0,11900.0,3200.0,0,0
49042,10000.0,0.28800000000000003,417.97,2,65000.0,1,0,n,16.91,1.0,0.0,12.0,1.0,16396.0,19.0,0,0.0,0.0,1655.88,1655.88,737.92,917.96,0.0,0.0,0.0,0.0,0.0,1.0,1,0.0,0.0,272233.0,0.0,1.0,1.0,3.0,7.0,8771.0,88.0,0.0,2.0,3317.0,71.0,25300.0,7.0,0.0,2.0,6.0,22686.0,2633.0,76.9,0.0,0.0,92.0,99.0,20.0,7.0,2.0,79.0,7.0,0.0,4.0,10.0,4.0,4.0,6.0,10.0,11.0,10.0,12.0,0.0,0.0,0.0,1.0,94.7,75.0,1.0,0.0,294762.0,25167.0,11400.0,10000.0,0,0
49054,5300.0,0.1612,129.23,1,32000.0,0,0,n,32.3,0.0,0.0,11.0,1.0,2346.0,18.0,0,4757.61,4757.61,1158.32,1158.32,542.39,615.93,0.0,0.0,0.0,129.23,0.0,1.0,1,0.0,0.0,22052.0,1.0,1.0,1.0,2.0,10.0,19706.0,74.0,1.0,2.0,1546.0,36.0,35200.0,0.0,1.0,1.0,4.0,2005.0,9975.0,14.7,0.0,0.0,124.0,220.0,5.0,5.0,0.0,62.0,7.0,0.0,2.0,4.0,2.0,2.0,7.0,9.0,11.0,4.0,11.0,0.0,0.0,0.0,2.0,100.0,0.0,1.0,0.0,61968.0,22052.0,11700.0,26768.0,0,0
49057,8000.0,0.1862,205.86,1,65000.0,0,0,n,16.14,0.0,1.0,14.0,0.0,5615.0,23.0,1,6949.18,6949.18,2350.32,2350.32,1050.82,1299.5,0.0,0.0,0.0,123.44,0.0,1.0,1,0.0,0.0,86670.0,2.0,2.0,1.0,2.0,4.0,29045.0,92.0,3.0,6.0,2115.0,78.0,12800.0,5.0,1.0,5.0,8.0,6191.0,4737.0,52.6,0.0,0.0,59.0,39.0,4.0,4.0,2.0,4.0,4.0,1.0,7.0,9.0,8.0,8.0,10.0,11.0,11.0,9.0,14.0,0.0,0.0,0.0,4.0,91.3,12.5,0.0,0.0,107571.0,34660.0,10000.0,31636.0,0,0
49072,8000.0,0.1612,281.74,1,90000.0,0,0,n,15.27,0.0,0.0,11.0,0.0,16107.0,16.0,0,0.0,0.0,267.41,267.41,177.85,89.56,0.0,0.0,0.0,0.0,0.0,1.0,1,0.0,0.0,533811.0,1.0,3.0,1.0,3.0,6.0,12456.0,54.0,1.0,5.0,5470.0,57.0,27200.0,1.0,0.0,0.0,8.0,48528.0,10593.0,60.3,0.0,0.0,24.0,154.0,12.0,6.0,1.0,12.0,13.0,0.0,4.0,4.0,6.0,10.0,3.0,7.0,12.0,4.0,11.0,0.0,0.0,0.0,2.0,100.0,33.3,0.0,0.0,572750.0,28563.0,26700.0,23000.0,0,0
49104,16825.0,0.1033,360.22,2,80000.0,1,0,n,17.06,0.0,3.0,13.0,0.0,2200.0,19.0,0,13841.97,13841.97,4410.69,4410.69,2983.03,1427.66,0.0,0.0,0.0,750.0,0.0,1.0,1,0.0,0.0,100445.0,1.0,3.0,1.0,2.0,7.0,29803.0,60.0,1.0,2.0,1115.0,29.0,61000.0,1.0,0.0,4.0,4.0,7727.0,49391.0,4.1,0.0,0.0,60.0,311.0,1.0,1.0,3.0,1.0,0.0,0.0,3.0,5.0,6.0,9.0,4.0,9.0,12.0,5.0,13.0,0.0,0.0,0.0,2.0,100.0,0.0,0.0,0.0,232702.0,32003.0,51500.0,49602.0,0,0
49115,13625.0,0.2055,510.19,2,140000.0,0,0,n,31.74,0.0,1.0,17.0,0.0,14169.0,35.0,0,0.0,0.0,3367.66,3367.66,845.19,754.27,0.0,1768.2,318.276,0.0,0.0,1.0,1,0.0,0.0,268111.0,2.0,7.0,2.0,4.0,6.0,80465.0,60.0,1.0,2.0,6066.0,58.0,29700.0,4.0,2.0,2.0,6.0,15771.0,13206.0,47.6,0.0,0.0,179.0,223.0,6.0,6.0,4.0,6.0,6.0,3.0,5.0,8.0,6.0,8.0,17.0,9.0,14.0,8.0,17.0,0.0,0.0,0.0,3.0,91.4,16.7,0.0,0.0,345209.0,94634.0,25200.0,133370.0,0,0
49126,32525.0,0.124,1086.52,1,85000.0,1,0,n,24.37,0.0,1.0,5.0,0.0,820.0,31.0,0,26119.32,26119.32,8647.35,8647.35,6405.68,2241.67,0.0,0.0,0.0,0.0,0.0,1.0,1,0.0,0.0,43292.0,1.0,3.0,2.0,6.0,5.0,42472.0,77.0,1.0,1.0,820.0,68.0,8000.0,7.0,0.0,6.0,7.0,8658.0,5580.0,12.8,0.0,0.0,142.0,226.0,10.0,5.0,0.0,173.0,1.0,0.0,1.0,1.0,1.0,3.0,27.0,2.0,4.0,1.0,5.0,0.0,0.0,0.0,3.0,100.0,0.0,0.0,0.0,63365.0,43292.0,6400.0,55365.0,0,0
49161,10525.0,0.0756,327.69,3,38000.0,0,0,n,28.52,0.0,2.0,6.0,0.0,10465.0,27.0,0,8389.55,8389.55,2612.68,2612.68,2135.45,477.23,0.0,0.0,0.0,327.69,0.0,1.0,1,0.0,0.0,26907.0,1.0,2.0,1.0,2.0,3.0,16442.0,69.0,0.0,0.0,5994.0,51.0,28500.0,3.0,5.0,2.0,2.0,4485.0,16535.0,38.8,0.0,0.0,249.0,95.0,32.0,3.0,0.0,47.0,0.0,0.0,3.0,3.0,3.0,4.0,13.0,4.0,14.0,3.0,6.0,0.0,0.0,0.0,1.0,100.0,0.0,0.0,0.0,52500.0,26907.0,27000.0,24000.0,0,0
49204,25000.0,0.0819,509.19,2,65000.0,1,0,n,43.11,0.0,0.0,34.0,0.0,73674.0,58.0,0,21868.27,21868.27,4559.96,4559.96,3131.73,1428.23,0.0,0.0,0.0,509.19,0.0,1.0,0,0.0,0.0,294218.0,7.0,5.0,2.0,2.0,10.0,71544.0,87.0,6.0,8.0,11152.0,49.0,175900.0,2.0,4.0,7.0,11.0,8653.0,77299.0,30.4,0.0,0.0,74.0,195.0,1.0,1.0,3.0,3.0,4.0,0.0,9.0,12.0,18.0,25.0,9.0,28.0,46.0,12.0,34.0,0.0,0.0,0.0,9.0,100.0,16.7,0.0,0.0,407052.0,145218.0,111100.0,82152.0,0,0
49213,12000.0,0.2565,356.81,1,100000.0,1,0,n,30.49,0.0,2.0,18.0,1.0,32443.0,60.0,0,0.0,0.0,848.43,848.43,100.31,748.12,0.0,0.0,0.0,0.0,0.0,1.0,1,0.0,0.0,136877.0,1.0,5.0,4.0,6.0,7.0,104434.0,69.0,3.0,8.0,6048.0,66.0,53600.0,3.0,17.0,5.0,14.0,8052.0,21144.0,59.0,0.0,0.0,126.0,139.0,6.0,6.0,0.0,6.0,1.0,0.0,7.0,8.0,12.0,27.0,27.0,13.0,33.0,8.0,18.0,0.0,0.0,0.0,7.0,100.0,63.6,1.0,0.0,178817.0,136877.0,51600.0,125217.0,0,0
49238,13425.0,0.2305,520.03,2,73000.0,0,0,n,33.34,0.0,0.0,14.0,0.0,12837.0,30.0,0,12697.55,12697.55,2565.77,2565.77,727.45,1838.32,0.0,0.0,0.0,0.0,0.0,1.0,1,0.0,0.0,270330.0,2.0,3.0,2.0,6.0,7.0,46561.0,74.0,2.0,5.0,7632.0,67.0,26300.0,3.0,0.0,5.0,12.0,19309.0,2044.0,82.7,0.0,0.0,120.0,84.0,5.0,5.0,2.0,42.0,7.0,0.0,3.0,6.0,3.0,8.0,12.0,10.0,16.0,6.0,14.0,0.0,0.0,0.0,5.0,93.3,66.7,0.0,0.0,302174.0,59398.0,11800.0,62947.0,0,0
49239,19200.0,0.16949999999999998,684.06,1,140000.0,1,0,n,12.57,0.0,0.0,29.0,1.0,31644.0,35.0,0,15905.85,15905.85,6138.46,6138.46,3294.15,2844.31,0.0,0.0,0.0,684.06,0.0,1.0,1,0.0,0.0,127991.0,1.0,17.0,1.0,1.0,12.0,96347.0,144.0,2.0,4.0,17880.0,103.0,57100.0,1.0,0.0,3.0,5.0,4571.0,17901.0,63.8,0.0,0.0,177.0,209.0,3.0,3.0,0.0,3.0,8.0,16.0,5.0,6.0,9.0,11.0,18.0,12.0,16.0,6.0,29.0,0.0,0.0,0.0,3.0,54.3,12.5,1.0,0.0,123882.0,127991.0,49400.0,66782.0,0,0
49329,10000.0,0.17739999999999995,360.23,1,55140.0,1,0,n,22.26,0.0,0.0,9.0,0.0,7087.0,43.0,0,0.0,0.0,1431.06,1431.06,646.66,784.4,0.0,0.0,0.0,360.23,0.0,1.0,1,0.0,0.0,117520.0,0.0,4.0,1.0,1.0,11.0,110433.0,76.0,1.0,1.0,4738.0,75.0,9900.0,2.0,1.0,3.0,2.0,13058.0,73.0,98.9,0.0,0.0,173.0,167.0,12.0,11.0,0.0,12.0,8.0,5.0,2.0,4.0,2.0,5.0,30.0,5.0,13.0,4.0,9.0,0.0,0.0,0.0,2.0,83.7,100.0,0.0,0.0,101839.0,117520.0,6800.0,91939.0,0,0
49354,15950.0,0.0819,501.22,2,120000.0,1,0,n,21.06,2.0,2.0,20.0,0.0,12933.0,29.0,0,0.0,0.0,2498.84,2498.84,1946.8,552.04,0.0,0.0,0.0,0.0,0.0,1.0,1,0.0,0.0,421115.0,2.0,4.0,2.0,2.0,1.0,59365.0,77.0,3.0,4.0,466.0,71.0,25800.0,0.0,1.0,4.0,6.0,22164.0,6525.0,6.8,0.0,0.0,173.0,277.0,5.0,1.0,1.0,5.0,1.0,0.0,2.0,9.0,5.0,7.0,6.0,15.0,22.0,9.0,20.0,0.0,0.0,0.0,5.0,79.3,20.0,0.0,0.0,497468.0,72298.0,7000.0,76668.0,0,0
49356,15000.0,0.2305,423.29,1,40000.0,0,0,n,21.03,0.0,0.0,6.0,0.0,14862.0,13.0,0,0.0,0.0,2088.47,2088.47,0.0,0.0,0.0,2088.47,375.9246,0.0,0.0,1.0,1,0.0,0.0,33864.0,2.0,1.0,1.0,2.0,5.0,19002.0,95.0,1.0,2.0,9322.0,78.0,23400.0,1.0,0.0,2.0,4.0,5644.0,7738.0,65.8,0.0,0.0,78.0,84.0,3.0,3.0,0.0,3.0,7.0,0.0,4.0,4.0,4.0,8.0,4.0,5.0,9.0,4.0,6.0,0.0,0.0,0.0,2.0,100.0,50.0,0.0,0.0,43400.0,33864.0,22600.0,20000.0,0,0
49393,4200.0,0.1524,146.09,2,120000.0,0,0,n,8.0,0.0,0.0,10.0,0.0,7757.0,12.0,1,3103.06,2548.94,1603.43,1317.1,1096.94,506.49,0.0,0.0,0.0,146.09,0.0,1.0,1,0.0,627.0,318048.0,3.0,2.0,1.0,1.0,11.0,18443.0,65.0,3.0,5.0,3849.0,65.0,12100.0,1.0,1.0,1.0,6.0,31805.0,4343.0,64.1,0.0,0.0,139.0,33.0,1.0,1.0,2.0,1.0,11.0,1.0,5.0,5.0,6.0,6.0,4.0,6.0,6.0,5.0,10.0,0.0,0.0,0.0,4.0,91.7,66.7,0.0,0.0,369376.0,26200.0,12100.0,28381.0,0,0
49400,19000.0,0.17739999999999995,684.42,1,75000.0,0,0,n,30.59,0.0,0.0,38.0,0.0,19460.0,49.0,0,18727.54,18727.54,1904.11,1904.11,272.46,1631.65,0.0,0.0,0.0,0.0,0.0,1.0,1,0.0,0.0,128988.0,0.0,15.0,0.0,0.0,31.0,109528.0,97.0,0.0,7.0,7374.0,80.0,47700.0,0.0,4.0,0.0,7.0,3394.0,16948.0,45.5,0.0,0.0,99.0,76.0,14.0,14.0,0.0,17.0,14.0,0.0,11.0,16.0,13.0,20.0,15.0,23.0,33.0,16.0,38.0,0.0,0.0,0.0,0.0,100.0,15.4,0.0,0.0,160391.0,128988.0,31100.0,112691.0,0,0
49473,3275.0,0.2055,122.64,2,66281.0,0,0,n,6.28,2.0,1.0,7.0,0.0,7017.0,14.0,0,0.0,0.0,452.92,452.92,0.0,0.0,0.0,452.92,81.5256,0.0,0.0,1.0,1,0.0,0.0,186367.0,0.0,1.0,0.0,0.0,129.0,17902.0,84.0,3.0,3.0,7017.0,65.0,16900.0,1.0,0.0,12.0,4.0,26624.0,9383.0,42.8,1.0,0.0,139.0,118.0,11.0,11.0,1.0,71.0,5.0,1.0,1.0,1.0,4.0,5.0,4.0,5.0,9.0,1.0,7.0,0.0,0.0,1.0,3.0,85.7,0.0,0.0,0.0,203099.0,24919.0,16400.0,21299.0,0,0
49499,20000.0,0.2305,564.39,2,52000.0,0,0,n,55.17,0.0,0.0,7.0,0.0,19725.0,17.0,0,19449.89,19449.89,4109.15,4109.15,550.11,3559.04,0.0,0.0,0.0,565.61,0.0,1.0,0,0.0,0.0,489894.0,1.0,1.0,1.0,1.0,12.0,19700.0,78.0,0.0,1.0,12995.0,66.0,24700.0,3.0,0.0,3.0,4.0,81649.0,4975.0,79.9,0.0,0.0,137.0,192.0,19.0,5.0,6.0,19.0,6.0,0.0,3.0,3.0,3.0,4.0,4.0,3.0,5.0,3.0,7.0,0.0,0.0,0.0,2.0,100.0,66.7,0.0,0.0,519402.0,54569.0,24700.0,25390.0,0,0
49515,12625.0,0.1612,307.83,1,10000.0,0,0,n,94.0,0.0,1.0,8.0,0.0,10877.0,13.0,0,12346.68,12346.68,1243.91,1243.91,278.32,965.59,0.0,0.0,0.0,153.92,0.0,1.0,0,0.0,421.0,28232.0,0.0,1.0,0.0,1.0,15.0,17355.0,83.0,0.0,0.0,4818.0,57.0,28200.0,2.0,0.0,1.0,1.0,3529.0,10863.0,46.2,0.0,0.0,27.0,142.0,55.0,15.0,0.0,81.0,3.0,0.0,4.0,6.0,4.0,5.0,2.0,7.0,11.0,6.0,8.0,0.0,0.0,0.0,0.0,100.0,25.0,0.0,0.0,49200.0,28232.0,20200.0,21000.0,0,0
49547,20000.0,0.17739999999999995,720.45,2,105000.0,0,0,n,8.51,1.0,0.0,14.0,0.0,3201.0,23.0,0,0.0,0.0,0.0,0.0,0.0,0.0,0.0,0.0,0.0,0.0,0.0,1.0,1,0.0,0.0,264137.0,0.0,2.0,1.0,2.0,12.0,26547.0,84.0,0.0,3.0,613.0,54.0,23700.0,0.0,3.0,0.0,6.0,20318.0,556.0,70.7,0.0,0.0,119.0,107.0,14.0,12.0,1.0,91.0,17.0,0.0,3.0,6.0,4.0,6.0,6.0,11.0,16.0,6.0,14.0,0.0,0.0,1.0,1.0,90.5,66.7,0.0,0.0,302362.0,29748.0,1900.0,31757.0,0,0
49554,10000.0,0.2055,374.45,2,44000.0,0,0,n,13.07,0.0,1.0,10.0,0.0,8469.0,15.0,0,8916.15,8916.15,2931.01,2931.01,1083.85,1847.16,0.0,0.0,0.0,374.45,0.0,1.0,1,0.0,0.0,10389.0,1.0,1.0,1.0,1.0,8.0,1920.0,64.0,4.0,7.0,2213.0,38.0,24700.0,2.0,0.0,5.0,8.0,1039.0,15820.0,32.7,0.0,0.0,73.0,78.0,4.0,4.0,0.0,4.0,3.0,1.0,7.0,8.0,8.0,10.0,4.0,9.0,11.0,8.0,10.0,0.0,0.0,0.0,5.0,93.3,0.0,0.0,0.0,27700.0,10389.0,23500.0,3000.0,0,0
49624,10000.0,0.2305,387.36,1,55000.0,1,0,n,29.63,0.0,0.0,13.0,0.0,16434.0,24.0,0,9346.38,9346.38,2698.71,2698.71,653.62,2045.09,0.0,0.0,0.0,387.36,0.0,1.0,1,0.0,0.0,43325.0,0.0,2.0,0.0,2.0,13.0,26891.0,81.0,0.0,5.0,6608.0,71.0,27700.0,0.0,4.0,0.0,7.0,3333.0,2359.0,85.3,0.0,0.0,166.0,151.0,14.0,13.0,0.0,20.0,15.0,0.0,5.0,10.0,5.0,7.0,6.0,11.0,18.0,10.0,13.0,0.0,0.0,0.0,0.0,95.8,60.0,0.0,0.0,61051.0,43325.0,16100.0,33351.0,0,0
49631,10000.0,0.1308,227.95,1,26000.0,1,0,n,21.14,0.0,0.0,6.0,0.0,9582.0,6.0,0,0.0,0.0,1360.43,1360.43,642.38,718.05,0.0,0.0,0.0,0.0,0.0,1.0,1,0.0,0.0,17725.0,0.0,4.0,0.0,0.0,125.0,8143.0,73.0,1.0,2.0,0.0,48.0,25600.0,0.0,0.0,0.0,2.0,2954.0,16000.0,0.0,0.0,0.0,136.0,14.0,8.0,8.0,0.0,8.0,14.0,4.0,0.0,1.0,1.0,1.0,4.0,2.0,2.0,1.0,6.0,0.0,0.0,0.0,1.0,33.3,0.0,0.0,0.0,36725.0,17725.0,16000.0,11125.0,0,0
49635,8500.0,0.08810000000000001,269.55,1,74400.0,0,0,n,16.55,0.0,0.0,14.0,0.0,6139.0,22.0,0,0.0,0.0,0.0,0.0,0.0,0.0,0.0,0.0,0.0,0.0,0.0,1.0,1,0.0,0.0,51073.0,0.0,2.0,1.0,2.0,12.0,44934.0,74.0,0.0,2.0,1356.0,44.0,21000.0,1.0,0.0,2.0,4.0,4256.0,3008.0,53.0,0.0,0.0,92.0,123.0,22.0,12.0,1.0,30.0,8.0,1.0,4.0,8.0,4.0,6.0,4.0,12.0,16.0,8.0,13.0,0.0,0.0,0.0,1.0,90.9,25.0,0.0,0.0,70400.0,51073.0,6400.0,49400.0,0,0
49709,40000.0,0.08810000000000001,1268.46,1,150000.0,0,0,n,23.94,0.0,0.0,13.0,0.0,70359.0,17.0,0,34695.81,34695.81,8142.92,8142.92,5304.19,2838.73,0.0,0.0,0.0,634.23,0.0,1.0,1,0.0,0.0,80155.0,1.0,2.0,0.0,1.0,23.0,9796.0,31.0,3.0,6.0,27906.0,49.0,130600.0,1.0,1.0,1.0,7.0,6680.0,50241.0,58.3,0.0,0.0,55.0,354.0,5.0,5.0,0.0,5.0,12.0,0.0,8.0,8.0,9.0,11.0,4.0,11.0,13.0,8.0,13.0,0.0,0.0,0.0,3.0,100.0,44.4,0.0,0.0,162320.0,80155.0,120600.0,31720.0,0,0
49783,3825.0,0.17739999999999995,137.79,1,47500.0,0,0,n,12.3,0.0,0.0,6.0,0.0,2525.0,9.0,0,2862.25,2862.25,1511.92,1511.92,962.75,549.17,0.0,0.0,0.0,137.79,0.0,1.0,1,0.0,0.0,12091.0,0.0,1.0,0.0,0.0,28.0,9566.0,66.0,0.0,1.0,695.0,67.0,3400.0,0.0,0.0,2.0,1.0,2015.0,223.0,86.1,0.0,0.0,55.0,43.0,23.0,23.0,0.0,43.0,1.0,0.0,2.0,5.0,2.0,3.0,3.0,5.0,6.0,5.0,6.0,0.0,0.0,0.0,0.0,100.0,100.0,0.0,0.0,18007.0,12091.0,1600.0,14607.0,0,0
49812,30000.0,0.2055,1123.34,1,300000.0,1,0,n,26.25,1.0,1.0,16.0,0.0,11298.0,35.0,0,24122.47,24122.47,10075.81,10075.81,5877.53,4198.28,0.0,0.0,0.0,0.0,0.0,1.0,1,0.0,0.0,233721.0,2.0,7.0,0.0,2.0,13.0,222423.0,77.0,3.0,4.0,3549.0,49.0,45000.0,3.0,2.0,1.0,6.0,15581.0,32902.0,25.6,0.0,0.0,202.0,276.0,6.0,6.0,4.0,6.0,6.0,4.0,6.0,6.0,7.0,10.0,18.0,8.0,12.0,6.0,16.0,0.0,0.0,1.0,3.0,80.0,57.1,0.0,0.0,332681.0,233721.0,44200.0,287681.0,0,0
49940,25000.0,0.17739999999999995,900.56,3,106000.0,1,0,n,23.72,0.0,1.0,14.0,0.0,72447.0,23.0,0,0.0,0.0,3577.6,3577.6,2171.47,1406.13,0.0,0.0,0.0,0.0,0.0,1.0,1,0.0,106.0,94396.0,0.0,1.0,0.0,0.0,55.0,8330.0,31.0,1.0,1.0,4290.0,67.0,75600.0,0.0,0.0,1.0,1.0,6743.0,357.0,97.4,0.0,0.0,138.0,450.0,9.0,9.0,1.0,9.0,0.0,0.0,6.0,11.0,6.0,7.0,5.0,12.0,16.0,11.0,14.0,0.0,0.0,0.0,1.0,91.3,100.0,0.0,0.0,116163.0,94396.0,13500.0,26944.0,0,0
49984,10000.0,0.08810000000000001,317.12,3,39000.0,1,0,n,16.52,0.0,0.0,5.0,0.0,12923.0,6.0,0,0.0,0.0,946.47,946.47,736.49,209.98,0.0,0.0,0.0,0.0,0.0,1.0,1,0.0,0.0,14498.0,0.0,1.0,0.0,1.0,24.0,1575.0,44.0,0.0,0.0,5439.0,63.0,19500.0,1.0,0.0,0.0,1.0,2900.0,1224.0,88.9,0.0,0.0,45.0,87.0,37.0,24.0,0.0,69.0,24.0,0.0,2.0,4.0,2.0,2.0,2.0,4.0,4.0,4.0,5.0,0.0,0.0,0.0,0.0,100.0,100.0,0.0,0.0,23100.0,14498.0,11000.0,3600.0,0,0
50020,15000.0,0.1308,341.92,2,75000.0,1,0,n,19.01,0.0,0.0,15.0,0.0,10306.0,31.0,0,14236.51,14236.51,2362.92,2362.92,763.49,1599.43,0.0,0.0,0.0,341.92,0.0,1.0,1,0.0,111.0,268913.0,1.0,8.0,1.0,1.0,7.0,34430.0,81.0,0.0,1.0,7567.0,69.0,21900.0,1.0,0.0,2.0,3.0,19208.0,2594.0,79.9,0.0,0.0,144.0,152.0,15.0,4.0,1.0,15.0,5.0,0.0,3.0,3.0,5.0,7.0,21.0,6.0,8.0,3.0,15.0,0.0,0.0,0.0,2.0,100.0,25.0,0.0,0.0,289664.0,44736.0,12900.0,42779.0,0,0
50029,16000.0,0.2565,475.74,1,45000.0,0,0,n,32.56,0.0,1.0,11.0,0.0,9011.0,23.0,0,0.0,0.0,4000.13,4000.13,0.0,1884.42,0.0,2115.71,380.8278,475.74,0.0,1.0,1,0.0,0.0,47080.0,1.0,2.0,1.0,1.0,5.0,38069.0,90.0,0.0,1.0,3752.0,61.0,18200.0,1.0,0.0,1.0,2.0,4280.0,5289.0,61.7,0.0,0.0,59.0,76.0,13.0,5.0,0.0,27.0,5.0,1.0,4.0,5.0,6.0,10.0,6.0,9.0,17.0,5.0,11.0,0.0,0.0,0.0,1.0,95.5,50.0,0.0,0.0,73631.0,47080.0,13800.0,55431.0,0,0
50061,10500.0,0.1308,354.2,2,58000.0,1,0,n,27.73,0.0,0.0,8.0,0.0,9236.0,9.0,0,8274.78,8274.78,3357.27,3357.27,2225.22,1132.05,0.0,0.0,0.0,-177.1,0.0,1.0,1,0.0,0.0,138034.0,3.0,2.0,0.0,1.0,18.0,36254.0,54.0,2.0,3.0,2802.0,56.0,13900.0,0.0,0.0,1.0,5.0,17254.0,1918.0,79.6,0.0,0.0,65.0,31.0,4.0,4.0,1.0,4.0,7.0,0.0,3.0,4.0,3.0,3.0,3.0,5.0,5.0,4.0,8.0,0.0,0.0,0.0,3.0,100.0,66.7,0.0,0.0,173569.0,45490.0,9400.0,66740.0,1,0
50069,27000.0,0.2565,1082.82,2,154168.0,1,0,n,18.41,0.0,3.0,20.0,0.0,64649.0,24.0,0,0.0,0.0,4748.29,4748.29,524.93,480.94,0.0,3742.42,673.6356,0.0,0.0,1.0,1,0.0,0.0,343396.0,2.0,2.0,0.0,0.0,30.0,3214.0,19.0,2.0,8.0,13932.0,65.0,87100.0,1.0,0.0,3.0,8.0,17170.0,13911.0,81.4,0.0,0.0,48.0,288.0,5.0,5.0,2.0,5.0,0.0,0.0,10.0,14.0,12.0,13.0,4.0,17.0,18.0,14.0,20.0,0.0,0.0,0.0,2.0,95.8,75.0,0.0,0.0,462205.0,67863.0,74700.0,17000.0,0,0
50143,18000.0,0.2565,535.21,1,89000.0,1,0,n,30.9,0.0,1.0,26.0,0.0,20999.0,42.0,0,16702.32,16702.32,4791.24,4791.24,1297.68,3493.56,0.0,0.0,0.0,535.21,0.0,1.0,1,0.0,0.0,92471.0,1.0,4.0,3.0,4.0,8.0,69478.0,102.0,2.0,6.0,2834.0,80.0,45400.0,1.0,0.0,3.0,11.0,3557.0,12258.0,51.7,0.0,0.0,176.0,327.0,1.0,1.0,0.0,13.0,6.0,0.0,10.0,17.0,10.0,10.0,17.0,21.0,24.0,17.0,26.0,0.0,0.0,0.0,5.0,100.0,60.0,0.0,0.0,115859.0,92471.0,25400.0,68460.0,0,0
50159,12750.0,0.2055,477.42,2,78000.0,1,0,n,25.44,0.0,1.0,22.0,0.0,20902.0,50.0,0,10712.94,10712.94,4282.22,4282.22,2037.06,2245.16,0.0,0.0,0.0,477.42,0.0,1.0,1,0.0,0.0,317317.0,0.0,14.0,1.0,2.0,12.0,101044.0,98.0,0.0,2.0,6866.0,87.0,36800.0,2.0,9.0,5.0,4.0,14424.0,6324.0,68.4,0.0,0.0,160.0,143.0,18.0,12.0,3.0,23.0,0.0,0.0,3.0,6.0,3.0,4.0,38.0,7.0,9.0,6.0,22.0,0.0,0.0,0.0,1.0,97.9,33.3,0.0,0.0,350797.0,121946.0,20000.0,102892.0,0,0
50202,8800.0,0.0819,276.54,1,70000.0,0,0,n,9.53,0.0,0.0,12.0,0.0,8286.0,18.0,0,6940.77,6940.77,2484.86,2484.86,1859.23,625.63,0.0,0.0,0.0,276.54,0.0,1.0,1,0.0,768.0,13256.0,2.0,1.0,0.0,1.0,17.0,4970.0,71.0,3.0,4.0,1961.0,34.0,32200.0,0.0,1.0,0.0,5.0,1105.0,17380.0,30.2,0.0,0.0,286.0,209.0,4.0,4.0,0.0,4.0,17.0,3.0,6.0,10.0,6.0,6.0,4.0,11.0,14.0,10.0,12.0,0.0,0.0,0.0,3.0,83.3,0.0,0.0,0.0,39200.0,13256.0,24900.0,7000.0,0,0
50222,25000.0,0.17739999999999995,900.56,2,97000.0,0,0,n,14.49,0.0,1.0,6.0,0.0,22136.0,11.0,0,20992.44,20992.44,8080.4,8080.4,4007.56,4072.84,0.0,0.0,0.0,900.56,0.0,1.0,1,0.0,0.0,321068.0,2.0,1.0,0.0,0.0,44.0,6961.0,31.0,3.0,5.0,9976.0,54.0,31500.0,0.0,0.0,3.0,7.0,53511.0,2177.0,90.7,0.0,0.0,121.0,149.0,2.0,2.0,2.0,2.0,0.0,0.0,3.0,4.0,3.0,5.0,2.0,4.0,7.0,4.0,6.0,0.0,0.0,0.0,3.0,100.0,66.7,0.0,0.0,347457.0,29097.0,23500.0,22383.0,0,0
50246,12750.0,0.1612,310.87,2,90000.0,1,0,n,30.04,0.0,0.0,15.0,0.0,20050.0,40.0,0,0.0,0.0,1741.99,1741.99,139.59,159.86,0.0,1442.54,259.6572,0.0,0.0,1.0,0,0.0,0.0,336668.0,5.0,4.0,3.0,5.0,3.0,106819.0,93.0,3.0,3.0,8242.0,64.0,65600.0,3.0,0.0,6.0,9.0,22445.0,17358.0,32.2,0.0,0.0,105.0,99.0,5.0,3.0,4.0,39.0,3.0,0.0,1.0,4.0,4.0,5.0,18.0,10.0,18.0,4.0,15.0,0.0,0.0,0.0,7.0,100.0,25.0,0.0,0.0,388621.0,126869.0,25600.0,111916.0,0,0
50272,5500.0,0.17739999999999995,198.13,1,36552.0,1,0,n,20.06,1.0,0.0,8.0,0.0,5052.0,10.0,0,0.0,0.0,192.71,192.71,116.82,75.89,0.0,0.0,0.0,0.0,0.0,1.0,1,0.0,0.0,26766.0,0.0,1.0,1.0,1.0,9.0,18643.0,92.0,0.0,1.0,856.0,86.0,7700.0,0.0,0.0,1.0,2.0,3346.0,2261.0,31.5,0.0,0.0,142.0,484.0,20.0,9.0,0.0,20.0,9.0,0.0,2.0,5.0,2.0,2.0,2.0,6.0,7.0,5.0,8.0,0.0,0.0,0.0,1.0,90.0,0.0,0.0,0.0,30979.0,26766.0,3300.0,20208.0,0,0
50276,20475.0,0.2055,766.68,1,56000.0,1,0,n,24.69,1.0,2.0,6.0,1.0,1908.0,27.0,0,0.0,0.0,3092.57,3092.57,416.05,327.25,0.0,2349.27,422.8686,0.0,0.0,1.0,1,0.0,0.0,30775.0,1.0,2.0,1.0,4.0,3.0,28867.0,96.0,0.0,1.0,1671.0,65.0,10400.0,4.0,5.0,3.0,5.0,5129.0,7729.0,17.8,0.0,0.0,174.0,75.0,20.0,3.0,0.0,20.0,3.0,4.0,1.0,2.0,3.0,5.0,20.0,4.0,7.0,2.0,6.0,0.0,0.0,1.0,1.0,76.9,0.0,1.0,0.0,65222.0,30775.0,9400.0,54822.0,0,0
50310,10000.0,0.17739999999999995,360.23,1,175000.0,0,0,n,24.77,0.0,3.0,39.0,0.0,69165.0,57.0,1,7964.71,7964.71,3592.44,3592.44,2035.29,1557.15,0.0,0.0,0.0,360.23,0.0,1.0,1,0.0,0.0,78936.0,7.0,2.0,0.0,0.0,35.0,7414.0,7.0,8.0,8.0,5648.0,72.0,85500.0,1.0,0.0,3.0,8.0,2024.0,8353.0,83.2,0.0,0.0,166.0,194.0,0.0,0.0,0.0,0.0,0.0,0.0,22.0,34.0,23.0,30.0,7.0,36.0,49.0,34.0,39.0,0.0,0.0,0.0,8.0,100.0,69.6,0.0,0.0,143359.0,78936.0,49600.0,53162.0,0,0
50365,15000.0,0.1524,521.75,2,5000.0,0,0,n,255.77,0.0,1.0,11.0,0.0,13394.0,32.0,0,0.0,0.0,2596.05,2596.05,666.71,885.84,0.0,1043.5,187.83,0.0,0.0,1.0,0,0.0,0.0,256021.0,3.0,6.0,1.0,1.0,7.0,55127.0,93.0,2.0,4.0,12943.0,75.0,22500.0,1.0,0.0,4.0,8.0,25602.0,9106.0,59.5,0.0,0.0,292.0,154.0,0.0,0.0,4.0,5.0,3.0,0.0,2.0,2.0,3.0,7.0,16.0,3.0,11.0,2.0,11.0,0.0,0.0,0.0,5.0,96.9,50.0,0.0,0.0,268233.0,68521.0,22500.0,58233.0,0,0
50372,20000.0,0.1308,674.65,2,56234.0,1,0,n,17.09,4.0,0.0,8.0,0.0,3258.0,17.0,1,0.0,0.0,2684.07,2684.07,1848.95,835.12,0.0,0.0,0.0,674.65,1.0,1.0,1,0.0,0.0,200165.0,0.0,5.0,0.0,1.0,20.0,23700.0,81.0,0.0,0.0,3230.0,79.0,5100.0,1.0,0.0,0.0,1.0,25021.0,1070.0,75.1,0.0,0.0,136.0,74.0,31.0,20.0,1.0,74.0,15.0,1.0,1.0,2.0,1.0,6.0,7.0,2.0,8.0,2.0,8.0,0.0,0.0,1.0,0.0,73.3,100.0,0.0,0.0,218804.0,26958.0,4300.0,29110.0,0,0
50408,6375.0,0.124,212.97,1,30000.0,1,0,n,29.88,0.0,1.0,8.0,0.0,4450.0,11.0,0,0.0,0.0,1273.43,1273.43,866.95,406.48,0.0,0.0,0.0,0.0,0.0,1.0,1,0.0,0.0,11587.0,0.0,3.0,0.0,0.0,31.0,7137.0,36.0,0.0,0.0,3182.0,32.0,16300.0,0.0,0.0,1.0,0.0,1448.0,9352.0,29.7,0.0,0.0,182.0,155.0,35.0,31.0,0.0,52.0,3.0,0.0,3.0,4.0,3.0,5.0,4.0,5.0,7.0,4.0,8.0,0.0,0.0,0.0,0.0,81.8,0.0,0.0,0.0,36350.0,11587.0,13300.0,20050.0,0,0
50418,30500.0,0.1102,998.82,2,105500.0,0,0,n,29.0,0.0,1.0,12.0,0.0,27016.0,43.0,0,0.0,0.0,6621.32,6621.32,2176.05,801.74,0.0,3643.53,655.8354,998.82,0.0,1.0,1,0.0,0.0,317145.0,2.0,2.0,1.0,2.0,6.0,52699.0,75.0,1.0,2.0,8172.0,61.0,61200.0,3.0,0.0,1.0,4.0,26429.0,15024.0,50.7,0.0,0.0,149.0,140.0,5.0,5.0,3.0,25.0,6.0,0.0,2.0,5.0,4.0,8.0,19.0,9.0,21.0,5.0,12.0,0.0,0.0,0.0,2.0,100.0,25.0,0.0,0.0,379200.0,79715.0,30500.0,70000.0,0,0
50454,8000.0,0.2305,309.89,1,150000.0,1,0,n,10.9,1.0,0.0,7.0,0.0,5975.0,15.0,0,7754.86,7754.86,1539.21,1539.21,245.14,1294.07,0.0,0.0,0.0,309.89,0.0,1.0,1,0.0,0.0,79426.0,0.0,3.0,2.0,2.0,10.0,70141.0,145.0,0.0,1.0,2809.0,123.0,6400.0,1.0,2.0,1.0,4.0,11347.0,425.0,93.4,0.0,0.0,191.0,94.0,23.0,10.0,0.0,23.0,11.0,0.0,3.0,3.0,3.0,4.0,10.0,3.0,4.0,3.0,7.0,0.0,0.0,0.0,2.0,78.6,100.0,0.0,0.0,72304.0,79426.0,6400.0,61012.0,0,0
50459,10500.0,0.0819,213.86,2,52000.0,0,0,n,26.77,0.0,0.0,16.0,0.0,8634.0,34.0,0,8863.45,8863.45,2347.68,2347.68,1636.55,711.13,0.0,0.0,0.0,213.86,0.0,1.0,1,0.0,0.0,157256.0,1.0,10.0,1.0,3.0,4.0,77160.0,92.0,0.0,0.0,5002.0,80.0,24100.0,1.0,0.0,3.0,3.0,9829.0,7998.0,48.4,0.0,0.0,193.0,200.0,32.0,4.0,1.0,32.0,4.0,0.0,2.0,4.0,2.0,2.0,25.0,5.0,8.0,4.0,16.0,0.0,0.0,0.0,1.0,100.0,0.0,0.0,0.0,191574.0,85794.0,15500.0,83495.0,0,0
50536,30000.0,0.17739999999999995,1080.67,2,50000.0,0,0,n,20.19,0.0,0.0,12.0,0.0,14964.0,22.0,0,0.0,0.0,5980.52,5980.52,1021.39,1110.38,0.0,3848.75,692.775,0.0,0.0,1.0,1,0.0,305.0,37901.0,1.0,1.0,0.0,0.0,80.0,22937.0,89.0,1.0,5.0,4902.0,63.0,34400.0,1.0,2.0,1.0,5.0,3158.0,16744.0,39.6,0.0,0.0,149.0,138.0,5.0,5.0,0.0,5.0,7.0,0.0,6.0,10.0,7.0,7.0,9.0,11.0,13.0,10.0,12.0,0.0,0.0,0.0,1.0,100.0,42.9,0.0,0.0,60197.0,37901.0,27700.0,25797.0,0,0
50620,25000.0,0.2305,968.4,1,80000.0,1,0,n,24.14,0.0,0.0,8.0,0.0,12216.0,8.0,0,24511.8,24511.8,5751.67,5751.67,488.2,5263.47,0.0,0.0,0.0,968.4,0.0,1.0,1,0.0,0.0,32018.0,1.0,1.0,0.0,1.0,13.0,19802.0,66.0,1.0,1.0,3855.0,65.0,19000.0,1.0,0.0,1.0,2.0,4002.0,6439.0,50.1,0.0,0.0,35.0,100.0,4.0,4.0,0.0,4.0,12.0,0.0,4.0,5.0,4.0,4.0,2.0,6.0,6.0,5.0,8.0,0.0,0.0,0.0,1.0,100.0,50.0,0.0,0.0,49000.0,32018.0,12900.0,30000.0,0,0
50639,10000.0,0.1102,327.49,2,170000.0,1,0,n,21.86,0.0,1.0,18.0,0.0,30608.0,49.0,0,0.0,0.0,976.35,976.35,713.48,262.87,0.0,0.0,0.0,327.49,0.0,1.0,1,0.0,0.0,518900.0,2.0,2.0,6.0,6.0,5.0,16292.0,16.0,0.0,2.0,9161.0,23.0,133500.0,4.0,1.0,6.0,10.0,28828.0,79620.0,26.8,0.0,0.0,144.0,182.0,14.0,2.0,5.0,14.0,3.0,0.0,8.0,10.0,11.0,16.0,13.0,15.0,31.0,10.0,18.0,0.0,0.0,0.0,7.0,100.0,18.2,0.0,0.0,664977.0,46900.0,108800.0,59477.0,0,0
50793,10800.0,0.16949999999999998,384.79,1,215000.0,1,0,n,4.04,1.0,1.0,7.0,0.0,5123.0,26.0,0,8991.15,8991.15,3452.94,3452.94,1808.85,1644.09,0.0,0.0,0.0,384.79,0.0,1.0,1,0.0,0.0,53108.0,2.0,3.0,1.0,4.0,6.0,47985.0,94.0,2.0,4.0,2656.0,90.0,7900.0,3.0,0.0,3.0,8.0,7587.0,2777.0,64.8,0.0,0.0,145.0,165.0,5.0,5.0,5.0,5.0,5.0,5.0,4.0,4.0,4.0,5.0,15.0,4.0,6.0,4.0,7.0,0.0,0.0,0.0,3.0,75.0,50.0,0.0,0.0,59034.0,53108.0,7900.0,51134.0,0,0
50868,8000.0,0.0646,245.05,1,98000.0,0,0,n,27.3,0.0,0.0,6.0,0.0,13654.0,18.0,0,0.0,0.0,528.17,528.17,396.39,131.78,0.0,0.0,0.0,40.94,0.0,1.0,1,0.0,0.0,86548.0,0.0,2.0,0.0,1.0,19.0,72894.0,77.0,1.0,1.0,7859.0,74.0,19900.0,2.0,0.0,1.0,2.0,14425.0,6246.0,68.6,0.0,0.0,213.0,143.0,9.0,9.0,0.0,9.0,9.0,0.0,4.0,4.0,4.0,10.0,7.0,4.0,11.0,4.0,6.0,0.0,0.0,0.0,1.0,100.0,75.0,0.0,0.0,101016.0,86548.0,19900.0,81116.0,0,0
50872,20400.0,0.2055,763.87,1,85000.0,0,0,n,27.81,0.0,0.0,5.0,0.0,38271.0,13.0,0,16504.0,16504.0,6851.54,6851.54,3896.0,2955.54,0.0,0.0,0.0,0.0,0.0,1.0,1,0.0,0.0,48014.0,0.0,1.0,0.0,1.0,13.0,3623.0,73.0,0.0,0.0,17393.0,97.0,38300.0,0.0,1.0,0.0,1.0,9603.0,29.0,99.9,0.0,0.0,135.0,344.0,91.0,13.0,1.0,271.0,13.0,0.0,3.0,3.0,3.0,7.0,2.0,3.0,9.0,3.0,5.0,0.0,0.0,0.0,0.0,100.0,100.0,0.0,0.0,49434.0,48014.0,38300.0,5000.0,0,0
50890,24000.0,0.1524,573.99,1,65000.0,1,0,n,21.45,0.0,1.0,14.0,0.0,15687.0,16.0,0,21718.49,21718.49,5520.59,5520.59,2281.51,3239.08,0.0,0.0,0.0,573.99,0.0,1.0,1,0.0,0.0,46497.0,1.0,4.0,2.0,2.0,10.0,30810.0,90.0,6.0,10.0,2125.0,79.0,24300.0,1.0,0.0,3.0,12.0,3577.0,5414.0,45.3,0.0,0.0,267.0,14.0,5.0,5.0,0.0,11.0,5.0,0.0,4.0,7.0,5.0,5.0,5.0,9.0,10.0,7.0,14.0,0.0,0.0,0.0,8.0,100.0,20.0,0.0,0.0,58627.0,46497.0,9900.0,34327.0,0,0
50922,12000.0,0.2055,449.34,2,60000.0,1,0,n,28.32,0.0,0.0,6.0,0.0,11291.0,7.0,0,8990.36,8990.36,4929.04,4929.04,3009.64,1919.4,0.0,0.0,0.0,0.0,0.0,1.0,1,0.0,0.0,157229.0,0.0,2.0,1.0,2.0,9.0,52338.0,78.0,0.0,0.0,3492.0,82.0,12700.0,12.0,0.0,15.0,2.0,26205.0,2.0,99.9,0.0,0.0,21.0,69.0,40.0,9.0,1.0,40.0,9.0,0.0,2.0,3.0,2.0,2.0,2.0,3.0,4.0,3.0,6.0,0.0,0.0,0.0,1.0,100.0,100.0,0.0,0.0,170370.0,63629.0,3800.0,60170.0,0,0
50946,27600.0,0.1102,903.86,2,75000.0,1,0,n,27.97,0.0,1.0,18.0,0.0,24149.0,36.0,0,20107.87,20107.87,9925.56,9925.56,7492.13,2433.43,0.0,0.0,0.0,903.86,0.0,1.0,1,0.0,9245.0,214102.0,1.0,4.0,1.0,1.0,5.0,35509.0,63.0,0.0,0.0,7275.0,52.0,57600.0,1.0,0.0,1.0,1.0,11895.0,11468.0,54.9,0.0,0.0,194.0,195.0,38.0,5.0,2.0,43.0,5.0,2.0,3.0,6.0,4.0,5.0,15.0,13.0,19.0,6.0,18.0,0.0,0.0,0.0,1.0,94.4,25.0,0.0,0.0,296644.0,59658.0,25400.0,56480.0,0,0
50955,12000.0,0.2565,356.81,1,62000.0,0,0,n,10.22,0.0,0.0,10.0,0.0,3801.0,11.0,0,0.0,0.0,2480.57,2480.57,748.84,1731.73,0.0,0.0,0.0,0.0,0.0,1.0,1,0.0,0.0,12959.0,3.0,5.0,4.0,5.0,6.0,9158.0,81.0,2.0,3.0,1488.0,82.0,4400.0,1.0,0.0,1.0,8.0,1296.0,599.0,86.4,0.0,0.0,17.0,66.0,5.0,5.0,1.0,5.0,9.0,1.0,5.0,5.0,5.0,5.0,5.0,5.0,5.0,5.0,10.0,0.0,0.0,0.0,6.0,90.9,80.0,0.0,0.0,15736.0,12959.0,4400.0,11336.0,0,0
50990,25125.0,0.0819,789.54,1,65000.0,0,0,n,30.87,0.0,1.0,13.0,0.0,7783.0,23.0,0,20343.44,20343.44,6304.89,6304.89,4781.56,1523.33,0.0,0.0,0.0,0.0,0.0,1.0,1,0.0,0.0,38591.0,5.0,2.0,0.0,1.0,17.0,30808.0,67.0,7.0,9.0,3088.0,44.0,28500.0,1.0,0.0,1.0,10.0,2969.0,12216.0,37.4,0.0,0.0,160.0,98.0,1.0,1.0,0.0,1.0,2.0,0.0,4.0,5.0,4.0,5.0,6.0,11.0,17.0,5.0,13.0,0.0,0.0,0.0,7.0,90.9,0.0,0.0,0.0,84479.0,38591.0,19500.0,55979.0,0,0
51028,40000.0,0.08810000000000001,1268.46,2,85800.0,0,0,n,15.61,0.0,0.0,9.0,1.0,12997.0,12.0,0,38043.26,38043.26,3634.58,3634.58,1956.74,1677.84,0.0,0.0,0.0,0.0,0.0,1.0,1,0.0,0.0,70510.0,1.0,2.0,1.0,2.0,10.0,19172.0,73.0,1.0,2.0,5340.0,72.0,18700.0,3.0,0.0,1.0,4.0,7834.0,5153.0,66.8,0.0,0.0,117.0,67.0,5.0,5.0,1.0,5.0,10.0,0.0,5.0,6.0,5.0,5.0,5.0,6.0,6.0,6.0,8.0,0.0,0.0,0.0,2.0,100.0,0.0,1.0,0.0,136225.0,32169.0,15500.0,26225.0,0,0
51037,30000.0,0.2055,1123.34,3,90000.0,0,0,n,34.83,1.0,1.0,24.0,0.0,26824.0,48.0,0,0.0,0.0,7011.54,7011.54,541.09,548.0,0.0,5922.45,1066.0410000000004,0.0,0.0,1.0,1,0.0,0.0,100639.0,0.0,4.0,0.0,2.0,16.0,73815.0,79.0,0.0,4.0,10144.0,39.0,132400.0,5.0,3.0,2.0,6.0,4193.0,99786.0,21.0,0.0,0.0,106.0,161.0,13.0,13.0,0.0,19.0,1.0,0.0,6.0,7.0,16.0,24.0,12.0,19.0,35.0,7.0,24.0,0.0,0.0,0.0,0.0,97.9,12.5,0.0,0.0,234871.0,100639.0,126300.0,99903.0,0,0
51049,15000.0,0.2565,446.01,2,60000.0,1,0,n,30.14,0.0,0.0,13.0,1.0,20715.0,27.0,0,0.0,0.0,2888.05,2888.05,0.0,870.64,0.0,2017.41,363.1338,446.01,0.0,1.0,1,0.0,234.0,205374.0,1.0,3.0,0.0,3.0,15.0,21967.0,64.0,3.0,3.0,7968.0,72.0,25300.0,2.0,0.0,2.0,6.0,15798.0,1655.0,88.3,0.0,0.0,149.0,149.0,4.0,4.0,1.0,11.0,11.0,0.0,5.0,7.0,5.0,10.0,10.0,9.0,16.0,7.0,13.0,0.0,0.0,0.0,3.0,96.3,60.0,1.0,0.0,232421.0,42682.0,14100.0,34221.0,0,0
51067,17500.0,0.0756,544.85,1,42000.0,0,0,n,37.69,0.0,1.0,9.0,0.0,7493.0,14.0,0,0.0,0.0,2222.05,2222.05,1544.06,627.99,0.0,50.0,9.0,0.0,0.0,1.0,1,0.0,0.0,37340.0,1.0,5.0,2.0,3.0,3.0,29847.0,70.0,2.0,2.0,2846.0,55.0,25500.0,1.0,1.0,1.0,5.0,4149.0,9154.0,23.7,0.0,0.0,38.0,87.0,8.0,3.0,0.0,87.0,3.0,0.0,1.0,4.0,1.0,1.0,6.0,4.0,8.0,4.0,9.0,0.0,0.0,0.0,4.0,100.0,0.0,0.0,0.0,67920.0,37340.0,12000.0,42420.0,0,0
51138,11000.0,0.17739999999999995,396.25,2,70000.0,1,0,n,13.18,1.0,3.0,9.0,0.0,10990.0,28.0,1,10533.41,10533.41,2045.16,2045.16,466.59,1578.57,0.0,0.0,0.0,396.25,0.0,1.0,1,0.0,0.0,345231.0,2.0,1.0,0.0,3.0,17.0,20910.0,84.0,2.0,2.0,2075.0,75.0,17700.0,2.0,0.0,4.0,5.0,38359.0,6608.0,44.9,0.0,0.0,160.0,171.0,2.0,2.0,2.0,2.0,0.0,1.0,3.0,6.0,4.0,9.0,7.0,7.0,19.0,6.0,9.0,0.0,0.0,0.0,2.0,82.1,50.0,0.0,0.0,366654.0,31900.0,12000.0,24932.0,0,0
51242,31000.0,0.14300000000000002,726.15,3,200000.0,1,0,n,11.36,0.0,0.0,14.0,0.0,20420.0,40.0,0,27511.06,27511.06,6873.8,6873.8,3488.94,3384.86,0.0,0.0,0.0,363.08,0.0,1.0,1,0.0,0.0,775059.0,2.0,7.0,0.0,1.0,16.0,119798.0,101.0,2.0,3.0,8382.0,86.0,33000.0,0.0,7.0,5.0,8.0,55361.0,5173.0,75.4,0.0,0.0,220.0,145.0,6.0,2.0,5.0,15.0,2.0,0.0,2.0,3.0,3.0,7.0,21.0,6.0,14.0,3.0,14.0,0.0,0.0,0.0,5.0,100.0,66.7,0.0,0.0,803178.0,140218.0,21000.0,134902.0,0,0
51256,40000.0,0.1308,911.77,1,260000.0,1,0,n,5.69,0.0,0.0,13.0,0.0,28249.0,17.0,0,36876.51,36876.51,8176.86,8176.86,3123.49,5053.37,0.0,0.0,0.0,911.77,0.0,1.0,1,0.0,0.0,36297.0,0.0,1.0,1.0,1.0,10.0,8048.0,81.0,0.0,1.0,8371.0,67.0,44200.0,1.0,0.0,2.0,2.0,3025.0,11071.0,71.2,0.0,0.0,120.0,132.0,17.0,10.0,0.0,34.0,10.0,0.0,9.0,10.0,10.0,12.0,2.0,12.0,15.0,10.0,13.0,0.0,0.0,0.0,1.0,100.0,66.7,0.0,0.0,54200.0,36297.0,38400.0,10000.0,0,0
51265,20000.0,0.2055,748.89,1,99000.0,1,0,n,10.24,0.0,1.0,12.0,0.0,26002.0,14.0,0,0.0,0.0,1474.95,1474.95,513.84,961.11,0.0,0.0,0.0,0.0,0.0,1.0,1,0.0,0.0,32347.0,0.0,2.0,0.0,0.0,33.0,6345.0,30.0,0.0,2.0,9081.0,48.0,46500.0,0.0,0.0,1.0,2.0,2696.0,20498.0,55.9,0.0,0.0,63.0,74.0,17.0,17.0,0.0,17.0,1.0,0.0,8.0,8.0,10.0,11.0,2.0,10.0,12.0,8.0,12.0,0.0,0.0,0.0,0.0,100.0,30.0,0.0,0.0,67773.0,32347.0,46500.0,21273.0,0,0
51297,18000.0,0.1862,656.36,1,65000.0,1,0,n,22.29,1.0,1.0,11.0,0.0,9884.0,27.0,0,15860.71,15860.71,5232.26,5232.26,2139.29,3092.97,0.0,0.0,0.0,656.36,0.0,1.0,1,0.0,0.0,69553.0,4.0,3.0,0.0,3.0,13.0,59669.0,61.0,5.0,5.0,4125.0,58.0,18400.0,4.0,4.0,1.0,8.0,6323.0,3119.0,63.3,0.0,0.0,98.0,111.0,2.0,2.0,0.0,2.0,2.0,1.0,2.0,5.0,2.0,4.0,8.0,7.0,19.0,5.0,11.0,0.0,0.0,0.0,5.0,72.0,0.0,0.0,0.0,84074.0,69553.0,8500.0,65674.0,0,0
51367,35000.0,0.28800000000000003,1106.71,2,70000.0,1,0,n,52.44,1.0,1.0,9.0,0.0,58174.0,31.0,0,32007.7,32007.7,12117.81,12117.81,2992.3,9125.51,0.0,0.0,0.0,1106.71,1.0,1.0,0,0.0,399.0,509156.0,0.0,2.0,0.0,0.0,27.0,60575.0,37.0,2.0,2.0,14369.0,76.0,64500.0,3.0,2.0,4.0,2.0,56573.0,5006.0,84.2,0.0,0.0,125.0,189.0,7.0,7.0,3.0,10.0,0.0,0.0,4.0,6.0,4.0,7.0,11.0,6.0,17.0,6.0,9.0,0.0,0.0,0.0,2.0,96.8,75.0,0.0,0.0,580730.0,118749.0,31700.0,98529.0,0,0
51371,15000.0,0.124,501.09,2,65000.0,0,0,n,31.54,0.0,2.0,15.0,0.0,21051.0,29.0,1,10883.33,10883.33,5636.76,5636.76,4116.67,1520.09,0.0,0.0,0.0,510.0,0.0,1.0,1,0.0,0.0,156578.0,2.0,2.0,0.0,1.0,24.0,21605.0,55.0,3.0,5.0,5959.0,52.0,42900.0,0.0,2.0,2.0,6.0,10439.0,10055.0,62.5,0.0,0.0,157.0,278.0,3.0,3.0,3.0,3.0,0.0,0.0,4.0,7.0,6.0,11.0,5.0,12.0,21.0,8.0,15.0,0.0,0.0,0.0,3.0,96.6,50.0,0.0,0.0,230579.0,42656.0,26800.0,39212.0,0,0
51375,25000.0,0.1862,643.3,2,30000.0,0,0,n,91.32,0.0,2.0,12.0,0.0,7919.0,19.0,0,0.0,0.0,617.44,617.44,190.73,426.71,0.0,0.0,0.0,643.3,0.0,1.0,0,0.0,0.0,36531.0,0.0,2.0,0.0,2.0,16.0,16315.0,40.0,0.0,2.0,1902.0,48.0,16300.0,1.0,1.0,3.0,5.0,3321.0,8381.0,48.6,0.0,0.0,149.0,121.0,16.0,16.0,0.0,16.0,0.0,0.0,7.0,7.0,8.0,10.0,6.0,8.0,12.0,7.0,12.0,0.0,0.0,0.0,0.0,100.0,0.0,0.0,0.0,76279.0,36531.0,16300.0,41299.0,0,0
51407,11000.0,0.1102,360.24,2,90000.0,0,0,n,11.19,0.0,1.0,7.0,0.0,10604.0,7.0,0,8823.22,8823.22,3235.43,3235.43,2176.78,1058.65,0.0,0.0,0.0,360.24,0.0,1.0,1,0.0,0.0,32142.0,2.0,2.0,1.0,1.0,4.0,21538.0,60.0,1.0,2.0,3666.0,64.0,13900.0,1.0,0.0,2.0,3.0,4592.0,3164.0,73.9,0.0,0.0,40.0,51.0,3.0,3.0,0.0,3.0,4.0,0.0,3.0,4.0,4.0,4.0,2.0,5.0,5.0,4.0,7.0,0.0,0.0,0.0,2.0,100.0,75.0,0.0,0.0,49972.0,32142.0,12100.0,36072.0,0,0
51439,36000.0,0.2055,964.84,2,37440.0,1,0,n,63.59,0.0,1.0,8.0,0.0,30088.0,15.0,0,0.0,0.0,2853.42,2853.42,1412.11,1441.31,0.0,0.0,0.0,0.0,0.0,1.0,0,0.0,0.0,313593.0,1.0,3.0,1.0,1.0,5.0,43879.0,69.0,0.0,0.0,17974.0,74.0,35600.0,0.0,0.0,1.0,1.0,39199.0,4514.0,87.0,0.0,0.0,156.0,184.0,33.0,5.0,2.0,36.0,0.0,0.0,3.0,4.0,3.0,5.0,7.0,4.0,6.0,4.0,8.0,0.0,0.0,0.0,1.0,93.3,66.7,0.0,0.0,352731.0,73967.0,34600.0,63773.0,0,0
51483,5500.0,0.1308,185.53,2,90000.0,0,0,n,9.05,0.0,1.0,10.0,0.0,5317.0,44.0,1,4180.78,4180.78,1851.3,1851.3,1319.22,532.08,0.0,0.0,0.0,185.53,0.0,1.0,1,0.0,9628.0,27606.0,2.0,4.0,1.0,1.0,8.0,22289.0,71.0,3.0,3.0,2880.0,41.0,35100.0,2.0,0.0,12.0,5.0,2761.0,28443.0,15.6,0.0,0.0,196.0,202.0,2.0,2.0,7.0,3.0,2.0,9.0,2.0,3.0,4.0,13.0,21.0,6.0,16.0,3.0,10.0,0.0,0.0,0.0,5.0,77.3,25.0,0.0,0.0,66682.0,27606.0,33700.0,31582.0,0,0
51490,5300.0,0.1612,186.65,1,55000.0,1,0,n,24.83,0.0,0.0,8.0,0.0,9608.0,10.0,1,4717.04,4717.04,1115.15,1115.15,582.96,532.19,0.0,0.0,0.0,559.95,0.0,1.0,1,0.0,0.0,23339.0,1.0,3.0,1.0,2.0,4.0,13731.0,55.0,0.0,0.0,7490.0,51.0,20900.0,1.0,0.0,0.0,2.0,2917.0,11292.0,46.0,0.0,0.0,59.0,109.0,29.0,4.0,0.0,29.0,17.0,0.0,3.0,3.0,5.0,5.0,4.0,5.0,6.0,3.0,8.0,0.0,0.0,0.0,1.0,100.0,20.0,0.0,0.0,45908.0,23339.0,20900.0,25008.0,0,0
51507,6000.0,0.1308,202.4,2,98000.0,1,0,n,12.28,1.0,1.0,7.0,0.0,12540.0,21.0,0,0.0,0.0,400.44,400.44,275.49,124.95,0.0,0.0,0.0,202.4,0.0,1.0,1,0.0,5000.0,294966.0,2.0,2.0,3.0,3.0,3.0,85910.0,97.0,1.0,1.0,8268.0,81.0,20600.0,0.0,5.0,2.0,4.0,42138.0,6060.0,67.4,0.0,0.0,162.0,230.0,6.0,3.0,1.0,6.0,6.0,2.0,3.0,3.0,3.0,3.0,12.0,4.0,8.0,3.0,7.0,0.0,0.0,1.0,4.0,85.7,33.3,0.0,0.0,351196.0,98450.0,18600.0,85616.0,0,0
51509,7000.0,0.1033,226.96,3,52000.0,0,0,n,6.46,0.0,0.0,6.0,0.0,4923.0,6.0,1,0.0,0.0,676.86,676.86,359.07,317.79,0.0,0.0,0.0,0.0,0.0,1.0,1,0.0,0.0,10550.0,0.0,1.0,1.0,1.0,7.0,5627.0,85.0,2.0,2.0,2588.0,51.0,14000.0,1.0,0.0,1.0,3.0,1758.0,9077.0,35.2,0.0,0.0,7.0,77.0,8.0,7.0,0.0,8.0,7.0,0.0,2.0,2.0,5.0,5.0,1.0,5.0,5.0,2.0,6.0,0.0,0.0,0.0,3.0,100.0,20.0,0.0,0.0,20600.0,10550.0,14000.0,6600.0,0,0
51559,12750.0,0.1862,464.92,2,37000.0,1,0,n,66.07,0.0,0.0,9.0,0.0,3411.0,13.0,0,9580.08,9580.08,5100.93,5100.93,3169.92,1931.01,0.0,0.0,0.0,464.92,0.0,1.0,0,0.0,0.0,82663.0,0.0,4.0,1.0,2.0,7.0,79252.0,59.0,0.0,0.0,1660.0,54.0,11900.0,0.0,0.0,1.0,2.0,10333.0,5189.0,39.7,0.0,0.0,151.0,151.0,59.0,7.0,0.0,59.0,9.0,0.0,3.0,3.0,4.0,4.0,8.0,5.0,5.0,3.0,9.0,0.0,0.0,0.0,1.0,84.6,33.3,0.0,0.0,116192.0,82663.0,8600.0,104292.0,0,0
51583,15000.0,0.2055,402.02,3,75000.0,0,0,n,19.5,0.0,0.0,26.0,0.0,30647.0,44.0,0,14234.39,14234.39,3601.06,3601.06,765.61,2835.45,0.0,0.0,0.0,402.02,1.0,1.0,1,0.0,2043.0,137721.0,1.0,13.0,1.0,4.0,10.0,107074.0,139.0,1.0,3.0,16040.0,97.0,65100.0,1.0,0.0,0.0,7.0,5297.0,25447.0,53.6,0.0,0.0,168.0,366.0,5.0,5.0,0.0,21.0,19.0,11.0,7.0,9.0,7.0,8.0,28.0,13.0,16.0,9.0,26.0,0.0,0.0,0.0,2.0,73.8,14.3,0.0,0.0,142132.0,137721.0,54800.0,77032.0,0,0
51604,19200.0,0.28800000000000003,607.11,3,90000.0,0,0,n,15.44,0.0,2.0,15.0,2.0,6376.0,35.0,1,19200.0,19200.0,3611.94,3611.94,0.0,3611.94,0.0,0.0,0.0,607.11,0.0,1.0,0,0.0,0.0,375170.0,3.0,4.0,4.0,6.0,5.0,90627.0,101.0,2.0,11.0,2183.0,29.0,70400.0,4.0,5.0,6.0,19.0,25011.0,49506.0,5.5,0.0,0.0,129.0,227.0,5.0,2.0,2.0,5.0,4.0,0.0,3.0,5.0,8.0,17.0,12.0,10.0,21.0,5.0,15.0,0.0,0.0,0.0,8.0,100.0,0.0,2.0,0.0,425882.0,97003.0,52400.0,77315.0,0,0
51676,6600.0,0.1171,218.31,3,62000.0,1,0,n,12.06,2.0,0.0,5.0,1.0,11145.0,9.0,0,5032.47,5032.47,2178.81,2178.81,1567.53,611.28,0.0,0.0,0.0,436.62,0.0,1.0,1,0.0,0.0,15775.0,0.0,1.0,1.0,1.0,11.0,4630.0,77.0,0.0,0.0,1763.0,78.0,14200.0,1.0,0.0,1.0,1.0,3155.0,236.0,92.1,0.0,0.0,11.0,378.0,37.0,11.0,0.0,37.0,11.0,0.0,2.0,4.0,2.0,5.0,1.0,4.0,8.0,4.0,5.0,0.0,0.0,0.0,1.0,66.7,100.0,1.0,0.0,20200.0,15775.0,3000.0,6000.0,0,0
51696,26000.0,0.1524,904.36,2,130000.0,1,0,n,15.41,0.0,1.0,12.0,0.0,26147.0,29.0,0,0.0,0.0,5849.53,5849.53,574.16,308.19,0.0,4967.18,894.0924,0.0,0.0,1.0,1,0.0,0.0,370498.0,3.0,2.0,2.0,2.0,2.0,24629.0,88.0,1.0,3.0,8418.0,74.0,40800.0,2.0,4.0,7.0,7.0,30875.0,5120.0,79.2,0.0,0.0,112.0,154.0,6.0,2.0,6.0,6.0,2.0,0.0,5.0,8.0,6.0,6.0,11.0,9.0,12.0,8.0,12.0,0.0,0.0,0.0,5.0,100.0,66.7,0.0,0.0,389091.0,50776.0,24600.0,28042.0,0,0
51706,10000.0,0.2565,401.05,1,62000.0,1,0,n,16.24,0.0,1.0,17.0,0.0,5426.0,20.0,1,0.0,0.0,1600.22,1600.22,378.6,1221.62,0.0,0.0,0.0,401.05,0.0,1.0,1,0.0,0.0,44683.0,2.0,10.0,1.0,1.0,1.0,39257.0,89.0,1.0,3.0,1999.0,83.0,9800.0,2.0,3.0,6.0,4.0,2628.0,1589.0,75.2,0.0,0.0,65.0,40.0,4.0,1.0,0.0,4.0,1.0,0.0,3.0,5.0,3.0,3.0,11.0,7.0,9.0,5.0,17.0,0.0,0.0,0.0,2.0,100.0,33.3,0.0,0.0,53950.0,44683.0,6400.0,44150.0,0,0
51718,5825.0,0.2565,233.61,2,130000.0,0,0,n,36.68,0.0,0.0,26.0,0.0,71826.0,46.0,0,0.0,0.0,692.53,692.53,334.34,358.19,0.0,0.0,0.0,0.0,0.0,1.0,1,0.0,0.0,347850.0,0.0,6.0,0.0,2.0,15.0,62041.0,74.0,1.0,3.0,7857.0,75.0,94300.0,1.0,6.0,0.0,6.0,13379.0,15800.0,77.4,0.0,0.0,268.0,373.0,12.0,12.0,2.0,12.0,15.0,0.0,12.0,15.0,13.0,16.0,20.0,18.0,24.0,15.0,26.0,0.0,0.0,0.0,1.0,97.8,61.5,0.0,0.0,409961.0,133867.0,69900.0,84038.0,0,0
51768,36000.0,0.0756,1120.82,1,107000.0,0,0,n,22.04,0.0,0.0,16.0,0.0,43280.0,35.0,0,0.0,0.0,0.0,0.0,0.0,0.0,0.0,0.0,0.0,0.0,0.0,1.0,1,0.0,0.0,49581.0,3.0,1.0,0.0,1.0,24.0,6301.0,34.0,5.0,6.0,5664.0,35.0,123200.0,0.0,0.0,1.0,7.0,3099.0,55857.0,31.9,0.0,0.0,123.0,179.0,3.0,3.0,0.0,3.0,7.0,0.0,7.0,11.0,9.0,14.0,7.0,15.0,27.0,11.0,16.0,0.0,0.0,0.0,5.0,100.0,0.0,0.0,0.0,141842.0,49581.0,82000.0,18642.0,0,0
51842,12000.0,0.1612,422.6,1,50000.0,1,0,n,3.79,0.0,1.0,6.0,0.0,1168.0,7.0,0,11307.5,11307.5,2102.25,2102.25,692.5,1409.75,0.0,0.0,0.0,0.0,0.0,1.0,0,0.0,0.0,1554.0,2.0,1.0,1.0,1.0,8.0,386.0,73.0,3.0,4.0,229.0,18.0,8100.0,0.0,0.0,3.0,5.0,259.0,271.0,45.8,0.0,0.0,8.0,27.0,2.0,2.0,0.0,8.0,2.0,0.0,1.0,4.0,1.0,1.0,1.0,5.0,5.0,4.0,6.0,0.0,0.0,0.0,4.0,100.0,0.0,0.0,0.0,8626.0,1554.0,500.0,526.0,0,0
51845,8000.0,0.1171,264.61,2,110000.0,1,0,n,30.72,1.0,1.0,27.0,0.0,42255.0,71.0,0,0.0,0.0,259.41,259.41,186.55,72.86,0.0,0.0,0.0,264.61,0.0,1.0,1,0.0,0.0,407957.0,1.0,9.0,1.0,1.0,7.0,87280.0,63.0,1.0,2.0,5960.0,55.0,81100.0,2.0,9.0,2.0,3.0,15110.0,22433.0,55.1,0.0,0.0,161.0,239.0,2.0,2.0,5.0,26.0,2.0,0.0,8.0,12.0,10.0,20.0,24.0,17.0,42.0,12.0,27.0,0.0,0.0,0.0,2.0,97.2,40.0,0.0,0.0,490711.0,129535.0,50000.0,114831.0,0,0
51868,14400.0,0.2305,557.8,3,30000.0,1,0,n,28.04,0.0,0.0,11.0,0.0,15839.0,17.0,0,0.0,0.0,2576.59,2576.59,665.04,1911.55,0.0,0.0,0.0,263.83,0.0,1.0,1,0.0,0.0,28118.0,2.0,1.0,1.0,1.0,3.0,12279.0,100.0,2.0,6.0,4831.0,46.0,49300.0,0.0,1.0,0.0,7.0,2556.0,13309.0,45.9,0.0,0.0,79.0,65.0,3.0,3.0,0.0,22.0,19.0,0.0,4.0,6.0,5.0,8.0,2.0,10.0,15.0,6.0,11.0,0.0,0.0,0.0,3.0,100.0,0.0,0.0,0.0,61579.0,28118.0,24600.0,12279.0,0,0
51923,25000.0,0.2055,670.03,1,65000.0,0,0,n,23.41,0.0,1.0,9.0,0.0,11609.0,14.0,0,0.0,0.0,641.49,641.49,241.91,399.58,0.0,0.0,0.0,0.0,0.0,1.0,1,0.0,0.0,64929.0,2.0,2.0,1.0,2.0,5.0,53320.0,87.0,1.0,1.0,6139.0,73.0,28200.0,3.0,1.0,3.0,3.0,7214.0,7191.0,61.8,0.0,0.0,64.0,111.0,6.0,5.0,0.0,6.0,5.0,0.0,3.0,3.0,5.0,6.0,5.0,7.0,9.0,3.0,9.0,0.0,0.0,0.0,2.0,100.0,40.0,0.0,0.0,89305.0,64929.0,18800.0,61105.0,0,0
51924,5475.0,0.2565,219.58,1,180000.0,1,0,n,31.13,0.0,1.0,10.0,0.0,54920.0,24.0,0,5090.0,5090.0,1534.88,1534.88,385.0,1149.88,0.0,0.0,0.0,219.58,0.0,1.0,1,0.0,0.0,144382.0,1.0,5.0,2.0,5.0,6.0,77824.0,69.0,0.0,1.0,20054.0,78.0,56900.0,1.0,0.0,2.0,6.0,14438.0,1980.0,96.5,0.0,0.0,144.0,264.0,22.0,6.0,1.0,22.0,6.0,0.0,4.0,4.0,4.0,7.0,15.0,4.0,7.0,4.0,10.0,0.0,0.0,0.0,2.0,100.0,100.0,0.0,0.0,209191.0,144382.0,56900.0,113047.0,0,0
51947,9500.0,0.17739999999999995,342.21,1,55000.0,1,0,n,13.11,0.0,0.0,9.0,0.0,9724.0,9.0,0,8946.78,8946.78,1628.36,1628.36,553.22,1075.14,0.0,0.0,0.0,342.21,0.0,1.0,1,0.0,0.0,13419.0,1.0,1.0,0.0,0.0,42.0,3695.0,32.0,1.0,5.0,3266.0,48.0,16500.0,0.0,1.0,0.0,5.0,1491.0,0.0,100.2,0.0,0.0,42.0,49.0,2.0,2.0,0.0,14.0,14.0,0.0,2.0,8.0,2.0,2.0,1.0,8.0,8.0,8.0,9.0,0.0,0.0,0.0,1.0,100.0,100.0,0.0,0.0,28243.0,13419.0,3800.0,11743.0,0,0
51957,10625.0,0.16949999999999998,378.55,2,75000.0,1,0,n,36.58,0.0,1.0,23.0,0.0,24145.0,39.0,0,0.0,0.0,872.09,872.09,460.17,286.92,0.0,125.0,22.5,0.0,0.0,1.0,1,0.0,0.0,212040.0,1.0,3.0,1.0,2.0,7.0,56820.0,76.0,3.0,5.0,3410.0,46.0,73800.0,1.0,0.0,4.0,8.0,9219.0,31977.0,28.5,0.0,0.0,84.0,77.0,2.0,2.0,1.0,2.0,2.0,0.0,6.0,13.0,9.0,10.0,14.0,19.0,24.0,13.0,23.0,0.0,0.0,0.0,5.0,100.0,22.2,0.0,0.0,281393.0,80965.0,44700.0,75039.0,0,0
51970,14900.0,0.2565,597.56,1,95000.0,1,0,n,28.01,0.0,2.0,14.0,0.0,8981.0,22.0,0,0.0,0.0,3038.59,3038.59,564.11,609.78,0.0,1864.7,335.646,0.0,0.0,1.0,1,0.0,0.0,79721.0,2.0,4.0,3.0,4.0,4.0,70740.0,77.0,3.0,6.0,5870.0,45.0,40400.0,1.0,1.0,3.0,10.0,5694.0,19111.0,30.8,0.0,0.0,165.0,165.0,8.0,4.0,0.0,8.0,2.0,0.0,4.0,6.0,4.0,7.0,7.0,10.0,15.0,6.0,14.0,0.0,0.0,0.0,6.0,100.0,0.0,0.0,0.0,119807.0,79721.0,27600.0,79407.0,0,0
51995,20000.0,0.2055,748.89,1,110000.0,1,0,n,25.64,0.0,1.0,6.0,0.0,12240.0,44.0,0,16178.79,16178.79,6717.18,6717.18,3821.21,2895.97,0.0,0.0,0.0,748.89,0.0,1.0,1,0.0,0.0,98454.0,2.0,4.0,1.0,7.0,1.0,86214.0,92.0,1.0,3.0,9962.0,91.0,14500.0,2.0,16.0,1.0,10.0,16409.0,38.0,99.6,0.0,0.0,172.0,134.0,2.0,1.0,2.0,98.0,0.0,0.0,1.0,2.0,1.0,8.0,20.0,2.0,22.0,2.0,6.0,0.0,0.0,0.0,2.0,93.0,100.0,0.0,0.0,111248.0,98454.0,10000.0,96748.0,0,0
52009,6000.0,0.28800000000000003,250.79,2,150600.0,1,0,n,24.92,1.0,1.0,18.0,0.0,35204.0,51.0,0,5327.37,5327.37,1996.72,1996.72,672.63,1324.09,0.0,0.0,0.0,250.79,0.0,1.0,1,0.0,0.0,87264.0,2.0,4.0,1.0,4.0,5.0,51596.0,62.0,1.0,3.0,12191.0,61.0,52900.0,4.0,14.0,3.0,7.0,5133.0,13583.0,58.8,0.0,0.0,131.0,223.0,5.0,5.0,1.0,5.0,5.0,0.0,6.0,11.0,7.0,10.0,27.0,13.0,21.0,11.0,18.0,0.0,0.0,0.0,2.0,98.0,42.9,0.0,0.0,142557.0,87264.0,33000.0,83798.0,0,0
52075,35000.0,0.124,785.65,2,96000.0,1,0,n,26.69,0.0,1.0,11.0,0.0,3725.0,26.0,0,0.0,0.0,761.54,761.54,423.98,337.56,0.0,0.0,0.0,0.0,0.0,1.0,1,0.0,0.0,277039.0,4.0,3.0,1.0,2.0,2.0,101060.0,51.0,3.0,3.0,3398.0,33.0,29100.0,3.0,0.0,2.0,6.0,27704.0,22202.0,13.3,0.0,0.0,151.0,221.0,3.0,2.0,3.0,3.0,5.0,0.0,1.0,2.0,5.0,5.0,15.0,7.0,8.0,2.0,11.0,0.0,0.0,0.0,5.0,96.2,0.0,0.0,0.0,329454.0,104785.0,25600.0,126754.0,0,0
52122,25000.0,0.124,561.18,3,111000.0,0,0,n,35.04,0.0,0.0,14.0,0.0,35815.0,56.0,0,0.0,0.0,3227.5,3227.5,1593.29,1634.21,0.0,0.0,0.0,1000.0,0.0,1.0,1,0.0,686.0,166978.0,0.0,5.0,0.0,2.0,14.0,111935.0,71.0,0.0,3.0,9869.0,80.0,41600.0,0.0,36.0,0.0,5.0,11927.0,506.0,95.7,0.0,0.0,174.0,245.0,16.0,14.0,4.0,16.0,16.0,0.0,2.0,7.0,3.0,4.0,36.0,8.0,16.0,7.0,14.0,0.0,0.0,0.0,0.0,98.2,66.7,0.0,0.0,214286.0,147750.0,11900.0,147386.0,0,0
52134,25525.0,0.14300000000000002,597.9,2,10000.0,1,0,n,265.67,0.0,0.0,11.0,0.0,21612.0,29.0,0,23074.55,23074.55,4742.64,4742.64,2450.45,2292.19,0.0,0.0,0.0,597.9,0.0,1.0,0,0.0,0.0,326974.0,1.0,3.0,0.0,2.0,13.0,46901.0,74.0,1.0,3.0,11382.0,79.0,25300.0,2.0,0.0,4.0,7.0,29725.0,1350.0,93.7,0.0,0.0,109.0,127.0,4.0,4.0,4.0,15.0,1.0,0.0,3.0,5.0,4.0,7.0,9.0,7.0,16.0,5.0,11.0,0.0,0.0,0.0,2.0,100.0,75.0,0.0,0.0,355901.0,68513.0,21500.0,70500.0,0,0
52170,12600.0,0.08810000000000001,399.57,2,75000.0,1,0,n,18.94,1.0,0.0,14.0,1.0,11067.0,19.0,0,10862.04,10862.04,2790.84,2790.84,1737.96,1052.88,0.0,0.0,0.0,399.57,0.0,1.0,1,0.0,0.0,392316.0,0.0,2.0,1.0,2.0,12.0,33940.0,87.0,0.0,2.0,2787.0,61.0,34700.0,2.0,0.0,3.0,5.0,28023.0,17955.0,22.6,0.0,0.0,42.0,66.0,16.0,12.0,1.0,35.0,6.0,0.0,5.0,9.0,7.0,9.0,3.0,11.0,15.0,9.0,14.0,0.0,0.0,0.0,1.0,94.4,0.0,1.0,0.0,427215.0,45007.0,23200.0,39036.0,0,0
52196,15950.0,0.1862,410.43,3,85000.0,1,0,n,8.68,0.0,1.0,19.0,0.0,18452.0,20.0,1,0.0,0.0,804.36,804.36,303.48,500.88,0.0,0.0,0.0,0.0,0.0,1.0,1,0.0,0.0,25042.0,1.0,1.0,0.0,1.0,13.0,6590.0,66.0,4.0,4.0,6784.0,37.0,56900.0,1.0,0.0,1.0,5.0,1318.0,25902.0,39.9,0.0,0.0,13.0,94.0,3.0,3.0,0.0,3.0,3.0,0.0,6.0,9.0,9.0,10.0,1.0,18.0,19.0,9.0,19.0,0.0,0.0,0.0,4.0,100.0,22.2,0.0,0.0,66900.0,25042.0,43100.0,10000.0,0,0
52200,3900.0,0.1612,137.35,1,55000.0,0,0,n,20.38,0.0,0.0,19.0,0.0,3462.0,23.0,1,3257.86,3257.86,954.46,954.46,642.14,312.32,0.0,0.0,0.0,137.35,0.0,1.0,1,0.0,376.0,22432.0,4.0,2.0,1.0,1.0,11.0,18970.0,80.0,9.0,19.0,803.0,56.0,16100.0,0.0,0.0,0.0,20.0,1181.0,5719.0,15.9,0.0,0.0,34.0,23.0,1.0,1.0,0.0,12.0,19.0,1.0,2.0,13.0,4.0,4.0,3.0,17.0,19.0,13.0,19.0,0.0,0.0,0.0,10.0,95.7,0.0,0.0,0.0,39865.0,22432.0,6800.0,23765.0,0,0
52205,10625.0,0.2305,411.57,2,115000.0,1,0,n,21.95,0.0,0.0,7.0,0.0,8824.0,17.0,0,0.0,0.0,2044.24,2044.24,1036.29,1007.95,0.0,0.0,0.0,411.57,0.0,1.0,1,0.0,0.0,79850.0,1.0,5.0,1.0,3.0,6.0,71026.0,73.0,0.0,1.0,824.0,76.0,9000.0,3.0,5.0,0.0,4.0,11407.0,176.0,82.4,0.0,0.0,182.0,175.0,20.0,6.0,0.0,20.0,20.0,1.0,1.0,2.0,1.0,3.0,13.0,2.0,4.0,2.0,7.0,0.0,0.0,0.0,1.0,82.4,100.0,0.0,0.0,109034.0,79850.0,1000.0,100034.0,0,0
52219,4200.0,0.1612,147.91,2,57000.0,0,0,n,13.24,2.0,1.0,5.0,0.0,5890.0,27.0,1,3123.21,3123.21,1619.49,1619.49,1076.79,542.7,0.0,0.0,0.0,0.0,0.0,1.0,1,0.0,0.0,59930.0,1.0,1.0,0.0,0.0,29.0,16939.0,70.0,1.0,1.0,29.0,70.0,8500.0,0.0,0.0,1.0,1.0,11986.0,471.0,5.8,0.0,0.0,154.0,183.0,5.0,5.0,3.0,65.0,5.0,7.0,1.0,2.0,1.0,6.0,9.0,3.0,15.0,2.0,5.0,0.0,0.0,1.0,1.0,65.4,0.0,0.0,0.0,96967.0,22829.0,500.0,24067.0,0,0
52272,8500.0,0.14300000000000002,291.75,2,103789.0,0,0,n,14.58,0.0,1.0,9.0,0.0,5595.0,24.0,0,0.0,0.0,1658.55,1658.55,383.19,193.56,0.0,1081.8,194.724,0.0,0.0,1.0,1,0.0,66.0,400268.0,2.0,1.0,1.0,3.0,8.0,25553.0,85.0,2.0,2.0,1761.0,67.0,16300.0,0.0,0.0,2.0,5.0,44474.0,4473.0,46.1,0.0,0.0,140.0,148.0,3.0,3.0,1.0,3.0,2.0,2.0,4.0,6.0,4.0,4.0,14.0,7.0,9.0,6.0,9.0,0.0,0.0,0.0,3.0,86.4,0.0,0.0,0.0,471300.0,31148.0,8300.0,30000.0,0,0
52283,40000.0,0.1308,1349.3,3,100000.0,0,0,n,45.95,0.0,1.0,8.0,0.0,49265.0,21.0,0,32390.01,32390.01,12269.53,12269.53,7609.99,4659.54,0.0,0.0,0.0,1500.0,0.0,1.0,0,0.0,0.0,182613.0,1.0,4.0,3.0,6.0,5.0,133348.0,82.0,0.0,0.0,18295.0,84.0,57800.0,0.0,1.0,3.0,6.0,22827.0,8535.0,85.2,0.0,0.0,165.0,270.0,32.0,5.0,4.0,32.0,5.0,0.0,4.0,4.0,4.0,7.0,10.0,4.0,7.0,4.0,8.0,0.0,0.0,0.0,3.0,100.0,75.0,0.0,0.0,217596.0,182613.0,57800.0,159796.0,0,0
52313,30000.0,0.17739999999999995,1080.67,2,163000.0,0,0,n,26.38,1.0,0.0,12.0,0.0,82740.0,29.0,0,0.0,0.0,1051.1,1051.1,637.17,413.93,0.0,0.0,0.0,1080.67,0.0,1.0,1,0.0,0.0,379923.0,1.0,3.0,0.0,1.0,22.0,31758.0,47.0,0.0,3.0,26622.0,69.0,98000.0,0.0,0.0,1.0,5.0,31660.0,6586.0,92.4,0.0,0.0,135.0,342.0,17.0,5.0,5.0,17.0,9.0,0.0,6.0,7.0,7.0,11.0,7.0,8.0,17.0,7.0,12.0,0.0,0.0,0.0,1.0,96.6,85.7,0.0,0.0,432899.0,114498.0,86500.0,68028.0,0,0
52332,16600.0,0.08810000000000001,526.41,2,48500.0,1,0,n,102.47,0.0,1.0,13.0,0.0,7508.0,45.0,0,0.0,0.0,518.29,518.29,404.53,113.76,0.0,0.0,0.0,0.0,0.0,1.0,0,0.0,0.0,277383.0,4.0,5.0,4.0,7.0,3.0,137544.0,86.0,2.0,5.0,2660.0,55.0,66600.0,7.0,10.0,5.0,12.0,21337.0,45217.0,13.9,0.0,0.0,108.0,131.0,0.0,0.0,1.0,0.0,3.0,0.0,3.0,4.0,5.0,9.0,29.0,7.0,14.0,4.0,13.0,0.0,0.0,0.0,6.0,100.0,0.0,0.0,0.0,363952.0,145052.0,52500.0,151352.0,0,0
52342,15000.0,0.17739999999999995,540.34,1,70000.0,1,0,n,21.32,0.0,0.0,12.0,0.0,13686.0,19.0,0,12250.99,12250.99,5098.28,5098.28,2749.01,2349.27,0.0,0.0,0.0,540.34,0.0,1.0,1,0.0,0.0,27591.0,1.0,1.0,1.0,1.0,8.0,11484.0,42.0,2.0,4.0,5086.0,51.0,21800.0,2.0,0.0,2.0,5.0,2299.0,397.0,96.5,0.0,0.0,162.0,127.0,5.0,5.0,0.0,5.0,8.0,2.0,7.0,9.0,7.0,9.0,4.0,9.0,14.0,9.0,12.0,0.0,0.0,0.0,3.0,86.7,85.7,0.0,0.0,54854.0,27591.0,11400.0,27612.0,0,0
52345,3000.0,0.1862,109.4,2,79000.0,1,0,n,14.23,0.0,1.0,7.0,0.0,16657.0,15.0,0,2290.5,2290.5,1200.3,1200.3,709.5,490.8,0.0,0.0,0.0,109.4,0.0,1.0,1,0.0,570.0,71285.0,1.0,1.0,1.0,1.0,11.0,25239.0,90.0,1.0,1.0,6581.0,83.0,22500.0,0.0,3.0,3.0,2.0,10184.0,287.0,97.0,0.0,0.0,124.0,222.0,5.0,5.0,1.0,5.0,6.0,0.0,2.0,4.0,2.0,4.0,6.0,5.0,8.0,4.0,7.0,0.0,0.0,0.0,2.0,100.0,100.0,0.0,0.0,85612.0,41896.0,9700.0,28067.0,0,0
52361,20000.0,0.14300000000000002,468.49,1,90000.0,0,0,n,30.27,1.0,0.0,12.0,0.0,28328.0,19.0,0,19368.25,19368.25,3263.54,3263.54,631.75,2631.79,0.0,0.0,0.0,468.49,0.0,1.0,1,0.0,0.0,70847.0,0.0,3.0,0.0,1.0,24.0,42519.0,58.0,1.0,2.0,9035.0,66.0,34800.0,1.0,0.0,2.0,3.0,6441.0,4619.0,84.9,0.0,0.0,172.0,193.0,9.0,9.0,0.0,9.0,0.0,0.0,6.0,7.0,6.0,7.0,8.0,8.0,10.0,7.0,12.0,0.0,0.0,0.0,1.0,94.7,66.7,0.0,0.0,107793.0,70847.0,30600.0,72993.0,0,0
52365,39325.0,0.124,1313.68,3,125000.0,1,0,n,34.62,0.0,1.0,12.0,0.0,21700.0,31.0,0,34537.78,34537.78,7854.99,7854.99,4787.22,3067.77,0.0,0.0,0.0,1313.68,0.0,1.0,1,0.0,0.0,217582.0,1.0,8.0,1.0,2.0,3.0,195882.0,90.0,0.0,1.0,12589.0,88.0,29200.0,1.0,0.0,7.0,3.0,19780.0,7500.0,74.3,0.0,0.0,77.0,76.0,20.0,3.0,0.0,20.0,3.0,1.0,2.0,2.0,4.0,13.0,16.0,4.0,13.0,2.0,12.0,0.0,0.0,0.0,1.0,96.7,66.7,0.0,0.0,236439.0,217582.0,29200.0,207239.0,0,0
52378,25000.0,0.2565,1002.62,1,120000.0,0,0,n,18.79,0.0,1.0,8.0,0.0,23064.0,13.0,0,24531.76,24531.76,4020.98,4020.98,468.24,3552.74,0.0,0.0,0.0,1002.62,0.0,1.0,1,0.0,0.0,84426.0,0.0,2.0,1.0,2.0,7.0,61362.0,92.0,0.0,1.0,4021.0,81.0,31100.0,0.0,3.0,1.0,3.0,10553.0,3170.0,57.9,0.0,0.0,18.0,206.0,23.0,7.0,0.0,42.0,2.0,0.0,3.0,5.0,3.0,4.0,2.0,6.0,11.0,5.0,8.0,0.0,0.0,0.0,1.0,100.0,66.7,0.0,0.0,102906.0,84426.0,11300.0,71806.0,0,0
52400,12100.0,0.17739999999999995,435.87,1,31000.0,1,0,n,32.09,0.0,1.0,16.0,1.0,11451.0,27.0,0,9120.84,9120.84,4782.57,4782.57,2979.16,1803.41,0.0,0.0,0.0,435.87,0.0,1.0,1,0.0,0.0,21367.0,3.0,1.0,0.0,1.0,22.0,9916.0,55.0,5.0,7.0,6440.0,33.0,46700.0,0.0,0.0,3.0,8.0,1335.0,14589.0,40.9,0.0,0.0,68.0,99.0,1.0,1.0,0.0,1.0,1.0,0.0,3.0,8.0,5.0,8.0,5.0,15.0,22.0,8.0,16.0,0.0,0.0,0.0,5.0,96.3,40.0,1.0,0.0,64584.0,21367.0,24700.0,17884.0,0,0
52409,25000.0,0.1033,535.25,1,88000.0,0,0,n,21.25,0.0,0.0,20.0,0.0,27516.0,58.0,0,0.0,0.0,3197.15,3197.15,1940.22,1256.93,0.0,0.0,0.0,535.25,0.0,1.0,1,0.0,0.0,155416.0,3.0,4.0,4.0,5.0,3.0,125813.0,98.0,3.0,5.0,984.0,35.0,155100.0,0.0,15.0,3.0,10.0,7771.0,80987.0,1.4,0.0,0.0,173.0,238.0,2.0,2.0,0.0,8.0,8.0,0.0,3.0,5.0,10.0,18.0,25.0,15.0,31.0,5.0,20.0,0.0,0.0,0.0,7.0,100.0,0.0,0.0,0.0,296860.0,155416.0,82100.0,135018.0,0,0
52416,11400.0,0.17739999999999995,287.88,1,90000.0,1,0,n,32.91,0.0,1.0,17.0,0.0,37004.0,26.0,0,9907.61,9907.61,3155.44,3155.44,1492.39,1663.05,0.0,0.0,0.0,0.0,0.0,1.0,1,0.0,0.0,124830.0,1.0,6.0,1.0,2.0,4.0,87826.0,47.0,1.0,2.0,7048.0,55.0,56000.0,2.0,4.0,1.0,4.0,7343.0,3937.0,83.9,0.0,0.0,89.0,139.0,12.0,4.0,0.0,12.0,5.0,0.0,5.0,8.0,5.0,9.0,10.0,11.0,16.0,8.0,17.0,0.0,0.0,0.0,2.0,100.0,80.0,0.0,0.0,177766.0,124830.0,24400.0,121766.0,0,0
52456,19000.0,0.1612,669.11,2,98000.0,1,0,n,23.97,0.0,0.0,9.0,0.0,18528.0,22.0,0,16059.57,16059.57,5335.86,5335.86,2940.43,2395.43,0.0,0.0,0.0,0.0,0.0,1.0,1,0.0,0.0,59557.0,2.0,5.0,3.0,5.0,2.0,41029.0,68.0,1.0,2.0,8104.0,68.0,27500.0,2.0,3.0,3.0,7.0,6617.0,396.0,95.3,1.0,0.0,132.0,145.0,12.0,2.0,0.0,143.0,2.0,2.0,1.0,4.0,1.0,2.0,14.0,4.0,8.0,4.0,9.0,0.0,0.0,0.0,4.0,90.9,100.0,0.0,0.0,87565.0,59557.0,8500.0,60065.0,0,0
52507,5000.0,0.2305,193.68,1,90000.0,1,0,n,39.27,0.0,0.0,14.0,0.0,20293.0,22.0,0,4058.63,4058.63,1736.72,1736.72,941.37,795.35,0.0,0.0,0.0,0.0,0.0,1.0,1,0.0,0.0,80810.0,1.0,4.0,1.0,4.0,12.0,60517.0,77.0,1.0,2.0,5214.0,68.0,39100.0,2.0,0.0,1.0,6.0,5772.0,13021.0,55.6,0.0,0.0,122.0,73.0,1.0,1.0,0.0,27.0,12.0,0.0,6.0,8.0,7.0,8.0,9.0,10.0,13.0,8.0,14.0,0.0,0.0,0.0,2.0,100.0,85.7,0.0,0.0,118112.0,80810.0,29300.0,79012.0,0,0
52560,24000.0,0.1102,522.06,1,92000.0,1,0,n,23.75,0.0,1.0,7.0,0.0,26767.0,20.0,0,0.0,0.0,1029.43,1029.43,569.02,460.41,0.0,0.0,0.0,0.0,0.0,1.0,1,0.0,0.0,159199.0,1.0,2.0,1.0,1.0,6.0,132432.0,90.0,0.0,0.0,9673.0,46.0,76400.0,1.0,0.0,1.0,1.0,22743.0,43933.0,37.9,0.0,0.0,125.0,149.0,26.0,6.0,0.0,26.0,6.0,0.0,4.0,4.0,4.0,6.0,13.0,5.0,7.0,4.0,7.0,0.0,0.0,0.0,1.0,100.0,25.0,0.0,0.0,229011.0,159199.0,70700.0,152611.0,0,0
52649,24000.0,0.0646,735.14,2,80000.0,0,0,n,17.03,0.0,2.0,19.0,0.0,39502.0,32.0,0,0.0,0.0,3667.09,3667.09,2810.76,856.33,0.0,0.0,0.0,1470.28,0.0,1.0,1,0.0,0.0,183712.0,0.0,2.0,0.0,0.0,40.0,7086.0,33.0,2.0,2.0,7737.0,44.0,84800.0,0.0,3.0,3.0,2.0,9669.0,35413.0,49.3,0.0,0.0,209.0,191.0,7.0,7.0,2.0,7.0,2.0,0.0,9.0,11.0,11.0,16.0,6.0,16.0,24.0,11.0,19.0,0.0,0.0,0.0,2.0,100.0,63.6,0.0,0.0,255915.0,46588.0,69800.0,21815.0,0,0
52665,10525.0,0.0756,327.69,1,50000.0,0,0,n,27.94,0.0,0.0,10.0,0.0,11411.0,15.0,0,9596.33,9596.33,1548.18,1548.18,928.67,619.51,0.0,0.0,0.0,60.46,0.0,1.0,1,0.0,0.0,27833.0,0.0,2.0,1.0,2.0,12.0,16422.0,67.0,0.0,0.0,6899.0,35.0,55700.0,1.0,2.0,1.0,2.0,2783.0,39468.0,17.9,0.0,0.0,42.0,79.0,25.0,12.0,0.0,25.0,12.0,0.0,2.0,4.0,5.0,7.0,3.0,8.0,12.0,4.0,10.0,0.0,0.0,0.0,1.0,100.0,0.0,0.0,0.0,80074.0,27833.0,48100.0,24374.0,0,0
52666,37225.0,0.14300000000000002,871.97,2,56000.0,0,0,n,23.94,0.0,0.0,6.0,0.0,3255.0,20.0,0,0.0,0.0,6074.22,6074.22,3282.59,2791.63,0.0,0.0,0.0,0.0,0.0,1.0,1,0.0,0.0,171609.0,0.0,3.0,1.0,3.0,10.0,21853.0,49.0,0.0,0.0,3255.0,43.0,13800.0,2.0,1.0,2.0,3.0,28602.0,9745.0,25.0,0.0,0.0,114.0,76.0,42.0,10.0,3.0,42.0,3.0,0.0,1.0,1.0,1.0,1.0,13.0,2.0,4.0,1.0,6.0,0.0,0.0,0.0,1.0,100.0,0.0,0.0,0.0,216252.0,25108.0,13000.0,44289.0,0,0
52677,14400.0,0.124,323.24,1,75000.0,0,0,n,30.05,0.0,0.0,7.0,0.0,11783.0,9.0,0,13008.1,13008.1,2566.08,2566.08,1391.9,1174.18,0.0,0.0,0.0,323.24,0.0,1.0,1,0.0,0.0,39307.0,0.0,3.0,0.0,2.0,16.0,26319.0,52.0,1.0,1.0,7019.0,48.0,28000.0,1.0,0.0,0.0,3.0,6551.0,16217.0,42.1,0.0,0.0,27.0,250.0,9.0,9.0,0.0,9.0,16.0,1.0,2.0,2.0,2.0,4.0,3.0,3.0,5.0,2.0,7.0,0.0,0.0,0.0,1.0,77.8,0.0,0.0,0.0,159547.0,39307.0,28000.0,50749.0,0,0
52719,5300.0,0.0819,166.55,1,33413.0,1,0,n,74.28,0.0,2.0,23.0,0.0,13447.0,32.0,0,4231.72,4231.72,1329.99,1329.99,1068.28,261.71,0.0,0.0,0.0,0.0,0.0,1.0,0,0.0,0.0,113120.0,1.0,10.0,2.0,3.0,8.0,99673.0,94.0,1.0,4.0,1955.0,75.0,35600.0,1.0,2.0,7.0,7.0,4918.0,12771.0,41.1,0.0,0.0,75.0,85.0,2.0,2.0,0.0,18.0,2.0,0.0,7.0,10.0,9.0,11.0,15.0,13.0,17.0,10.0,23.0,0.0,0.0,0.0,3.0,100.0,22.2,0.0,0.0,141697.0,113120.0,21700.0,106097.0,0,0
52736,15000.0,0.0646,459.47,2,228000.0,0,0,n,10.95,0.0,0.0,10.0,0.0,26462.0,34.0,0,10715.07,10715.07,5071.76,5071.76,4284.93,786.83,0.0,0.0,0.0,459.47,0.0,1.0,1,0.0,0.0,258089.0,1.0,2.0,1.0,2.0,11.0,48501.0,74.0,2.0,2.0,13143.0,48.0,89500.0,1.0,1.0,3.0,4.0,25809.0,62038.0,29.9,0.0,0.0,156.0,208.0,2.0,2.0,2.0,2.0,7.0,1.0,6.0,6.0,6.0,10.0,13.0,7.0,19.0,6.0,10.0,0.0,0.0,0.0,3.0,94.1,0.0,0.0,0.0,354973.0,74963.0,88500.0,65473.0,0,0
52745,13000.0,0.1612,457.82,3,55135.0,0,0,n,24.42,0.0,0.0,10.0,0.0,21469.0,15.0,1,0.0,0.0,1684.14,1684.14,570.18,1113.96,0.0,0.0,0.0,0.0,0.0,1.0,1,0.0,0.0,50521.0,3.0,1.0,1.0,3.0,5.0,29052.0,84.0,3.0,7.0,10565.0,47.0,72200.0,0.0,0.0,3.0,11.0,5052.0,50731.0,29.7,0.0,0.0,21.0,81.0,4.0,4.0,0.0,4.0,5.0,0.0,4.0,4.0,9.0,11.0,3.0,9.0,11.0,4.0,10.0,0.0,0.0,0.0,4.0,100.0,0.0,0.0,0.0,106900.0,50521.0,72200.0,34700.0,0,0
52766,10000.0,0.16949999999999998,248.26,1,79000.0,1,0,n,14.14,0.0,0.0,13.0,0.0,9397.0,21.0,0,9258.69,9258.69,2242.26,2242.26,741.31,1500.95,0.0,0.0,0.0,248.26,0.0,1.0,1,0.0,176.0,92671.0,2.0,2.0,0.0,1.0,20.0,83274.0,82.0,5.0,5.0,2361.0,57.0,29000.0,2.0,0.0,0.0,6.0,7129.0,10414.0,42.1,0.0,0.0,139.0,57.0,2.0,2.0,0.0,2.0,13.0,0.0,5.0,11.0,5.0,7.0,8.0,11.0,13.0,11.0,13.0,0.0,0.0,0.0,5.0,85.7,0.0,0.0,0.0,101507.0,92671.0,18000.0,72507.0,0,0
52777,30000.0,0.2055,1123.34,1,130000.0,1,0,n,10.03,0.0,0.0,9.0,0.0,27388.0,11.0,1,28033.08,28033.08,7794.88,7794.88,1966.92,5827.96,0.0,0.0,0.0,1123.34,0.0,1.0,1,0.0,0.0,44432.0,0.0,1.0,1.0,1.0,8.0,17044.0,85.0,1.0,1.0,26887.0,54.0,62100.0,1.0,0.0,1.0,2.0,4937.0,34221.0,44.4,0.0,0.0,157.0,180.0,10.0,8.0,0.0,10.0,8.0,0.0,6.0,7.0,7.0,7.0,2.0,8.0,9.0,7.0,9.0,0.0,0.0,0.0,2.0,100.0,14.3,0.0,0.0,82100.0,44432.0,61600.0,20000.0,0,0
52778,2375.0,0.2305,92.0,1,25000.0,0,0,n,13.59,0.0,0.0,10.0,0.0,289.0,11.0,0,0.0,0.0,511.14,511.14,93.65,87.31,0.0,330.18,59.4324,0.0,0.0,1.0,1,0.0,244.0,35794.0,0.0,8.0,0.0,0.0,29.0,35505.0,92.0,1.0,1.0,289.0,89.0,1500.0,1.0,0.0,0.0,1.0,3579.0,211.0,57.8,0.0,0.0,40.0,33.0,10.0,10.0,0.0,33.0,20.0,0.0,1.0,1.0,1.0,2.0,8.0,2.0,3.0,1.0,10.0,0.0,0.0,0.0,1.0,100.0,0.0,0.0,0.0,40152.0,35794.0,500.0,38652.0,0,0
52821,19200.0,0.08810000000000001,608.86,3,43000.0,0,0,n,37.96,0.0,1.0,10.0,0.0,5934.0,13.0,1,17307.69,16631.61,2670.79,2566.46,1892.31,778.48,0.0,0.0,0.0,127.07,0.0,1.0,1,0.0,0.0,56431.0,1.0,3.0,2.0,2.0,4.0,50497.0,72.0,1.0,2.0,2254.0,56.0,19400.0,1.0,1.0,1.0,4.0,5643.0,11958.0,24.8,0.0,0.0,95.0,68.0,8.0,4.0,0.0,8.0,4.0,0.0,5.0,6.0,6.0,6.0,6.0,7.0,7.0,6.0,10.0,0.0,0.0,0.0,3.0,100.0,0.0,0.0,0.0,86816.0,56431.0,15900.0,67416.0,0,0
52864,12000.0,0.2305,464.83,1,105000.0,0,0,n,30.46,0.0,0.0,14.0,1.0,13299.0,59.0,0,0.0,0.0,2088.76,2088.76,664.51,1424.25,0.0,0.0,0.0,250.0,0.0,1.0,1,0.0,0.0,139440.0,1.0,4.0,4.0,8.0,2.0,126141.0,64.0,2.0,5.0,3549.0,66.0,19000.0,10.0,11.0,6.0,13.0,9960.0,4289.0,75.2,0.0,0.0,176.0,149.0,7.0,2.0,2.0,7.0,8.0,0.0,8.0,9.0,8.0,18.0,26.0,10.0,31.0,9.0,14.0,0.0,0.0,0.0,6.0,97.9,62.5,1.0,0.0,162996.0,139440.0,17300.0,143996.0,0,0
52892,16250.0,0.2305,458.57,1,40000.0,0,0,n,30.45,0.0,1.0,8.0,0.0,20259.0,14.0,0,0.0,0.0,1813.47,1813.47,295.68,1517.79,0.0,0.0,0.0,458.57,0.0,1.0,1,0.0,0.0,27699.0,0.0,1.0,0.0,0.0,52.0,7440.0,32.0,0.0,0.0,5800.0,57.0,24900.0,1.0,0.0,1.0,0.0,3462.0,2548.0,88.3,0.0,0.0,53.0,244.0,26.0,26.0,0.0,32.0,0.0,1.0,5.0,6.0,5.0,7.0,2.0,7.0,12.0,6.0,8.0,0.0,0.0,0.0,0.0,78.6,80.0,0.0,0.0,48387.0,27699.0,21800.0,23487.0,0,0
53016,15000.0,0.17739999999999995,540.34,2,60000.0,1,0,n,25.08,0.0,2.0,10.0,0.0,11695.0,14.0,0,0.0,0.0,510.77,510.77,318.59,192.18,0.0,0.0,0.0,0.0,0.0,1.0,1,0.0,0.0,45815.0,0.0,3.0,0.0,1.0,18.0,13512.0,45.0,0.0,0.0,5192.0,57.0,14500.0,2.0,0.0,3.0,2.0,4582.0,2353.0,83.2,0.0,0.0,95.0,52.0,29.0,7.0,1.0,29.0,2.0,0.0,5.0,6.0,5.0,5.0,6.0,6.0,7.0,6.0,10.0,0.0,0.0,0.0,1.0,100.0,60.0,0.0,0.0,65666.0,25207.0,14000.0,29916.0,0,0
53049,24000.0,0.28800000000000003,1003.13,1,135000.0,0,0,n,7.3,0.0,2.0,7.0,0.0,10181.0,9.0,0,0.0,0.0,4447.36,4447.36,427.13,499.2,0.0,3521.03,633.7854,-1003.13,0.0,1.0,1,0.0,0.0,32790.0,3.0,3.0,1.0,3.0,1.0,22609.0,99.0,2.0,2.0,7330.0,79.0,18600.0,0.0,0.0,2.0,5.0,4684.0,8419.0,54.7,0.0,0.0,35.0,49.0,2.0,1.0,0.0,2.0,0.0,0.0,4.0,4.0,4.0,5.0,4.0,4.0,5.0,4.0,7.0,0.0,0.0,0.0,3.0,100.0,50.0,0.0,0.0,41380.0,32790.0,18600.0,22780.0,0,0
53064,8000.0,0.1524,278.27,1,120000.0,1,0,n,14.73,0.0,1.0,8.0,0.0,5546.0,17.0,0,6147.29,6147.29,2769.15,2769.15,1852.71,916.44,0.0,0.0,0.0,0.0,0.0,1.0,1,0.0,0.0,29747.0,1.0,3.0,1.0,3.0,5.0,24201.0,71.0,0.0,1.0,5546.0,66.0,10800.0,4.0,0.0,3.0,5.0,3718.0,3954.0,58.4,0.0,0.0,53.0,166.0,22.0,5.0,1.0,36.0,5.0,0.0,1.0,1.0,3.0,4.0,6.0,5.0,9.0,1.0,8.0,0.0,0.0,0.0,2.0,94.1,33.3,0.0,0.0,44800.0,29747.0,9500.0,34000.0,0,0
53065,2500.0,0.1612,88.05,1,25000.0,0,0,n,21.41,0.0,0.0,10.0,0.0,2470.0,12.0,0,1858.96,1858.96,964.07,964.07,641.04,323.03,0.0,0.0,0.0,0.0,0.0,1.0,1,0.0,0.0,7345.0,0.0,2.0,2.0,2.0,7.0,4875.0,81.0,0.0,1.0,601.0,29.0,19000.0,1.0,0.0,2.0,3.0,735.0,15360.0,13.2,0.0,0.0,147.0,44.0,17.0,7.0,0.0,17.0,7.0,0.0,6.0,8.0,6.0,7.0,3.0,8.0,9.0,8.0,10.0,0.0,0.0,0.0,2.0,100.0,0.0,0.0,0.0,25000.0,7345.0,17700.0,6000.0,0,0
53074,9800.0,0.1862,252.18,1,40000.0,1,0,n,7.89,0.0,0.0,8.0,0.0,3414.0,10.0,1,0.0,0.0,231.9,231.9,19.02,212.88,0.0,0.0,0.0,252.18,0.0,1.0,1,0.0,0.0,6394.0,2.0,1.0,1.0,1.0,8.0,2980.0,92.0,3.0,6.0,2480.0,40.0,12900.0,1.0,0.0,0.0,7.0,799.0,8448.0,28.4,0.0,0.0,85.0,59.0,1.0,1.0,0.0,1.0,14.0,1.0,3.0,4.0,6.0,7.0,2.0,7.0,8.0,4.0,8.0,0.0,0.0,0.0,4.0,90.0,50.0,0.0,0.0,16139.0,6394.0,11800.0,3239.0,0,0
53086,9550.0,0.14300000000000002,327.79,1,45000.0,0,0,n,26.32,0.0,0.0,8.0,0.0,8507.0,16.0,0,9119.48,9119.48,1075.13,1075.13,430.52,644.61,0.0,0.0,0.0,108.68,0.0,1.0,1,0.0,0.0,19858.0,0.0,1.0,1.0,1.0,12.0,11351.0,77.0,2.0,4.0,6161.0,43.0,31700.0,1.0,0.0,2.0,5.0,2482.0,23193.0,26.8,0.0,0.0,12.0,159.0,10.0,10.0,0.0,10.0,12.0,0.0,2.0,2.0,7.0,8.0,1.0,7.0,15.0,5.0,8.0,0.0,0.0,0.0,3.0,93.3,0.0,0.0,0.0,46500.0,19858.0,31700.0,14800.0,0,0
53204,14000.0,0.2055,524.23,1,60000.0,0,0,n,29.72,0.0,4.0,26.0,0.0,6315.0,33.0,0,12751.25,12751.25,3637.64,3637.64,1248.75,2388.89,0.0,0.0,0.0,524.23,0.0,1.0,0,0.0,599.0,54584.0,4.0,4.0,3.0,4.0,4.0,48269.0,90.0,7.0,21.0,1886.0,62.0,34400.0,5.0,1.0,6.0,26.0,2099.0,10105.0,26.8,0.0,0.0,47.0,38.0,3.0,3.0,0.0,4.0,1.0,0.0,5.0,14.0,7.0,7.0,9.0,21.0,23.0,14.0,26.0,0.0,0.0,0.0,11.0,100.0,14.3,0.0,0.0,88459.0,54584.0,13800.0,53808.0,0,0
53302,16000.0,0.1171,529.22,2,48999.0,0,0,n,14.18,0.0,1.0,6.0,0.0,5572.0,9.0,0,14869.78,14869.78,2002.17,2002.17,1130.22,871.95,0.0,0.0,0.0,145.11,0.0,1.0,1,0.0,0.0,293317.0,1.0,1.0,0.0,0.0,39.0,19125.0,64.0,0.0,0.0,3972.0,62.0,10400.0,6.0,1.0,3.0,1.0,48886.0,2328.0,70.5,0.0,0.0,83.0,199.0,78.0,1.0,1.0,78.0,0.0,0.0,3.0,3.0,3.0,3.0,4.0,4.0,4.0,3.0,6.0,0.0,0.0,0.0,1.0,100.0,0.0,0.0,0.0,308702.0,24697.0,7900.0,29682.0,0,0
53307,6925.0,0.1524,240.88,2,115000.0,0,0,n,28.52,0.0,0.0,14.0,0.0,29166.0,22.0,0,6500.58,6500.58,1364.69,1364.69,424.42,940.27,0.0,0.0,0.0,240.88,0.0,1.0,1,0.0,0.0,446844.0,0.0,5.0,2.0,3.0,8.0,73496.0,72.0,0.0,0.0,6782.0,69.0,46600.0,1.0,0.0,1.0,4.0,31917.0,17034.0,63.1,0.0,0.0,66.0,241.0,48.0,8.0,3.0,48.0,8.0,0.0,7.0,7.0,7.0,8.0,9.0,8.0,10.0,7.0,14.0,0.0,0.0,0.0,3.0,100.0,57.1,0.0,0.0,496490.0,102662.0,46200.0,101890.0,0,0
53314,4000.0,0.1612,140.87,2,56000.0,1,0,n,28.53,0.0,0.0,12.0,0.0,22875.0,22.0,0,2974.45,2974.45,1542.41,1542.41,1025.55,516.86,0.0,0.0,0.0,0.0,0.0,1.0,1,0.0,0.0,200418.0,2.0,3.0,2.0,2.0,4.0,28882.0,75.0,1.0,3.0,4165.0,72.0,33400.0,1.0,6.0,1.0,6.0,16702.0,4632.0,60.1,0.0,0.0,346.0,165.0,3.0,3.0,1.0,3.0,10.0,0.0,4.0,7.0,4.0,7.0,8.0,8.0,13.0,7.0,12.0,0.0,0.0,0.0,4.0,100.0,50.0,0.0,0.0,222667.0,51757.0,11600.0,38677.0,0,0
53360,40000.0,0.28800000000000003,1264.81,3,82000.0,1,0,n,7.8,0.0,3.0,14.0,0.0,3128.0,17.0,0,0.0,0.0,3666.43,3666.43,936.55,2729.88,0.0,0.0,0.0,0.0,0.0,1.0,0,0.0,0.0,10125.0,1.0,2.0,1.0,2.0,3.0,6997.0,38.0,0.0,4.0,2911.0,19.0,36100.0,4.0,1.0,3.0,6.0,723.0,28389.0,9.3,0.0,0.0,55.0,87.0,14.0,3.0,0.0,45.0,1.0,0.0,1.0,2.0,5.0,5.0,3.0,12.0,14.0,2.0,14.0,0.0,0.0,0.0,1.0,100.0,0.0,0.0,0.0,54334.0,10125.0,31300.0,18234.0,0,0
53368,6500.0,0.2305,251.79,2,150000.0,0,0,n,7.58,0.0,1.0,11.0,0.0,3999.0,15.0,0,0.0,0.0,1204.81,1204.81,256.31,230.62,0.0,717.88,129.2184,251.79,0.0,1.0,1,0.0,0.0,499113.0,6.0,3.0,1.0,3.0,1.0,43446.0,91.0,4.0,4.0,17.0,71.0,18800.0,4.0,0.0,5.0,8.0,45374.0,12075.0,0.2,0.0,0.0,155.0,161.0,1.0,1.0,1.0,2.0,1.0,1.0,2.0,4.0,4.0,4.0,6.0,7.0,7.0,4.0,11.0,0.0,0.0,0.0,6.0,93.3,0.0,0.0,0.0,518414.0,47445.0,12100.0,47946.0,0,0
53370,13000.0,0.1033,421.5,1,75000.0,0,0,n,19.65,0.0,0.0,18.0,0.0,9920.0,25.0,0,10996.63,10996.63,2935.58,2935.58,2003.37,932.21,0.0,0.0,0.0,421.5,0.0,1.0,1,0.0,338.0,34960.0,3.0,6.0,6.0,9.0,4.0,25040.0,77.0,2.0,7.0,3137.0,46.0,44400.0,1.0,0.0,1.0,16.0,1942.0,13110.0,29.9,0.0,0.0,45.0,37.0,1.0,1.0,0.0,1.0,11.0,0.0,4.0,10.0,5.0,5.0,11.0,12.0,14.0,10.0,18.0,0.0,0.0,0.0,8.0,100.0,0.0,0.0,0.0,76919.0,34960.0,18700.0,32519.0,0,0
53390,17000.0,0.1524,406.58,3,70000.0,0,0,n,20.56,0.0,0.0,12.0,0.0,27068.0,17.0,0,15851.12,15851.12,3223.85,3223.85,1148.88,2074.97,0.0,0.0,0.0,0.0,0.0,1.0,1,0.0,0.0,38082.0,0.0,1.0,0.0,0.0,49.0,11014.0,39.0,4.0,6.0,6918.0,41.0,64000.0,0.0,0.0,1.0,6.0,3174.0,24325.0,45.0,0.0,0.0,70.0,109.0,11.0,11.0,0.0,18.0,12.0,0.0,4.0,11.0,4.0,4.0,3.0,11.0,14.0,11.0,12.0,0.0,0.0,0.0,4.0,100.0,25.0,0.0,0.0,92346.0,38082.0,44200.0,28346.0,0,0
53493,20000.0,0.2055,536.02,2,70000.0,0,0,n,19.05,1.0,0.0,13.0,0.0,4097.0,34.0,0,0.0,0.0,4778.51,4778.51,1970.5,2808.01,0.0,0.0,0.0,536.02,0.0,1.0,0,0.0,119.0,382224.0,4.0,2.0,2.0,3.0,3.0,43245.0,98.0,1.0,1.0,3377.0,35.0,25500.0,2.0,0.0,8.0,7.0,29402.0,2423.0,58.2,0.0,0.0,114.0,111.0,10.0,3.0,7.0,10.0,3.0,0.0,1.0,2.0,3.0,5.0,10.0,10.0,17.0,2.0,13.0,0.0,0.0,0.0,5.0,97.1,33.3,0.0,0.0,408327.0,47342.0,5800.0,46391.0,0,0
53505,10000.0,0.2565,297.34,1,33000.0,0,0,n,28.84,0.0,4.0,7.0,0.0,4267.0,18.0,0,9831.03,9831.03,1458.2,1458.2,168.97,1289.23,0.0,0.0,0.0,297.34,0.0,1.0,1,0.0,0.0,85182.0,1.0,4.0,1.0,2.0,5.0,80915.0,43.0,1.0,1.0,3080.0,48.0,6000.0,1.0,0.0,7.0,3.0,12169.0,233.0,94.8,0.0,0.0,177.0,39.0,8.0,5.0,0.0,28.0,0.0,0.0,2.0,2.0,2.0,2.0,15.0,3.0,3.0,2.0,7.0,0.0,0.0,0.0,2.0,100.0,100.0,0.0,0.0,95701.0,85182.0,4500.0,89701.0,0,0
53562,25000.0,0.1102,543.81,1,110000.0,1,0,n,23.6,0.0,0.0,23.0,0.0,41065.0,36.0,0,0.0,0.0,1057.01,1057.01,631.34,425.67,0.0,0.0,0.0,0.0,0.0,1.0,1,0.0,0.0,64896.0,1.0,2.0,0.0,1.0,14.0,23831.0,5.0,1.0,4.0,5667.0,35.0,103000.0,4.0,0.0,0.0,5.0,2950.0,43025.0,35.9,0.0,0.0,91.0,169.0,0.0,0.0,1.0,24.0,14.0,0.0,10.0,13.0,12.0,13.0,6.0,21.0,29.0,13.0,23.0,0.0,0.0,0.0,1.0,100.0,33.3,0.0,0.0,155099.0,64896.0,67100.0,52099.0,0,0
53594,10625.0,0.2565,426.11,2,160000.0,0,0,n,18.52,0.0,0.0,9.0,0.0,14598.0,14.0,0,0.0,0.0,395.83,395.83,199.0,196.83,0.0,0.0,0.0,0.0,0.0,1.0,1,0.0,0.0,190513.0,1.0,4.0,2.0,5.0,11.0,67898.0,82.0,1.0,2.0,1484.0,84.0,15400.0,8.0,3.0,3.0,7.0,21168.0,409.0,88.0,0.0,0.0,81.0,47.0,5.0,5.0,2.0,5.0,7.0,0.0,3.0,4.0,3.0,3.0,7.0,4.0,5.0,4.0,9.0,0.0,0.0,0.0,3.0,100.0,100.0,0.0,0.0,231151.0,82496.0,3400.0,83235.0,0,0
53606,15950.0,0.14300000000000002,547.47,2,80000.0,1,0,n,23.45,1.0,0.0,20.0,1.0,24697.0,28.0,1,12427.24,12427.24,5449.36,5449.36,3522.76,1926.6,0.0,0.0,0.0,547.47,0.0,1.0,1,0.0,0.0,38829.0,2.0,3.0,0.0,1.0,17.0,14132.0,38.0,2.0,2.0,6881.0,45.0,49300.0,3.0,1.0,2.0,3.0,1941.0,17400.0,51.7,0.0,0.0,144.0,388.0,2.0,2.0,1.0,25.0,9.0,0.0,8.0,15.0,9.0,9.0,8.0,17.0,19.0,15.0,20.0,0.0,0.0,0.0,2.0,96.4,0.0,1.0,0.0,86601.0,38829.0,36000.0,37301.0,0,0
53636,16000.0,0.2305,619.78,1,78000.0,0,0,n,32.69,0.0,0.0,15.0,1.0,36192.0,17.0,0,0.0,0.0,2438.14,2438.14,630.89,1807.25,0.0,0.0,0.0,619.78,0.0,1.0,1,0.0,0.0,52226.0,0.0,3.0,0.0,2.0,21.0,16034.0,39.0,1.0,2.0,16617.0,45.0,75900.0,1.0,0.0,1.0,4.0,3730.0,21641.0,56.1,0.0,0.0,59.0,455.0,10.0,10.0,0.0,14.0,11.0,0.0,5.0,9.0,7.0,8.0,3.0,12.0,14.0,9.0,15.0,0.0,0.0,0.0,1.0,100.0,50.0,1.0,0.0,117461.0,52226.0,49300.0,41561.0,0,0
53653,5300.0,0.17739999999999995,190.92,2,73000.0,0,0,n,33.13,0.0,0.0,13.0,0.0,4134.0,28.0,0,0.0,0.0,180.47,180.47,112.57,67.9,0.0,0.0,0.0,0.0,0.0,1.0,1,0.0,13484.0,187095.0,1.0,4.0,0.0,5.0,14.0,71389.0,85.0,1.0,2.0,1881.0,81.0,9700.0,4.0,1.0,0.0,7.0,14392.0,2815.0,56.7,0.0,0.0,160.0,213.0,6.0,6.0,2.0,6.0,14.0,3.0,5.0,6.0,6.0,12.0,10.0,8.0,15.0,6.0,13.0,0.0,0.0,0.0,1.0,71.4,50.0,0.0,0.0,223043.0,75523.0,6500.0,84067.0,0,0
53666,28000.0,0.14300000000000002,961.06,1,50000.0,1,0,n,25.85,0.0,1.0,7.0,0.0,18446.0,11.0,0,0.0,0.0,916.57,916.57,627.39,289.18,0.0,0.0,0.0,0.0,0.0,1.0,1,0.0,0.0,47857.0,0.0,5.0,0.0,2.0,15.0,29411.0,83.0,0.0,0.0,14357.0,89.0,18500.0,1.0,1.0,1.0,2.0,6837.0,54.0,99.7,0.0,0.0,97.0,90.0,43.0,15.0,0.0,43.0,1.0,0.0,2.0,2.0,2.0,2.0,7.0,2.0,4.0,2.0,7.0,0.0,0.0,0.0,0.0,100.0,100.0,0.0,0.0,53807.0,47857.0,18500.0,35307.0,0,0
53674,10000.0,0.1033,324.23,2,134000.0,0,0,n,25.21,0.0,1.0,10.0,0.0,53188.0,29.0,0,0.0,0.0,2530.19,2530.19,1347.01,238.43,0.0,944.75,170.055,0.0,0.0,1.0,1,0.0,129.0,363270.0,0.0,2.0,0.0,2.0,15.0,48381.0,70.0,1.0,2.0,30979.0,61.0,96300.0,1.0,1.0,3.0,4.0,36327.0,26215.0,91.0,0.0,0.0,80.0,335.0,8.0,8.0,2.0,20.0,1.0,0.0,3.0,4.0,3.0,7.0,8.0,7.0,19.0,4.0,10.0,0.0,0.0,0.0,1.0,100.0,66.7,0.0,0.0,452301.0,101569.0,79300.0,72901.0,0,0
53712,24000.0,0.0819,488.82,2,180000.0,0,0,n,17.92,1.0,0.0,19.0,0.0,126493.0,33.0,0,20300.24,20300.24,5355.18,5355.18,3699.76,1655.42,0.0,0.0,0.0,0.0,0.0,1.0,1,0.0,0.0,1107268.0,3.0,3.0,3.0,3.0,2.0,26716.0,84.0,1.0,1.0,14481.0,57.0,176500.0,2.0,0.0,4.0,4.0,58277.0,24157.0,58.9,0.0,0.0,142.0,351.0,5.0,2.0,4.0,5.0,4.0,0.0,5.0,7.0,7.0,9.0,10.0,12.0,18.0,7.0,19.0,0.0,0.0,0.0,4.0,96.8,42.9,0.0,0.0,1449108.0,157396.0,58800.0,31977.0,0,0
53846,30000.0,0.14300000000000002,702.73,2,72000.0,1,0,n,9.98,0.0,3.0,12.0,0.0,3855.0,27.0,0,0.0,0.0,5307.32,5307.32,1397.57,663.22,0.0,3246.53,584.3754,703.0,0.0,1.0,1,0.0,0.0,65577.0,4.0,4.0,4.0,7.0,2.0,26784.0,92.0,2.0,4.0,3106.0,58.0,23800.0,7.0,0.0,5.0,12.0,5465.0,17945.0,17.7,0.0,0.0,168.0,117.0,2.0,2.0,1.0,2.0,2.0,5.0,3.0,3.0,6.0,10.0,14.0,7.0,12.0,3.0,12.0,0.0,0.0,0.0,7.0,76.9,0.0,0.0,0.0,88001.0,30639.0,21800.0,29201.0,0,0
53867,40000.0,0.0646,1225.24,2,120000.0,0,0,n,18.32,0.0,0.0,12.0,0.0,45706.0,19.0,0,31190.01,31190.01,10998.45,10998.45,8809.99,2188.46,0.0,0.0,0.0,1225.24,0.0,1.0,1,0.0,0.0,254375.0,0.0,2.0,0.0,0.0,218.0,55315.0,19.0,0.0,2.0,16957.0,46.0,137100.0,0.0,0.0,0.0,2.0,21198.0,40374.0,49.0,0.0,0.0,241.0,194.0,22.0,22.0,3.0,22.0,17.0,0.0,6.0,7.0,6.0,10.0,2.0,9.0,14.0,7.0,12.0,0.0,0.0,0.0,0.0,100.0,0.0,0.0,0.0,482212.0,101021.0,79100.0,70112.0,0,0
53877,13800.0,0.124,461.0,2,55000.0,0,0,n,21.25,0.0,2.0,14.0,0.0,21199.0,29.0,0,0.0,0.0,2746.99,2746.99,1959.54,787.45,0.0,0.0,0.0,0.0,0.0,1.0,1,0.0,0.0,128795.0,1.0,1.0,0.0,0.0,32.0,6989.0,42.0,2.0,3.0,2971.0,40.0,53700.0,0.0,0.0,2.0,3.0,9200.0,29123.0,40.2,0.0,0.0,87.0,94.0,3.0,3.0,2.0,3.0,3.0,0.0,9.0,10.0,11.0,17.0,5.0,12.0,22.0,10.0,14.0,0.0,0.0,0.0,2.0,96.6,9.1,0.0,0.0,200500.0,28188.0,48700.0,16800.0,0,0
53892,20000.0,0.124,448.95,2,66500.0,0,0,n,15.96,0.0,0.0,8.0,1.0,5864.0,54.0,0,18249.24,18249.24,4012.99,4012.99,1750.76,2262.23,0.0,0.0,0.0,448.95,0.0,1.0,1,0.0,0.0,246077.0,0.0,3.0,1.0,2.0,8.0,180191.0,85.0,0.0,1.0,2937.0,64.0,21200.0,3.0,1.0,4.0,4.0,30760.0,8449.0,26.5,0.0,0.0,200.0,101.0,23.0,8.0,1.0,60.0,8.0,0.0,2.0,3.0,3.0,4.0,45.0,4.0,5.0,3.0,8.0,0.0,0.0,0.0,2.0,100.0,0.0,1.0,0.0,240148.0,186055.0,11500.0,158623.0,0,0
53941,6400.0,0.0756,199.26,1,49000.0,0,0,n,27.85,1.0,1.0,26.0,0.0,7684.0,45.0,0,5835.31,5835.31,865.2,865.2,564.69,300.51,0.0,0.0,0.0,0.0,0.0,1.0,1,0.0,0.0,10308.0,2.0,1.0,0.0,0.0,29.0,2624.0,26.0,4.0,7.0,2755.0,13.0,71700.0,0.0,3.0,1.0,7.0,396.0,20418.0,24.4,0.0,0.0,124.0,154.0,3.0,3.0,1.0,6.0,2.0,0.0,4.0,7.0,8.0,17.0,5.0,25.0,39.0,7.0,26.0,0.0,0.0,0.0,4.0,93.3,25.0,0.0,0.0,81760.0,10308.0,27000.0,10060.0,0,0
53949,13000.0,0.1102,425.73,2,112000.0,0,0,n,8.98,1.0,1.0,15.0,0.0,12853.0,29.0,0,10139.4,10139.4,3815.65,3815.65,2860.6,955.05,0.0,0.0,0.0,0.0,0.0,1.0,1,0.0,0.0,113474.0,2.0,2.0,0.0,2.0,15.0,3990.0,32.0,4.0,6.0,8857.0,37.0,32700.0,4.0,7.0,3.0,8.0,7565.0,17136.0,39.0,0.0,0.0,118.0,110.0,2.0,2.0,2.0,2.0,1.0,3.0,6.0,8.0,9.0,11.0,10.0,12.0,16.0,8.0,15.0,0.0,0.0,0.0,4.0,85.7,11.1,0.0,0.0,163000.0,16843.0,28100.0,12400.0,0,0
53961,12750.0,0.1612,449.01,3,80000.0,0,0,n,33.24,0.0,1.0,11.0,0.0,14321.0,15.0,0,11451.29,11451.29,3120.23,3120.23,1298.71,1821.52,0.0,0.0,0.0,449.01,0.0,1.0,1,0.0,0.0,82156.0,1.0,5.0,3.0,3.0,7.0,67835.0,82.0,1.0,2.0,5736.0,63.0,38100.0,2.0,2.0,3.0,5.0,7469.0,16479.0,46.5,0.0,0.0,84.0,58.0,3.0,3.0,0.0,20.0,3.0,0.0,4.0,4.0,5.0,5.0,8.0,6.0,7.0,4.0,11.0,0.0,0.0,0.0,4.0,100.0,20.0,0.0,0.0,138168.0,82156.0,30800.0,100068.0,1,0
53971,19200.0,0.28800000000000003,802.51,2,70000.0,0,0,n,13.87,1.0,0.0,13.0,1.0,5024.0,24.0,0,0.0,0.0,2446.09,2446.09,1099.93,1346.16,0.0,0.0,0.0,50.0,0.0,1.0,1,0.0,0.0,19140.0,2.0,2.0,1.0,1.0,4.0,14116.0,66.0,3.0,4.0,716.0,59.0,11000.0,0.0,0.0,0.0,5.0,1472.0,3330.0,30.6,0.0,0.0,37.0,275.0,6.0,4.0,1.0,8.0,17.0,0.0,3.0,7.0,5.0,6.0,3.0,11.0,20.0,7.0,13.0,0.0,0.0,0.0,4.0,83.3,20.0,1.0,0.0,32245.0,19140.0,4800.0,21245.0,0,0
53972,24000.0,0.2565,962.51,1,75000.0,0,0,n,33.49,0.0,2.0,14.0,0.0,22357.0,37.0,0,0.0,0.0,5250.14,5250.14,908.63,947.99,0.0,3393.52,610.8336,0.0,0.0,1.0,1,0.0,745.0,47361.0,5.0,4.0,3.0,5.0,5.0,25004.0,66.0,5.0,6.0,11693.0,56.0,46500.0,2.0,8.0,3.0,11.0,3383.0,19771.0,48.9,0.0,0.0,113.0,161.0,0.0,0.0,1.0,0.0,0.0,0.0,7.0,9.0,7.0,9.0,12.0,10.0,24.0,9.0,14.0,0.0,0.0,0.0,8.0,91.9,28.6,0.0,0.0,84196.0,47361.0,38700.0,37696.0,0,0
53981,18000.0,0.124,601.31,1,60000.0,1,0,n,26.46,0.0,1.0,14.0,0.0,17409.0,20.0,0,13648.36,13648.36,5988.3,5988.3,4351.64,1636.66,0.0,0.0,0.0,0.0,0.0,1.0,1,0.0,0.0,42019.0,0.0,2.0,0.0,1.0,22.0,24610.0,57.0,0.0,2.0,1072.0,56.0,32200.0,0.0,2.0,3.0,3.0,3001.0,1054.0,81.5,0.0,0.0,59.0,63.0,17.0,17.0,0.0,36.0,0.0,0.0,6.0,12.0,6.0,8.0,4.0,12.0,16.0,12.0,14.0,0.0,0.0,0.0,0.0,100.0,83.3,0.0,0.0,75585.0,42019.0,5700.0,43385.0,0,0
54048,30000.0,0.17739999999999995,1080.67,2,80000.0,1,0,n,30.3,0.0,0.0,12.0,1.0,112283.0,23.0,1,27290.59,26608.33,6424.89,6264.27,2709.41,3715.48,0.0,0.0,0.0,0.0,0.0,1.0,0,0.0,0.0,159239.0,0.0,4.0,2.0,2.0,10.0,46956.0,62.0,1.0,2.0,1893.0,64.0,117300.0,1.0,8.0,2.0,4.0,13270.0,1591.0,71.1,0.0,0.0,111.0,100.0,8.0,8.0,0.0,8.0,10.0,0.0,3.0,7.0,3.0,4.0,11.0,8.0,10.0,7.0,12.0,0.0,0.0,0.0,3.0,95.7,33.3,1.0,0.0,193033.0,159239.0,5500.0,75733.0,1,0
54050,21800.0,0.16949999999999998,541.21,3,70000.0,0,0,n,21.66,0.0,3.0,13.0,0.0,16427.0,45.0,0,21689.88,21689.88,2195.32,2195.32,110.12,2085.2,0.0,0.0,0.0,270.61,0.0,1.0,1,0.0,0.0,45896.0,3.0,2.0,3.0,4.0,2.0,26619.0,92.0,3.0,4.0,5382.0,74.0,26900.0,2.0,4.0,4.0,8.0,3530.0,7544.0,64.4,0.0,0.0,166.0,273.0,1.0,1.0,0.0,5.0,1.0,14.0,3.0,7.0,5.0,19.0,14.0,10.0,30.0,8.0,13.0,0.0,0.0,0.0,6.0,82.9,0.0,0.0,0.0,61940.0,45896.0,21200.0,28961.0,0,0
54095,4000.0,0.14300000000000002,137.3,2,99000.0,0,0,n,16.21,0.0,0.0,18.0,1.0,14219.0,28.0,0,2953.14,2953.14,1503.94,1503.94,1046.86,457.08,0.0,0.0,0.0,0.0,0.0,1.0,1,0.0,0.0,332084.0,3.0,2.0,0.0,3.0,18.0,39957.0,81.0,2.0,6.0,5111.0,50.0,36300.0,1.0,2.0,1.0,11.0,18449.0,13073.0,49.3,0.0,0.0,90.0,213.0,2.0,2.0,3.0,14.0,6.0,0.0,5.0,8.0,9.0,10.0,6.0,15.0,19.0,8.0,18.0,0.0,0.0,0.0,4.0,96.0,33.3,1.0,0.0,370137.0,54176.0,25800.0,53837.0,0,0
54155,18000.0,0.2305,507.95,1,59206.0,0,0,n,16.81,0.0,1.0,7.0,0.0,15175.0,8.0,0,16195.55,16195.55,5541.35,5541.35,1804.45,3736.9,0.0,0.0,0.0,507.95,0.0,1.0,1,0.0,0.0,24926.0,0.0,1.0,0.0,0.0,46.0,9751.0,42.0,0.0,0.0,4936.0,62.0,17000.0,0.0,0.0,1.0,0.0,3561.0,237.0,98.4,0.0,0.0,48.0,82.0,40.0,40.0,0.0,48.0,0.0,0.0,5.0,6.0,5.0,5.0,2.0,6.0,6.0,6.0,7.0,0.0,0.0,0.0,0.0,100.0,100.0,0.0,0.0,40000.0,24926.0,14500.0,23000.0,0,0
54175,11700.0,0.1308,394.68,1,26880.0,0,0,n,19.87,0.0,1.0,7.0,0.0,3069.0,7.0,0,0.0,0.0,1472.36,1472.36,537.21,335.15,0.0,600.0,108.0,100.0,0.0,1.0,1,0.0,0.0,6383.0,1.0,3.0,3.0,3.0,4.0,3314.0,66.0,0.0,2.0,527.0,52.0,7200.0,2.0,2.0,1.0,5.0,912.0,1279.0,36.0,0.0,0.0,10.0,61.0,13.0,4.0,0.0,19.0,4.0,0.0,2.0,4.0,2.0,2.0,3.0,4.0,4.0,4.0,7.0,0.0,0.0,0.0,3.0,100.0,0.0,0.0,0.0,12200.0,6383.0,2000.0,5000.0,0,0
54227,16000.0,0.2305,619.78,1,49000.0,1,0,n,14.55,0.0,1.0,13.0,1.0,11475.0,19.0,0,13791.6,13791.6,5537.04,5537.04,2208.4,3328.64,0.0,0.0,0.0,619.78,0.0,1.0,1,0.0,1245.0,26853.0,0.0,6.0,0.0,0.0,76.0,15378.0,100.0,2.0,2.0,41.0,86.0,15700.0,1.0,2.0,2.0,2.0,2066.0,3259.0,1.2,0.0,0.0,184.0,340.0,7.0,7.0,0.0,31.0,4.0,1.0,1.0,6.0,2.0,2.0,10.0,7.0,9.0,6.0,13.0,0.0,0.0,0.0,2.0,88.9,0.0,1.0,0.0,31148.0,26853.0,3300.0,15448.0,0,0
54260,10000.0,0.1862,364.65,1,45000.0,0,0,n,22.83,0.0,1.0,8.0,0.0,6787.0,13.0,0,0.0,0.0,2531.86,2531.86,1537.25,994.61,0.0,0.0,0.0,0.0,0.0,1.0,1,0.0,0.0,36074.0,3.0,4.0,2.0,2.0,5.0,29287.0,81.0,1.0,2.0,3055.0,77.0,10900.0,1.0,1.0,1.0,4.0,4509.0,3813.0,59.4,0.0,0.0,164.0,49.0,3.0,3.0,3.0,19.0,5.0,1.0,3.0,4.0,3.0,3.0,6.0,4.0,4.0,4.0,8.0,0.0,0.0,0.0,3.0,83.3,33.3,0.0,0.0,47177.0,36074.0,9400.0,36277.0,0,0
54275,18600.0,0.1308,423.97,3,59000.0,0,0,n,21.85,0.0,2.0,13.0,0.0,11818.0,30.0,0,0.0,0.0,2516.79,2516.79,1319.65,1197.14,0.0,0.0,0.0,423.97,0.0,1.0,1,0.0,0.0,210197.0,3.0,3.0,0.0,3.0,16.0,21488.0,64.0,2.0,2.0,2701.0,53.0,29100.0,2.0,0.0,4.0,6.0,16169.0,12399.0,17.9,0.0,0.0,73.0,162.0,2.0,2.0,1.0,45.0,2.0,0.0,1.0,3.0,5.0,14.0,11.0,9.0,18.0,3.0,13.0,0.0,0.0,0.0,3.0,100.0,0.0,0.0,0.0,240250.0,33306.0,15100.0,33700.0,0,0
54299,20725.0,0.1862,533.3,2,95000.0,1,0,n,23.03,0.0,1.0,14.0,1.0,4696.0,25.0,0,0.0,0.0,5345.37,5345.37,645.05,911.97,0.0,3788.35,681.903,533.3,0.0,1.0,1,0.0,0.0,205790.0,3.0,3.0,1.0,3.0,4.0,33322.0,65.0,4.0,4.0,1198.0,52.0,22000.0,3.0,4.0,4.0,8.0,14699.0,3554.0,34.2,0.0,0.0,133.0,156.0,3.0,3.0,2.0,50.0,4.0,2.0,3.0,7.0,3.0,6.0,7.0,9.0,16.0,7.0,14.0,0.0,0.0,0.0,6.0,95.7,33.3,1.0,0.0,291877.0,38018.0,5400.0,51169.0,0,0
54310,3500.0,0.17739999999999995,126.08,3,34000.0,0,0,n,0.88,0.0,1.0,3.0,0.0,1997.0,6.0,0,2619.08,2619.08,1379.98,1379.98,880.92,499.06,0.0,0.0,0.0,0.0,0.0,1.0,1,0.0,0.0,5497.0,1.0,1.0,0.0,0.0,44.0,3500.0,100.0,1.0,2.0,1997.0,57.0,6100.0,1.0,0.0,1.0,2.0,1832.0,4103.0,32.7,0.0,0.0,44.0,56.0,5.0,5.0,0.0,5.0,5.0,0.0,0.0,0.0,2.0,4.0,1.0,2.0,5.0,1.0,3.0,0.0,0.0,0.0,1.0,100.0,0.0,0.0,0.0,9600.0,5497.0,6100.0,3500.0,0,0
54313,13000.0,0.17739999999999995,468.29,1,56500.0,0,0,n,28.84,0.0,1.0,12.0,0.0,18711.0,16.0,0,0.0,0.0,1379.25,1379.25,854.4,524.85,0.0,0.0,0.0,468.29,0.0,1.0,1,0.0,0.0,31703.0,1.0,2.0,0.0,1.0,13.0,12992.0,52.0,2.0,4.0,6347.0,68.0,22100.0,0.0,0.0,1.0,5.0,2882.0,1729.0,89.8,0.0,0.0,166.0,302.0,3.0,3.0,0.0,24.0,3.0,0.0,5.0,9.0,5.0,5.0,4.0,10.0,11.0,9.0,12.0,0.0,0.0,0.0,2.0,100.0,100.0,0.0,0.0,46932.0,31703.0,17000.0,24832.0,0,0
54322,1600.0,0.2565,64.17,1,31000.0,1,0,n,12.47,1.0,0.0,5.0,0.0,5568.0,7.0,0,1306.02,1306.02,572.97,572.97,293.98,278.99,0.0,0.0,0.0,0.0,0.0,1.0,1,0.0,0.0,10280.0,0.0,1.0,1.0,1.0,10.0,4712.0,79.0,2.0,3.0,3597.0,49.0,14800.0,1.0,0.0,1.0,4.0,2056.0,4932.0,53.0,0.0,0.0,55.0,54.0,7.0,7.0,0.0,8.0,10.0,0.0,2.0,2.0,2.0,2.0,3.0,4.0,4.0,2.0,5.0,0.0,0.0,0.0,3.0,100.0,0.0,0.0,0.0,20800.0,10280.0,10500.0,6000.0,0,0
54347,14500.0,0.17739999999999995,522.33,1,55000.0,1,0,n,25.88,0.0,1.0,9.0,0.0,9376.0,17.0,0,0.0,0.0,1016.08,1016.08,693.0,323.08,0.0,0.0,0.0,0.0,0.0,1.0,1,0.0,0.0,47297.0,3.0,2.0,0.0,2.0,22.0,37921.0,72.0,3.0,6.0,5965.0,54.0,19400.0,2.0,1.0,1.0,8.0,5255.0,3385.0,70.0,0.0,0.0,42.0,57.0,3.0,3.0,0.0,3.0,6.0,0.0,2.0,4.0,3.0,7.0,4.0,7.0,13.0,4.0,9.0,0.0,0.0,0.0,3.0,100.0,66.7,0.0,0.0,66275.0,47297.0,11300.0,46875.0,0,0
54352,20000.0,0.2305,564.39,1,70000.0,0,0,n,27.22,0.0,2.0,16.0,0.0,17600.0,19.0,0,19246.11,19246.11,5028.29,5028.29,753.89,4274.4,0.0,0.0,0.0,564.39,0.0,1.0,1,0.0,0.0,43350.0,1.0,3.0,1.0,1.0,11.0,25750.0,58.0,2.0,3.0,5006.0,65.0,22200.0,2.0,1.0,7.0,4.0,2709.0,3231.0,83.0,0.0,0.0,42.0,328.0,0.0,0.0,0.0,0.0,0.0,0.0,9.0,11.0,10.0,10.0,5.0,13.0,14.0,11.0,16.0,0.0,0.0,0.0,3.0,100.0,60.0,0.0,0.0,66634.0,43350.0,19000.0,44434.0,0,0
54353,30000.0,0.1862,1093.93,1,120000.0,0,0,n,13.85,0.0,0.0,10.0,0.0,35244.0,30.0,0,0.0,0.0,7595.44,7595.44,4609.17,2986.27,0.0,0.0,0.0,0.0,0.0,1.0,1,0.0,0.0,54138.0,0.0,1.0,1.0,1.0,12.0,18894.0,76.0,0.0,0.0,24680.0,57.0,70700.0,1.0,0.0,1.0,1.0,5414.0,35456.0,49.9,0.0,0.0,84.0,120.0,49.0,12.0,0.0,49.0,12.0,0.0,4.0,4.0,9.0,18.0,3.0,9.0,27.0,4.0,10.0,0.0,0.0,0.0,1.0,100.0,22.2,0.0,0.0,95700.0,54138.0,70700.0,25000.0,0,0
54356,10000.0,0.17739999999999995,360.23,1,60000.0,1,0,n,28.46,0.0,0.0,14.0,1.0,10842.0,21.0,0,0.0,0.0,2298.7,2298.7,646.66,414.32,0.0,1237.72,222.7896,360.23,0.0,1.0,1,0.0,0.0,39897.0,1.0,2.0,1.0,2.0,4.0,29055.0,81.0,2.0,4.0,4936.0,78.0,15300.0,1.0,0.0,1.0,6.0,2850.0,2481.0,73.6,0.0,0.0,152.0,165.0,8.0,4.0,0.0,14.0,11.0,0.0,5.0,11.0,6.0,9.0,5.0,12.0,16.0,11.0,14.0,0.0,0.0,0.0,3.0,100.0,50.0,1.0,0.0,51023.0,39897.0,9400.0,35723.0,0,0
54416,40000.0,0.1612,975.28,2,100000.0,0,0,n,14.36,0.0,0.0,14.0,0.0,51672.0,35.0,0,0.0,0.0,2854.2,2854.2,878.49,1975.71,0.0,0.0,0.0,975.28,0.0,1.0,1,0.0,0.0,52570.0,0.0,1.0,0.0,1.0,15.0,898.0,11.0,0.0,1.0,23115.0,35.0,141800.0,1.0,1.0,2.0,2.0,4044.0,60506.0,44.0,0.0,0.0,140.0,204.0,17.0,15.0,2.0,54.0,4.0,0.0,4.0,6.0,9.0,14.0,6.0,12.0,25.0,6.0,14.0,0.0,0.0,0.0,0.0,100.0,22.2,0.0,0.0,149985.0,52570.0,108100.0,8185.0,0,0
54458,32000.0,0.1524,1113.06,2,130000.0,1,0,n,19.45,0.0,0.0,17.0,0.0,512728.0,19.0,0,0.0,0.0,2171.93,2171.93,1422.3,749.63,0.0,0.0,0.0,0.0,0.0,1.0,1,0.0,0.0,1256534.0,2.0,1.0,0.0,0.0,25.0,17281.0,88.0,1.0,3.0,2822.0,44.0,564300.0,1.0,0.0,3.0,4.0,104711.0,45178.0,10.1,0.0,0.0,76.0,228.0,1.0,1.0,1.0,59.0,1.0,0.0,1.0,6.0,9.0,10.0,2.0,15.0,16.0,6.0,17.0,0.0,0.0,0.0,2.0,100.0,25.0,0.0,0.0,1310524.0,530009.0,48000.0,19699.0,0,0
54472,5000.0,0.1102,163.75,1,68000.0,0,0,n,23.49,0.0,4.0,13.0,1.0,14348.0,17.0,0,4357.38,4357.38,976.38,976.38,642.62,333.76,0.0,0.0,0.0,163.75,0.0,1.0,1,0.0,1104.0,41547.0,1.0,5.0,2.0,4.0,4.0,27199.0,74.0,1.0,3.0,8565.0,38.0,73300.0,2.0,0.0,7.0,7.0,3196.0,56187.0,20.1,0.0,0.0,39.0,72.0,9.0,4.0,0.0,9.0,2.0,0.0,6.0,7.0,7.0,7.0,7.0,8.0,10.0,7.0,13.0,0.0,0.0,0.0,3.0,100.0,0.0,1.0,0.0,109900.0,41547.0,70300.0,36600.0,0,0
54480,20000.0,0.2565,594.68,1,113000.0,0,0,n,16.75,0.0,1.0,13.0,0.0,11450.0,32.0,0,17951.32,17951.32,6484.48,6484.48,2048.68,4435.8,0.0,0.0,0.0,0.0,0.0,1.0,1,0.0,0.0,35566.0,3.0,2.0,1.0,1.0,11.0,24116.0,57.0,3.0,5.0,4275.0,46.0,35600.0,2.0,1.0,4.0,6.0,2964.0,2867.0,74.6,0.0,0.0,77.0,209.0,2.0,2.0,1.0,4.0,0.0,0.0,2.0,6.0,4.0,7.0,8.0,11.0,23.0,6.0,13.0,0.0,0.0,0.0,4.0,100.0,66.7,0.0,0.0,78035.0,35566.0,11300.0,42435.0,0,0
54512,5000.0,0.0756,155.67,2,36600.0,0,0,n,21.28,0.0,0.0,9.0,0.0,4179.0,24.0,0,3590.28,3590.28,1708.17,1708.17,1409.72,298.45,0.0,0.0,0.0,155.67,0.0,1.0,1,0.0,0.0,82300.0,0.0,1.0,0.0,1.0,19.0,8741.0,55.0,2.0,2.0,3530.0,25.0,35800.0,2.0,0.0,2.0,3.0,9144.0,21710.0,15.5,0.0,0.0,104.0,397.0,12.0,12.0,1.0,12.0,1.0,0.0,3.0,4.0,3.0,8.0,4.0,7.0,19.0,4.0,9.0,0.0,0.0,0.0,2.0,100.0,0.0,0.0,0.0,138903.0,12920.0,25700.0,16000.0,0,0
54557,3600.0,0.17739999999999995,129.68,1,60000.0,1,0,n,27.98,0.0,1.0,10.0,0.0,12653.0,15.0,0,0.0,0.0,650.77,650.77,154.05,98.21,0.0,398.51,71.7318,0.0,0.0,1.0,1,0.0,0.0,46955.0,1.0,3.0,1.0,1.0,11.0,34302.0,63.0,1.0,3.0,2390.0,63.0,20700.0,1.0,7.0,2.0,4.0,4696.0,3859.0,42.4,0.0,0.0,73.0,101.0,5.0,5.0,0.0,5.0,5.0,0.0,2.0,5.0,3.0,3.0,7.0,7.0,8.0,5.0,10.0,0.0,0.0,0.0,2.0,100.0,66.7,0.0,0.0,74830.0,46955.0,6700.0,54130.0,0,0
54591,10000.0,0.0756,311.34,1,73000.0,1,0,n,27.6,0.0,4.0,13.0,0.0,8833.0,18.0,0,0.0,0.0,1879.57,1879.57,498.24,116.04,0.0,1265.29,227.7522,0.0,0.0,1.0,1,0.0,0.0,37282.0,0.0,5.0,1.0,2.0,8.0,28449.0,51.0,0.0,0.0,1259.0,39.0,38700.0,2.0,6.0,6.0,2.0,2868.0,17380.0,19.5,0.0,0.0,95.0,70.0,26.0,8.0,0.0,38.0,1.0,0.0,5.0,7.0,5.0,6.0,8.0,8.0,10.0,7.0,13.0,0.0,0.0,0.0,1.0,100.0,0.0,0.0,0.0,94987.0,37282.0,21600.0,56287.0,0,0
54643,13000.0,0.1862,334.52,1,55000.0,1,0,n,34.28,0.0,1.0,13.0,0.0,12259.0,16.0,0,12900.82,12900.82,2314.74,2314.74,99.18,2215.56,0.0,0.0,0.0,334.52,0.0,1.0,1,0.0,0.0,69709.0,2.0,3.0,0.0,0.0,25.0,57450.0,92.0,3.0,5.0,5728.0,84.0,20100.0,0.0,2.0,2.0,5.0,5809.0,1372.0,89.3,0.0,0.0,56.0,121.0,1.0,1.0,0.0,3.0,3.0,0.0,5.0,7.0,5.0,6.0,4.0,10.0,12.0,7.0,13.0,0.0,0.0,0.0,3.0,100.0,80.0,0.0,0.0,82599.0,69709.0,12800.0,62499.0,0,0
54654,25000.0,0.0702,772.16,2,72000.0,0,0,n,17.73,1.0,1.0,12.0,0.0,28710.0,30.0,0,21505.19,21505.19,4613.46,4613.46,3494.81,1118.65,0.0,0.0,0.0,0.0,0.0,1.0,1,0.0,0.0,329292.0,2.0,1.0,0.0,0.0,40.0,6060.0,37.0,2.0,6.0,23591.0,42.0,67300.0,1.0,1.0,2.0,6.0,27441.0,12627.0,68.2,0.0,0.0,142.0,166.0,3.0,3.0,2.0,15.0,0.0,0.0,4.0,6.0,4.0,11.0,4.0,10.0,24.0,6.0,12.0,0.0,0.0,0.0,2.0,93.3,25.0,0.0,0.0,403300.0,34770.0,39700.0,16500.0,0,0
54685,27000.0,0.1033,578.07,2,125000.0,1,0,n,15.16,1.0,0.0,15.0,1.0,26179.0,23.0,0,24517.06,24517.06,4866.0,4866.0,2482.94,2383.06,0.0,0.0,0.0,211.06,0.0,1.0,1,0.0,0.0,474442.0,0.0,9.0,0.0,0.0,51.0,134446.0,107.0,0.0,1.0,10078.0,94.0,44200.0,1.0,1.0,2.0,2.0,31629.0,16521.0,67.3,0.0,0.0,220.0,266.0,17.0,17.0,1.0,17.0,2.0,0.0,4.0,4.0,4.0,5.0,15.0,5.0,7.0,4.0,15.0,0.0,0.0,0.0,0.0,95.5,25.0,1.0,0.0,469772.0,160625.0,42700.0,103522.0,1,0
54694,10625.0,0.124,238.51,1,27000.0,0,0,n,16.93,0.0,0.0,11.0,0.0,4814.0,14.0,0,9621.01,9621.01,2131.95,2131.95,1003.99,1127.96,0.0,0.0,0.0,0.0,0.0,1.0,1,0.0,0.0,14201.0,0.0,2.0,0.0,2.0,17.0,9387.0,80.0,0.0,0.0,2100.0,38.0,26100.0,2.0,0.0,0.0,2.0,1420.0,7983.0,33.5,0.0,0.0,23.0,95.0,40.0,17.0,0.0,49.0,17.0,0.0,2.0,4.0,3.0,4.0,2.0,9.0,12.0,4.0,11.0,0.0,0.0,0.0,0.0,100.0,0.0,0.0,0.0,37909.0,14201.0,12000.0,11809.0,0,0
54757,13550.0,0.1308,308.86,1,132250.0,1,0,n,6.87,0.0,1.0,27.0,1.0,9918.0,32.0,0,13225.91,13225.91,1658.52,1658.52,324.09,1334.43,0.0,0.0,0.0,154.43,0.0,1.0,1,0.0,0.0,82708.0,1.0,12.0,1.0,4.0,10.0,72790.0,101.0,2.0,8.0,5138.0,71.0,43700.0,2.0,0.0,4.0,12.0,3063.0,22114.0,29.3,0.0,0.0,68.0,57.0,5.0,5.0,0.0,5.0,5.0,0.0,6.0,7.0,9.0,10.0,12.0,15.0,20.0,7.0,27.0,0.0,0.0,0.0,3.0,100.0,22.2,1.0,0.0,115994.0,82708.0,31300.0,72294.0,1,0
54767,10625.0,0.2565,426.11,3,48000.0,0,0,n,5.58,1.0,0.0,6.0,0.0,2688.0,15.0,0,8740.87,8740.87,3804.71,3804.71,1884.13,1920.58,0.0,0.0,0.0,426.11,0.0,1.0,1,0.0,0.0,15002.0,0.0,3.0,0.0,1.0,17.0,12314.0,88.0,1.0,2.0,1979.0,83.0,4000.0,0.0,3.0,3.0,3.0,2500.0,812.0,76.8,0.0,0.0,154.0,100.0,9.0,9.0,0.0,19.0,8.0,0.0,2.0,2.0,2.0,3.0,11.0,3.0,4.0,2.0,6.0,0.0,0.0,0.0,1.0,100.0,50.0,0.0,0.0,17988.0,15002.0,3500.0,13988.0,0,0
54776,9350.0,0.1612,227.98,2,78500.0,1,0,n,22.84,0.0,0.0,7.0,0.0,9827.0,14.0,0,8261.9,8261.9,2491.03,2491.03,1088.1,1402.93,0.0,0.0,0.0,227.98,0.0,1.0,1,0.0,0.0,251309.0,1.0,2.0,1.0,2.0,7.0,65586.0,78.0,3.0,3.0,7461.0,84.0,10300.0,1.0,0.0,2.0,5.0,35901.0,290.0,96.8,0.0,0.0,88.0,76.0,2.0,2.0,1.0,2.0,8.0,0.0,2.0,4.0,2.0,2.0,9.0,4.0,4.0,4.0,7.0,0.0,0.0,0.0,4.0,100.0,100.0,0.0,0.0,272415.0,75413.0,9000.0,72860.0,0,0
54797,11000.0,0.1308,371.06,2,62400.0,0,0,n,16.62,1.0,1.0,9.0,0.0,11361.0,10.0,1,0.0,0.0,1468.25,1468.25,991.08,477.17,0.0,0.0,0.0,371.06,0.0,1.0,1,0.0,0.0,157602.0,1.0,2.0,0.0,1.0,13.0,16982.0,55.0,2.0,3.0,5130.0,56.0,19200.0,0.0,2.0,3.0,4.0,17511.0,762.0,92.9,0.0,0.0,43.0,79.0,5.0,5.0,2.0,5.0,5.0,0.0,3.0,5.0,3.0,3.0,3.0,5.0,5.0,5.0,9.0,0.0,0.0,0.0,2.0,90.0,100.0,0.0,0.0,191583.0,28343.0,10700.0,31029.0,0,0
54823,25000.0,0.17739999999999995,900.56,1,80000.0,1,0,n,33.18,2.0,2.0,9.0,0.0,12825.0,25.0,1,20698.76,20698.76,8080.4,8080.4,4301.24,3779.16,0.0,0.0,0.0,0.0,0.0,1.0,1,0.0,0.0,98985.0,1.0,2.0,1.0,3.0,8.0,86160.0,89.0,1.0,1.0,4812.0,61.0,29800.0,1.0,0.0,3.0,4.0,10998.0,15916.0,40.6,0.0,0.0,18.0,111.0,3.0,3.0,0.0,3.0,3.0,0.0,4.0,5.0,6.0,12.0,3.0,7.0,19.0,5.0,9.0,0.0,0.0,0.0,2.0,83.3,16.7,0.0,0.0,129256.0,98985.0,26800.0,99456.0,0,0
54862,15000.0,0.1612,365.73,2,300000.0,1,0,n,9.61,0.0,0.0,6.0,0.0,14910.0,18.0,0,13067.1,13067.1,3996.16,3996.16,1932.9,2063.26,0.0,0.0,0.0,0.0,0.0,1.0,1,0.0,0.0,770359.0,0.0,2.0,0.0,0.0,151.0,56785.0,20.0,0.0,1.0,6923.0,41.0,36800.0,0.0,0.0,0.0,1.0,128393.0,21890.0,90.8,0.0,0.0,197.0,221.0,14.0,14.0,1.0,14.0,14.0,6.0,3.0,3.0,3.0,9.0,4.0,3.0,12.0,3.0,6.0,0.0,0.0,0.0,0.0,61.1,66.7,0.0,0.0,868127.0,71695.0,36800.0,111327.0,0,0
54869,4400.0,0.124,146.99,2,90000.0,1,0,n,19.45,0.0,2.0,9.0,0.0,4564.0,20.0,1,0.0,0.0,334.31,334.31,204.1,130.21,0.0,0.0,0.0,43.36,0.0,1.0,1,0.0,16662.0,196307.0,2.0,3.0,1.0,2.0,6.0,48892.0,80.0,1.0,1.0,1235.0,75.0,10400.0,5.0,2.0,16.0,3.0,21812.0,4772.0,46.4,0.0,0.0,150.0,44.0,4.0,4.0,3.0,4.0,1.0,0.0,4.0,5.0,4.0,4.0,12.0,5.0,5.0,5.0,9.0,0.0,0.0,0.0,2.0,95.0,25.0,0.0,0.0,224558.0,53456.0,8900.0,61325.0,0,0
54894,5000.0,0.1524,173.92,2,55000.0,0,0,n,19.33,0.0,1.0,24.0,0.0,1038.0,39.0,0,4558.05,4558.05,986.73,986.73,441.95,544.78,0.0,0.0,0.0,0.0,0.0,1.0,0,0.0,65.0,329357.0,6.0,4.0,3.0,5.0,3.0,106824.0,88.0,3.0,8.0,408.0,36.0,61200.0,5.0,1.0,5.0,13.0,13723.0,36802.0,2.1,0.0,0.0,165.0,498.0,4.0,3.0,2.0,4.0,3.0,0.0,6.0,10.0,10.0,10.0,13.0,19.0,24.0,10.0,24.0,0.0,0.0,0.0,6.0,94.9,0.0,0.0,0.0,397623.0,107862.0,37600.0,88423.0,1,0
54954,10000.0,0.1612,352.17,1,175000.0,0,0,n,9.71,2.0,1.0,14.0,0.0,27947.0,31.0,1,8465.43,8465.43,2808.4,2808.4,1534.57,1273.83,0.0,0.0,0.0,352.17,0.0,1.0,1,0.0,0.0,50290.0,1.0,2.0,1.0,2.0,3.0,22343.0,84.0,0.0,0.0,6501.0,86.0,66200.0,1.0,1.0,3.0,2.0,3592.0,38253.0,88.5,0.0,0.0,195.0,275.0,31.0,3.0,3.0,31.0,3.0,0.0,11.0,11.0,12.0,16.0,12.0,12.0,16.0,11.0,14.0,0.0,0.0,0.0,1.0,96.0,58.3,0.0,0.0,92964.0,50290.0,66200.0,26764.0,0,0
54957,40000.0,0.1102,1309.93,2,68000.0,0,0,n,19.36,0.0,0.0,17.0,1.0,13306.0,32.0,0,28989.55,28989.55,14471.02,14471.02,11010.45,3460.57,0.0,0.0,0.0,1320.0,0.0,1.0,0,0.0,0.0,420344.0,2.0,4.0,1.0,3.0,10.0,26057.0,69.0,2.0,5.0,5775.0,46.0,46400.0,2.0,1.0,1.0,9.0,26272.0,14678.0,44.4,0.0,0.0,85.0,358.0,4.0,3.0,6.0,4.0,4.0,0.0,4.0,6.0,4.0,9.0,5.0,12.0,21.0,6.0,17.0,0.0,0.0,0.0,4.0,100.0,25.0,1.0,0.0,465778.0,39363.0,27800.0,37740.0,0,0
54958,28000.0,0.28800000000000003,885.37,1,89000.0,1,0,n,20.81,0.0,3.0,7.0,0.0,11286.0,16.0,0,0.0,0.0,4337.88,4337.88,884.7,3453.18,0.0,0.0,0.0,886.0,0.0,1.0,0,0.0,0.0,93500.0,1.0,3.0,1.0,4.0,6.0,82214.0,88.0,1.0,1.0,9291.0,86.0,14500.0,2.0,1.0,5.0,5.0,13357.0,3159.0,76.6,0.0,0.0,89.0,97.0,10.0,6.0,0.0,10.0,0.0,3.0,3.0,4.0,3.0,5.0,9.0,4.0,6.0,4.0,7.0,0.0,0.0,0.0,2.0,100.0,100.0,0.0,0.0,109181.0,93500.0,13500.0,94681.0,0,0
54966,13000.0,0.1171,429.99,1,51040.0,1,0,n,20.74,0.0,1.0,9.0,0.0,10600.0,23.0,0,0.0,0.0,3001.47,3001.47,2185.06,816.41,0.0,0.0,0.0,0.0,0.0,1.0,1,0.0,0.0,32378.0,0.0,2.0,0.0,3.0,13.0,21778.0,82.0,0.0,3.0,4025.0,75.0,16900.0,0.0,1.0,1.0,6.0,3598.0,2513.0,79.2,0.0,0.0,90.0,69.0,16.0,13.0,0.0,16.0,3.0,0.0,3.0,6.0,3.0,4.0,13.0,7.0,10.0,6.0,9.0,0.0,0.0,0.0,0.0,100.0,33.3,0.0,0.0,43332.0,32378.0,12100.0,26432.0,0,0
55005,21275.0,0.1612,518.73,2,85000.0,0,0,n,32.2,1.0,0.0,10.0,0.0,7303.0,21.0,0,0.0,0.0,3593.0,3593.0,1697.75,1895.25,0.0,0.0,0.0,518.73,0.0,1.0,1,0.0,0.0,71917.0,1.0,3.0,1.0,1.0,12.0,61491.0,62.0,1.0,1.0,3728.0,58.0,17900.0,0.0,2.0,2.0,2.0,7192.0,7192.0,44.2,0.0,0.0,133.0,98.0,1.0,1.0,1.0,1.0,12.0,1.0,2.0,5.0,3.0,4.0,11.0,6.0,8.0,5.0,10.0,0.0,0.0,0.0,2.0,81.0,33.3,0.0,0.0,117674.0,71917.0,12900.0,95979.0,0,0
55007,8000.0,0.2565,320.84,3,42000.0,1,0,n,31.0,0.0,1.0,18.0,0.0,18801.0,23.0,1,6256.2,6256.2,3197.0,3197.0,1743.8,1453.2,0.0,0.0,0.0,320.84,0.0,1.0,1,0.0,0.0,42257.0,0.0,5.0,1.0,1.0,7.0,23456.0,86.0,1.0,2.0,2961.0,79.0,26200.0,1.0,1.0,2.0,3.0,2486.0,1212.0,90.9,0.0,0.0,118.0,290.0,7.0,7.0,0.0,22.0,4.0,0.0,7.0,10.0,8.0,9.0,8.0,13.0,15.0,10.0,18.0,0.0,0.0,0.0,2.0,100.0,87.5,0.0,0.0,53450.0,42257.0,13300.0,27250.0,0,0
55062,6000.0,0.0819,188.55,1,46200.0,0,0,n,23.45,0.0,0.0,12.0,0.0,6839.0,24.0,0,0.0,0.0,937.29,937.29,748.14,189.15,0.0,0.0,0.0,0.0,0.0,1.0,1,0.0,0.0,21653.0,0.0,2.0,0.0,2.0,16.0,14814.0,65.0,0.0,0.0,4241.0,40.0,32000.0,1.0,0.0,0.0,2.0,1804.0,18516.0,21.2,0.0,0.0,155.0,197.0,31.0,16.0,0.0,34.0,16.0,0.0,3.0,7.0,5.0,7.0,6.0,10.0,18.0,7.0,12.0,0.0,0.0,0.0,0.0,91.7,0.0,0.0,0.0,54652.0,21653.0,23500.0,22652.0,0,0
55145,8425.0,0.1308,284.2,3,61250.0,1,0,n,26.96,0.0,2.0,10.0,0.0,5872.0,22.0,0,7237.49,7237.49,2148.6,2148.6,1187.51,961.09,0.0,0.0,0.0,284.2,0.0,1.0,1,0.0,1041.0,225163.0,4.0,3.0,3.0,6.0,4.0,48006.0,75.0,1.0,1.0,4394.0,60.0,25000.0,4.0,3.0,4.0,9.0,22516.0,16628.0,26.1,0.0,0.0,159.0,229.0,3.0,3.0,3.0,3.0,3.0,0.0,5.0,5.0,5.0,6.0,12.0,6.0,7.0,5.0,10.0,0.0,0.0,0.0,5.0,100.0,0.0,0.0,0.0,264195.0,53878.0,22500.0,64195.0,0,0
55158,36825.0,0.1102,801.04,2,82000.0,1,0,n,24.18,0.0,0.0,18.0,0.0,12600.0,48.0,0,31493.15,31493.15,8788.89,8788.89,5331.85,3457.04,0.0,0.0,0.0,801.04,0.0,1.0,1,0.0,0.0,299101.0,0.0,9.0,0.0,3.0,15.0,61066.0,73.0,1.0,2.0,4408.0,45.0,78000.0,2.0,2.0,1.0,6.0,16617.0,64400.0,16.4,0.0,0.0,184.0,197.0,12.0,8.0,8.0,12.0,9.0,0.0,3.0,3.0,7.0,9.0,22.0,8.0,18.0,3.0,18.0,0.0,0.0,0.0,2.0,100.0,14.3,0.0,0.0,389741.0,73666.0,77000.0,84279.0,0,0
55205,1400.0,0.1612,49.31,1,68000.0,1,0,n,19.03,0.0,2.0,5.0,0.0,3939.0,12.0,1,1215.55,1215.55,343.92,343.92,184.45,159.47,0.0,0.0,0.0,0.0,0.0,1.0,1,0.0,0.0,40396.0,1.0,2.0,3.0,5.0,3.0,36457.0,82.0,0.0,2.0,220.0,64.0,18800.0,7.0,0.0,3.0,7.0,8079.0,380.0,36.7,0.0,0.0,42.0,50.0,19.0,3.0,0.0,50.0,3.0,0.0,1.0,2.0,1.0,1.0,9.0,3.0,3.0,2.0,5.0,0.0,0.0,0.0,3.0,100.0,0.0,0.0,0.0,63179.0,40396.0,600.0,44379.0,0,0
55212,32825.0,0.0756,1021.97,1,125000.0,0,0,n,16.12,0.0,0.0,5.0,0.0,28655.0,8.0,1,0.0,0.0,3052.12,3052.12,2657.45,394.67,0.0,0.0,0.0,1021.97,0.0,1.0,1,0.0,0.0,46714.0,0.0,2.0,1.0,1.0,12.0,18059.0,53.0,0.0,0.0,15654.0,56.0,49000.0,1.0,0.0,1.0,1.0,9343.0,12754.0,68.1,0.0,0.0,173.0,65.0,40.0,12.0,0.0,40.0,12.0,0.0,2.0,3.0,2.0,2.0,4.0,3.0,4.0,3.0,5.0,0.0,0.0,0.0,1.0,100.0,50.0,0.0,0.0,83000.0,46714.0,40000.0,34000.0,0,0
55228,40000.0,0.16949999999999998,993.03,1,350000.0,1,0,n,6.7,1.0,0.0,12.0,0.0,31879.0,22.0,0,0.0,0.0,6875.88,6875.88,3126.2,3749.68,0.0,0.0,0.0,993.03,0.0,1.0,1,0.0,0.0,65470.0,1.0,4.0,0.0,2.0,14.0,33591.0,55.0,1.0,2.0,10407.0,52.0,64500.0,0.0,3.0,2.0,4.0,5456.0,23863.0,54.6,0.0,0.0,157.0,156.0,1.0,1.0,0.0,1.0,8.0,0.0,6.0,7.0,6.0,8.0,8.0,8.0,14.0,7.0,12.0,0.0,0.0,0.0,1.0,95.5,50.0,0.0,0.0,147323.0,65470.0,52600.0,82823.0,0,0
55241,3000.0,0.14300000000000002,102.98,1,40000.0,1,0,n,7.14,0.0,1.0,8.0,0.0,4374.0,11.0,0,2228.08,2228.08,1128.01,1128.01,771.92,356.09,0.0,0.0,0.0,102.98,0.0,1.0,1,0.0,0.0,27719.0,3.0,7.0,3.0,7.0,4.0,23345.0,102.0,0.0,0.0,4374.0,87.0,8800.0,1.0,0.0,1.0,8.0,3465.0,4426.0,49.7,0.0,0.0,22.0,142.0,44.0,4.0,0.0,142.0,5.0,0.0,1.0,1.0,1.0,2.0,7.0,1.0,3.0,1.0,8.0,0.0,0.0,0.0,3.0,100.0,0.0,0.0,0.0,31800.0,27719.0,8800.0,23000.0,0,0
55245,5000.0,0.2305,193.68,1,80000.0,0,0,n,15.54,0.0,2.0,26.0,0.0,5696.0,28.0,1,0.0,0.0,1241.47,1241.47,534.15,707.32,0.0,0.0,0.0,0.0,0.0,1.0,1,0.0,0.0,339079.0,2.0,18.0,1.0,2.0,12.0,333383.0,133.0,4.0,8.0,1432.0,130.0,9500.0,2.0,0.0,4.0,10.0,13042.0,2705.0,59.6,0.0,0.0,109.0,146.0,5.0,5.0,0.0,5.0,0.0,0.0,4.0,5.0,6.0,6.0,18.0,8.0,10.0,6.0,26.0,0.0,0.0,0.0,5.0,100.0,16.7,0.0,0.0,259297.0,339079.0,6700.0,249797.0,0,0
55262,9000.0,0.0646,275.68,3,45000.0,0,0,n,17.68,0.0,0.0,10.0,0.0,11187.0,12.0,0,6468.01,6468.01,3029.25,3029.25,2531.99,497.26,0.0,0.0,0.0,275.68,0.0,1.0,1,0.0,0.0,31160.0,1.0,2.0,0.0,1.0,23.0,19973.0,89.0,1.0,5.0,5796.0,48.0,42500.0,2.0,0.0,3.0,6.0,3116.0,30313.0,27.0,0.0,0.0,41.0,41.0,4.0,4.0,0.0,4.0,12.0,0.0,5.0,5.0,7.0,8.0,3.0,8.0,9.0,5.0,10.0,0.0,0.0,0.0,1.0,100.0,14.3,0.0,0.0,64874.0,31160.0,41500.0,22374.0,0,0
55293,15000.0,0.08810000000000001,475.68,1,52000.0,1,0,n,17.84,1.0,1.0,10.0,0.0,1434.0,23.0,0,12224.77,12224.77,3790.76,3790.76,2775.23,1015.53,0.0,0.0,0.0,475.68,0.0,1.0,1,0.0,0.0,228712.0,2.0,1.0,1.0,1.0,10.0,15706.0,79.0,1.0,3.0,561.0,38.0,24800.0,1.0,0.0,4.0,5.0,22871.0,15663.0,5.6,0.0,0.0,163.0,318.0,1.0,1.0,1.0,69.0,1.0,1.0,2.0,4.0,3.0,5.0,7.0,8.0,15.0,4.0,10.0,0.0,0.0,0.0,3.0,87.0,0.0,0.0,0.0,256800.0,17140.0,16600.0,20000.0,0,0
55307,5300.0,0.1171,175.31,1,75000.0,0,0,n,22.78,0.0,0.0,12.0,0.0,16874.0,24.0,0,0.0,0.0,343.72,343.72,248.39,95.33,0.0,0.0,0.0,0.0,0.0,1.0,1,0.0,0.0,40077.0,1.0,4.0,1.0,3.0,7.0,23203.0,70.0,1.0,2.0,7371.0,58.0,36100.0,1.0,0.0,1.0,5.0,3340.0,10215.0,60.3,0.0,0.0,132.0,234.0,3.0,3.0,0.0,3.0,7.0,1.0,5.0,7.0,5.0,9.0,8.0,8.0,16.0,7.0,12.0,0.0,0.0,0.0,2.0,91.7,60.0,0.0,0.0,69100.0,40077.0,25700.0,33000.0,0,0
55319,16525.0,0.1171,546.59,2,240000.0,0,0,n,20.34,0.0,2.0,12.0,0.0,46976.0,26.0,0,16139.67,16139.67,850.84,850.84,385.33,465.51,0.0,0.0,0.0,157.5,0.0,1.0,1,0.0,0.0,498529.0,3.0,3.0,1.0,1.0,5.0,56470.0,36.0,2.0,2.0,14318.0,46.0,87500.0,1.0,0.0,2.0,3.0,41544.0,38894.0,54.5,0.0,0.0,160.0,152.0,5.0,5.0,3.0,5.0,5.0,0.0,4.0,5.0,5.0,9.0,10.0,7.0,12.0,6.0,12.0,0.0,0.0,0.0,3.0,100.0,20.0,0.0,0.0,612767.0,145597.0,85500.0,98528.0,0,0
55321,15775.0,0.0756,491.14,1,96000.0,0,0,n,25.9,0.0,0.0,10.0,0.0,1009.0,20.0,1,10282.17,10282.17,6395.91,6395.91,5492.83,903.08,0.0,0.0,0.0,0.0,0.0,1.0,1,0.0,0.0,81243.0,1.0,3.0,1.0,4.0,8.0,80234.0,66.0,1.0,1.0,980.0,40.0,11900.0,8.0,5.0,8.0,5.0,8124.0,8991.0,10.1,0.0,0.0,174.0,94.0,6.0,6.0,0.0,40.0,8.0,0.0,2.0,2.0,5.0,5.0,11.0,7.0,9.0,2.0,10.0,0.0,0.0,0.0,2.0,80.0,20.0,0.0,0.0,107314.0,81243.0,10000.0,95414.0,0,0
55362,14000.0,0.2305,542.31,1,115000.0,0,0,n,15.22,0.0,0.0,11.0,0.0,22449.0,14.0,1,0.0,0.0,2114.72,2114.72,1088.9,1025.82,0.0,0.0,0.0,252.86,0.0,1.0,1,0.0,0.0,59429.0,1.0,2.0,1.0,1.0,9.0,36681.0,78.0,1.0,2.0,12614.0,81.0,26200.0,0.0,0.0,1.0,3.0,5943.0,3200.0,86.3,0.0,0.0,58.0,59.0,2.0,2.0,0.0,2.0,9.0,0.0,4.0,6.0,5.0,6.0,4.0,8.0,9.0,6.0,11.0,0.0,0.0,0.0,2.0,92.9,60.0,0.0,0.0,73304.0,59429.0,23300.0,46805.0,0,0
55389,20200.0,0.0702,623.91,1,40000.0,0,0,n,24.31,0.0,0.0,13.0,0.0,2421.0,40.0,0,14433.67,14433.67,6847.25,6847.25,5766.33,1080.92,0.0,0.0,0.0,623.91,0.0,1.0,1,0.0,0.0,19964.0,2.0,3.0,4.0,5.0,1.0,17543.0,53.0,1.0,1.0,520.0,22.0,56300.0,0.0,7.0,1.0,6.0,2218.0,17918.0,3.1,0.0,0.0,124.0,179.0,9.0,1.0,0.0,28.0,9.0,0.0,2.0,4.0,3.0,6.0,27.0,9.0,13.0,4.0,13.0,0.0,0.0,0.0,5.0,100.0,0.0,0.0,0.0,89154.0,19964.0,18500.0,32854.0,0,0
55391,4000.0,0.1033,129.69,3,78400.0,0,0,n,22.13,0.0,0.0,19.0,0.0,13987.0,28.0,1,2905.9,2905.9,1424.29,1424.29,1094.1,330.19,0.0,0.0,0.0,0.0,0.0,1.0,1,0.0,0.0,51887.0,0.0,4.0,1.0,3.0,8.0,37900.0,75.0,0.0,1.0,6614.0,39.0,83600.0,6.0,1.0,2.0,5.0,2731.0,65913.0,17.5,0.0,0.0,108.0,397.0,13.0,8.0,0.0,13.0,8.0,0.0,6.0,6.0,13.0,16.0,8.0,15.0,19.0,6.0,19.0,0.0,0.0,0.0,1.0,96.4,7.7,0.0,0.0,134135.0,51887.0,79900.0,50535.0,0,0
55403,10000.0,0.2305,387.36,2,58000.0,1,0,n,13.04,0.0,1.0,21.0,0.0,6172.0,22.0,1,9644.85,9644.85,1907.17,1907.17,355.15,1552.02,0.0,0.0,0.0,387.36,0.0,1.0,1,0.0,0.0,67744.0,3.0,13.0,2.0,4.0,12.0,61572.0,122.0,4.0,5.0,2545.0,114.0,9000.0,0.0,0.0,1.0,9.0,3226.0,2028.0,75.3,0.0,0.0,118.0,35.0,5.0,5.0,1.0,5.0,6.0,0.0,6.0,6.0,7.0,7.0,13.0,8.0,8.0,6.0,21.0,0.0,0.0,0.0,6.0,100.0,57.1,0.0,0.0,59603.0,67744.0,8200.0,50603.0,0,0
55427,12000.0,0.2055,321.62,3,100000.0,0,0,n,18.35,0.0,0.0,14.0,0.0,8253.0,23.0,0,0.0,0.0,937.46,937.46,234.23,703.23,0.0,0.0,0.0,0.0,0.0,1.0,1,0.0,0.0,84162.0,3.0,2.0,3.0,3.0,5.0,75909.0,99.0,2.0,7.0,2212.0,81.0,15600.0,4.0,1.0,6.0,11.0,7014.0,4721.0,50.8,0.0,0.0,58.0,310.0,0.0,0.0,0.0,13.0,5.0,2.0,3.0,5.0,5.0,6.0,8.0,11.0,14.0,5.0,14.0,0.0,0.0,0.0,5.0,95.5,60.0,0.0,0.0,92245.0,84162.0,9600.0,76599.0,0,0
55441,21275.0,0.2565,853.23,1,75000.0,0,0,n,13.6,1.0,0.0,9.0,0.0,13574.0,10.0,0,20053.83,20053.83,5058.75,5058.75,1221.17,3837.58,0.0,0.0,0.0,853.23,0.0,1.0,1,0.0,0.0,42335.0,0.0,1.0,0.0,2.0,19.0,10698.0,79.0,2.0,2.0,6802.0,72.0,27600.0,4.0,0.0,0.0,4.0,4704.0,3576.0,71.2,0.0,0.0,22.0,99.0,9.0,9.0,0.0,9.0,22.0,2.0,4.0,6.0,4.0,4.0,2.0,6.0,6.0,6.0,9.0,0.0,0.0,0.0,2.0,71.4,25.0,0.0,0.0,59208.0,42335.0,12400.0,13545.0,0,0
55460,20000.0,0.2305,564.39,1,40000.0,0,0,n,36.76,0.0,1.0,13.0,0.0,19000.0,23.0,1,0.0,0.0,1203.17,1203.17,363.91,839.26,0.0,0.0,0.0,50.0,0.0,1.0,1,0.0,0.0,27273.0,0.0,2.0,0.0,1.0,16.0,8273.0,50.0,0.0,1.0,4739.0,54.0,34000.0,1.0,0.0,3.0,2.0,2098.0,10280.0,60.2,0.0,0.0,45.0,54.0,21.0,16.0,0.0,25.0,5.0,0.0,6.0,10.0,7.0,11.0,3.0,11.0,19.0,10.0,13.0,0.0,0.0,0.0,0.0,95.7,28.6,0.0,0.0,50575.0,27273.0,25800.0,16575.0,0,0
55481,14000.0,0.1524,334.83,2,156000.0,1,0,n,20.22,0.0,0.0,13.0,0.0,13313.0,34.0,0,12283.74,12283.74,3336.45,3336.45,1716.26,1620.19,0.0,0.0,0.0,0.0,0.0,1.0,1,0.0,213.0,298523.0,1.0,6.0,2.0,6.0,7.0,71089.0,69.0,1.0,2.0,4529.0,69.0,19200.0,3.0,4.0,3.0,8.0,22963.0,959.0,86.3,0.0,0.0,146.0,258.0,2.0,2.0,3.0,2.0,7.0,0.0,2.0,5.0,2.0,2.0,22.0,6.0,8.0,5.0,13.0,0.0,0.0,0.0,3.0,73.5,100.0,0.0,0.0,356543.0,84402.0,7000.0,102943.0,0,0
55496,17000.0,0.16949999999999998,422.04,1,99500.0,0,0,n,17.4,0.0,0.0,5.0,0.0,5897.0,6.0,0,16818.09,16818.09,2147.27,2147.27,181.91,1965.36,0.0,0.0,0.0,211.02,0.0,1.0,1,0.0,0.0,30479.0,1.0,2.0,1.0,1.0,8.0,24582.0,51.0,2.0,2.0,3232.0,37.0,34000.0,1.0,0.0,2.0,3.0,6096.0,28103.0,17.3,0.0,0.0,32.0,188.0,1.0,1.0,0.0,1.0,7.0,1.0,2.0,2.0,3.0,3.0,2.0,3.0,4.0,2.0,5.0,0.0,0.0,0.0,3.0,83.3,0.0,0.0,0.0,81896.0,30479.0,34000.0,47896.0,0,0
55514,12000.0,0.0646,367.57,2,90000.0,0,0,n,19.75,0.0,0.0,17.0,0.0,17515.0,40.0,0,0.0,0.0,2201.11,2201.11,1842.46,358.65,0.0,0.0,0.0,0.0,0.0,1.0,1,0.0,0.0,145332.0,3.0,2.0,1.0,3.0,5.0,50292.0,80.0,4.0,5.0,5730.0,45.0,88500.0,1.0,6.0,0.0,8.0,8549.0,65099.0,12.3,0.0,0.0,136.0,177.0,5.0,5.0,2.0,5.0,17.0,0.0,3.0,4.0,11.0,18.0,15.0,14.0,23.0,4.0,17.0,0.0,0.0,0.0,5.0,100.0,18.2,0.0,0.0,268884.0,67807.0,74200.0,63184.0,0,0
55531,14000.0,0.1102,458.48,1,88000.0,0,0,n,4.21,0.0,1.0,4.0,0.0,751.0,10.0,0,0.0,0.0,1366.87,1366.87,998.86,368.01,0.0,0.0,0.0,0.0,0.0,1.0,1,0.0,0.0,3340.0,0.0,1.0,0.0,1.0,18.0,2589.0,48.0,0.0,1.0,670.0,21.0,10500.0,1.0,0.0,1.0,2.0,835.0,9749.0,7.2,0.0,0.0,83.0,78.0,15.0,15.0,0.0,15.0,0.0,1.0,3.0,3.0,3.0,6.0,2.0,3.0,8.0,3.0,4.0,0.0,0.0,0.0,0.0,90.0,0.0,0.0,0.0,15900.0,3340.0,10500.0,5400.0,0,0
55542,30000.0,0.2055,1123.34,1,75000.0,0,0,n,30.96,0.0,0.0,17.0,0.0,32756.0,23.0,0,0.0,0.0,2212.43,2212.43,1229.62,982.81,0.0,0.0,0.0,0.0,0.0,1.0,0,0.0,0.0,60613.0,2.0,3.0,1.0,2.0,6.0,27857.0,64.0,4.0,8.0,7846.0,69.0,44400.0,1.0,0.0,2.0,10.0,3565.0,9629.0,76.7,0.0,0.0,159.0,59.0,1.0,1.0,0.0,1.0,8.0,0.0,10.0,12.0,11.0,13.0,6.0,14.0,17.0,12.0,17.0,0.0,0.0,0.0,5.0,95.7,45.5,0.0,0.0,88000.0,60613.0,41300.0,43600.0,0,0
55590,25000.0,0.14300000000000002,858.09,2,60000.0,1,0,n,14.74,1.0,0.0,11.0,0.0,23519.0,42.0,0,19559.64,19559.64,7513.09,7513.09,5440.36,2072.73,0.0,0.0,0.0,400.0,0.0,1.0,1,0.0,0.0,311733.0,0.0,4.0,2.0,2.0,11.0,68943.0,99.0,0.0,1.0,13222.0,66.0,43600.0,0.0,0.0,1.0,4.0,28339.0,20081.0,53.9,0.0,0.0,208.0,180.0,20.0,11.0,1.0,20.0,3.0,0.0,5.0,5.0,6.0,8.0,31.0,6.0,10.0,5.0,11.0,0.0,0.0,0.0,2.0,94.9,33.3,0.0,0.0,335587.0,92462.0,43600.0,66153.0,0,0
55611,39000.0,0.1033,1264.48,2,185000.0,1,0,n,24.68,1.0,0.0,15.0,1.0,23704.0,26.0,1,33961.96,33961.96,7564.5,7564.5,5038.04,2526.46,0.0,0.0,0.0,1264.48,0.0,1.0,1,0.0,0.0,339618.0,1.0,3.0,0.0,3.0,15.0,55364.0,56.0,1.0,3.0,6903.0,44.0,83400.0,2.0,2.0,1.0,6.0,22641.0,44254.0,26.4,0.0,0.0,82.0,205.0,2.0,2.0,3.0,2.0,5.0,1.0,6.0,7.0,8.0,10.0,8.0,11.0,15.0,7.0,15.0,0.0,0.0,0.0,1.0,92.3,0.0,1.0,0.0,454039.0,79068.0,60100.0,98204.0,0,0
55613,19000.0,0.124,634.71,1,45000.0,0,0,n,33.41,0.0,1.0,12.0,0.0,19448.0,16.0,1,15257.45,15257.45,5821.5,5821.5,3742.55,2078.95,0.0,0.0,0.0,640.0,0.0,1.0,1,0.0,0.0,23995.0,1.0,1.0,0.0,0.0,32.0,4547.0,31.0,1.0,3.0,3875.0,54.0,29600.0,1.0,0.0,1.0,3.0,2000.0,4583.0,69.0,0.0,0.0,183.0,143.0,5.0,5.0,0.0,28.0,4.0,0.0,4.0,10.0,4.0,4.0,4.0,11.0,12.0,10.0,12.0,0.0,0.0,0.0,1.0,100.0,75.0,0.0,0.0,44100.0,23995.0,14800.0,14500.0,0,0
55657,17000.0,0.1524,406.58,1,6000.0,0,0,n,311.4,0.0,0.0,9.0,0.0,25309.0,23.0,0,16616.22,16616.22,2035.07,2035.07,383.78,1651.29,0.0,0.0,0.0,203.29,0.0,1.0,0,0.0,0.0,35290.0,0.0,1.0,0.0,1.0,22.0,9981.0,48.0,0.0,0.0,7904.0,57.0,38900.0,1.0,0.0,1.0,2.0,3921.0,8993.0,69.8,0.0,0.0,88.0,171.0,41.0,8.0,0.0,41.0,8.0,0.0,5.0,6.0,5.0,9.0,3.0,7.0,19.0,6.0,9.0,0.0,0.0,0.0,1.0,100.0,60.0,0.0,0.0,61728.0,35290.0,29800.0,21000.0,0,0
55669,21025.0,0.16949999999999998,749.08,2,136000.0,0,0,n,24.69,0.0,0.0,11.0,0.0,21612.0,22.0,0,0.0,0.0,5223.76,5223.76,3302.02,1921.74,0.0,0.0,0.0,749.08,0.0,1.0,1,0.0,0.0,175753.0,0.0,4.0,2.0,3.0,9.0,48649.0,63.0,0.0,0.0,9206.0,72.0,22800.0,0.0,0.0,1.0,4.0,15978.0,214.0,98.9,0.0,0.0,96.0,555.0,65.0,9.0,4.0,65.0,9.0,0.0,4.0,5.0,4.0,4.0,11.0,5.0,6.0,5.0,11.0,0.0,0.0,0.0,2.0,100.0,100.0,0.0,0.0,210763.0,75863.0,19800.0,77260.0,0,0
55683,24000.0,0.2565,713.61,2,72000.0,1,0,n,26.4,0.0,3.0,6.0,0.0,7120.0,17.0,0,0.0,0.0,4240.94,4240.94,405.51,987.51,0.0,2847.92,512.6256,0.0,0.0,1.0,1,0.0,261.0,119877.0,1.0,3.0,1.0,1.0,1.0,40245.0,70.0,0.0,0.0,7120.0,68.0,12100.0,0.0,3.0,3.0,1.0,19980.0,4980.0,58.8,0.0,0.0,176.0,60.0,46.0,1.0,1.0,46.0,1.0,0.0,1.0,1.0,2.0,3.0,13.0,2.0,3.0,1.0,6.0,0.0,0.0,0.0,1.0,100.0,50.0,0.0,0.0,165900.0,47365.0,12100.0,57600.0,0,0
55716,40000.0,0.0646,1225.24,2,170000.0,1,0,n,9.05,0.0,0.0,11.0,0.0,24623.0,16.0,0,0.0,0.0,7461.78,7461.78,2025.25,410.87,0.0,5025.66,904.6188,0.0,0.0,1.0,1,0.0,179.0,227278.0,0.0,2.0,0.0,1.0,15.0,28026.0,90.0,1.0,4.0,8061.0,67.0,42000.0,3.0,3.0,0.0,5.0,20662.0,13488.0,57.9,0.0,0.0,160.0,215.0,10.0,10.0,2.0,17.0,16.0,0.0,4.0,5.0,6.0,6.0,4.0,8.0,10.0,5.0,11.0,0.0,0.0,0.0,1.0,93.8,66.7,0.0,0.0,279507.0,52649.0,32000.0,51107.0,0,0
55758,38275.0,0.1033,1240.97,3,100000.0,0,0,n,17.09,0.0,0.0,8.0,0.0,36888.0,11.0,0,0.0,0.0,6182.88,6182.88,4636.57,1546.31,0.0,0.0,0.0,1240.97,0.0,1.0,1,0.0,0.0,44096.0,0.0,1.0,0.0,1.0,13.0,7208.0,72.0,0.0,4.0,18992.0,43.0,92400.0,1.0,0.0,1.0,5.0,5512.0,51612.0,41.7,0.0,0.0,13.0,93.0,13.0,13.0,2.0,13.0,12.0,0.0,4.0,4.0,5.0,5.0,1.0,7.0,8.0,4.0,8.0,0.0,0.0,0.0,0.0,100.0,20.0,0.0,0.0,102400.0,44096.0,88500.0,10000.0,0,0
55776,20000.0,0.1524,478.33,1,95000.0,0,0,n,3.16,0.0,1.0,10.0,0.0,12597.0,11.0,0,19548.49,19548.49,3331.38,3331.38,451.51,2879.87,0.0,0.0,0.0,478.33,0.0,1.0,1,0.0,0.0,43503.0,2.0,7.0,0.0,0.0,167.0,30906.0,133.0,2.0,2.0,6347.0,83.0,29100.0,0.0,0.0,1.0,2.0,4350.0,16503.0,43.3,0.0,0.0,231.0,85.0,2.0,2.0,0.0,2.0,4.0,0.0,2.0,2.0,3.0,3.0,7.0,3.0,4.0,3.0,10.0,0.0,0.0,0.0,2.0,100.0,0.0,0.0,0.0,52309.0,43503.0,29100.0,23209.0,0,0
55784,25000.0,0.1102,543.81,3,65000.0,0,0,n,44.22,0.0,1.0,17.0,0.0,20084.0,35.0,0,22760.46,22760.46,4878.98,4878.98,2239.54,2639.44,0.0,0.0,0.0,543.81,0.0,1.0,0,0.0,0.0,72347.0,1.0,3.0,0.0,0.0,26.0,52263.0,53.0,1.0,3.0,17480.0,24.0,122000.0,0.0,1.0,1.0,3.0,4256.0,62336.0,24.2,0.0,0.0,104.0,275.0,3.0,3.0,0.0,3.0,2.0,0.0,3.0,4.0,7.0,13.0,6.0,14.0,29.0,4.0,17.0,0.0,0.0,0.0,1.0,100.0,14.3,0.0,0.0,245339.0,72347.0,82200.0,123339.0,0,0
55785,4000.0,0.1862,145.86,1,40000.0,0,0,n,29.28,0.0,0.0,14.0,1.0,11757.0,20.0,0,0.0,0.0,725.16,725.16,432.18,292.98,0.0,0.0,0.0,0.0,0.0,1.0,1,0.0,0.0,27312.0,0.0,3.0,0.0,3.0,14.0,15555.0,47.0,1.0,6.0,3697.0,40.0,35700.0,4.0,0.0,0.0,9.0,1951.0,14761.0,43.0,0.0,0.0,46.0,77.0,12.0,12.0,0.0,12.0,14.0,0.0,6.0,8.0,8.0,10.0,4.0,11.0,15.0,8.0,14.0,0.0,0.0,0.0,1.0,100.0,50.0,1.0,0.0,69038.0,27312.0,25900.0,33338.0,0,0
55793,14000.0,0.1524,334.83,3,38000.0,0,0,n,17.94,0.0,0.0,8.0,0.0,7499.0,11.0,0,0.0,0.0,1327.47,1327.47,640.19,687.28,0.0,0.0,0.0,334.83,0.0,1.0,1,0.0,0.0,15985.0,0.0,1.0,1.0,1.0,7.0,8486.0,85.0,0.0,1.0,3393.0,38.0,31600.0,1.0,0.0,1.0,2.0,1998.0,14221.0,29.6,0.0,0.0,166.0,54.0,19.0,7.0,0.0,28.0,7.0,0.0,5.0,7.0,5.0,5.0,2.0,7.0,9.0,7.0,8.0,0.0,0.0,0.0,1.0,100.0,20.0,0.0,0.0,41600.0,15985.0,20200.0,10000.0,0,0
55800,2400.0,0.0756,74.73,1,50000.0,0,0,n,19.25,0.0,0.0,14.0,0.0,4279.0,18.0,0,1723.24,1723.24,821.02,821.02,676.76,144.26,0.0,0.0,0.0,0.0,0.0,1.0,1,0.0,0.0,50715.0,1.0,8.0,1.0,2.0,6.0,46436.0,91.0,0.0,2.0,3688.0,67.0,25000.0,5.0,0.0,4.0,4.0,3623.0,16921.0,20.2,0.0,0.0,87.0,59.0,14.0,6.0,0.0,14.0,5.0,0.0,2.0,2.0,5.0,8.0,9.0,6.0,9.0,2.0,14.0,0.0,0.0,0.0,1.0,100.0,0.0,0.0,0.0,75847.0,50715.0,21200.0,50847.0,0,0
55810,17000.0,0.1033,551.18,1,42000.0,1,0,n,15.63,0.0,0.0,6.0,0.0,6084.0,12.0,0,13202.33,13202.33,4950.86,4950.86,3797.67,1153.19,0.0,0.0,0.0,0.0,0.0,1.0,1,0.0,0.0,15676.0,0.0,2.0,2.0,4.0,8.0,9592.0,77.0,1.0,4.0,2009.0,46.0,21800.0,2.0,4.0,2.0,8.0,2613.0,15716.0,27.9,0.0,0.0,42.0,53.0,11.0,8.0,0.0,11.0,11.0,0.0,4.0,4.0,4.0,6.0,6.0,4.0,6.0,4.0,6.0,0.0,0.0,0.0,3.0,100.0,0.0,0.0,0.0,34300.0,15676.0,21800.0,12500.0,0,0
55814,31575.0,0.1308,719.73,2,276000.0,0,0,n,2.0,0.0,0.0,6.0,0.0,3266.0,15.0,0,0.0,0.0,30000.0,30000.0,0.0,0.0,0.0,30000.0,0.0,0.0,0.0,1.0,1,0.0,0.0,1011352.0,0.0,0.0,0.0,0.0,70.0,407.0,2.0,0.0,0.0,3247.0,1.0,104000.0,0.0,0.0,1.0,1.0,168559.0,100734.0,0.0,0.0,0.0,70.0,265.0,53.0,17.0,4.0,53.0,9.0,0.0,2.0,2.0,3.0,8.0,1.0,3.0,10.0,2.0,6.0,0.0,0.0,0.0,0.0,100.0,0.0,0.0,0.0,1205059.0,3673.0,104000.0,23266.0,0,0
55815,10625.0,0.1862,273.41,1,30000.0,0,0,n,18.92,1.0,0.0,10.0,0.0,7140.0,17.0,0,0.0,0.0,809.24,809.24,330.72,478.52,0.0,0.0,0.0,273.41,1.0,1.0,1,0.0,0.0,11124.0,2.0,1.0,0.0,1.0,16.0,3984.0,70.0,3.0,9.0,4182.0,35.0,26000.0,0.0,2.0,0.0,10.0,1112.0,9950.0,38.6,0.0,0.0,16.0,121.0,3.0,3.0,0.0,3.0,21.0,1.0,4.0,7.0,4.0,5.0,1.0,9.0,15.0,7.0,10.0,0.0,0.0,1.0,3.0,94.1,0.0,0.0,0.0,31735.0,11124.0,16200.0,5735.0,0,0
55861,13000.0,0.14300000000000002,304.52,1,72000.0,0,0,n,16.63,0.0,1.0,9.0,0.0,6252.0,18.0,0,11532.86,11532.86,2780.35,2780.35,1467.14,1313.21,0.0,0.0,0.0,304.52,0.0,1.0,1,0.0,523.0,28190.0,1.0,2.0,1.0,2.0,11.0,20111.0,70.0,1.0,2.0,3872.0,50.0,14300.0,1.0,0.0,2.0,4.0,3132.0,3971.0,58.6,0.0,0.0,139.0,225.0,1.0,1.0,3.0,1.0,1.0,0.0,3.0,5.0,4.0,5.0,6.0,6.0,8.0,5.0,9.0,0.0,0.0,0.0,2.0,100.0,25.0,0.0,0.0,56770.0,28190.0,9600.0,28808.0,0,0
55862,5300.0,0.1033,171.84,1,28000.0,1,0,n,13.84,0.0,0.0,5.0,0.0,3663.0,5.0,0,3850.3,3850.3,1887.2,1887.2,1449.7,437.5,0.0,0.0,0.0,0.0,0.0,1.0,1,0.0,0.0,6312.0,0.0,1.0,0.0,1.0,18.0,2649.0,66.0,0.0,0.0,3183.0,53.0,7900.0,1.0,0.0,1.0,1.0,1262.0,3737.0,49.5,0.0,0.0,18.0,58.0,31.0,18.0,0.0,48.0,10.0,1.0,3.0,3.0,3.0,3.0,1.0,4.0,4.0,3.0,5.0,0.0,0.0,0.0,0.0,80.0,0.0,0.0,0.0,11900.0,6312.0,7400.0,4000.0,0,0
55863,10625.0,0.1612,259.06,2,45000.0,0,0,n,61.49,0.0,1.0,16.0,0.0,9931.0,25.0,0,9649.4,9649.4,2062.96,2062.96,975.6,1087.36,0.0,0.0,0.0,259.06,0.0,1.0,0,0.0,8744.0,143206.0,0.0,6.0,0.0,2.0,17.0,133275.0,134.0,0.0,0.0,4169.0,101.0,32200.0,1.0,1.0,1.0,2.0,8950.0,13881.0,32.3,0.0,0.0,101.0,198.0,43.0,17.0,0.0,43.0,2.0,0.0,5.0,9.0,6.0,9.0,10.0,10.0,15.0,9.0,16.0,0.0,0.0,0.0,0.0,96.0,16.7,0.0,0.0,180752.0,143206.0,20500.0,148552.0,0,0
55915,12000.0,0.2055,321.62,1,43000.0,1,0,n,26.24,0.0,3.0,20.0,0.0,10366.0,26.0,0,10607.49,10607.49,3524.12,3524.12,1392.51,2131.61,0.0,0.0,0.0,0.0,0.0,1.0,1,0.0,0.0,28719.0,3.0,2.0,1.0,1.0,12.0,18353.0,70.0,5.0,14.0,1662.0,47.0,34300.0,4.0,4.0,10.0,15.0,1436.0,10090.0,34.1,0.0,0.0,131.0,128.0,2.0,2.0,0.0,7.0,0.0,0.0,5.0,12.0,6.0,7.0,4.0,18.0,22.0,12.0,20.0,0.0,0.0,0.0,6.0,100.0,16.7,0.0,0.0,60597.0,28719.0,15300.0,26297.0,0,0
55923,20000.0,0.2305,564.39,2,140000.0,1,0,n,15.62,0.0,1.0,11.0,0.0,16086.0,16.0,0,0.0,0.0,3761.75,3761.75,363.91,739.26,0.0,2658.58,478.5444,564.39,0.0,1.0,1,0.0,284.0,294497.0,2.0,3.0,1.0,2.0,5.0,52500.0,73.0,1.0,1.0,7505.0,64.0,34500.0,3.0,3.0,1.0,3.0,26772.0,3418.0,77.7,0.0,0.0,76.0,82.0,4.0,4.0,3.0,4.0,4.0,0.0,2.0,5.0,3.0,3.0,5.0,7.0,8.0,6.0,11.0,0.0,0.0,0.0,2.0,100.0,66.7,0.0,0.0,343923.0,68586.0,15300.0,72298.0,0,0
55960,1000.0,0.1524,34.79,2,75000.0,0,0,n,12.72,0.0,0.0,8.0,0.0,10803.0,11.0,0,790.79,790.79,312.26,312.26,209.21,103.05,0.0,0.0,0.0,0.0,0.0,1.0,1,0.0,0.0,20147.0,1.0,1.0,1.0,1.0,12.0,9344.0,78.0,1.0,1.0,5510.0,47.0,30700.0,2.0,0.0,2.0,2.0,2518.0,12625.0,36.2,0.0,0.0,80.0,52.0,3.0,3.0,0.0,3.0,12.0,0.0,3.0,5.0,4.0,5.0,3.0,7.0,8.0,5.0,8.0,0.0,0.0,0.0,2.0,100.0,25.0,0.0,0.0,42700.0,20147.0,19800.0,12000.0,0,0
55991,8000.0,0.1524,278.27,3,40000.0,0,0,n,30.54,0.0,1.0,10.0,0.0,7588.0,12.0,0,6753.68,6753.68,2219.39,2219.39,1246.32,973.07,0.0,0.0,0.0,278.27,0.0,1.0,1,0.0,0.0,26651.0,2.0,3.0,1.0,2.0,3.0,19063.0,54.0,1.0,2.0,3973.0,39.0,32000.0,1.0,1.0,1.0,4.0,2665.0,20431.0,26.5,0.0,0.0,64.0,83.0,1.0,1.0,0.0,1.0,3.0,0.0,4.0,6.0,4.0,6.0,3.0,7.0,9.0,6.0,10.0,0.0,0.0,0.0,2.0,100.0,0.0,0.0,0.0,67646.0,26651.0,27800.0,35646.0,0,0
56006,25000.0,0.2305,968.4,3,91000.0,0,0,n,36.61,0.0,0.0,23.0,0.0,29786.0,29.0,0,22366.36,22366.36,6746.79,6746.79,2633.64,4113.15,0.0,0.0,0.0,0.0,0.0,1.0,1,0.0,0.0,95321.0,0.0,2.0,1.0,2.0,7.0,64792.0,70.0,1.0,3.0,5214.0,57.0,57200.0,4.0,1.0,7.0,5.0,4144.0,13203.0,68.0,0.0,0.0,101.0,61.0,12.0,7.0,0.0,12.0,4.0,0.0,12.0,14.0,13.0,13.0,7.0,19.0,20.0,14.0,23.0,0.0,0.0,0.0,2.0,100.0,30.8,0.0,0.0,131546.0,95321.0,41300.0,72974.0,0,0
56046,30000.0,0.16949999999999998,744.78,3,75000.0,1,0,n,15.6,0.0,1.0,15.0,0.0,25222.0,22.0,0,0.0,0.0,1433.06,1433.06,646.59,786.47,0.0,0.0,0.0,0.0,0.0,1.0,1,0.0,0.0,29884.0,3.0,1.0,0.0,1.0,22.0,4662.0,47.0,3.0,6.0,4841.0,54.0,45900.0,2.0,0.0,1.0,7.0,1992.0,10873.0,64.6,0.0,0.0,35.0,136.0,2.0,2.0,0.0,4.0,0.0,0.0,5.0,8.0,5.0,9.0,2.0,14.0,20.0,8.0,15.0,0.0,0.0,0.0,3.0,100.0,40.0,0.0,0.0,55900.0,29884.0,30700.0,10000.0,0,0
56058,20000.0,0.2565,594.68,1,96000.0,0,0,n,31.18,0.0,0.0,8.0,0.0,3053.0,20.0,0,18157.88,18157.88,5918.3,5918.3,1842.12,4076.18,0.0,0.0,0.0,0.0,1.0,1.0,1,0.0,3210.0,87649.0,2.0,4.0,3.0,4.0,1.0,84596.0,12.0,1.0,2.0,927.0,21.0,5700.0,0.0,1.0,3.0,6.0,10956.0,227.0,85.8,0.0,0.0,151.0,180.0,9.0,1.0,0.0,9.0,6.0,0.0,2.0,4.0,2.0,2.0,14.0,4.0,5.0,4.0,8.0,0.0,0.0,0.0,4.0,100.0,50.0,0.0,0.0,111728.0,87649.0,1600.0,106028.0,0,0
56066,10425.0,0.08810000000000001,330.6,3,72000.0,0,0,n,25.17,0.0,2.0,16.0,0.0,27936.0,36.0,0,0.0,0.0,3300.9,3300.9,2626.23,674.67,0.0,0.0,0.0,330.6,0.0,1.0,1,0.0,0.0,42385.0,2.0,2.0,0.0,2.0,13.0,14449.0,72.0,2.0,4.0,5009.0,57.0,54300.0,2.0,1.0,2.0,6.0,2649.0,15336.0,53.1,0.0,0.0,112.0,303.0,1.0,1.0,1.0,1.0,1.0,0.0,10.0,13.0,10.0,12.0,16.0,14.0,19.0,13.0,16.0,0.0,0.0,0.0,2.0,91.4,10.0,0.0,0.0,74300.0,42385.0,32700.0,20000.0,0,0
56169,20425.0,0.14300000000000002,478.44,1,65000.0,1,0,n,37.15,0.0,0.0,14.0,0.0,21086.0,34.0,0,18464.34,18464.34,3811.29,3811.29,1960.66,1850.63,0.0,0.0,0.0,0.0,0.0,1.0,1,0.0,0.0,69852.0,0.0,8.0,1.0,2.0,11.0,48766.0,65.0,0.0,0.0,8433.0,56.0,49600.0,2.0,0.0,1.0,2.0,4989.0,27454.0,42.9,0.0,0.0,172.0,335.0,45.0,11.0,0.0,45.0,11.0,0.0,4.0,5.0,5.0,7.0,25.0,6.0,9.0,5.0,14.0,0.0,0.0,0.0,1.0,100.0,20.0,0.0,0.0,124966.0,69852.0,48100.0,75366.0,0,0
56171,8000.0,0.1308,269.86,1,52000.0,0,0,n,29.89,0.0,1.0,13.0,1.0,10894.0,27.0,0,5888.42,5888.42,2962.65,2962.65,2111.58,851.07,0.0,0.0,0.0,269.86,0.0,1.0,1,0.0,0.0,45116.0,1.0,5.0,1.0,1.0,10.0,34222.0,51.0,1.0,3.0,3674.0,49.0,25000.0,1.0,2.0,2.0,4.0,3760.0,10960.0,44.9,0.0,0.0,205.0,305.0,4.0,4.0,1.0,4.0,4.0,7.0,4.0,6.0,4.0,9.0,12.0,8.0,14.0,6.0,12.0,0.0,0.0,0.0,2.0,74.1,25.0,1.0,0.0,92601.0,45116.0,19900.0,67601.0,0,0
56172,20000.0,0.16949999999999998,712.56,1,120000.0,0,0,n,10.05,0.0,0.0,4.0,0.0,2985.0,13.0,0,0.0,0.0,3795.93,3795.93,866.19,521.26,0.0,2408.48,433.5264,0.0,0.0,1.0,1,0.0,0.0,19624.0,0.0,2.0,1.0,1.0,12.0,16639.0,48.0,1.0,1.0,1562.0,52.0,3100.0,1.0,0.0,1.0,2.0,4906.0,115.0,96.3,0.0,0.0,140.0,190.0,11.0,11.0,0.0,11.0,12.0,0.0,2.0,2.0,2.0,6.0,5.0,2.0,8.0,2.0,4.0,0.0,0.0,0.0,2.0,83.3,100.0,0.0,0.0,37931.0,19624.0,3100.0,34831.0,0,0
56178,40000.0,0.1612,975.28,2,215000.0,1,0,n,17.43,0.0,0.0,23.0,0.0,43871.0,40.0,0,37095.63,37095.63,8741.7,8741.7,2904.37,5837.33,0.0,0.0,0.0,975.28,0.0,1.0,1,0.0,230.0,317971.0,3.0,6.0,1.0,2.0,3.0,118781.0,50.0,4.0,8.0,11760.0,49.0,89000.0,2.0,3.0,0.0,12.0,13825.0,34706.0,54.6,0.0,0.0,122.0,184.0,2.0,2.0,5.0,3.0,13.0,0.0,11.0,16.0,11.0,16.0,10.0,16.0,25.0,16.0,23.0,0.0,0.0,0.0,5.0,100.0,18.2,0.0,0.0,437547.0,162652.0,76300.0,188947.0,0,0
56179,10000.0,0.2565,297.34,1,60000.0,1,0,n,23.88,0.0,0.0,5.0,0.0,7935.0,17.0,0,0.0,0.0,1472.45,1472.45,436.2,1036.25,0.0,0.0,0.0,0.0,0.0,1.0,1,0.0,0.0,41397.0,1.0,3.0,2.0,4.0,5.0,33462.0,89.0,0.0,0.0,3175.0,90.0,8300.0,1.0,3.0,1.0,4.0,8279.0,125.0,96.2,0.0,0.0,150.0,52.0,32.0,5.0,0.0,52.0,3.0,0.0,1.0,2.0,1.0,1.0,15.0,2.0,2.0,2.0,5.0,0.0,0.0,0.0,2.0,100.0,100.0,0.0,0.0,45807.0,41397.0,3300.0,37507.0,0,0
56196,10000.0,0.2565,297.34,2,94000.0,1,0,n,26.32,0.0,1.0,13.0,0.0,47765.0,34.0,0,8648.04,8648.04,3067.13,3067.13,1351.96,1715.17,0.0,0.0,0.0,297.34,0.0,1.0,1,0.0,0.0,123192.0,1.0,2.0,0.0,1.0,14.0,36392.0,73.0,3.0,4.0,15778.0,74.0,64200.0,1.0,4.0,1.0,5.0,9476.0,1036.0,97.2,0.0,0.0,123.0,131.0,4.0,4.0,1.0,12.0,2.0,0.0,4.0,10.0,4.0,7.0,14.0,10.0,19.0,10.0,13.0,0.0,0.0,0.0,3.0,100.0,100.0,0.0,0.0,162787.0,84157.0,37500.0,49592.0,0,0
56198,26575.0,0.16949999999999998,659.75,1,70000.0,1,0,n,10.8,0.0,3.0,9.0,1.0,9468.0,31.0,0,0.0,0.0,1294.48,1294.48,572.77,721.71,0.0,0.0,0.0,0.0,0.0,1.0,1,0.0,0.0,294970.0,2.0,1.0,2.0,3.0,6.0,15268.0,95.0,2.0,2.0,3994.0,58.0,26500.0,3.0,0.0,3.0,8.0,32774.0,13618.0,38.7,0.0,0.0,67.0,178.0,3.0,3.0,4.0,3.0,1.0,0.0,5.0,6.0,5.0,13.0,7.0,7.0,20.0,6.0,9.0,0.0,0.0,0.0,4.0,100.0,20.0,1.0,0.0,319260.0,24736.0,22200.0,16000.0,0,0
56238,20000.0,0.16949999999999998,496.52,1,125000.0,1,0,n,29.69,0.0,0.0,15.0,0.0,14996.0,30.0,0,0.0,0.0,2941.45,2941.45,1330.33,1611.12,0.0,0.0,0.0,496.52,0.0,1.0,1,0.0,0.0,208130.0,1.0,5.0,1.0,3.0,8.0,187436.0,81.0,1.0,2.0,3399.0,54.0,47500.0,0.0,1.0,1.0,5.0,13875.0,15761.0,46.8,0.0,0.0,103.0,129.0,1.0,1.0,2.0,1.0,8.0,0.0,6.0,7.0,6.0,9.0,13.0,9.0,14.0,7.0,15.0,0.0,0.0,0.0,2.0,100.0,66.7,0.0,0.0,261435.0,208130.0,29600.0,206344.0,0,0
56311,25000.0,0.0646,765.77,1,130000.0,1,0,n,11.27,0.0,0.0,14.0,0.0,36776.0,28.0,0,20286.25,20286.25,6210.11,6210.11,4713.75,1496.36,0.0,0.0,0.0,383.0,0.0,1.0,1,0.0,0.0,37371.0,0.0,1.0,0.0,0.0,38.0,595.0,5.0,0.0,0.0,18483.0,47.0,68200.0,1.0,0.0,2.0,0.0,2875.0,29424.0,55.6,0.0,0.0,216.0,297.0,35.0,35.0,1.0,41.0,1.0,0.0,8.0,8.0,12.0,16.0,5.0,13.0,21.0,8.0,14.0,0.0,0.0,0.0,0.0,78.6,18.2,0.0,0.0,79810.0,37371.0,66200.0,11610.0,0,0
56327,6000.0,0.17739999999999995,216.14,2,110000.0,1,0,n,31.57,0.0,0.0,16.0,0.0,33774.0,24.0,0,0.0,0.0,426.37,426.37,256.76,169.61,0.0,0.0,0.0,0.0,0.0,1.0,1,0.0,0.0,605447.0,2.0,3.0,1.0,3.0,6.0,34220.0,61.0,2.0,2.0,4405.0,74.0,36000.0,1.0,0.0,1.0,5.0,37840.0,89.0,99.7,0.0,0.0,40.0,174.0,3.0,3.0,3.0,3.0,7.0,0.0,8.0,11.0,9.0,9.0,6.0,12.0,15.0,11.0,16.0,0.0,0.0,0.0,3.0,100.0,88.9,0.0,0.0,652331.0,67994.0,25500.0,56331.0,0,0
56334,40000.0,0.1171,883.93,2,170000.0,0,0,n,32.08,0.0,0.0,12.0,0.0,4255.0,20.0,0,36269.31,36269.31,7045.42,7045.42,3730.69,3314.73,0.0,0.0,0.0,883.93,0.0,1.0,0,0.0,0.0,1006633.0,3.0,6.0,5.0,6.0,2.0,110018.0,80.0,0.0,0.0,2360.0,64.0,41000.0,0.0,0.0,2.0,8.0,83886.0,28989.0,12.2,0.0,0.0,112.0,127.0,40.0,2.0,4.0,40.0,4.0,0.0,2.0,3.0,2.0,3.0,9.0,4.0,7.0,3.0,12.0,0.0,0.0,0.0,7.0,100.0,0.0,0.0,0.0,1071000.0,114273.0,33000.0,137000.0,0,0
56340,4000.0,0.08810000000000001,126.85,1,45000.0,0,0,n,19.25,0.0,1.0,9.0,0.0,9373.0,15.0,0,3163.78,3163.78,1139.69,1139.69,836.22,303.47,0.0,0.0,0.0,126.85,0.0,1.0,1,0.0,0.0,45760.0,0.0,1.0,0.0,1.0,14.0,8214.0,69.0,0.0,0.0,3372.0,45.0,26700.0,2.0,0.0,2.0,1.0,5084.0,9452.0,47.8,0.0,0.0,14.0,66.0,26.0,14.0,0.0,26.0,0.0,2.0,4.0,5.0,4.0,6.0,1.0,6.0,12.0,5.0,9.0,0.0,0.0,0.0,0.0,100.0,0.0,0.0,0.0,66873.0,45760.0,18100.0,12000.0,0,0
56350,30000.0,0.2055,1123.34,3,75000.0,0,0,n,50.94,0.0,0.0,9.0,0.0,7018.0,16.0,0,28970.11,28970.11,6705.79,6705.79,1029.89,5675.9,0.0,0.0,0.0,1123.34,0.0,1.0,0,0.0,0.0,221564.0,3.0,3.0,1.0,2.0,3.0,111445.0,32.0,2.0,2.0,6858.0,37.0,16400.0,1.0,1.0,2.0,4.0,24618.0,6682.0,51.2,0.0,0.0,31.0,285.0,2.0,2.0,4.0,2.0,2.0,0.0,2.0,2.0,2.0,6.0,3.0,4.0,9.0,2.0,9.0,0.0,0.0,0.0,3.0,100.0,50.0,0.0,0.0,315181.0,118463.0,13700.0,145501.0,0,0
56393,3500.0,0.16949999999999998,124.7,2,113000.0,1,0,n,25.37,0.0,2.0,21.0,1.0,15914.0,59.0,0,0.0,0.0,869.6,869.6,535.41,334.19,0.0,0.0,0.0,124.7,0.0,1.0,1,0.0,0.0,131264.0,3.0,5.0,5.0,9.0,1.0,86202.0,92.0,4.0,4.0,3875.0,81.0,26200.0,5.0,16.0,7.0,14.0,6909.0,1020.0,91.0,0.0,0.0,120.0,445.0,1.0,1.0,3.0,1.0,1.0,0.0,4.0,9.0,6.0,12.0,29.0,15.0,27.0,9.0,21.0,0.0,0.0,0.0,10.0,100.0,75.0,1.0,0.0,149616.0,102116.0,11300.0,93416.0,0,0
56412,10000.0,0.0819,314.25,2,70000.0,0,0,n,29.11,0.0,0.0,12.0,0.0,26861.0,30.0,0,0.0,0.0,623.95,623.95,473.06,150.89,0.0,0.0,0.0,0.0,0.0,1.0,1,0.0,0.0,348282.0,0.0,2.0,0.0,1.0,19.0,25707.0,44.0,2.0,3.0,20875.0,44.0,61000.0,1.0,1.0,0.0,5.0,31662.0,23625.0,46.9,0.0,0.0,130.0,251.0,12.0,12.0,2.0,12.0,14.0,0.0,1.0,3.0,4.0,9.0,10.0,9.0,18.0,3.0,12.0,0.0,0.0,0.0,3.0,100.0,25.0,0.0,0.0,418338.0,52568.0,44500.0,58088.0,0,0
56496,20000.0,0.2055,536.02,2,55000.0,1,0,n,31.53,0.0,1.0,27.0,0.0,26729.0,47.0,0,17749.03,17749.03,5337.37,5337.37,2250.97,3086.4,0.0,0.0,0.0,0.0,0.0,1.0,1,0.0,0.0,220948.0,1.0,5.0,1.0,2.0,12.0,35989.0,79.0,6.0,11.0,6278.0,56.0,65700.0,1.0,0.0,5.0,13.0,8183.0,20283.0,50.0,0.0,0.0,147.0,161.0,3.0,3.0,2.0,3.0,2.0,2.0,6.0,10.0,11.0,14.0,15.0,21.0,30.0,10.0,27.0,0.0,0.0,0.0,7.0,95.7,36.4,0.0,0.0,279088.0,62718.0,40600.0,45536.0,0,0
56501,30000.0,0.1033,642.3,2,120000.0,0,0,n,5.16,0.0,3.0,21.0,0.0,30096.0,46.0,0,0.0,0.0,5749.71,5749.71,1093.18,816.5,0.0,3840.03,691.2054,642.3,0.0,1.0,1,0.0,0.0,44486.0,3.0,1.0,0.0,1.0,22.0,14390.0,96.0,3.0,6.0,12784.0,47.0,80100.0,0.0,0.0,3.0,7.0,3707.0,38404.0,43.9,0.0,0.0,185.0,121.0,4.0,4.0,0.0,4.0,1.0,0.0,4.0,4.0,6.0,10.0,24.0,11.0,22.0,4.0,21.0,0.0,0.0,0.0,3.0,100.0,33.3,0.0,0.0,95100.0,44486.0,68500.0,15000.0,0,0
56509,35000.0,0.1524,837.07,1,144000.0,1,0,n,13.55,0.0,1.0,9.0,0.0,8772.0,17.0,0,34554.48,34554.48,2575.14,2575.14,445.52,2129.62,0.0,0.0,0.0,837.07,0.0,1.0,1,0.0,0.0,59564.0,1.0,5.0,1.0,1.0,5.0,50792.0,69.0,0.0,0.0,7457.0,68.0,12900.0,0.0,0.0,2.0,1.0,6618.0,2043.0,78.5,0.0,0.0,152.0,190.0,39.0,5.0,2.0,40.0,4.0,2.0,1.0,2.0,2.0,4.0,8.0,4.0,6.0,2.0,9.0,0.0,0.0,0.0,1.0,70.6,50.0,0.0,0.0,87085.0,59564.0,9500.0,74185.0,0,0
56527,4000.0,0.1102,131.0,1,37000.0,0,0,n,11.13,0.0,1.0,3.0,0.0,196.0,13.0,0,0.0,0.0,783.55,783.55,578.74,204.81,0.0,0.0,0.0,0.0,0.0,1.0,1,0.0,0.0,8899.0,1.0,1.0,1.0,1.0,6.0,8703.0,87.0,0.0,1.0,196.0,28.0,22400.0,1.0,1.0,1.0,2.0,2966.0,22204.0,0.9,0.0,0.0,138.0,257.0,19.0,6.0,0.0,19.0,6.0,1.0,1.0,1.0,2.0,5.0,3.0,2.0,9.0,1.0,3.0,0.0,0.0,0.0,1.0,92.3,0.0,0.0,0.0,32400.0,8899.0,22400.0,10000.0,0,0
56556,10000.0,0.1171,330.76,2,210000.0,0,0,n,11.07,1.0,0.0,14.0,0.0,10827.0,29.0,0,0.0,0.0,1316.53,1316.53,855.75,460.78,0.0,0.0,0.0,0.0,0.0,1.0,1,0.0,0.0,207804.0,2.0,4.0,1.0,3.0,11.0,62124.0,82.0,3.0,5.0,4272.0,64.0,27500.0,1.0,7.0,2.0,8.0,14843.0,8973.0,54.7,0.0,0.0,112.0,111.0,3.0,3.0,1.0,5.0,11.0,0.0,3.0,3.0,5.0,7.0,15.0,9.0,13.0,3.0,14.0,0.0,0.0,0.0,4.0,96.6,60.0,0.0,0.0,266163.0,72951.0,19800.0,87643.0,0,0
56606,5300.0,0.1524,184.35,1,45000.0,1,0,n,12.0,0.0,2.0,8.0,0.0,4744.0,13.0,0,5064.44,5064.44,677.21,677.21,235.56,441.65,0.0,0.0,0.0,92.18,0.0,1.0,1,0.0,0.0,9617.0,0.0,2.0,2.0,2.0,10.0,4873.0,81.0,2.0,3.0,1861.0,62.0,9500.0,1.0,0.0,4.0,5.0,1202.0,4454.0,50.5,0.0,0.0,109.0,101.0,9.0,9.0,0.0,19.0,1.0,3.0,5.0,6.0,5.0,8.0,3.0,6.0,10.0,6.0,8.0,0.0,0.0,0.0,4.0,90.9,0.0,0.0,0.0,15525.0,9617.0,9000.0,6025.0,0,0
56609,16000.0,0.1308,364.71,1,72000.0,0,0,n,16.03,0.0,0.0,14.0,1.0,9274.0,41.0,0,15646.03,15646.03,1280.79,1280.79,353.97,926.82,0.0,0.0,0.0,171.0,0.0,1.0,1,0.0,0.0,39196.0,0.0,2.0,0.0,3.0,19.0,29922.0,84.0,2.0,4.0,2712.0,68.0,21700.0,3.0,2.0,13.0,7.0,2800.0,4089.0,53.5,0.0,0.0,96.0,145.0,9.0,9.0,0.0,19.0,0.0,0.0,4.0,8.0,5.0,13.0,11.0,12.0,30.0,8.0,14.0,0.0,0.0,0.0,2.0,100.0,40.0,1.0,0.0,57316.0,39196.0,8800.0,35616.0,0,0
56629,18925.0,0.17739999999999995,681.72,3,73000.0,0,0,n,17.28,0.0,0.0,9.0,0.0,14758.0,13.0,0,18115.17,18115.17,3438.61,3438.61,809.83,2628.78,0.0,0.0,0.0,0.0,0.0,1.0,1,0.0,0.0,24046.0,0.0,1.0,1.0,1.0,11.0,9288.0,77.0,2.0,2.0,7310.0,51.0,35300.0,1.0,0.0,1.0,3.0,2672.0,19742.0,42.8,0.0,0.0,11.0,106.0,7.0,7.0,0.0,7.0,11.0,0.0,7.0,7.0,7.0,8.0,1.0,8.0,11.0,7.0,9.0,0.0,0.0,0.0,3.0,84.6,28.6,0.0,0.0,47300.0,24046.0,34500.0,12000.0,0,0
56679,26425.0,0.28800000000000003,835.57,1,115000.0,0,0,n,37.39,0.0,0.0,29.0,0.0,50850.0,61.0,0,0.0,0.0,6642.28,6642.28,1752.97,4889.31,0.0,0.0,0.0,0.0,0.0,1.0,1,0.0,0.0,197833.0,0.0,24.0,1.0,2.0,7.0,146983.0,81.0,0.0,1.0,18441.0,81.0,62000.0,0.0,0.0,0.0,3.0,6822.0,5150.0,90.8,0.0,0.0,206.0,231.0,18.0,7.0,0.0,18.0,18.0,0.0,4.0,4.0,4.0,5.0,51.0,5.0,10.0,4.0,29.0,0.0,0.0,0.0,1.0,100.0,75.0,0.0,0.0,244595.0,197833.0,56000.0,182595.0,0,0
56707,20000.0,0.2565,802.09,2,120000.0,0,0,n,23.86,0.0,0.0,15.0,0.0,43922.0,24.0,0,0.0,0.0,3981.95,3981.95,1147.96,2833.99,0.0,0.0,0.0,802.09,0.0,1.0,1,0.0,0.0,381038.0,2.0,1.0,1.0,1.0,7.0,19746.0,93.0,2.0,2.0,14988.0,88.0,51300.0,1.0,0.0,1.0,3.0,25403.0,7378.0,85.6,0.0,0.0,59.0,153.0,4.0,4.0,2.0,4.0,7.0,0.0,11.0,11.0,12.0,19.0,2.0,12.0,19.0,11.0,15.0,0.0,0.0,0.0,3.0,100.0,58.3,0.0,0.0,424924.0,81380.0,51300.0,21275.0,0,0
56765,12000.0,0.17739999999999995,432.27,1,50000.0,0,0,n,17.93,0.0,0.0,23.0,0.0,11741.0,34.0,0,0.0,0.0,1284.98,1284.98,733.35,551.63,0.0,0.0,0.0,0.0,0.0,1.0,1,0.0,0.0,21665.0,1.0,7.0,0.0,0.0,142.0,9924.0,80.0,2.0,5.0,2442.0,65.0,20800.0,0.0,0.0,1.0,5.0,985.0,271.0,96.6,0.0,0.0,287.0,157.0,2.0,2.0,0.0,7.0,7.0,3.0,5.0,13.0,5.0,9.0,9.0,16.0,25.0,13.0,23.0,0.0,0.0,0.0,2.0,82.4,100.0,0.0,0.0,33190.0,21665.0,8000.0,12390.0,0,0
56779,21000.0,0.2565,624.41,2,70000.0,1,0,n,31.54,0.0,2.0,14.0,0.0,13829.0,30.0,0,0.0,0.0,1843.31,1843.31,413.07,1430.24,0.0,0.0,0.0,0.0,0.0,1.0,1,0.0,0.0,179989.0,3.0,3.0,1.0,5.0,3.0,46610.0,71.0,4.0,8.0,5308.0,78.0,16100.0,1.0,0.0,4.0,14.0,12856.0,1088.0,91.4,0.0,0.0,76.0,60.0,2.0,2.0,4.0,2.0,2.0,2.0,6.0,8.0,6.0,9.0,13.0,9.0,13.0,8.0,14.0,0.0,0.0,0.0,5.0,93.3,66.7,0.0,0.0,196852.0,60439.0,12600.0,57897.0,0,0
56782,10000.0,0.0646,306.31,2,60000.0,1,0,n,36.44,0.0,0.0,11.0,0.0,51986.0,25.0,0,0.0,0.0,1859.27,1859.27,1522.49,311.78,0.0,25.0,4.5,0.0,0.0,1.0,1,0.0,0.0,229356.0,1.0,3.0,1.0,1.0,4.0,33745.0,55.0,1.0,1.0,9019.0,68.0,65000.0,1.0,9.0,1.0,2.0,22936.0,9803.0,49.7,0.0,0.0,131.0,328.0,11.0,4.0,3.0,63.0,4.0,0.0,2.0,6.0,2.0,4.0,7.0,7.0,14.0,6.0,11.0,0.0,0.0,0.0,2.0,100.0,0.0,0.0,0.0,286522.0,85731.0,19500.0,61622.0,0,0
56884,25000.0,0.28800000000000003,1044.93,1,127000.0,0,0,n,22.48,0.0,2.0,11.0,0.0,60846.0,27.0,0,0.0,0.0,4139.72,4139.72,719.24,3420.48,0.0,0.0,0.0,0.0,0.0,1.0,1,0.0,0.0,157243.0,2.0,3.0,1.0,2.0,6.0,19076.0,61.0,2.0,2.0,29924.0,84.0,64100.0,2.0,15.0,4.0,4.0,14295.0,1447.0,95.8,0.0,0.0,121.0,156.0,6.0,6.0,1.0,6.0,3.0,0.0,2.0,6.0,2.0,2.0,16.0,7.0,10.0,6.0,11.0,0.0,0.0,0.0,3.0,100.0,50.0,0.0,0.0,181624.0,79922.0,34500.0,31524.0,0,0
56956,30000.0,0.2565,1203.14,1,55000.0,0,0,n,31.07,0.0,0.0,19.0,0.0,19601.0,20.0,0,27742.26,27742.26,8410.05,8410.05,2257.74,6152.31,0.0,0.0,0.0,0.0,0.0,1.0,1,0.0,0.0,53620.0,1.0,5.0,1.0,2.0,11.0,34019.0,89.0,2.0,3.0,4550.0,68.0,40300.0,2.0,0.0,2.0,5.0,2822.0,13998.0,48.7,0.0,0.0,137.0,40.0,6.0,6.0,0.0,6.0,11.0,0.0,7.0,11.0,7.0,7.0,5.0,13.0,14.0,11.0,19.0,0.0,0.0,0.0,3.0,100.0,28.6,0.0,0.0,79293.0,53620.0,27300.0,38078.0,0,0
56986,10000.0,0.1033,324.23,2,65000.0,1,0,n,25.0,0.0,2.0,11.0,0.0,16369.0,15.0,0,0.0,0.0,1931.6,1931.6,478.34,164.38,0.0,1288.88,231.9984,0.0,0.0,1.0,1,0.0,0.0,66218.0,0.0,4.0,2.0,2.0,10.0,49849.0,86.0,1.0,1.0,8240.0,61.0,50000.0,4.0,0.0,10.0,3.0,6020.0,27531.0,31.3,0.0,0.0,61.0,49.0,8.0,8.0,0.0,31.0,1.0,0.0,2.0,3.0,4.0,4.0,7.0,7.0,8.0,3.0,11.0,0.0,0.0,0.0,3.0,100.0,0.0,0.0,0.0,108012.0,66218.0,40100.0,58012.0,0,0
56990,2800.0,0.0756,87.18,2,48000.0,0,0,n,5.85,0.0,1.0,9.0,0.0,5167.0,25.0,0,2239.24,2239.24,696.26,696.26,560.76,135.5,0.0,0.0,0.0,0.0,0.0,1.0,1,0.0,0.0,9068.0,4.0,1.0,3.0,6.0,2.0,3901.0,98.0,2.0,6.0,1924.0,20.0,41200.0,3.0,0.0,2.0,12.0,1008.0,27955.0,6.8,0.0,0.0,85.0,352.0,0.0,0.0,0.0,0.0,2.0,0.0,2.0,3.0,5.0,6.0,12.0,8.0,13.0,3.0,9.0,0.0,0.0,0.0,5.0,100.0,0.0,0.0,0.0,45200.0,9068.0,30000.0,4000.0,0,0
57029,13400.0,0.1102,291.49,2,60000.0,1,0,n,22.15,0.0,1.0,17.0,0.0,7457.0,28.0,0,12793.61,12793.61,2032.23,2032.23,606.39,1425.84,0.0,0.0,0.0,291.49,0.0,1.0,1,0.0,0.0,368157.0,1.0,3.0,1.0,2.0,7.0,18737.0,55.0,1.0,5.0,470.0,25.0,68400.0,5.0,8.0,2.0,8.0,23010.0,55167.0,2.7,0.0,0.0,94.0,166.0,1.0,1.0,3.0,1.0,1.0,0.0,5.0,7.0,9.0,11.0,8.0,12.0,15.0,7.0,17.0,0.0,0.0,0.0,3.0,100.0,0.0,0.0,0.0,463197.0,26249.0,56700.0,34182.0,0,0
57046,4650.0,0.08810000000000001,147.46,2,60000.0,0,0,n,26.94,0.0,0.0,11.0,0.0,32189.0,14.0,0,0.0,0.0,735.02,735.02,574.99,160.03,0.0,0.0,0.0,0.0,0.0,1.0,1,0.0,767.0,346979.0,0.0,2.0,0.0,1.0,21.0,14291.0,54.0,0.0,0.0,9952.0,42.0,84200.0,2.0,0.0,0.0,1.0,31544.0,45788.0,40.5,0.0,0.0,115.0,150.0,25.0,21.0,2.0,25.0,14.0,0.0,5.0,6.0,7.0,7.0,3.0,8.0,9.0,6.0,11.0,0.0,0.0,0.0,0.0,100.0,42.9,0.0,0.0,464691.0,46480.0,77000.0,26300.0,0,0
57062,24000.0,0.2565,713.61,1,110000.0,1,0,n,29.95,0.0,3.0,26.0,1.0,49388.0,37.0,0,0.0,0.0,2306.63,2306.63,486.81,1819.82,0.0,0.0,0.0,200.0,0.0,1.0,1,0.0,0.0,60809.0,3.0,2.0,0.0,1.0,14.0,11421.0,35.0,4.0,11.0,10515.0,61.0,66500.0,1.0,0.0,5.0,12.0,2339.0,13707.0,77.1,0.0,0.0,63.0,254.0,1.0,1.0,0.0,4.0,4.0,0.0,15.0,23.0,15.0,18.0,5.0,24.0,32.0,23.0,26.0,0.0,0.0,0.0,4.0,100.0,93.3,1.0,0.0,99549.0,60809.0,59800.0,33049.0,0,0
57064,4800.0,0.2305,185.94,2,48000.0,1,0,n,26.28,0.0,1.0,18.0,0.0,10802.0,37.0,0,0.0,0.0,1162.74,1162.74,286.66,265.01,0.0,611.07,109.9926,0.0,0.0,1.0,1,0.0,1563.0,89589.0,2.0,3.0,4.0,6.0,6.0,12943.0,85.0,2.0,4.0,1399.0,64.0,21900.0,1.0,1.0,4.0,12.0,4977.0,2101.0,51.1,0.0,0.0,125.0,172.0,7.0,3.0,3.0,32.0,1.0,0.0,2.0,9.0,4.0,5.0,17.0,14.0,17.0,9.0,18.0,0.0,0.0,0.0,7.0,100.0,0.0,0.0,0.0,103381.0,23745.0,4300.0,15260.0,0,0
57073,3600.0,0.1308,121.44,1,82000.0,0,0,n,29.58,0.0,0.0,9.0,0.0,9281.0,16.0,0,0.0,0.0,240.26,240.26,165.3,74.96,0.0,0.0,0.0,0.0,0.0,1.0,1,0.0,0.0,72445.0,0.0,5.0,1.0,2.0,7.0,63164.0,70.0,0.0,1.0,5393.0,71.0,12400.0,0.0,2.0,2.0,3.0,8049.0,465.0,94.9,0.0,0.0,109.0,50.0,22.0,7.0,0.0,35.0,7.0,0.0,3.0,4.0,3.0,5.0,10.0,4.0,6.0,4.0,9.0,0.0,0.0,0.0,1.0,100.0,100.0,0.0,0.0,100043.0,72445.0,9100.0,87643.0,0,0
57084,5000.0,0.1033,162.12,2,122800.0,0,0,n,15.75,0.0,3.0,12.0,0.0,4280.0,15.0,0,0.0,0.0,649.25,649.25,283.81,205.44,0.0,160.0,28.8,330.0,0.0,1.0,1,0.0,0.0,267041.0,3.0,4.0,2.0,3.0,6.0,61497.0,89.0,1.0,3.0,838.0,52.0,22200.0,4.0,0.0,8.0,8.0,22253.0,13962.0,5.7,0.0,0.0,72.0,71.0,5.0,5.0,1.0,5.0,4.0,0.0,0.0,1.0,5.0,5.0,4.0,6.0,9.0,2.0,12.0,0.0,0.0,0.0,5.0,100.0,0.0,0.0,0.0,303415.0,66254.0,14800.0,75296.0,0,0
57106,7425.0,0.1612,261.49,2,52800.0,1,0,n,22.82,0.0,0.0,7.0,0.0,14424.0,33.0,0,0.0,0.0,1562.29,1562.29,1003.67,558.62,0.0,0.0,0.0,0.0,0.0,1.0,1,0.0,0.0,26633.0,1.0,1.0,3.0,4.0,4.0,12209.0,72.0,0.0,3.0,6246.0,83.0,15300.0,2.0,0.0,2.0,7.0,4439.0,718.0,94.9,0.0,0.0,160.0,78.0,17.0,4.0,2.0,17.0,2.0,0.0,4.0,5.0,5.0,5.0,24.0,6.0,7.0,5.0,7.0,0.0,0.0,0.0,3.0,100.0,75.0,0.0,0.0,32300.0,26633.0,14000.0,17000.0,0,0
57125,15000.0,0.17739999999999995,540.34,1,65000.0,0,0,n,32.66,0.0,0.0,11.0,0.0,26256.0,20.0,0,12808.75,12808.75,4152.46,4152.46,2191.25,1961.21,0.0,0.0,0.0,270.5,0.0,1.0,1,0.0,0.0,100328.0,3.0,3.0,0.0,2.0,16.0,74072.0,82.0,5.0,6.0,6620.0,72.0,42900.0,3.0,5.0,2.0,8.0,9121.0,2714.0,78.5,0.0,0.0,152.0,99.0,4.0,4.0,0.0,4.0,12.0,1.0,2.0,7.0,2.0,2.0,10.0,8.0,10.0,7.0,11.0,0.0,0.0,0.0,5.0,90.0,50.0,0.0,0.0,115848.0,100328.0,12600.0,72948.0,0,0
57131,20000.0,0.1308,674.65,2,110000.0,0,0,n,46.74,1.0,0.0,16.0,0.0,31216.0,27.0,0,0.0,0.0,4708.02,4708.02,3302.99,1405.03,0.0,0.0,0.0,0.0,0.0,1.0,0,0.0,476.0,707964.0,0.0,3.0,0.0,1.0,13.0,34984.0,51.0,0.0,2.0,5900.0,54.0,54200.0,1.0,0.0,1.0,3.0,44248.0,20901.0,52.2,0.0,0.0,147.0,310.0,19.0,13.0,2.0,19.0,2.0,0.0,7.0,11.0,7.0,11.0,7.0,11.0,17.0,11.0,16.0,0.0,0.0,0.0,0.0,96.2,71.4,0.0,0.0,817698.0,95003.0,43700.0,89410.0,0,0
57138,21275.0,0.1862,547.45,1,60000.0,0,0,n,19.54,0.0,1.0,9.0,1.0,6497.0,11.0,0,0.0,0.0,2267.0,2267.0,438.04,1828.96,0.0,0.0,0.0,0.0,0.0,1.0,1,0.0,0.0,24373.0,1.0,2.0,1.0,1.0,9.0,17876.0,49.0,1.0,2.0,2926.0,37.0,29300.0,1.0,0.0,2.0,3.0,2708.0,22803.0,22.2,0.0,0.0,63.0,58.0,3.0,3.0,0.0,3.0,3.0,0.0,5.0,5.0,7.0,7.0,4.0,7.0,7.0,5.0,9.0,0.0,0.0,0.0,2.0,100.0,0.0,1.0,0.0,65947.0,24373.0,29300.0,36647.0,0,0
57169,25000.0,0.2565,1002.62,1,95000.0,1,0,n,30.98,1.0,0.0,23.0,0.0,43134.0,43.0,0,0.0,0.0,967.0,967.0,468.25,498.75,0.0,0.0,0.0,0.0,0.0,1.0,1,0.0,0.0,114354.0,1.0,10.0,0.0,0.0,27.0,71220.0,75.0,4.0,4.0,3571.0,82.0,44800.0,0.0,16.0,3.0,4.0,4972.0,0.0,100.6,0.0,0.0,212.0,138.0,1.0,1.0,0.0,7.0,7.0,0.0,5.0,12.0,5.0,6.0,26.0,13.0,17.0,12.0,23.0,0.0,0.0,0.0,4.0,97.7,100.0,0.0,0.0,139696.0,114354.0,7000.0,94896.0,0,0
57175,8000.0,0.0819,251.4,3,48000.0,0,0,n,16.55,0.0,0.0,11.0,0.0,7855.0,14.0,0,6904.82,6904.82,1504.76,1504.76,1095.18,409.58,0.0,0.0,0.0,251.4,0.0,1.0,1,0.0,0.0,20631.0,3.0,1.0,1.0,1.0,5.0,12776.0,97.0,5.0,5.0,2669.0,48.0,30300.0,0.0,2.0,2.0,6.0,1876.0,21945.0,26.4,0.0,0.0,69.0,67.0,1.0,1.0,0.0,1.0,9.0,0.0,7.0,7.0,9.0,9.0,3.0,10.0,11.0,7.0,11.0,0.0,0.0,0.0,6.0,100.0,22.2,0.0,0.0,43425.0,20631.0,29800.0,13125.0,0,0
57187,4000.0,0.2305,154.95,1,50000.0,1,0,n,23.81,0.0,0.0,8.0,0.0,20983.0,16.0,0,0.0,0.0,681.13,681.13,78.11,71.72,0.0,531.3,95.634,0.0,0.0,1.0,0,0.0,0.0,30971.0,0.0,2.0,0.0,0.0,46.0,9988.0,32.0,0.0,1.0,8105.0,38.0,50000.0,0.0,0.0,1.0,1.0,3871.0,24789.0,41.0,0.0,0.0,162.0,133.0,18.0,18.0,0.0,37.0,10.0,0.0,4.0,5.0,5.0,8.0,7.0,6.0,9.0,5.0,8.0,0.0,0.0,0.0,0.0,100.0,60.0,0.0,0.0,81710.0,30971.0,42000.0,31710.0,0,0
57208,7000.0,0.1862,255.25,2,35000.0,1,0,n,18.07,0.0,1.0,12.0,0.0,6281.0,23.0,0,0.0,0.0,889.71,889.71,0.0,0.0,0.0,889.71,160.1478,0.0,0.0,1.0,1,0.0,630.0,116934.0,1.0,2.0,1.0,4.0,1.0,8738.0,97.0,0.0,1.0,4124.0,58.0,16800.0,1.0,0.0,1.0,5.0,9745.0,5417.0,47.9,0.0,0.0,74.0,76.0,20.0,1.0,3.0,48.0,2.0,0.0,2.0,4.0,4.0,6.0,7.0,9.0,13.0,4.0,12.0,0.0,0.0,0.0,1.0,100.0,25.0,0.0,0.0,136017.0,15019.0,10400.0,9013.0,0,0
57211,10000.0,0.2305,387.36,1,14000.0,0,0,n,38.94,1.0,0.0,9.0,0.0,3339.0,12.0,0,0.0,0.0,2698.71,2698.71,1448.28,1250.43,0.0,0.0,0.0,0.0,0.0,1.0,0,0.0,1922.0,49938.0,1.0,1.0,0.0,1.0,15.0,9426.0,84.0,2.0,4.0,1204.0,69.0,7400.0,3.0,0.0,1.0,5.0,5549.0,1524.0,63.7,0.0,0.0,130.0,33.0,6.0,6.0,0.0,15.0,8.0,1.0,3.0,6.0,3.0,3.0,3.0,7.0,8.0,6.0,9.0,0.0,0.0,1.0,2.0,100.0,66.7,0.0,0.0,55772.0,49938.0,4200.0,11199.0,0,0
57218,8000.0,0.1171,176.79,2,95000.0,1,0,n,15.83,0.0,2.0,24.0,0.0,28441.0,67.0,0,6859.48,6859.48,1939.49,1939.49,1140.52,798.97,0.0,0.0,0.0,176.79,0.0,1.0,1,0.0,0.0,479044.0,4.0,10.0,0.0,3.0,13.0,145175.0,76.0,3.0,3.0,15250.0,58.0,61200.0,0.0,0.0,5.0,7.0,19960.0,14274.0,54.0,0.0,0.0,195.0,199.0,0.0,0.0,3.0,0.0,0.0,0.0,3.0,11.0,4.0,11.0,37.0,12.0,26.0,11.0,24.0,0.0,0.0,0.0,4.0,100.0,25.0,0.0,0.0,505086.0,173616.0,31000.0,138395.0,0,0
57229,8000.0,0.2305,309.89,2,62400.0,0,0,n,34.35,0.0,2.0,9.0,1.0,4889.0,25.0,0,7157.22,7157.22,2158.99,2158.99,842.78,1316.21,0.0,0.0,0.0,0.0,0.0,1.0,1,0.0,0.0,228699.0,1.0,3.0,1.0,4.0,3.0,52600.0,79.0,1.0,1.0,3110.0,75.0,9900.0,2.0,0.0,4.0,7.0,25411.0,2440.0,66.1,0.0,0.0,142.0,138.0,8.0,3.0,3.0,8.0,3.0,0.0,3.0,4.0,3.0,4.0,13.0,5.0,9.0,4.0,9.0,0.0,0.0,0.0,3.0,100.0,33.3,1.0,0.0,249322.0,57489.0,7200.0,66447.0,0,0
57238,8000.0,0.1102,261.99,2,200000.0,0,0,n,18.76,0.0,0.0,14.0,1.0,25319.0,26.0,0,0.0,0.0,1567.04,1567.04,1126.67,440.37,0.0,0.0,0.0,261.99,0.0,1.0,1,0.0,0.0,791559.0,2.0,5.0,1.0,3.0,3.0,104934.0,113.0,1.0,2.0,10442.0,58.0,74000.0,0.0,3.0,2.0,7.0,56540.0,32436.0,35.8,0.0,0.0,171.0,112.0,8.0,3.0,2.0,27.0,7.0,0.0,4.0,6.0,4.0,7.0,12.0,8.0,12.0,6.0,14.0,0.0,0.0,0.0,3.0,100.0,25.0,1.0,0.0,852933.0,130253.0,50500.0,112116.0,0,0
57281,8000.0,0.17739999999999995,288.18,1,106000.0,0,0,n,19.95,0.0,0.0,13.0,0.0,30245.0,16.0,0,7177.91,7177.91,1947.62,1947.62,822.09,1125.53,0.0,0.0,0.0,0.0,0.0,1.0,1,0.0,0.0,476689.0,0.0,4.0,1.0,1.0,10.0,26112.0,64.0,0.0,4.0,12276.0,68.0,41500.0,0.0,1.0,1.0,5.0,36668.0,8724.0,77.3,0.0,0.0,145.0,147.0,17.0,10.0,2.0,19.0,10.0,0.0,6.0,7.0,6.0,7.0,5.0,8.0,9.0,7.0,13.0,0.0,0.0,0.0,1.0,100.0,83.3,0.0,0.0,570054.0,56357.0,38500.0,41054.0,0,0
57313,6500.0,0.1612,158.49,2,76000.0,0,0,n,15.89,0.0,0.0,8.0,0.0,42343.0,13.0,0,0.0,0.0,1178.75,1178.75,143.31,167.85,0.0,867.59,156.1662,0.0,0.0,1.0,0,0.0,0.0,196778.0,0.0,3.0,0.0,1.0,19.0,17847.0,55.0,0.0,1.0,9904.0,53.0,104000.0,1.0,4.0,0.0,2.0,24597.0,14464.0,50.1,0.0,0.0,112.0,175.0,22.0,19.0,1.0,45.0,19.0,0.0,2.0,3.0,3.0,3.0,4.0,4.0,8.0,3.0,8.0,0.0,0.0,0.0,0.0,100.0,0.0,0.0,0.0,306597.0,60190.0,29000.0,32597.0,0,0
57318,31900.0,0.08810000000000001,1011.6,1,67600.0,1,0,n,46.73,0.0,2.0,11.0,0.0,8421.0,28.0,0,23027.67,23027.67,11111.99,11111.99,8872.33,2239.66,0.0,0.0,0.0,0.0,0.0,1.0,0,0.0,0.0,91251.0,0.0,5.0,1.0,4.0,7.0,82830.0,71.0,1.0,3.0,2909.0,67.0,14400.0,3.0,1.0,3.0,7.0,8296.0,4512.0,62.1,0.0,0.0,184.0,310.0,8.0,7.0,1.0,8.0,0.0,3.0,3.0,5.0,4.0,7.0,14.0,6.0,13.0,5.0,11.0,0.0,0.0,0.0,2.0,78.6,50.0,0.0,0.0,133043.0,91251.0,11900.0,118643.0,0,0
57366,40000.0,0.0819,1256.97,1,92800.0,1,0,n,10.2,0.0,0.0,5.0,0.0,6003.0,10.0,0,0.0,0.0,6266.65,6266.65,4367.26,1899.39,0.0,0.0,0.0,0.0,0.0,1.0,1,0.0,0.0,12605.0,0.0,1.0,0.0,0.0,26.0,6602.0,37.0,1.0,2.0,3475.0,38.0,15100.0,0.0,0.0,5.0,2.0,2521.0,9097.0,39.8,0.0,0.0,116.0,117.0,11.0,11.0,0.0,11.0,5.0,0.0,3.0,3.0,4.0,5.0,4.0,4.0,6.0,3.0,5.0,0.0,0.0,0.0,1.0,100.0,0.0,0.0,0.0,33100.0,12605.0,15100.0,18000.0,0,0
57420,10000.0,0.2055,374.45,1,2500.0,0,0,n,336.06,0.0,0.0,6.0,0.0,5637.0,6.0,0,7804.04,7804.04,3733.08,3733.08,2195.96,1537.12,0.0,0.0,0.0,0.0,0.0,1.0,0,0.0,0.0,23456.0,2.0,1.0,1.0,1.0,4.0,17819.0,92.0,2.0,2.0,2740.0,64.0,17500.0,1.0,0.0,3.0,3.0,3909.0,9863.0,36.4,0.0,0.0,4.0,44.0,4.0,4.0,0.0,4.0,4.0,0.0,3.0,3.0,4.0,4.0,1.0,5.0,5.0,3.0,6.0,0.0,0.0,0.0,3.0,100.0,0.0,0.0,0.0,36939.0,23456.0,15500.0,19439.0,0,0
57438,2000.0,0.28800000000000003,83.6,1,32000.0,0,0,n,21.79,1.0,2.0,9.0,0.0,235.0,13.0,0,1656.76,1656.76,832.8,832.8,343.24,489.56,0.0,0.0,0.0,83.6,0.0,1.0,1,0.0,758.0,14576.0,2.0,3.0,2.0,4.0,5.0,14341.0,80.0,4.0,6.0,163.0,71.0,2600.0,2.0,5.0,6.0,10.0,1620.0,1405.0,12.2,0.0,0.0,121.0,18.0,5.0,5.0,0.0,5.0,1.0,0.0,2.0,3.0,3.0,3.0,7.0,6.0,6.0,3.0,9.0,0.0,0.0,0.0,6.0,92.3,0.0,0.0,0.0,20444.0,14576.0,1600.0,17844.0,0,0
57472,12750.0,0.2055,341.72,1,150000.0,0,0,n,19.44,0.0,1.0,9.0,0.0,40243.0,27.0,0,0.0,0.0,327.16,327.16,123.38,203.78,0.0,0.0,0.0,0.0,0.0,1.0,1,0.0,0.0,80084.0,0.0,3.0,0.0,1.0,14.0,39841.0,55.0,2.0,3.0,13266.0,70.0,41400.0,0.0,5.0,2.0,4.0,8898.0,0.0,102.0,0.0,0.0,206.0,253.0,7.0,7.0,2.0,7.0,2.0,0.0,4.0,6.0,4.0,8.0,13.0,6.0,11.0,6.0,9.0,0.0,0.0,0.0,2.0,96.3,100.0,0.0,0.0,113726.0,80084.0,23900.0,72326.0,0,0
57473,25000.0,0.0819,509.19,1,88000.0,0,0,n,23.73,0.0,2.0,11.0,0.0,23339.0,18.0,0,0.0,0.0,2877.01,2877.01,1778.14,1073.41,25.46,0.0,0.0,316.98,0.0,1.0,1,0.0,0.0,79189.0,1.0,8.0,1.0,1.0,7.0,55850.0,100.0,1.0,1.0,7835.0,97.0,25000.0,0.0,4.0,2.0,2.0,7199.0,1526.0,84.7,0.0,0.0,166.0,99.0,2.0,2.0,0.0,2.0,2.0,7.0,2.0,3.0,2.0,3.0,14.0,3.0,4.0,3.0,11.0,0.0,0.0,0.0,2.0,66.7,50.0,0.0,0.0,93888.0,79189.0,10000.0,68888.0,0,0
57520,12800.0,0.2055,343.06,2,100000.0,1,0,n,6.35,0.0,1.0,6.0,0.0,2597.0,8.0,0,12467.45,12467.45,2043.75,2043.75,332.55,1711.2,0.0,0.0,0.0,0.0,0.0,1.0,1,0.0,3629.0,71953.0,2.0,2.0,0.0,1.0,14.0,69356.0,85.0,2.0,3.0,1416.0,69.0,7400.0,1.0,0.0,5.0,4.0,11992.0,4576.0,35.5,0.0,0.0,81.0,63.0,4.0,4.0,0.0,4.0,1.0,0.0,2.0,3.0,3.0,3.0,4.0,4.0,4.0,4.0,6.0,0.0,0.0,0.0,2.0,100.0,0.0,0.0,0.0,71070.0,71953.0,7100.0,63670.0,0,0
57584,20000.0,0.124,448.95,1,50000.0,0,0,n,20.09,0.0,2.0,21.0,0.0,4503.0,42.0,0,18243.14,18243.14,4026.77,4026.77,1756.86,2269.91,0.0,0.0,0.0,448.95,0.0,1.0,1,0.0,0.0,16380.0,3.0,1.0,0.0,1.0,17.0,11877.0,59.0,4.0,6.0,1520.0,13.0,106000.0,1.0,0.0,2.0,7.0,780.0,67767.0,3.5,0.0,0.0,34.0,235.0,3.0,3.0,0.0,3.0,2.0,0.0,4.0,6.0,10.0,18.0,2.0,20.0,40.0,6.0,21.0,0.0,0.0,0.0,4.0,95.2,0.0,0.0,0.0,126000.0,16380.0,70200.0,20000.0,0,0
57585,30000.0,0.1102,652.58,3,165000.0,1,0,n,25.28,0.0,0.0,19.0,0.0,32015.0,34.0,0,26607.92,26607.92,6364.61,6364.61,3392.08,2972.53,0.0,0.0,0.0,652.58,0.0,1.0,1,0.0,0.0,407783.0,1.0,4.0,0.0,1.0,16.0,58382.0,67.0,0.0,0.0,11015.0,57.0,70600.0,1.0,5.0,2.0,2.0,21462.0,24886.0,42.4,0.0,0.0,164.0,174.0,62.0,1.0,5.0,62.0,3.0,0.0,5.0,7.0,8.0,9.0,12.0,12.0,15.0,7.0,19.0,0.0,0.0,0.0,1.0,100.0,12.5,0.0,0.0,489612.0,106283.0,43200.0,87382.0,0,0
57604,17000.0,0.2305,658.51,1,37000.0,1,0,n,37.11,0.0,2.0,18.0,0.0,23487.0,27.0,0,14158.69,14158.69,5246.31,5246.31,2841.31,2405.0,0.0,0.0,0.0,658.51,0.0,1.0,1,0.0,92.0,25514.0,1.0,1.0,0.0,0.0,32.0,2027.0,17.0,3.0,8.0,2931.0,37.0,56600.0,1.0,0.0,3.0,8.0,1417.0,22659.0,42.2,0.0,0.0,167.0,155.0,5.0,5.0,0.0,5.0,5.0,0.0,9.0,15.0,10.0,12.0,6.0,17.0,21.0,15.0,18.0,0.0,0.0,0.0,3.0,100.0,30.0,0.0,0.0,68600.0,25514.0,39200.0,12000.0,0,0
57644,12000.0,0.124,400.87,1,55000.0,1,0,n,12.87,0.0,1.0,8.0,0.0,7820.0,17.0,0,0.0,0.0,3198.69,3198.69,2296.75,901.94,0.0,0.0,0.0,400.87,1.0,1.0,1,0.0,249.0,27961.0,0.0,2.0,0.0,2.0,16.0,20141.0,73.0,1.0,2.0,3949.0,65.0,15100.0,3.0,0.0,2.0,4.0,3495.0,3354.0,64.7,0.0,0.0,230.0,87.0,10.0,10.0,0.0,10.0,1.0,0.0,3.0,5.0,3.0,3.0,11.0,6.0,6.0,5.0,8.0,0.0,0.0,0.0,1.0,94.1,33.3,0.0,0.0,42891.0,27961.0,9500.0,27791.0,0,0
57661,10000.0,0.14300000000000002,343.24,1,94999.0,1,0,n,37.68,0.0,0.0,13.0,0.0,21340.0,24.0,0,8923.31,8923.31,2396.5,2396.5,1076.69,1319.81,0.0,0.0,0.0,345.0,0.0,1.0,1,0.0,0.0,156123.0,1.0,4.0,4.0,4.0,2.0,134783.0,89.0,1.0,1.0,5070.0,61.0,45900.0,2.0,4.0,12.0,5.0,13010.0,19853.0,35.8,0.0,0.0,66.0,180.0,9.0,2.0,0.0,37.0,0.0,0.0,6.0,7.0,8.0,8.0,11.0,9.0,13.0,7.0,13.0,0.0,0.0,0.0,5.0,100.0,14.3,0.0,0.0,188638.0,156123.0,30900.0,142738.0,0,0
57682,28000.0,0.28800000000000003,885.37,2,69000.0,1,0,n,38.78,0.0,0.0,9.0,0.0,17277.0,26.0,0,0.0,0.0,2611.31,2611.31,655.6,1955.71,0.0,0.0,0.0,0.0,0.0,1.0,0,0.0,0.0,240610.0,1.0,3.0,2.0,4.0,6.0,74739.0,90.0,1.0,2.0,3934.0,92.0,18600.0,4.0,3.0,4.0,6.0,26734.0,0.0,100.9,0.0,0.0,118.0,122.0,10.0,6.0,1.0,88.0,6.0,0.0,2.0,4.0,2.0,3.0,14.0,5.0,11.0,4.0,9.0,0.0,0.0,0.0,3.0,100.0,100.0,0.0,0.0,273898.0,92016.0,6900.0,78657.0,0,0
57694,10625.0,0.2565,426.11,1,50000.0,0,0,n,22.76,0.0,0.0,9.0,0.0,17410.0,16.0,0,8908.67,8908.67,3393.74,3393.74,1716.33,1677.41,0.0,0.0,0.0,426.11,0.0,1.0,0,0.0,0.0,38029.0,1.0,4.0,2.0,4.0,5.0,20619.0,94.0,1.0,5.0,9910.0,91.0,19800.0,0.0,0.0,0.0,9.0,4225.0,226.0,98.4,0.0,0.0,255.0,309.0,7.0,5.0,0.0,14.0,15.0,0.0,2.0,4.0,2.0,5.0,8.0,5.0,8.0,4.0,9.0,0.0,0.0,0.0,3.0,100.0,100.0,0.0,0.0,41755.0,38029.0,14500.0,21955.0,0,0
57699,1450.0,0.2305,56.17,1,33000.0,0,0,n,11.56,0.0,0.0,4.0,0.0,1625.0,4.0,0,0.0,0.0,290.46,290.46,57.18,53.3,0.0,179.98,32.3964,0.0,0.0,1.0,1,0.0,0.0,17552.0,1.0,1.0,1.0,1.0,5.0,15927.0,97.0,0.0,0.0,1625.0,91.0,2900.0,0.0,0.0,1.0,1.0,4388.0,0.0,101.6,0.0,0.0,5.0,50.0,32.0,5.0,0.0,50.0,5.0,0.0,1.0,1.0,1.0,1.0,1.0,3.0,3.0,1.0,4.0,0.0,0.0,0.0,1.0,50.0,100.0,0.0,0.0,19282.0,17552.0,1600.0,16382.0,0,0
57719,20000.0,0.1171,661.52,2,250000.0,1,0,n,9.61,1.0,1.0,9.0,0.0,16341.0,15.0,0,14734.94,14734.94,7263.71,7263.71,5265.06,1998.65,0.0,0.0,0.0,661.52,0.0,1.0,1,0.0,586.0,399659.0,2.0,4.0,1.0,1.0,4.0,44568.0,62.0,2.0,3.0,4561.0,67.0,20400.0,0.0,4.0,1.0,4.0,44407.0,3910.0,71.7,0.0,0.0,99.0,71.0,5.0,4.0,1.0,5.0,2.0,0.0,3.0,4.0,3.0,4.0,7.0,4.0,6.0,4.0,9.0,0.0,0.0,1.0,3.0,86.7,66.7,0.0,0.0,465230.0,60909.0,13800.0,94830.0,0,0
57720,16000.0,0.28800000000000003,505.93,1,40000.0,0,0,n,22.77,0.0,1.0,11.0,0.0,13925.0,12.0,0,0.0,0.0,986.26,986.26,325.43,660.83,0.0,0.0,0.0,0.0,0.0,1.0,1,0.0,0.0,30249.0,2.0,1.0,0.0,0.0,37.0,16324.0,59.0,2.0,3.0,7968.0,56.0,26400.0,0.0,1.0,1.0,3.0,2750.0,8158.0,59.2,0.0,0.0,37.0,61.0,2.0,2.0,0.0,2.0,2.0,0.0,4.0,7.0,5.0,6.0,1.0,10.0,11.0,8.0,11.0,0.0,0.0,0.0,2.0,100.0,60.0,0.0,0.0,53892.0,30249.0,20000.0,27492.0,0,0
57740,14000.0,0.0819,285.15,1,68000.0,1,0,n,14.15,0.0,0.0,6.0,0.0,28836.0,22.0,0,0.0,0.0,2559.98,2559.98,1753.73,806.25,0.0,0.0,0.0,285.15,0.0,1.0,1,0.0,0.0,62806.0,0.0,2.0,0.0,0.0,27.0,33970.0,77.0,0.0,1.0,21539.0,63.0,55600.0,0.0,0.0,2.0,1.0,10468.0,10764.0,72.8,0.0,0.0,172.0,171.0,19.0,19.0,0.0,19.0,7.0,0.0,2.0,2.0,2.0,2.0,17.0,4.0,5.0,2.0,6.0,0.0,0.0,0.0,0.0,100.0,50.0,0.0,0.0,99978.0,62806.0,39600.0,44378.0,0,0
57765,31900.0,0.08810000000000001,1011.6,2,160000.0,0,0,n,17.27,0.0,1.0,9.0,0.0,73015.0,28.0,0,0.0,0.0,3019.19,3019.19,2349.36,669.83,0.0,0.0,0.0,0.0,0.0,1.0,1,0.0,0.0,365655.0,0.0,3.0,0.0,1.0,18.0,27633.0,43.0,0.0,0.0,7647.0,48.0,74800.0,1.0,0.0,3.0,1.0,45707.0,1353.0,85.0,0.0,0.0,179.0,532.0,25.0,18.0,1.0,25.0,2.0,1.0,1.0,2.0,2.0,10.0,6.0,5.0,21.0,2.0,9.0,0.0,0.0,0.0,0.0,78.6,50.0,0.0,0.0,487024.0,100648.0,9000.0,64224.0,0,0
57811,21000.0,0.2305,592.61,2,78000.0,1,0,n,27.28,0.0,1.0,8.0,1.0,5898.0,33.0,0,20617.9,20617.9,2936.16,2936.16,382.1,2554.06,0.0,0.0,0.0,592.22,0.0,1.0,1,0.0,0.0,138248.0,2.0,4.0,1.0,3.0,11.0,132350.0,77.0,4.0,5.0,2993.0,75.0,10000.0,4.0,7.0,5.0,8.0,17281.0,3807.0,59.9,0.0,0.0,218.0,125.0,3.0,3.0,1.0,3.0,3.0,0.0,2.0,3.0,3.0,11.0,11.0,4.0,21.0,3.0,8.0,0.0,0.0,0.0,5.0,100.0,66.7,1.0,0.0,159032.0,138248.0,9500.0,149032.0,0,0
57860,4000.0,0.1862,145.86,2,85000.0,0,0,n,26.3,0.0,1.0,10.0,0.0,10242.0,19.0,0,0.0,0.0,725.16,725.16,432.17,292.99,0.0,0.0,0.0,0.0,0.0,1.0,1,0.0,0.0,227003.0,2.0,5.0,2.0,5.0,3.0,71861.0,83.0,1.0,2.0,2670.0,77.0,20000.0,5.0,2.0,9.0,8.0,22700.0,5759.0,42.4,0.0,0.0,82.0,63.0,2.0,2.0,1.0,23.0,0.0,0.0,3.0,4.0,3.0,3.0,12.0,4.0,6.0,4.0,10.0,0.0,0.0,0.0,4.0,100.0,0.0,0.0,0.0,252503.0,82103.0,10000.0,86202.0,0,0
57912,17000.0,0.2055,455.62,2,60000.0,1,0,n,26.16,1.0,0.0,25.0,0.0,32951.0,53.0,0,16037.97,16037.97,4308.98,4308.98,962.03,3346.95,0.0,0.0,0.0,227.81,0.0,1.0,1,0.0,0.0,222245.0,1.0,13.0,0.0,2.0,14.0,45688.0,88.0,1.0,1.0,2872.0,74.0,53700.0,2.0,3.0,0.0,3.0,8890.0,2517.0,71.7,0.0,0.0,164.0,122.0,5.0,5.0,1.0,40.0,14.0,1.0,5.0,9.0,6.0,6.0,34.0,11.0,17.0,9.0,25.0,0.0,0.0,0.0,1.0,96.2,66.7,0.0,0.0,264381.0,78639.0,8900.0,52031.0,0,0
57981,20000.0,0.2565,802.09,1,68000.0,0,0,n,21.3,0.0,0.0,9.0,0.0,17470.0,11.0,0,0.0,0.0,773.59,773.59,374.59,399.0,0.0,0.0,0.0,0.0,0.0,1.0,1,0.0,0.0,29787.0,0.0,2.0,1.0,2.0,8.0,12317.0,60.0,2.0,6.0,7061.0,64.0,26200.0,3.0,0.0,2.0,8.0,3310.0,8730.0,66.7,0.0,0.0,24.0,110.0,7.0,7.0,0.0,7.0,7.0,0.0,7.0,7.0,7.0,8.0,2.0,7.0,8.0,7.0,9.0,0.0,0.0,0.0,3.0,100.0,14.3,0.0,0.0,46692.0,29787.0,26200.0,20492.0,0,0
58012,3175.0,0.2565,127.34,1,28000.0,0,0,n,28.96,0.0,0.0,8.0,0.0,4051.0,23.0,0,3054.78,3054.78,699.11,699.11,120.22,578.89,0.0,0.0,0.0,63.67,0.0,1.0,1,0.0,0.0,18591.0,0.0,2.0,1.0,1.0,11.0,14540.0,67.0,1.0,3.0,1437.0,68.0,5400.0,0.0,0.0,0.0,4.0,2324.0,134.0,94.2,0.0,0.0,106.0,91.0,7.0,7.0,0.0,15.0,21.0,1.0,2.0,6.0,2.0,3.0,14.0,6.0,9.0,6.0,8.0,0.0,0.0,0.0,2.0,100.0,100.0,0.0,0.0,27247.0,18591.0,2300.0,21847.0,1,0
58023,21275.0,0.28800000000000003,672.73,1,83400.0,1,0,n,22.37,0.0,0.0,13.0,0.0,31086.0,24.0,0,20776.84,20776.84,5347.8,5347.8,498.16,4849.64,0.0,0.0,0.0,0.0,0.0,1.0,1,0.0,0.0,68414.0,0.0,2.0,1.0,3.0,10.0,37328.0,90.0,1.0,3.0,3197.0,69.0,48500.0,2.0,1.0,1.0,6.0,5263.0,15429.0,31.1,0.0,0.0,108.0,98.0,10.0,10.0,1.0,17.0,10.0,0.0,8.0,11.0,8.0,9.0,11.0,11.0,12.0,11.0,13.0,0.0,0.0,0.0,2.0,100.0,0.0,0.0,0.0,95568.0,68414.0,22400.0,47068.0,0,0
58028,3000.0,0.2565,120.32,3,25000.0,0,0,n,28.61,0.0,1.0,10.0,0.0,14163.0,19.0,0,2396.47,2396.47,1198.92,1198.92,603.53,595.39,0.0,0.0,0.0,120.32,0.0,1.0,1,0.0,0.0,16469.0,1.0,2.0,1.0,1.0,6.0,2306.0,24.0,0.0,0.0,7024.0,35.0,37100.0,1.0,1.0,1.0,1.0,1647.0,21460.0,37.6,0.0,0.0,124.0,222.0,29.0,6.0,0.0,29.0,6.0,0.0,3.0,4.0,6.0,8.0,8.0,8.0,11.0,4.0,10.0,0.0,0.0,0.0,1.0,100.0,16.7,0.0,0.0,46600.0,16469.0,34400.0,9500.0,0,0
58057,17000.0,0.1862,437.45,1,138000.0,1,0,n,27.64,0.0,0.0,10.0,0.0,36175.0,21.0,0,0.0,0.0,3977.39,3977.39,711.0,1021.21,0.0,2245.18,404.1324,437.45,0.0,1.0,1,0.0,0.0,105600.0,0.0,4.0,1.0,2.0,11.0,69425.0,73.0,0.0,0.0,14148.0,79.0,37400.0,1.0,0.0,1.0,2.0,10560.0,1225.0,96.7,0.0,0.0,154.0,214.0,59.0,11.0,0.0,59.0,7.0,0.0,5.0,5.0,5.0,8.0,12.0,5.0,8.0,5.0,10.0,0.0,0.0,0.0,1.0,100.0,100.0,0.0,0.0,134517.0,105600.0,37400.0,94744.0,0,0
58088,4800.0,0.1102,157.2,1,48000.0,1,0,n,14.1,0.0,0.0,11.0,0.0,4339.0,15.0,0,3328.42,3328.42,1883.46,1883.46,1471.58,411.88,0.0,0.0,0.0,157.2,0.0,1.0,1,0.0,122.0,68938.0,1.0,3.0,1.0,3.0,8.0,64599.0,86.0,2.0,4.0,1816.0,61.0,13500.0,2.0,0.0,5.0,7.0,6267.0,7692.0,34.8,0.0,0.0,242.0,85.0,1.0,1.0,0.0,12.0,6.0,0.0,4.0,5.0,4.0,5.0,5.0,8.0,10.0,5.0,11.0,0.0,0.0,0.0,3.0,93.3,25.0,0.0,0.0,61732.0,68938.0,11800.0,48232.0,0,0
58155,8500.0,0.1862,309.95,1,72000.0,1,0,n,23.63,0.0,1.0,8.0,1.0,5282.0,9.0,0,0.0,0.0,1765.41,1765.41,358.88,252.23,0.0,1154.3,207.774,0.0,0.0,1.0,1,0.0,0.0,38410.0,1.0,4.0,2.0,5.0,4.0,33128.0,79.0,0.0,3.0,2312.0,77.0,7700.0,6.0,0.0,3.0,8.0,4801.0,1118.0,78.5,0.0,0.0,21.0,253.0,19.0,4.0,0.0,19.0,1.0,0.0,3.0,4.0,3.0,3.0,5.0,4.0,4.0,4.0,8.0,0.0,0.0,0.0,2.0,100.0,66.7,1.0,0.0,49777.0,38410.0,5200.0,42077.0,0,0
58163,10000.0,0.17739999999999995,360.23,3,50000.0,1,0,n,30.87,0.0,0.0,13.0,0.0,11130.0,17.0,1,0.0,0.0,1431.06,1431.06,925.26,505.8,0.0,0.0,0.0,0.0,0.0,1.0,1,0.0,0.0,50604.0,2.0,2.0,1.0,4.0,4.0,39474.0,89.0,2.0,5.0,2654.0,80.0,18800.0,1.0,2.0,3.0,9.0,4217.0,3214.0,69.1,0.0,0.0,25.0,230.0,1.0,1.0,0.0,13.0,4.0,0.0,6.0,10.0,7.0,7.0,5.0,11.0,12.0,10.0,13.0,0.0,0.0,0.0,3.0,100.0,33.3,0.0,0.0,63359.0,50604.0,10400.0,44559.0,0,0
58189,9200.0,0.16949999999999998,327.78,2,45000.0,0,0,n,35.09,0.0,0.0,11.0,0.0,11350.0,11.0,0,6868.65,6868.65,3629.7,3629.7,2331.35,1298.35,0.0,0.0,0.0,327.78,0.0,1.0,0,0.0,1226.0,203398.0,4.0,3.0,1.0,2.0,7.0,38393.0,87.0,4.0,5.0,8316.0,73.0,24400.0,2.0,2.0,0.0,7.0,18491.0,9000.0,50.0,0.0,0.0,27.0,164.0,1.0,1.0,1.0,4.0,22.0,0.0,2.0,5.0,3.0,3.0,3.0,7.0,7.0,5.0,11.0,0.0,0.0,0.0,5.0,100.0,0.0,0.0,0.0,230542.0,49743.0,18000.0,44131.0,0,0
58206,18000.0,0.1171,397.77,1,48000.0,1,0,n,21.2,0.0,0.0,10.0,0.0,16313.0,18.0,0,16496.05,16496.05,3170.45,3170.45,1503.95,1666.5,0.0,0.0,0.0,397.77,0.0,1.0,1,0.0,84.0,230522.0,0.0,1.0,1.0,2.0,7.0,24098.0,94.0,0.0,2.0,7562.0,79.0,25500.0,0.0,1.0,1.0,4.0,28815.0,6503.0,68.9,0.0,0.0,105.0,141.0,21.0,7.0,2.0,21.0,8.0,0.0,3.0,4.0,6.0,8.0,5.0,8.0,11.0,4.0,10.0,0.0,0.0,0.0,1.0,100.0,75.0,0.0,0.0,249567.0,40411.0,20900.0,25726.0,0,0
58215,20000.0,0.1308,674.65,1,100000.0,0,0,n,6.89,0.0,0.0,7.0,0.0,6265.0,20.0,0,0.0,0.0,0.0,0.0,0.0,0.0,0.0,0.0,0.0,0.0,0.0,1.0,1,0.0,0.0,18329.0,0.0,1.0,0.0,2.0,13.0,12064.0,62.0,0.0,0.0,4532.0,66.0,8500.0,1.0,3.0,0.0,2.0,3055.0,2235.0,73.7,0.0,0.0,139.0,254.0,33.0,13.0,0.0,33.0,13.0,0.0,3.0,3.0,5.0,7.0,12.0,6.0,8.0,3.0,7.0,0.0,0.0,0.0,0.0,100.0,40.0,0.0,0.0,27885.0,18329.0,8500.0,19385.0,0,0
58230,30000.0,0.28800000000000003,948.61,2,188000.0,1,0,n,15.7,0.0,4.0,27.0,1.0,14343.0,46.0,0,0.0,0.0,900.61,900.61,228.61,672.0,0.0,0.0,0.0,0.0,0.0,1.0,1,0.0,12500.0,122994.0,3.0,9.0,3.0,8.0,5.0,108651.0,69.0,4.0,6.0,4532.0,54.0,69900.0,5.0,0.0,12.0,14.0,4731.0,37240.0,26.8,0.0,0.0,198.0,97.0,2.0,2.0,0.0,2.0,1.0,0.0,7.0,9.0,12.0,14.0,21.0,18.0,25.0,9.0,27.0,0.0,0.0,0.0,7.0,100.0,8.3,1.0,0.0,227631.0,122994.0,50900.0,157731.0,0,0
58277,15825.0,0.1862,577.05,1,20000.0,0,0,n,131.87,0.0,1.0,13.0,0.0,11683.0,22.0,0,12658.74,12658.74,5177.08,5177.08,3166.26,2010.82,0.0,0.0,0.0,0.0,0.0,1.0,0,0.0,0.0,102496.0,1.0,5.0,1.0,3.0,3.0,90813.0,90.0,0.0,0.0,4400.0,79.0,29200.0,5.0,0.0,2.0,3.0,7884.0,13527.0,39.1,0.0,0.0,173.0,70.0,34.0,3.0,0.0,34.0,3.0,0.0,3.0,4.0,6.0,8.0,11.0,7.0,11.0,4.0,13.0,0.0,0.0,0.0,1.0,95.0,33.3,0.0,0.0,130259.0,102496.0,22200.0,101059.0,0,0
58309,24000.0,0.0646,735.14,2,85000.0,1,0,n,14.64,0.0,0.0,7.0,0.0,9359.0,17.0,0,20239.35,20239.35,5137.37,5137.37,3760.65,1376.72,0.0,0.0,0.0,735.14,0.0,1.0,1,0.0,0.0,10075.0,0.0,1.0,0.0,0.0,26.0,716.0,3.0,0.0,1.0,2932.0,18.0,30000.0,0.0,0.0,1.0,1.0,1679.0,17033.0,20.8,0.0,0.0,248.0,205.0,13.0,13.0,2.0,25.0,2.0,0.0,2.0,4.0,4.0,4.0,8.0,6.0,7.0,4.0,7.0,0.0,0.0,0.0,0.0,94.1,0.0,0.0,0.0,55784.0,10075.0,21500.0,25784.0,0,0
58339,10000.0,0.1612,352.17,2,95000.0,0,0,n,13.13,0.0,2.0,10.0,0.0,15669.0,16.0,0,0.0,0.0,1047.55,1047.55,662.33,385.22,0.0,0.0,0.0,0.0,0.0,1.0,1,0.0,0.0,119859.0,3.0,1.0,0.0,1.0,18.0,7039.0,59.0,3.0,3.0,479.0,61.0,25300.0,1.0,0.0,2.0,4.0,11986.0,3221.0,12.9,0.0,0.0,150.0,287.0,2.0,2.0,2.0,2.0,2.0,0.0,1.0,7.0,1.0,2.0,4.0,8.0,10.0,7.0,10.0,0.0,0.0,0.0,3.0,100.0,0.0,0.0,0.0,143886.0,22708.0,3700.0,12000.0,0,0
58381,16000.0,0.0646,490.1,1,108000.0,0,0,n,9.88,0.0,2.0,21.0,0.0,15954.0,45.0,0,11449.96,11449.96,5385.36,5385.36,4550.04,835.32,0.0,0.0,0.0,0.0,0.0,1.0,1,0.0,0.0,94391.0,0.0,15.0,0.0,0.0,32.0,78437.0,114.0,0.0,0.0,6366.0,97.0,28400.0,1.0,3.0,2.0,0.0,4495.0,12446.0,56.2,0.0,0.0,205.0,141.0,31.0,31.0,0.0,31.0,1.0,8.0,6.0,6.0,6.0,10.0,31.0,6.0,14.0,6.0,21.0,0.0,0.0,0.0,0.0,96.8,33.3,0.0,0.0,97145.0,94391.0,28400.0,68745.0,0,0
58387,6200.0,0.1171,205.08,1,38000.0,1,0,n,26.85,0.0,3.0,25.0,0.0,10154.0,47.0,0,5909.43,5909.43,579.14,579.14,290.57,288.57,0.0,0.0,0.0,57.67,0.0,1.0,1,0.0,0.0,25051.0,4.0,1.0,2.0,2.0,6.0,14897.0,88.0,4.0,12.0,5870.0,24.0,94100.0,2.0,2.0,7.0,14.0,1002.0,71146.0,13.8,0.0,0.0,126.0,224.0,2.0,2.0,0.0,2.0,2.0,0.0,6.0,6.0,14.0,23.0,8.0,24.0,39.0,6.0,25.0,0.0,0.0,0.0,6.0,100.0,0.0,0.0,0.0,111100.0,25051.0,81300.0,17000.0,0,0
58509,10000.0,0.17739999999999995,360.23,1,86000.0,1,0,n,12.24,0.0,0.0,11.0,0.0,14030.0,27.0,0,8233.95,8233.95,2711.75,2711.75,1766.05,945.7,0.0,0.0,0.0,0.0,0.0,1.0,1,0.0,0.0,85983.0,0.0,3.0,0.0,1.0,24.0,71953.0,82.0,3.0,4.0,7345.0,68.0,25100.0,0.0,0.0,2.0,5.0,8598.0,10587.0,52.1,0.0,0.0,256.0,71.0,7.0,7.0,0.0,8.0,2.0,1.0,5.0,6.0,6.0,6.0,19.0,7.0,7.0,6.0,11.0,0.0,0.0,0.0,3.0,96.2,33.3,0.0,0.0,88751.0,85983.0,22100.0,63651.0,0,0
58516,11200.0,0.28800000000000003,468.13,1,40000.0,1,0,n,34.98,0.0,1.0,14.0,0.0,5963.0,17.0,0,8908.4,8908.4,5131.51,5131.51,2291.6,2839.91,0.0,0.0,0.0,0.0,0.0,1.0,1,0.0,0.0,40309.0,3.0,5.0,1.0,3.0,5.0,34346.0,82.0,2.0,4.0,1818.0,60.0,25100.0,4.0,1.0,1.0,7.0,2879.0,9007.0,24.9,0.0,0.0,122.0,111.0,3.0,3.0,0.0,15.0,5.0,0.0,4.0,8.0,5.0,5.0,8.0,9.0,9.0,8.0,14.0,0.0,0.0,0.0,3.0,100.0,20.0,0.0,0.0,66800.0,40309.0,12000.0,41700.0,0,0
58566,6500.0,0.1612,228.91,1,37500.0,0,0,n,9.02,0.0,1.0,8.0,0.0,5007.0,16.0,0,0.0,0.0,1825.46,1825.46,1015.68,809.78,0.0,0.0,0.0,228.91,0.0,1.0,1,0.0,776.0,26415.0,1.0,2.0,1.0,1.0,5.0,21408.0,136.0,1.0,2.0,2454.0,91.0,13200.0,1.0,3.0,4.0,3.0,3302.0,6139.0,41.5,0.0,0.0,121.0,68.0,11.0,5.0,0.0,11.0,4.0,1.0,2.0,4.0,2.0,2.0,7.0,6.0,7.0,4.0,8.0,0.0,0.0,0.0,2.0,93.3,0.0,0.0,0.0,29000.0,26415.0,10500.0,15800.0,0,0
58653,25525.0,0.2565,1023.67,2,42000.0,1,0,n,45.29,0.0,1.0,12.0,0.0,13300.0,18.0,0,0.0,0.0,6105.65,6105.65,3026.16,3079.49,0.0,0.0,0.0,0.0,0.0,1.0,0,0.0,0.0,299597.0,1.0,5.0,0.0,1.0,17.0,68984.0,86.0,2.0,4.0,2837.0,87.0,14900.0,1.0,2.0,5.0,6.0,24966.0,406.0,91.2,0.0,0.0,185.0,37.0,7.0,4.0,3.0,7.0,6.0,2.0,3.0,5.0,3.0,3.0,9.0,6.0,6.0,5.0,12.0,0.0,0.0,0.0,3.0,88.9,66.7,0.0,0.0,315170.0,82284.0,4600.0,82621.0,0,0
58660,34025.0,0.1862,875.53,2,45000.0,0,0,n,96.78,0.0,3.0,18.0,0.0,49885.0,63.0,0,0.0,0.0,2591.39,2591.39,700.55,1890.84,0.0,0.0,0.0,0.0,0.0,1.0,0,0.0,0.0,456029.0,2.0,4.0,6.0,7.0,7.0,97301.0,89.0,7.0,8.0,11532.0,72.0,95300.0,3.0,3.0,6.0,17.0,25335.0,34257.0,37.9,0.0,0.0,149.0,311.0,1.0,1.0,2.0,1.0,1.0,1.0,4.0,7.0,6.0,17.0,26.0,12.0,34.0,7.0,18.0,0.0,0.0,0.0,14.0,95.2,16.7,0.0,0.0,525045.0,147241.0,55200.0,109233.0,0,0
58692,5000.0,0.124,167.03,1,24767.0,0,0,n,33.95,0.0,0.0,7.0,0.0,11924.0,19.0,0,3663.37,3663.37,1833.89,1833.89,1336.63,497.26,0.0,0.0,0.0,167.03,0.0,1.0,0,0.0,0.0,28357.0,0.0,1.0,0.0,1.0,13.0,12720.0,85.0,0.0,0.0,4633.0,58.0,23500.0,1.0,0.0,0.0,1.0,4051.0,7176.0,62.4,0.0,0.0,118.0,242.0,43.0,13.0,0.0,43.0,13.0,0.0,4.0,4.0,4.0,9.0,7.0,5.0,11.0,4.0,7.0,0.0,0.0,0.0,0.0,100.0,75.0,0.0,0.0,48903.0,28357.0,19100.0,15000.0,0,0
58703,25000.0,0.2305,705.49,1,110000.0,0,0,n,14.12,0.0,0.0,9.0,0.0,27482.0,9.0,0,4605.31,4605.31,24811.91,24811.91,20394.69,4417.22,0.0,0.0,0.0,7000.0,0.0,1.0,1,0.0,0.0,46964.0,0.0,1.0,0.0,1.0,18.0,19482.0,76.0,0.0,1.0,18359.0,68.0,43500.0,0.0,1.0,0.0,2.0,5218.0,16018.0,63.2,0.0,0.0,18.0,56.0,19.0,18.0,0.0,19.0,18.0,0.0,7.0,7.0,8.0,8.0,1.0,8.0,8.0,7.0,9.0,0.0,0.0,0.0,0.0,100.0,12.5,0.0,0.0,69274.0,46964.0,43500.0,25774.0,0,0
58762,30000.0,0.08810000000000001,951.35,2,185000.0,1,0,n,29.81,0.0,1.0,12.0,0.0,231241.0,25.0,0,21726.94,21726.94,10450.17,10450.17,8273.06,2177.11,0.0,0.0,0.0,951.35,0.0,1.0,1,0.0,0.0,698080.0,2.0,3.0,1.0,1.0,4.0,74651.0,82.0,1.0,2.0,180746.0,83.0,260800.0,0.0,0.0,5.0,3.0,58173.0,27890.0,82.6,0.0,0.0,179.0,174.0,5.0,4.0,6.0,5.0,3.0,0.0,5.0,7.0,6.0,6.0,9.0,8.0,10.0,8.0,12.0,0.0,0.0,0.0,2.0,96.0,83.3,0.0,0.0,804472.0,305892.0,249700.0,126672.0,0,0
58780,10000.0,0.0819,314.25,2,80500.0,0,0,n,33.86,0.0,0.0,16.0,0.0,5848.0,32.0,0,7984.35,7984.35,2509.45,2509.45,2015.65,493.8,0.0,0.0,0.0,314.25,0.0,1.0,1,0.0,0.0,304517.0,1.0,3.0,2.0,4.0,7.0,97076.0,61.0,1.0,5.0,3546.0,34.0,45500.0,5.0,1.0,8.0,10.0,19032.0,30752.0,16.0,0.0,0.0,60.0,57.0,7.0,4.0,1.0,7.0,5.0,0.0,8.0,8.0,10.0,15.0,13.0,12.0,18.0,8.0,16.0,0.0,0.0,0.0,4.0,100.0,0.0,0.0,0.0,364165.0,102924.0,36600.0,114415.0,0,0
58816,40000.0,0.0819,814.7,1,120000.0,0,0,n,18.97,0.0,0.0,12.0,0.0,29417.0,18.0,0,33904.2,33904.2,8943.5,8943.5,6095.8,2847.7,0.0,0.0,0.0,814.7,0.0,1.0,1,0.0,0.0,67831.0,0.0,2.0,0.0,1.0,13.0,38414.0,73.0,0.0,4.0,7943.0,71.0,43000.0,0.0,1.0,0.0,5.0,5653.0,6647.0,80.3,0.0,0.0,62.0,110.0,13.0,13.0,0.0,13.0,16.0,0.0,8.0,10.0,8.0,9.0,6.0,10.0,12.0,10.0,12.0,0.0,0.0,0.0,0.0,100.0,62.5,0.0,0.0,96000.0,67831.0,33700.0,53000.0,0,0
58876,8000.0,0.0756,249.08,1,50000.0,1,0,n,13.27,1.0,1.0,3.0,0.0,7431.0,9.0,0,0.0,0.0,3194.8,3194.8,2968.65,226.15,0.0,0.0,0.0,2700.0,0.0,1.0,1,0.0,0.0,25909.0,1.0,1.0,1.0,1.0,4.0,18478.0,97.0,0.0,0.0,6998.0,76.0,14900.0,2.0,0.0,6.0,1.0,8636.0,7469.0,49.9,0.0,0.0,40.0,71.0,25.0,4.0,0.0,25.0,4.0,0.0,2.0,2.0,2.0,5.0,2.0,2.0,7.0,2.0,3.0,0.0,0.0,0.0,1.0,88.9,0.0,0.0,0.0,33970.0,25909.0,14900.0,19070.0,0,0
58920,7500.0,0.14300000000000002,257.43,1,67400.0,1,0,n,7.94,1.0,0.0,10.0,0.0,3312.0,18.0,0,0.0,0.0,1796.05,1796.05,1219.29,576.76,0.0,0.0,0.0,0.0,0.0,1.0,1,0.0,0.0,10632.0,0.0,1.0,0.0,0.0,53.0,7320.0,41.0,0.0,3.0,1590.0,43.0,6800.0,4.0,0.0,1.0,3.0,1181.0,1466.0,63.4,0.0,0.0,53.0,164.0,19.0,19.0,0.0,19.0,10.0,1.0,4.0,5.0,5.0,10.0,1.0,9.0,15.0,5.0,10.0,0.0,0.0,1.0,0.0,94.1,25.0,0.0,0.0,24484.0,10632.0,4000.0,17684.0,0,0
58939,18000.0,0.1308,410.3,3,75000.0,0,0,n,33.31,0.0,0.0,10.0,0.0,12227.0,31.0,0,17569.47,17569.47,2389.56,2389.56,430.53,1959.03,0.0,0.0,0.0,200.0,0.0,1.0,1,0.0,0.0,287845.0,1.0,2.0,2.0,3.0,3.0,53663.0,49.0,0.0,0.0,4964.0,34.0,48200.0,2.0,0.0,1.0,4.0,28785.0,35034.0,17.0,0.0,0.0,149.0,185.0,29.0,3.0,1.0,29.0,7.0,5.0,2.0,3.0,5.0,8.0,12.0,7.0,18.0,3.0,10.0,0.0,0.0,0.0,2.0,83.9,20.0,0.0,0.0,346207.0,65890.0,42200.0,68246.0,0,0
58957,15000.0,0.16949999999999998,372.39,1,35000.0,0,0,n,24.49,0.0,1.0,7.0,0.0,12902.0,8.0,0,0.0,0.0,2740.7,2740.7,323.3,407.36,0.0,2010.04,361.8072,0.0,0.0,1.0,1,0.0,0.0,26649.0,2.0,2.0,1.0,1.0,3.0,13747.0,69.0,1.0,1.0,7715.0,59.0,24900.0,0.0,1.0,1.0,2.0,3807.0,11503.0,52.5,0.0,0.0,45.0,40.0,3.0,3.0,0.0,3.0,3.0,0.0,3.0,4.0,4.0,4.0,3.0,5.0,5.0,4.0,7.0,0.0,0.0,0.0,2.0,100.0,0.0,0.0,0.0,44847.0,26649.0,24200.0,19947.0,0,0
58971,12000.0,0.1612,292.59,2,38000.0,0,0,n,20.03,0.0,1.0,11.0,0.0,3568.0,17.0,0,11042.36,11042.36,2037.38,2037.38,957.64,1079.74,0.0,0.0,0.0,292.59,0.0,1.0,1,0.0,0.0,16208.0,2.0,1.0,1.0,2.0,7.0,12640.0,55.0,2.0,5.0,1494.0,32.0,27800.0,1.0,0.0,2.0,7.0,1473.0,9404.0,26.5,0.0,0.0,58.0,99.0,1.0,1.0,0.0,1.0,1.0,1.0,3.0,4.0,6.0,7.0,5.0,10.0,12.0,4.0,11.0,0.0,0.0,0.0,3.0,94.1,33.3,0.0,0.0,50874.0,16208.0,12800.0,23074.0,0,0
59025,14000.0,0.2565,561.47,1,50000.0,1,0,n,9.0,0.0,1.0,10.0,0.0,5419.0,11.0,0,13573.24,13573.24,3348.87,3348.87,426.76,2922.11,0.0,0.0,0.0,561.47,0.0,1.0,1,0.0,0.0,30487.0,1.0,5.0,0.0,2.0,16.0,25068.0,111.0,1.0,1.0,466.0,85.0,12500.0,0.0,4.0,1.0,4.0,3049.0,2534.0,15.5,0.0,0.0,83.0,60.0,3.0,3.0,0.0,3.0,3.0,0.0,0.0,1.0,1.0,1.0,6.0,4.0,4.0,2.0,10.0,0.0,0.0,0.0,2.0,100.0,0.0,0.0,0.0,36014.0,30487.0,3000.0,22660.0,0,0
59051,5000.0,0.17739999999999995,180.12,1,38000.0,1,0,n,27.57,0.0,1.0,11.0,0.0,7003.0,14.0,1,0.0,0.0,0.0,0.0,0.0,0.0,0.0,0.0,0.0,0.0,0.0,1.0,1,0.0,0.0,26924.0,3.0,2.0,0.0,1.0,18.0,19921.0,66.0,3.0,4.0,1635.0,68.0,9400.0,0.0,3.0,3.0,5.0,2448.0,976.0,76.8,0.0,0.0,45.0,35.0,4.0,4.0,0.0,4.0,4.0,0.0,3.0,8.0,4.0,4.0,4.0,9.0,10.0,8.0,11.0,0.0,0.0,0.0,3.0,100.0,50.0,0.0,0.0,39463.0,26924.0,4200.0,30063.0,0,0
59132,40000.0,0.2305,1549.44,2,99950.0,1,0,n,29.87,0.0,0.0,10.0,0.0,6901.0,14.0,0,0.0,0.0,2266.31,2266.31,12.77,2253.54,0.0,0.0,0.0,0.0,0.0,1.0,0,0.0,0.0,306670.0,0.0,6.0,2.0,3.0,7.0,91218.0,74.0,0.0,0.0,5017.0,76.0,7000.0,2.0,3.0,3.0,3.0,30667.0,72.0,98.8,0.0,0.0,130.0,66.0,26.0,7.0,1.0,26.0,7.0,1.0,2.0,3.0,2.0,2.0,10.0,3.0,3.0,3.0,10.0,0.0,0.0,0.0,2.0,92.9,100.0,0.0,0.0,356873.0,98119.0,6000.0,122767.0,0,0
59166,14000.0,0.2565,416.28,2,37000.0,0,0,n,34.92,0.0,0.0,22.0,1.0,8761.0,42.0,0,13095.69,13095.69,3310.29,3310.29,904.31,2405.98,0.0,0.0,0.0,0.0,0.0,1.0,1,0.0,0.0,29169.0,5.0,3.0,2.0,4.0,5.0,20408.0,81.0,5.0,10.0,1836.0,57.0,26400.0,2.0,2.0,2.0,14.0,1326.0,10509.0,38.5,0.0,0.0,140.0,152.0,0.0,0.0,2.0,0.0,8.0,0.0,7.0,12.0,8.0,14.0,8.0,19.0,31.0,12.0,22.0,0.0,0.0,0.0,7.0,100.0,0.0,1.0,0.0,51460.0,29169.0,17100.0,25060.0,0,0
59188,21050.0,0.16949999999999998,522.59,1,89560.0,0,0,n,14.79,0.0,0.0,19.0,1.0,23384.0,46.0,0,0.0,0.0,2769.55,2769.55,0.0,0.0,0.0,2769.55,498.519,0.0,0.0,1.0,1,0.0,0.0,361005.0,0.0,2.0,1.0,1.0,10.0,58611.0,89.0,1.0,4.0,7908.0,45.0,68500.0,1.0,1.0,3.0,7.0,19000.0,8541.0,69.8,0.0,0.0,238.0,141.0,7.0,7.0,2.0,24.0,7.0,0.0,5.0,11.0,6.0,7.0,25.0,16.0,19.0,11.0,19.0,0.0,0.0,0.0,3.0,100.0,33.3,1.0,0.0,401338.0,81995.0,28300.0,51522.0,0,0
59195,10000.0,0.1862,364.65,1,60000.0,0,0,n,15.16,0.0,0.0,8.0,0.0,14193.0,10.0,0,0.0,0.0,718.96,718.96,422.21,296.75,0.0,0.0,0.0,0.0,0.0,1.0,1,0.0,0.0,19097.0,0.0,1.0,0.0,1.0,15.0,4904.0,70.0,2.0,5.0,3323.0,69.0,20600.0,2.0,0.0,1.0,6.0,2387.0,1311.0,84.0,0.0,0.0,42.0,29.0,12.0,12.0,0.0,12.0,12.0,0.0,3.0,7.0,3.0,4.0,2.0,7.0,8.0,7.0,8.0,0.0,0.0,0.0,2.0,100.0,100.0,0.0,0.0,27600.0,19097.0,8200.0,7000.0,0,0
59218,24000.0,0.1102,785.96,3,71000.0,1,0,n,27.55,0.0,2.0,19.0,0.0,14241.0,23.0,0,0.0,0.0,2752.55,2752.55,1712.31,1040.24,0.0,0.0,0.0,0.0,0.0,1.0,1,0.0,0.0,52647.0,2.0,4.0,1.0,1.0,8.0,38406.0,66.0,2.0,4.0,9707.0,57.0,34000.0,1.0,2.0,4.0,5.0,2925.0,10890.0,51.8,0.0,0.0,100.0,82.0,4.0,4.0,0.0,4.0,1.0,0.0,6.0,10.0,7.0,8.0,6.0,15.0,17.0,11.0,19.0,0.0,0.0,0.0,3.0,95.7,14.3,0.0,0.0,92141.0,52647.0,22600.0,58141.0,0,0
59234,17000.0,0.1171,562.3,2,50000.0,0,0,n,36.8,0.0,0.0,8.0,0.0,26196.0,11.0,0,12225.4,12225.4,6374.94,6374.94,4774.6,1600.34,0.0,0.0,0.0,0.0,0.0,1.0,0,0.0,0.0,345244.0,0.0,2.0,0.0,1.0,23.0,29436.0,61.0,1.0,2.0,9859.0,68.0,32900.0,1.0,1.0,2.0,4.0,43156.0,5972.0,81.3,0.0,0.0,28.0,161.0,7.0,7.0,1.0,7.0,7.0,0.0,4.0,5.0,4.0,6.0,2.0,5.0,8.0,5.0,8.0,0.0,0.0,0.0,2.0,100.0,75.0,0.0,0.0,376293.0,55632.0,31900.0,48443.0,0,0
59274,5750.0,0.17739999999999995,207.13,1,84000.0,0,0,n,25.97,0.0,5.0,20.0,0.0,15302.0,22.0,0,4444.21,4444.21,2065.63,2065.63,1305.79,759.84,0.0,0.0,0.0,0.0,0.0,1.0,1,0.0,0.0,70051.0,7.0,3.0,1.0,3.0,4.0,54249.0,71.0,9.0,12.0,2766.0,30.0,98000.0,2.0,2.0,5.0,15.0,3687.0,82698.0,15.6,0.0,0.0,167.0,46.0,2.0,2.0,0.0,2.0,1.0,1.0,15.0,15.0,15.0,15.0,5.0,16.0,16.0,15.0,20.0,0.0,0.0,0.0,10.0,95.5,0.0,0.0,0.0,169565.0,70051.0,98000.0,71065.0,0,0
59300,40000.0,0.1033,856.4,1,140000.0,1,0,n,14.72,2.0,1.0,18.0,0.0,15181.0,21.0,0,35229.48,35229.48,7684.64,7684.64,4770.52,2914.12,0.0,0.0,0.0,0.0,0.0,1.0,1,0.0,0.0,49282.0,0.0,4.0,1.0,1.0,12.0,34101.0,57.0,0.0,1.0,5821.0,50.0,38500.0,1.0,3.0,2.0,2.0,2738.0,7288.0,63.9,0.0,0.0,136.0,70.0,18.0,12.0,0.0,25.0,2.0,0.0,5.0,9.0,5.0,5.0,6.0,14.0,15.0,9.0,18.0,0.0,0.0,0.0,1.0,90.5,20.0,0.0,0.0,98281.0,49282.0,20200.0,59781.0,0,0
59335,6000.0,0.16949999999999998,213.77,1,60000.0,1,0,n,14.26,0.0,2.0,18.0,0.0,704.0,30.0,1,4626.22,4626.22,2132.05,2132.05,1373.78,758.27,0.0,0.0,0.0,0.0,0.0,1.0,1,0.0,0.0,19500.0,6.0,1.0,1.0,3.0,8.0,18796.0,94.0,8.0,8.0,279.0,35.0,36400.0,3.0,0.0,3.0,11.0,1083.0,25839.0,2.5,0.0,0.0,22.0,61.0,2.0,2.0,0.0,2.0,1.0,2.0,8.0,9.0,11.0,13.0,3.0,17.0,26.0,9.0,18.0,0.0,0.0,0.0,9.0,89.3,0.0,0.0,0.0,56400.0,19500.0,26500.0,20000.0,1,0
59338,10000.0,0.16949999999999998,356.28,1,95000.0,0,0,n,17.74,2.0,0.0,6.0,0.0,1232.0,11.0,0,8429.49,8429.49,2722.68,2722.68,1570.51,1152.17,0.0,0.0,0.0,0.0,0.0,1.0,1,0.0,0.0,13292.0,2.0,2.0,0.0,0.0,31.0,12060.0,26.0,2.0,3.0,875.0,24.0,9200.0,0.0,1.0,2.0,3.0,2215.0,7968.0,13.4,0.0,0.0,120.0,214.0,2.0,2.0,0.0,2.0,0.0,1.0,3.0,3.0,4.0,5.0,4.0,4.0,7.0,3.0,6.0,0.0,0.0,1.0,2.0,81.8,0.0,0.0,0.0,56124.0,13292.0,9200.0,46924.0,0,0
59400,20000.0,0.2565,594.68,2,60000.0,0,0,n,32.96,0.0,0.0,21.0,0.0,19608.0,35.0,0,0.0,0.0,566.18,566.18,167.18,399.0,0.0,0.0,0.0,0.0,0.0,1.0,1,0.0,0.0,48134.0,4.0,3.0,1.0,3.0,5.0,28526.0,81.0,6.0,13.0,4544.0,65.0,38300.0,1.0,1.0,0.0,16.0,2292.0,8667.0,39.0,0.0,0.0,152.0,66.0,3.0,3.0,0.0,3.0,13.0,1.0,3.0,11.0,6.0,12.0,8.0,18.0,27.0,11.0,21.0,0.0,0.0,0.0,7.0,91.4,16.7,0.0,0.0,73726.0,48134.0,14200.0,35426.0,0,0
59417,25000.0,0.2565,1002.62,3,150000.0,0,0,n,29.18,0.0,1.0,11.0,0.0,22365.0,17.0,0,22610.08,22610.08,6982.72,6982.72,2389.92,4592.8,0.0,0.0,0.0,0.0,0.0,1.0,1,0.0,0.0,589706.0,0.0,5.0,1.0,2.0,9.0,52449.0,51.0,0.0,1.0,13599.0,54.0,37500.0,2.0,0.0,5.0,5.0,53610.0,11420.0,65.7,0.0,0.0,54.0,69.0,18.0,9.0,2.0,18.0,0.0,0.0,2.0,3.0,2.0,3.0,7.0,5.0,8.0,3.0,11.0,0.0,0.0,0.0,1.0,100.0,50.0,0.0,0.0,666079.0,74814.0,33300.0,102023.0,0,0
59433,10625.0,0.1524,254.11,1,73000.0,0,0,n,14.8,0.0,4.0,23.0,0.0,14127.0,28.0,0,0.0,0.0,1515.66,1515.66,738.12,777.54,0.0,0.0,0.0,0.0,0.0,1.0,1,0.0,0.0,32090.0,3.0,1.0,1.0,1.0,5.0,17963.0,90.0,3.0,12.0,11001.0,25.0,111200.0,1.0,0.0,5.0,14.0,1395.0,94470.0,12.9,0.0,0.0,5.0,49.0,6.0,5.0,0.0,6.0,2.0,0.0,7.0,8.0,18.0,20.0,1.0,22.0,25.0,8.0,23.0,0.0,0.0,0.0,4.0,100.0,5.6,0.0,0.0,131200.0,32090.0,108400.0,20000.0,0,0
59436,12000.0,0.0646,367.57,1,52000.0,1,0,n,6.53,0.0,2.0,8.0,0.0,10406.0,25.0,0,8578.43,8578.43,4038.96,4038.96,3421.57,617.39,0.0,0.0,0.0,0.0,0.0,1.0,1,0.0,0.0,11800.0,1.0,1.0,1.0,1.0,10.0,1394.0,65.0,2.0,3.0,8861.0,17.0,67400.0,0.0,1.0,3.0,4.0,1475.0,56994.0,15.4,0.0,0.0,141.0,173.0,5.0,5.0,2.0,5.0,0.0,0.0,2.0,2.0,7.0,14.0,6.0,7.0,17.0,2.0,8.0,0.0,0.0,0.0,3.0,100.0,14.3,0.0,0.0,69559.0,11800.0,67400.0,2159.0,0,0
59440,12000.0,0.1862,437.58,1,90000.0,0,0,n,36.59,0.0,1.0,11.0,0.0,9383.0,22.0,0,0.0,0.0,862.75,862.75,506.66,356.09,0.0,0.0,0.0,0.0,0.0,1.0,1,0.0,0.0,101966.0,2.0,3.0,2.0,3.0,4.0,92583.0,78.0,2.0,3.0,4869.0,65.0,23000.0,1.0,0.0,2.0,6.0,9270.0,4888.0,63.0,0.0,0.0,119.0,119.0,6.0,4.0,0.0,6.0,4.0,0.0,2.0,3.0,5.0,8.0,10.0,8.0,12.0,3.0,11.0,0.0,0.0,0.0,4.0,100.0,40.0,0.0,0.0,139001.0,101966.0,13200.0,116001.0,0,0
59445,5300.0,0.2565,212.56,1,109400.0,1,0,n,28.37,0.0,5.0,10.0,0.0,71328.0,55.0,0,0.0,0.0,1115.62,1115.62,200.66,216.91,0.0,698.05,125.649,212.56,0.0,1.0,1,0.0,0.0,122093.0,3.0,2.0,2.0,2.0,4.0,50765.0,98.0,1.0,3.0,33557.0,61.0,127500.0,1.0,0.0,5.0,5.0,12209.0,50172.0,58.7,0.0,0.0,190.0,177.0,4.0,4.0,1.0,4.0,4.0,0.0,6.0,6.0,7.0,27.0,13.0,8.0,41.0,6.0,10.0,0.0,0.0,0.0,3.0,98.2,42.9,0.0,0.0,179964.0,122093.0,121500.0,52464.0,0,0
59453,15000.0,0.1171,496.14,1,50000.0,0,0,n,23.07,0.0,0.0,12.0,0.0,14138.0,23.0,0,10959.26,10959.26,5447.78,5447.78,4040.74,1407.04,0.0,0.0,0.0,0.0,0.0,1.0,1,0.0,0.0,34459.0,2.0,1.0,1.0,1.0,3.0,20321.0,92.0,2.0,3.0,3998.0,59.0,36500.0,0.0,0.0,2.0,4.0,2872.0,12682.0,51.4,0.0,0.0,41.0,43.0,3.0,3.0,0.0,3.0,3.0,0.0,6.0,7.0,9.0,13.0,3.0,11.0,20.0,7.0,12.0,0.0,0.0,0.0,3.0,100.0,11.1,0.0,0.0,58668.0,34459.0,26100.0,22168.0,0,0
59546,25000.0,0.14300000000000002,585.61,1,237000.0,1,0,n,8.01,2.0,0.0,8.0,0.0,243.0,19.0,0,21640.8,21640.8,6421.85,6421.85,3359.2,3062.65,0.0,0.0,0.0,0.0,0.0,1.0,1,0.0,3366.0,13797.0,0.0,1.0,0.0,2.0,14.0,13554.0,68.0,0.0,2.0,92.0,28.0,29700.0,2.0,0.0,0.0,4.0,1725.0,23679.0,0.5,0.0,0.0,52.0,231.0,13.0,13.0,0.0,13.0,14.0,1.0,2.0,3.0,5.0,9.0,4.0,7.0,14.0,3.0,8.0,0.0,0.0,0.0,0.0,84.2,0.0,0.0,0.0,49700.0,13797.0,23800.0,20000.0,0,0
59571,15000.0,0.0756,467.01,1,82000.0,1,0,n,12.97,0.0,1.0,13.0,0.0,17095.0,28.0,0,12772.67,12772.67,3262.77,3262.77,2227.33,1035.44,0.0,0.0,0.0,467.01,0.0,1.0,1,0.0,0.0,41889.0,1.0,8.0,0.0,0.0,62.0,24794.0,92.0,1.0,3.0,10507.0,90.0,19400.0,0.0,0.0,2.0,3.0,3491.0,1047.0,94.0,0.0,0.0,125.0,79.0,1.0,1.0,0.0,56.0,1.0,0.0,3.0,4.0,3.0,5.0,21.0,4.0,7.0,4.0,12.0,0.0,0.0,0.0,1.0,88.5,100.0,0.0,0.0,46400.0,41889.0,17400.0,27000.0,0,0
59579,15000.0,0.2305,581.04,2,195000.0,1,0,n,17.36,4.0,1.0,10.0,0.0,16124.0,33.0,0,14927.98,14927.98,2885.99,2885.99,72.02,2813.97,0.0,0.0,0.0,581.04,0.0,1.0,1,0.0,0.0,392438.0,2.0,6.0,7.0,9.0,4.0,78618.0,69.0,0.0,0.0,9117.0,75.0,16400.0,6.0,3.0,10.0,10.0,39244.0,276.0,98.3,0.0,0.0,204.0,248.0,61.0,3.0,6.0,112.0,4.0,3.0,3.0,3.0,3.0,6.0,20.0,3.0,7.0,3.0,10.0,0.0,0.0,1.0,8.0,81.8,100.0,0.0,0.0,412625.0,94742.0,16400.0,97225.0,0,0
59609,14400.0,0.1033,466.89,2,289999.0,1,0,n,6.41,0.0,0.0,11.0,0.0,15170.0,60.0,0,10461.67,10461.67,5127.53,5127.53,3938.33,1189.2,0.0,0.0,0.0,0.0,0.0,1.0,1,0.0,0.0,352095.0,0.0,2.0,0.0,3.0,19.0,336925.0,67.0,0.0,0.0,6233.0,39.0,49900.0,2.0,1.0,4.0,3.0,32009.0,31605.0,31.0,0.0,0.0,167.0,148.0,28.0,19.0,0.0,28.0,1.0,0.0,6.0,7.0,7.0,8.0,47.0,9.0,13.0,7.0,11.0,0.0,0.0,0.0,0.0,100.0,42.9,0.0,0.0,379701.0,352095.0,45800.0,329801.0,0,0
59640,10525.0,0.08810000000000001,333.77,2,235000.0,0,0,n,14.83,0.0,1.0,12.0,1.0,22347.0,16.0,0,0.0,0.0,1799.14,1799.14,1301.48,497.66,0.0,0.0,0.0,0.0,0.0,1.0,1,0.0,0.0,284046.0,0.0,3.0,0.0,1.0,18.0,29910.0,38.0,0.0,2.0,6293.0,40.0,53700.0,3.0,0.0,3.0,3.0,23671.0,31353.0,41.6,0.0,0.0,65.0,68.0,13.0,13.0,1.0,13.0,3.0,0.0,7.0,7.0,8.0,8.0,5.0,8.0,10.0,7.0,12.0,0.0,0.0,0.0,0.0,100.0,25.0,1.0,0.0,380080.0,52257.0,53700.0,77963.0,0,0
59708,10000.0,0.2055,268.01,1,69000.0,0,0,n,30.96,0.0,2.0,12.0,0.0,21225.0,16.0,0,9067.06,9067.06,2400.67,2400.67,932.94,1467.73,0.0,0.0,0.0,0.0,0.0,1.0,1,0.0,0.0,54167.0,1.0,3.0,0.0,1.0,15.0,32942.0,57.0,1.0,2.0,4644.0,61.0,33600.0,1.0,1.0,2.0,3.0,4514.0,7893.0,61.7,0.0,0.0,137.0,95.0,4.0,4.0,0.0,4.0,3.0,0.0,7.0,9.0,7.0,8.0,6.0,9.0,10.0,9.0,12.0,0.0,0.0,0.0,1.0,100.0,28.6,0.0,0.0,92759.0,54167.0,20600.0,59159.0,1,0
59721,4000.0,0.2055,149.78,1,65000.0,0,0,n,12.54,0.0,1.0,15.0,0.0,4640.0,23.0,0,3402.5,3402.5,1343.45,1343.45,597.5,745.95,0.0,0.0,0.0,149.78,0.0,1.0,1,0.0,0.0,45616.0,1.0,6.0,1.0,2.0,5.0,39778.0,133.0,2.0,7.0,1261.0,99.0,14000.0,2.0,0.0,2.0,11.0,3041.0,3981.0,38.8,0.0,0.0,122.0,85.0,8.0,5.0,0.0,10.0,5.0,1.0,2.0,5.0,3.0,6.0,10.0,7.0,11.0,5.0,15.0,0.0,0.0,0.0,4.0,95.7,0.0,0.0,0.0,46150.0,45616.0,6500.0,30000.0,0,0
59761,7200.0,0.124,161.62,2,81000.0,1,0,n,13.7,0.0,2.0,14.0,0.0,4657.0,26.0,0,6410.59,6410.59,1449.62,1449.62,789.41,660.21,0.0,0.0,0.0,161.62,0.0,1.0,1,0.0,0.0,319999.0,5.0,1.0,2.0,2.0,4.0,16210.0,72.0,4.0,10.0,1165.0,39.0,30900.0,1.0,0.0,9.0,13.0,22857.0,11747.0,25.2,0.0,0.0,123.0,186.0,1.0,1.0,4.0,3.0,0.0,1.0,5.0,7.0,6.0,9.0,5.0,12.0,17.0,7.0,14.0,0.0,0.0,0.0,7.0,84.6,0.0,0.0,0.0,353499.0,20867.0,15700.0,22599.0,0,0
59794,32000.0,0.14300000000000002,749.58,3,130000.0,1,0,n,13.15,0.0,0.0,8.0,0.0,7410.0,17.0,0,0.0,0.0,5676.11,5676.11,740.88,694.72,0.0,4240.51,763.2918,0.0,0.0,1.0,1,0.0,0.0,72781.0,1.0,3.0,1.0,4.0,7.0,65371.0,85.0,1.0,3.0,6248.0,46.0,43600.0,0.0,1.0,0.0,7.0,9098.0,29990.0,19.8,0.0,0.0,133.0,74.0,3.0,3.0,4.0,19.0,13.0,0.0,2.0,2.0,4.0,4.0,7.0,5.0,6.0,2.0,8.0,0.0,0.0,0.0,2.0,100.0,0.0,0.0,0.0,119565.0,72781.0,37400.0,75965.0,0,0
59801,5300.0,0.0819,166.55,1,13512.0,0,0,n,11.55,0.0,0.0,4.0,0.0,1023.0,6.0,0,0.0,0.0,996.89,996.89,795.74,201.15,0.0,0.0,0.0,0.0,0.0,1.0,1,0.0,0.0,2828.0,1.0,1.0,0.0,1.0,17.0,1805.0,60.0,1.0,1.0,1023.0,25.0,8500.0,1.0,0.0,0.0,2.0,707.0,7477.0,12.0,0.0,0.0,17.0,99.0,3.0,3.0,0.0,3.0,17.0,0.0,1.0,1.0,3.0,4.0,1.0,3.0,4.0,1.0,4.0,0.0,0.0,0.0,1.0,100.0,0.0,0.0,0.0,11500.0,2828.0,8500.0,3000.0,0,0
59905,15950.0,0.28800000000000003,504.35,1,115000.0,1,0,n,29.71,0.0,1.0,17.0,0.0,20976.0,25.0,0,0.0,0.0,3000.58,3000.58,574.23,2426.35,0.0,0.0,0.0,0.0,0.0,1.0,1,0.0,0.0,180248.0,2.0,6.0,2.0,4.0,3.0,159272.0,81.0,3.0,5.0,7947.0,67.0,44700.0,3.0,0.0,4.0,9.0,11266.0,10740.0,62.8,0.0,0.0,57.0,94.0,5.0,3.0,0.0,11.0,3.0,0.0,4.0,5.0,6.0,7.0,12.0,11.0,13.0,5.0,17.0,0.0,0.0,0.0,5.0,100.0,40.0,0.0,0.0,219989.0,180248.0,28900.0,175289.0,0,0
59911,9000.0,0.17739999999999995,324.2,3,50000.0,0,0,n,17.93,0.0,1.0,10.0,0.0,9657.0,12.0,1,7451.57,7451.57,2908.93,2908.93,1548.43,1360.5,0.0,0.0,0.0,0.0,0.0,1.0,1,0.0,0.0,16974.0,0.0,1.0,0.0,1.0,14.0,7317.0,73.0,0.0,3.0,3033.0,50.0,23900.0,1.0,0.0,2.0,4.0,1697.0,10394.0,39.9,0.0,0.0,14.0,245.0,13.0,13.0,0.0,18.0,4.0,0.0,3.0,5.0,5.0,6.0,1.0,9.0,10.0,5.0,10.0,0.0,0.0,0.0,0.0,100.0,40.0,0.0,0.0,33900.0,16974.0,17300.0,10000.0,0,0
59943,26600.0,0.28800000000000003,841.1,1,38400.0,1,0,n,28.66,1.0,0.0,6.0,0.0,2910.0,9.0,0,0.0,0.0,3321.84,3321.84,738.02,2583.82,0.0,0.0,0.0,841.1,0.0,1.0,0,0.0,3461.0,43222.0,0.0,4.0,1.0,1.0,12.0,40312.0,90.0,0.0,0.0,2302.0,87.0,5100.0,1.0,0.0,3.0,1.0,7204.0,998.0,69.8,0.0,0.0,154.0,50.0,49.0,12.0,0.0,49.0,2.0,0.0,1.0,2.0,1.0,1.0,7.0,2.0,2.0,2.0,6.0,0.0,0.0,0.0,1.0,88.9,0.0,0.0,0.0,49833.0,43222.0,3300.0,44733.0,0,0
59959,17000.0,0.0756,529.28,1,65000.0,0,0,n,29.89,0.0,0.0,11.0,0.0,18408.0,28.0,0,0.0,0.0,3697.82,3697.82,3011.7,686.12,0.0,0.0,0.0,0.0,0.0,1.0,1,0.0,0.0,57572.0,0.0,2.0,1.0,2.0,12.0,39164.0,79.0,1.0,1.0,17219.0,49.0,67000.0,1.0,1.0,1.0,3.0,5757.0,42092.0,30.4,0.0,0.0,127.0,154.0,8.0,8.0,0.0,8.0,12.0,0.0,2.0,2.0,6.0,9.0,7.0,9.0,21.0,2.0,11.0,0.0,0.0,0.0,2.0,100.0,0.0,0.0,0.0,116735.0,57572.0,60500.0,49735.0,0,0
59996,24000.0,0.1308,547.06,2,100000.0,1,0,n,17.72,0.0,1.0,16.0,0.0,18838.0,27.0,0,0.0,0.0,3238.76,3238.76,1760.12,1478.64,0.0,0.0,0.0,0.0,0.0,1.0,1,0.0,285.0,351997.0,5.0,10.0,1.0,2.0,5.0,73438.0,109.0,0.0,0.0,16166.0,100.0,24300.0,2.0,1.0,3.0,6.0,22000.0,5462.0,77.5,0.0,0.0,113.0,122.0,26.0,5.0,7.0,26.0,5.0,0.0,4.0,4.0,4.0,4.0,16.0,4.0,4.0,4.0,16.0,0.0,0.0,0.0,5.0,96.3,25.0,0.0,0.0,352829.0,92276.0,24300.0,67666.0,0,0
60050,11700.0,0.1308,266.7,2,98000.0,0,0,n,29.33,0.0,3.0,13.0,0.0,11842.0,30.0,0,0.0,0.0,1045.54,1045.54,315.34,730.2,0.0,0.0,0.0,266.7,0.0,1.0,1,0.0,0.0,232424.0,2.0,3.0,2.0,3.0,5.0,71818.0,88.0,2.0,4.0,7012.0,47.0,67500.0,2.0,4.0,4.0,7.0,17879.0,53658.0,18.1,0.0,0.0,82.0,104.0,2.0,2.0,3.0,2.0,2.0,0.0,4.0,4.0,8.0,12.0,11.0,9.0,16.0,4.0,13.0,0.0,0.0,0.0,4.0,100.0,0.0,0.0,0.0,310753.0,83660.0,65500.0,84754.0,0,0
60065,2000.0,0.14300000000000002,68.65,1,43000.0,1,0,n,23.64,0.0,0.0,9.0,0.0,2844.0,15.0,0,0.0,0.0,339.28,339.28,169.42,169.86,0.0,0.0,0.0,68.65,0.0,1.0,1,0.0,0.0,21517.0,0.0,2.0,1.0,2.0,7.0,18673.0,80.0,1.0,2.0,2442.0,53.0,17300.0,1.0,0.0,1.0,4.0,2391.0,3156.0,47.4,0.0,0.0,19.0,114.0,9.0,7.0,0.0,9.0,7.0,1.0,2.0,2.0,2.0,5.0,2.0,7.0,13.0,2.0,9.0,0.0,0.0,0.0,2.0,93.3,50.0,0.0,0.0,40759.0,21517.0,6000.0,23459.0,0,0
60083,13275.0,0.1612,467.5,2,134445.0,1,0,n,14.29,1.0,0.0,14.0,0.0,11944.0,31.0,0,0.0,0.0,3476.53,3476.53,2018.3,1458.23,0.0,0.0,0.0,0.0,0.0,1.0,1,0.0,160.0,406703.0,1.0,2.0,1.0,2.0,6.0,25525.0,85.0,0.0,2.0,3200.0,68.0,25500.0,3.0,0.0,2.0,5.0,29050.0,5385.0,50.1,0.0,0.0,326.0,164.0,14.0,6.0,2.0,14.0,10.0,0.0,3.0,8.0,5.0,5.0,17.0,11.0,12.0,8.0,14.0,0.0,0.0,0.0,1.0,90.3,40.0,0.0,0.0,430957.0,37469.0,10800.0,30000.0,0,0
60151,40000.0,0.1033,856.4,1,170000.0,0,0,n,18.97,0.0,0.0,25.0,0.0,17143.0,50.0,0,38971.45,38971.45,2360.8,2360.8,1028.55,1332.25,0.0,0.0,0.0,335.48,0.0,1.0,1,0.0,0.0,255462.0,1.0,16.0,1.0,5.0,9.0,233329.0,133.0,1.0,1.0,4042.0,62.0,103600.0,2.0,3.0,1.0,6.0,10644.0,60885.0,15.4,0.0,0.0,128.0,197.0,4.0,4.0,2.0,26.0,9.0,0.0,3.0,4.0,4.0,9.0,30.0,7.0,15.0,4.0,25.0,0.0,0.0,0.0,2.0,100.0,0.0,0.0,0.0,335768.0,255462.0,72000.0,223135.0,0,0
60156,30000.0,0.124,1002.18,3,59000.0,0,0,n,25.21,0.0,2.0,12.0,0.0,23916.0,14.0,0,22038.08,22038.08,11003.31,11003.31,7961.92,3041.39,0.0,0.0,0.0,1002.18,0.0,1.0,1,0.0,0.0,44631.0,4.0,2.0,0.0,2.0,14.0,20715.0,79.0,6.0,8.0,729.0,52.0,60000.0,0.0,4.0,3.0,10.0,3719.0,6171.0,10.6,0.0,0.0,32.0,38.0,4.0,4.0,0.0,4.0,4.0,0.0,1.0,7.0,2.0,2.0,3.0,10.0,11.0,7.0,12.0,0.0,0.0,0.0,6.0,100.0,0.0,0.0,0.0,86341.0,44631.0,6900.0,26341.0,0,0
60157,26575.0,0.1033,568.97,2,145000.0,0,0,n,23.16,0.0,1.0,24.0,1.0,21280.0,30.0,0,25297.06,25297.06,3114.09,3114.09,1277.94,1836.15,0.0,0.0,0.0,284.49,0.0,1.0,1,0.0,0.0,403259.0,1.0,4.0,0.0,2.0,13.0,49633.0,73.0,1.0,5.0,4686.0,35.0,121300.0,3.0,1.0,3.0,9.0,16802.0,81690.0,20.2,0.0,0.0,195.0,51.0,5.0,5.0,2.0,5.0,5.0,0.0,11.0,12.0,14.0,15.0,7.0,19.0,20.0,12.0,24.0,0.0,0.0,0.0,2.0,100.0,0.0,1.0,0.0,550064.0,70913.0,102400.0,93072.0,0,0
60165,25000.0,0.17739999999999995,900.56,2,105000.0,1,0,n,28.89,0.0,0.0,14.0,0.0,50391.0,27.0,0,0.0,0.0,3970.09,3970.09,530.97,344.95,0.0,3094.17,556.9506,0.0,0.0,1.0,1,0.0,0.0,296208.0,3.0,3.0,0.0,1.0,13.0,62442.0,64.0,3.0,3.0,13163.0,67.0,74100.0,1.0,4.0,0.0,4.0,21158.0,11329.0,82.1,0.0,0.0,183.0,248.0,2.0,2.0,2.0,2.0,13.0,0.0,8.0,9.0,8.0,11.0,10.0,10.0,14.0,9.0,14.0,0.0,0.0,0.0,3.0,95.8,62.5,0.0,0.0,341514.0,112833.0,59600.0,71414.0,0,0
60177,10000.0,0.14300000000000002,343.24,1,60000.0,0,0,n,8.34,3.0,1.0,7.0,0.0,449.0,22.0,0,9077.38,9077.38,2039.58,2039.58,922.62,1116.96,0.0,0.0,0.0,343.24,0.0,1.0,1,0.0,756.0,7258.0,0.0,1.0,0.0,0.0,60.0,6809.0,27.0,0.0,3.0,0.0,20.0,10700.0,0.0,1.0,1.0,3.0,1210.0,1200.0,0.0,0.0,0.0,127.0,311.0,13.0,13.0,3.0,18.0,2.0,2.0,0.0,2.0,2.0,6.0,2.0,6.0,16.0,2.0,7.0,0.0,0.0,1.0,0.0,81.8,0.0,0.0,0.0,35754.0,7258.0,1200.0,25054.0,0,0
60230,15000.0,0.1102,491.23,1,50000.0,1,0,n,16.83,0.0,1.0,10.0,0.0,21712.0,13.0,0,0.0,0.0,3124.42,3124.42,1816.55,1307.87,0.0,0.0,0.0,200.0,0.0,1.0,1,0.0,0.0,35933.0,0.0,1.0,0.0,1.0,23.0,14221.0,73.0,2.0,5.0,7727.0,62.0,38500.0,1.0,1.0,2.0,6.0,3593.0,16489.0,51.1,0.0,0.0,23.0,104.0,7.0,7.0,0.0,7.0,3.0,0.0,5.0,6.0,8.0,10.0,1.0,9.0,12.0,6.0,10.0,0.0,0.0,0.0,2.0,100.0,50.0,0.0,0.0,57944.0,35933.0,33700.0,19444.0,0,0
60233,10625.0,0.1612,374.18,1,32289.0,0,0,n,24.16,1.0,1.0,6.0,1.0,6977.0,12.0,0,7737.03,7737.03,4458.0,4458.0,2887.97,1570.03,0.0,0.0,0.0,470.0,0.0,1.0,1,0.0,0.0,11101.0,1.0,1.0,0.0,0.0,62.0,4124.0,17.0,1.0,1.0,2459.0,33.0,9000.0,0.0,0.0,1.0,1.0,1850.0,517.0,88.0,0.0,0.0,106.0,131.0,5.0,5.0,0.0,44.0,5.0,0.0,2.0,4.0,2.0,4.0,2.0,5.0,10.0,4.0,6.0,0.0,0.0,0.0,1.0,83.3,100.0,1.0,0.0,33542.0,11101.0,4300.0,24542.0,0,0
60246,3300.0,0.08810000000000001,104.65,2,42000.0,0,0,n,15.89,0.0,1.0,6.0,0.0,3391.0,7.0,0,0.0,0.0,100.61,100.61,80.42,20.19,0.0,0.0,0.0,0.0,0.0,1.0,1,0.0,761.0,23891.0,3.0,1.0,1.0,1.0,11.0,20500.0,87.0,4.0,4.0,2168.0,81.0,6200.0,1.0,0.0,5.0,5.0,3982.0,2309.0,59.5,0.0,0.0,30.0,39.0,4.0,4.0,0.0,4.0,5.0,0.0,3.0,3.0,4.0,4.0,2.0,5.0,5.0,3.0,6.0,0.0,0.0,0.0,5.0,100.0,25.0,0.0,0.0,29659.0,23891.0,5700.0,23459.0,0,0
60258,14000.0,0.2305,542.31,3,60000.0,0,0,n,20.54,0.0,1.0,7.0,0.0,3658.0,9.0,0,12496.67,12496.67,4293.67,4293.67,1503.33,2790.34,0.0,0.0,0.0,271.16,0.0,1.0,1,0.0,0.0,12337.0,3.0,1.0,1.0,1.0,12.0,8679.0,78.0,4.0,6.0,1328.0,68.0,6900.0,1.0,0.0,4.0,7.0,1762.0,1742.0,67.7,0.0,0.0,12.0,83.0,4.0,4.0,0.0,4.0,5.0,1.0,5.0,5.0,5.0,7.0,1.0,6.0,8.0,5.0,7.0,0.0,0.0,0.0,5.0,88.9,20.0,0.0,0.0,18100.0,12337.0,5400.0,11200.0,0,0
60274,15950.0,0.1308,363.57,1,57500.0,0,0,n,24.8,0.0,0.0,8.0,0.0,5054.0,13.0,0,0.0,0.0,2516.01,2516.01,1372.23,1143.78,0.0,0.0,0.0,363.57,0.0,1.0,1,0.0,0.0,57427.0,1.0,2.0,1.0,3.0,8.0,52373.0,93.0,2.0,3.0,2506.0,41.0,31500.0,2.0,1.0,1.0,6.0,7178.0,25446.0,16.6,0.0,0.0,58.0,69.0,3.0,3.0,0.0,3.0,8.0,0.0,3.0,3.0,5.0,6.0,6.0,6.0,7.0,3.0,8.0,0.0,0.0,0.0,3.0,100.0,0.0,0.0,0.0,93188.0,57427.0,30500.0,61688.0,0,0
60279,2600.0,0.1171,86.0,1,81600.0,0,0,n,21.74,0.0,0.0,13.0,0.0,2433.0,18.0,0,1966.39,1966.39,855.77,855.77,633.61,222.16,0.0,0.0,0.0,0.0,0.0,1.0,1,0.0,0.0,54160.0,1.0,5.0,2.0,4.0,8.0,51727.0,81.0,1.0,1.0,140.0,46.0,21400.0,3.0,0.0,6.0,5.0,4513.0,14360.0,1.0,0.0,0.0,81.0,68.0,4.0,4.0,0.0,4.0,8.0,0.0,1.0,2.0,4.0,4.0,9.0,8.0,9.0,2.0,13.0,0.0,0.0,0.0,3.0,100.0,0.0,0.0,0.0,92214.0,54160.0,14500.0,70814.0,1,0
60333,27000.0,0.2305,1045.87,1,120000.0,0,0,n,18.3,0.0,1.0,15.0,0.0,15466.0,21.0,0,0.0,0.0,2057.16,2057.16,527.24,1529.92,0.0,0.0,0.0,0.0,0.0,1.0,1,0.0,0.0,60922.0,2.0,4.0,1.0,2.0,12.0,45456.0,65.0,4.0,4.0,2762.0,63.0,26800.0,1.0,5.0,2.0,6.0,4061.0,6766.0,48.0,0.0,0.0,41.0,236.0,3.0,3.0,0.0,3.0,5.0,1.0,5.0,11.0,5.0,8.0,5.0,11.0,15.0,11.0,15.0,0.0,0.0,0.0,5.0,95.2,40.0,0.0,0.0,96800.0,60922.0,13000.0,70000.0,0,0
60336,21275.0,0.2055,570.19,1,90000.0,0,0,n,13.81,3.0,1.0,5.0,0.0,11082.0,25.0,0,19526.0,19526.0,5070.99,5070.99,1749.0,3321.99,0.0,0.0,0.0,570.19,0.0,1.0,1,0.0,0.0,37468.0,0.0,2.0,0.0,1.0,21.0,26386.0,67.0,1.0,2.0,6806.0,72.0,12800.0,3.0,0.0,1.0,3.0,7494.0,1718.0,86.6,0.0,0.0,137.0,307.0,7.0,7.0,2.0,7.0,1.0,2.0,3.0,3.0,3.0,10.0,9.0,3.0,14.0,3.0,5.0,0.0,0.0,0.0,1.0,76.0,66.7,0.0,0.0,52136.0,37468.0,12800.0,39336.0,0,0
60348,15000.0,0.1033,486.34,2,130000.0,0,0,n,9.37,0.0,0.0,16.0,0.0,26746.0,18.0,0,11672.12,11672.12,4355.54,4355.54,3327.88,1027.66,0.0,0.0,0.0,0.0,0.0,1.0,1,0.0,0.0,679740.0,0.0,1.0,0.0,1.0,13.0,10402.0,69.0,4.0,8.0,7923.0,37.0,86200.0,1.0,0.0,1.0,9.0,42484.0,58380.0,27.5,0.0,0.0,35.0,53.0,9.0,9.0,2.0,9.0,12.0,0.0,7.0,9.0,12.0,12.0,2.0,14.0,14.0,9.0,16.0,0.0,0.0,0.0,4.0,100.0,8.3,0.0,0.0,742200.0,37148.0,80500.0,15000.0,0,0
60409,6400.0,0.0756,199.26,3,150000.0,1,0,n,12.47,0.0,1.0,9.0,0.0,8733.0,24.0,0,5504.02,5504.02,1260.26,1260.26,895.98,364.28,0.0,0.0,0.0,199.26,0.0,1.0,1,0.0,0.0,305243.0,1.0,2.0,1.0,2.0,10.0,42994.0,77.0,1.0,2.0,1862.0,58.0,34000.0,1.0,0.0,3.0,6.0,33916.0,23314.0,22.3,0.0,0.0,171.0,308.0,3.0,3.0,5.0,3.0,3.0,0.0,4.0,5.0,5.0,6.0,11.0,6.0,8.0,6.0,9.0,0.0,0.0,0.0,2.0,95.8,0.0,0.0,0.0,375464.0,51727.0,30000.0,55914.0,0,0
60414,15000.0,0.2055,402.02,1,38000.0,0,0,n,18.54,0.0,1.0,3.0,0.0,9513.0,3.0,0,0.0,0.0,2870.42,2870.42,419.97,341.26,0.0,2109.19,379.6542,0.0,0.0,1.0,1,0.0,0.0,24347.0,0.0,1.0,0.0,1.0,14.0,14834.0,87.0,0.0,0.0,5912.0,91.0,9800.0,3.0,0.0,1.0,1.0,8116.0,0.0,101.9,0.0,0.0,14.0,173.0,129.0,14.0,0.0,173.0,5.0,0.0,1.0,2.0,1.0,1.0,1.0,2.0,2.0,2.0,3.0,0.0,0.0,0.0,0.0,100.0,100.0,0.0,0.0,26895.0,24347.0,5800.0,17095.0,0,0
60437,6500.0,0.1862,237.02,1,55000.0,0,0,n,20.64,0.0,0.0,6.0,0.0,7761.0,7.0,0,0.0,0.0,931.27,931.27,351.59,579.68,0.0,0.0,0.0,237.02,0.0,1.0,1,0.0,0.0,51451.0,1.0,2.0,1.0,2.0,5.0,43690.0,96.0,0.0,1.0,2866.0,94.0,9200.0,0.0,1.0,2.0,3.0,8575.0,452.0,87.8,0.0,0.0,33.0,94.0,14.0,5.0,0.0,14.0,5.0,0.0,2.0,3.0,2.0,2.0,3.0,4.0,4.0,3.0,6.0,0.0,0.0,0.0,1.0,100.0,50.0,0.0,0.0,54559.0,51451.0,3700.0,45359.0,0,0
60488,21050.0,0.0756,655.37,3,89000.0,0,0,n,29.18,0.0,0.0,16.0,0.0,19492.0,26.0,0,16774.57,16774.57,5452.74,5452.74,4275.43,1177.31,0.0,0.0,0.0,0.0,0.0,1.0,1,0.0,0.0,76390.0,0.0,3.0,1.0,1.0,8.0,56898.0,51.0,0.0,2.0,5756.0,44.0,52100.0,0.0,0.0,1.0,3.0,4774.0,25041.0,42.2,0.0,0.0,70.0,96.0,18.0,8.0,0.0,18.0,12.0,0.0,8.0,9.0,9.0,13.0,8.0,13.0,18.0,9.0,16.0,0.0,0.0,0.0,1.0,100.0,0.0,0.0,0.0,135619.0,76390.0,43300.0,83519.0,0,0
60521,23000.0,0.14300000000000002,789.45,1,85000.0,0,0,n,15.78,0.0,1.0,10.0,0.0,22471.0,12.0,0,21908.46,21908.46,4292.4,4292.4,1091.54,3200.86,0.0,0.0,0.0,656.81,0.0,1.0,1,0.0,0.0,24721.0,1.0,2.0,0.0,0.0,29.0,2250.0,17.0,1.0,3.0,5975.0,67.0,23500.0,0.0,1.0,1.0,3.0,3090.0,807.0,91.1,0.0,0.0,40.0,84.0,6.0,6.0,0.0,14.0,4.0,0.0,3.0,6.0,5.0,6.0,2.0,8.0,10.0,6.0,10.0,0.0,0.0,0.0,1.0,100.0,66.7,0.0,0.0,37076.0,24721.0,9100.0,13576.0,0,0
60544,18000.0,0.2055,482.42,2,49500.0,1,0,n,31.39,0.0,0.0,10.0,0.0,9019.0,30.0,0,15946.93,15946.93,5255.24,5255.24,2053.07,3202.17,0.0,0.0,0.0,0.0,0.0,1.0,1,0.0,0.0,30473.0,1.0,4.0,3.0,4.0,1.0,21453.0,58.0,0.0,2.0,3057.0,57.0,16200.0,0.0,0.0,2.0,6.0,3047.0,943.0,76.4,0.0,0.0,85.0,53.0,15.0,1.0,1.0,45.0,2.0,0.0,1.0,4.0,1.0,1.0,21.0,5.0,7.0,4.0,10.0,0.0,0.0,0.0,3.0,100.0,100.0,0.0,0.0,53498.0,30473.0,4000.0,37297.0,0,0
60546,25000.0,0.2565,1002.62,1,80000.0,1,0,n,22.56,0.0,0.0,7.0,0.0,23456.0,15.0,0,0.0,0.0,2918.8,2918.8,915.34,2003.46,0.0,0.0,0.0,0.0,0.0,1.0,1,0.0,0.0,60011.0,0.0,2.0,0.0,1.0,23.0,36555.0,74.0,0.0,1.0,14679.0,83.0,23000.0,0.0,2.0,0.0,2.0,10002.0,0.0,101.7,0.0,0.0,95.0,140.0,13.0,13.0,1.0,13.0,13.0,0.0,3.0,4.0,3.0,3.0,6.0,5.0,8.0,4.0,7.0,0.0,0.0,0.0,0.0,100.0,100.0,0.0,0.0,72601.0,60011.0,21500.0,49601.0,0,0
60552,20000.0,0.1862,729.29,3,71000.0,0,0,n,39.72,0.0,0.0,21.0,0.0,16199.0,40.0,0,0.0,0.0,2865.44,2865.44,1715.24,1150.2,0.0,0.0,0.0,0.0,0.0,1.0,1,0.0,0.0,92097.0,1.0,7.0,3.0,6.0,4.0,75898.0,77.0,0.0,1.0,4120.0,52.0,76800.0,2.0,3.0,1.0,7.0,4386.0,49856.0,19.7,0.0,0.0,141.0,190.0,19.0,4.0,0.0,19.0,7.0,0.0,6.0,9.0,8.0,10.0,17.0,14.0,23.0,9.0,21.0,0.0,0.0,0.0,3.0,100.0,12.5,0.0,0.0,175948.0,92097.0,62100.0,99148.0,0,0
60557,5300.0,0.17739999999999995,190.92,1,70000.0,1,0,n,29.38,0.0,0.0,7.0,0.0,14836.0,11.0,0,0.0,0.0,779.37,779.37,112.57,65.29,0.0,601.51,108.2718,0.0,0.0,1.0,1,0.0,0.0,47580.0,0.0,3.0,1.0,2.0,10.0,32744.0,69.0,1.0,1.0,7883.0,74.0,17200.0,1.0,1.0,3.0,3.0,6797.0,1524.0,89.3,0.0,0.0,119.0,78.0,10.0,10.0,0.0,42.0,10.0,0.0,3.0,4.0,3.0,4.0,6.0,4.0,5.0,4.0,7.0,0.0,0.0,0.0,2.0,100.0,100.0,0.0,0.0,64412.0,47580.0,14300.0,47212.0,0,0
60567,8000.0,0.2565,320.84,1,48000.0,0,0,n,8.48,0.0,1.0,9.0,0.0,5863.0,14.0,0,0.0,0.0,613.18,613.18,302.88,310.3,0.0,0.0,0.0,0.0,0.0,1.0,1,0.0,0.0,9443.0,2.0,1.0,0.0,1.0,18.0,3580.0,69.0,3.0,9.0,1440.0,77.0,7100.0,2.0,0.0,2.0,10.0,1180.0,237.0,95.1,0.0,0.0,18.0,124.0,2.0,2.0,0.0,5.0,5.0,0.0,3.0,5.0,4.0,4.0,1.0,8.0,13.0,6.0,9.0,0.0,0.0,0.0,3.0,100.0,100.0,0.0,0.0,12266.0,9443.0,4800.0,5166.0,0,0
60572,30000.0,0.1862,771.96,2,130000.0,0,0,n,15.41,0.0,0.0,8.0,0.0,39954.0,10.0,0,27562.03,27562.03,7642.02,7642.02,2437.97,5204.05,0.0,0.0,0.0,771.96,0.0,1.0,1,0.0,0.0,302590.0,0.0,0.0,0.0,1.0,13.0,9416.0,79.0,0.0,0.0,11498.0,93.0,41000.0,2.0,4.0,1.0,1.0,37824.0,769.0,97.7,0.0,0.0,13.0,183.0,28.0,13.0,1.0,28.0,8.0,0.0,4.0,6.0,4.0,4.0,1.0,6.0,8.0,6.0,8.0,0.0,0.0,0.0,0.0,90.0,100.0,0.0,0.0,500900.0,49370.0,33500.0,12000.0,0,0
60624,16000.0,0.1102,348.04,2,48000.0,0,0,n,16.1,0.0,0.0,9.0,0.0,7455.0,17.0,0,0.0,0.0,3107.87,3107.87,1877.89,1229.98,0.0,0.0,0.0,348.04,0.0,1.0,1,0.0,0.0,55247.0,0.0,1.0,0.0,1.0,15.0,8511.0,63.0,0.0,0.0,3403.0,46.0,21400.0,1.0,0.0,0.0,1.0,6139.0,10574.0,40.9,0.0,0.0,128.0,209.0,48.0,15.0,4.0,66.0,15.0,0.0,3.0,4.0,5.0,5.0,4.0,7.0,9.0,4.0,9.0,0.0,0.0,0.0,0.0,100.0,20.0,0.0,0.0,125700.0,15966.0,17900.0,13500.0,0,0
60666,35000.0,0.1524,837.07,2,300000.0,1,0,n,3.76,6.0,1.0,10.0,0.0,3110.0,36.0,0,0.0,0.0,5587.08,5587.08,362.94,400.05,0.0,4824.09,868.3362,0.0,0.0,1.0,1,0.0,0.0,338055.0,0.0,1.0,0.0,0.0,26.0,16575.0,65.0,0.0,2.0,1923.0,36.0,28900.0,0.0,1.0,1.0,2.0,37562.0,1492.0,67.6,2.0,0.0,141.0,223.0,20.0,20.0,4.0,20.0,6.0,6.0,3.0,4.0,4.0,15.0,7.0,8.0,25.0,4.0,10.0,0.0,0.0,5.0,0.0,74.3,33.3,0.0,0.0,402240.0,19685.0,4600.0,25340.0,0,0
60704,20000.0,0.124,668.12,2,150000.0,0,0,n,5.49,4.0,0.0,11.0,0.0,4905.0,21.0,0,14824.04,14824.04,7314.88,7314.88,5175.96,2138.92,0.0,0.0,0.0,668.12,0.0,1.0,1,0.0,0.0,338954.0,0.0,1.0,1.0,1.0,10.0,12065.0,72.0,0.0,1.0,2247.0,62.0,10700.0,0.0,1.0,1.0,2.0,33895.0,3565.0,56.0,0.0,0.0,162.0,157.0,18.0,10.0,3.0,18.0,7.0,4.0,4.0,6.0,5.0,5.0,9.0,9.0,9.0,6.0,11.0,0.0,0.0,2.0,1.0,66.7,0.0,0.0,0.0,365598.0,16970.0,8100.0,16707.0,0,0
60720,7050.0,0.2305,198.95,1,40000.0,1,0,n,29.94,0.0,1.0,20.0,0.0,5425.0,46.0,0,6873.3,6873.3,1370.08,1370.08,176.7,1193.38,0.0,0.0,0.0,198.95,0.0,1.0,1,0.0,0.0,39414.0,3.0,7.0,0.0,6.0,15.0,33989.0,98.0,4.0,4.0,2422.0,78.0,11400.0,0.0,3.0,3.0,10.0,2815.0,3787.0,56.0,0.0,0.0,226.0,182.0,1.0,1.0,0.0,5.0,1.0,16.0,3.0,4.0,3.0,7.0,30.0,8.0,16.0,4.0,20.0,0.0,0.0,0.0,4.0,47.8,66.7,0.0,0.0,66374.0,39414.0,8600.0,54974.0,0,0
60726,28000.0,0.16949999999999998,695.12,2,85000.0,1,0,n,32.59,0.0,1.0,16.0,0.0,17295.0,32.0,0,26503.32,26503.32,5564.44,5564.44,1496.68,4067.76,0.0,0.0,0.0,700.0,0.0,1.0,1,0.0,0.0,321722.0,3.0,5.0,3.0,7.0,1.0,84306.0,82.0,2.0,2.0,4470.0,56.0,52400.0,0.0,2.0,1.0,10.0,21448.0,29647.0,29.4,0.0,0.0,125.0,206.0,11.0,1.0,4.0,11.0,5.0,0.0,4.0,6.0,7.0,8.0,14.0,10.0,14.0,6.0,16.0,0.0,0.0,0.0,5.0,100.0,16.7,0.0,0.0,378912.0,101601.0,42000.0,101318.0,0,0
60736,23725.0,0.2565,951.48,2,91000.0,1,0,n,25.94,0.0,2.0,10.0,0.0,30226.0,19.0,0,20369.87,20369.87,8478.8,8478.8,3355.13,5123.67,0.0,0.0,0.0,475.74,0.0,1.0,1,0.0,184.0,349291.0,1.0,3.0,1.0,2.0,8.0,21336.0,55.0,1.0,1.0,13561.0,72.0,32600.0,1.0,0.0,4.0,4.0,34929.0,0.0,103.3,0.0,0.0,151.0,220.0,3.0,3.0,3.0,74.0,0.0,0.0,4.0,5.0,4.0,4.0,8.0,6.0,8.0,5.0,10.0,0.0,0.0,0.0,2.0,100.0,100.0,0.0,0.0,375240.0,51562.0,28300.0,38747.0,0,0
60761,40000.0,0.0646,1225.24,2,206000.0,1,0,n,21.0,0.0,0.0,6.0,0.0,190892.0,12.0,0,33765.2,33765.2,8540.79,8540.79,6234.8,2305.99,0.0,0.0,0.0,1225.24,0.0,1.0,1,0.0,0.0,417694.0,1.0,2.0,1.0,2.0,3.0,31175.0,71.0,0.0,0.0,24979.0,75.0,294100.0,1.0,0.0,1.0,2.0,69616.0,11415.0,95.1,0.0,0.0,127.0,239.0,66.0,3.0,2.0,117.0,3.0,0.0,2.0,3.0,2.0,3.0,5.0,3.0,5.0,3.0,6.0,0.0,0.0,0.0,1.0,100.0,50.0,0.0,0.0,606889.0,222067.0,44100.0,43883.0,0,0
60803,8000.0,0.1524,278.27,2,81000.0,1,0,n,36.14,0.0,5.0,15.0,0.0,8996.0,27.0,0,6919.24,6919.24,1930.96,1930.96,1080.76,850.2,0.0,0.0,0.0,278.27,0.0,1.0,1,0.0,0.0,321417.0,4.0,3.0,0.0,1.0,19.0,68651.0,65.0,5.0,6.0,2484.0,60.0,19500.0,1.0,1.0,13.0,8.0,21428.0,1250.0,79.2,0.0,0.0,63.0,82.0,2.0,2.0,1.0,4.0,2.0,0.0,2.0,10.0,3.0,7.0,6.0,11.0,20.0,11.0,15.0,0.0,0.0,0.0,6.0,100.0,33.3,0.0,0.0,358388.0,77647.0,6000.0,93515.0,0,0
60806,30000.0,0.1308,1011.98,1,170000.0,1,0,n,15.61,0.0,0.0,16.0,1.0,15617.0,21.0,0,0.0,0.0,2981.44,2981.44,1372.8,1608.64,0.0,0.0,0.0,0.0,0.0,1.0,1,0.0,0.0,75765.0,3.0,3.0,1.0,2.0,6.0,60148.0,80.0,6.0,9.0,7065.0,43.0,73400.0,1.0,3.0,2.0,11.0,4735.0,33233.0,31.5,0.0,0.0,82.0,96.0,1.0,1.0,0.0,1.0,2.0,0.0,7.0,9.0,8.0,11.0,5.0,13.0,16.0,9.0,16.0,0.0,0.0,0.0,7.0,95.0,0.0,1.0,0.0,153880.0,75765.0,48500.0,80480.0,0,0
60808,5000.0,0.14300000000000002,171.62,1,38000.0,1,0,n,31.46,0.0,2.0,16.0,0.0,12282.0,19.0,0,3942.24,3942.24,1534.65,1534.65,1057.76,476.89,0.0,0.0,0.0,0.0,0.0,1.0,1,0.0,0.0,20528.0,2.0,4.0,1.0,1.0,12.0,8246.0,46.0,2.0,3.0,8343.0,41.0,31800.0,5.0,0.0,5.0,4.0,1283.0,19074.0,39.1,0.0,0.0,151.0,44.0,2.0,2.0,0.0,2.0,2.0,0.0,8.0,9.0,11.0,13.0,4.0,12.0,15.0,9.0,16.0,0.0,0.0,0.0,3.0,100.0,18.2,0.0,0.0,49725.0,20528.0,31300.0,17925.0,0,0
60819,6000.0,0.2565,240.63,2,25000.0,1,0,n,38.69,0.0,0.0,6.0,0.0,20331.0,25.0,0,0.0,0.0,459.88,459.88,209.69,250.19,0.0,0.0,0.0,240.63,0.0,1.0,1,0.0,0.0,32597.0,0.0,2.0,1.0,2.0,12.0,12266.0,83.0,0.0,0.0,0.0,79.0,26300.0,5.0,5.0,1.0,2.0,5433.0,4500.0,0.0,0.0,0.0,117.0,100.0,28.0,12.0,0.0,28.0,10.0,0.0,0.0,3.0,1.0,7.0,10.0,4.0,15.0,3.0,6.0,0.0,0.0,0.0,1.0,100.0,0.0,0.0,0.0,41131.0,32597.0,4500.0,14831.0,0,0
60863,32000.0,0.2055,857.63,2,130000.0,1,0,n,15.09,0.0,2.0,25.0,0.0,24785.0,29.0,0,30624.89,30624.89,7627.34,7627.34,1375.11,6252.23,0.0,0.0,0.0,857.63,0.0,1.0,1,0.0,0.0,179406.0,3.0,2.0,1.0,1.0,11.0,21498.0,70.0,6.0,15.0,8646.0,61.0,52000.0,2.0,0.0,5.0,18.0,7176.0,23929.0,49.8,0.0,0.0,55.0,93.0,3.0,3.0,1.0,3.0,3.0,0.0,10.0,12.0,16.0,17.0,4.0,21.0,23.0,13.0,25.0,0.0,0.0,0.0,8.0,96.6,18.8,0.0,0.0,219075.0,56331.0,47700.0,30927.0,0,0
60864,31725.0,0.1308,723.15,2,92000.0,1,0,n,29.17,0.0,0.0,13.0,0.0,412.0,17.0,0,0.0,0.0,665.52,665.52,273.61,391.91,0.0,0.0,0.0,0.0,0.0,1.0,1,0.0,0.0,205044.0,0.0,3.0,2.0,3.0,11.0,56454.0,73.0,0.0,0.0,256.0,61.0,15400.0,3.0,0.0,4.0,3.0,15773.0,14088.0,2.8,0.0,0.0,63.0,72.0,27.0,11.0,1.0,27.0,7.0,1.0,6.0,6.0,8.0,8.0,5.0,9.0,10.0,6.0,13.0,0.0,0.0,0.0,2.0,100.0,0.0,0.0,0.0,252097.0,56866.0,14500.0,77632.0,0,0
60869,40000.0,0.0819,814.7,2,165000.0,1,0,n,18.84,0.0,0.0,15.0,0.0,38015.0,24.0,0,0.0,0.0,2398.6,2398.6,1636.22,762.38,0.0,0.0,0.0,0.0,0.0,1.0,1,0.0,0.0,459146.0,0.0,3.0,0.0,0.0,27.0,55517.0,50.0,0.0,0.0,15943.0,44.0,91700.0,1.0,1.0,0.0,1.0,30610.0,34905.0,50.6,0.0,0.0,188.0,215.0,40.0,13.0,3.0,40.0,14.0,0.0,6.0,7.0,6.0,7.0,6.0,10.0,15.0,7.0,15.0,0.0,0.0,0.0,0.0,100.0,16.7,0.0,0.0,603492.0,93532.0,70700.0,90186.0,0,0
60891,24000.0,0.1308,809.58,1,55000.0,1,0,n,32.21,1.0,0.0,7.0,0.0,14335.0,12.0,0,22942.14,22942.14,3694.86,3694.86,1057.86,2637.0,0.0,0.0,0.0,809.58,0.0,1.0,0,0.0,0.0,35194.0,0.0,2.0,0.0,2.0,15.0,20859.0,61.0,0.0,0.0,11048.0,42.0,49400.0,2.0,0.0,0.0,2.0,5028.0,17535.0,44.9,0.0,0.0,197.0,145.0,43.0,15.0,0.0,43.0,15.0,0.0,2.0,3.0,2.0,2.0,4.0,5.0,8.0,3.0,7.0,0.0,0.0,0.0,0.0,91.7,50.0,0.0,0.0,83900.0,35194.0,31800.0,34500.0,0,0
60895,6375.0,0.16949999999999998,227.13,1,33000.0,0,0,n,49.89,0.0,0.0,8.0,0.0,6260.0,11.0,0,5555.57,5555.57,1574.9,1574.9,819.43,755.47,0.0,0.0,0.0,0.0,0.0,1.0,0,0.0,0.0,44104.0,1.0,4.0,1.0,3.0,11.0,37844.0,69.0,1.0,3.0,2094.0,70.0,8800.0,1.0,3.0,2.0,6.0,5513.0,1465.0,72.4,0.0,0.0,54.0,50.0,6.0,6.0,0.0,6.0,11.0,0.0,2.0,4.0,2.0,2.0,7.0,4.0,4.0,4.0,8.0,0.0,0.0,0.0,2.0,100.0,50.0,0.0,0.0,63441.0,44104.0,5300.0,54641.0,0,0
60928,20000.0,0.1308,674.65,1,90000.0,1,0,n,14.63,4.0,1.0,30.0,0.0,19158.0,42.0,0,0.0,0.0,4686.22,4686.22,3258.02,1428.2,0.0,0.0,0.0,0.0,0.0,1.0,1,0.0,0.0,230025.0,1.0,18.0,0.0,1.0,17.0,210867.0,132.0,3.0,3.0,9505.0,108.0,53000.0,1.0,0.0,3.0,4.0,8847.0,33842.0,36.1,0.0,0.0,112.0,113.0,5.0,5.0,0.0,5.0,3.0,5.0,8.0,8.0,12.0,17.0,23.0,12.0,19.0,8.0,30.0,0.0,0.0,3.0,3.0,85.4,12.5,0.0,0.0,212297.0,230025.0,53000.0,159297.0,0,0
60970,9000.0,0.124,202.03,3,45000.0,0,0,n,32.29,0.0,2.0,15.0,0.0,9798.0,44.0,0,0.0,0.0,0.0,0.0,0.0,0.0,0.0,0.0,0.0,0.0,0.0,1.0,1,0.0,0.0,84071.0,0.0,3.0,1.0,1.0,12.0,74273.0,83.0,1.0,4.0,3571.0,60.0,51500.0,1.0,8.0,4.0,5.0,5605.0,20229.0,15.0,0.0,0.0,177.0,138.0,8.0,8.0,0.0,19.0,3.0,0.0,1.0,4.0,4.0,9.0,18.0,12.0,26.0,4.0,15.0,0.0,0.0,0.0,2.0,100.0,0.0,0.0,0.0,141066.0,84071.0,23800.0,89566.0,0,0
60992,1600.0,0.1308,53.98,1,65000.0,1,0,n,6.22,0.0,3.0,10.0,1.0,449.0,28.0,0,0.0,0.0,266.99,266.99,186.72,80.27,0.0,0.0,0.0,53.98,0.0,1.0,1,0.0,139.0,66090.0,2.0,2.0,3.0,5.0,1.0,65641.0,99.0,0.0,2.0,354.0,36.0,22200.0,7.0,2.0,11.0,7.0,6609.0,14446.0,2.4,0.0,0.0,124.0,160.0,22.0,1.0,0.0,22.0,0.0,0.0,1.0,2.0,5.0,7.0,14.0,8.0,14.0,2.0,10.0,0.0,0.0,0.0,3.0,100.0,0.0,1.0,0.0,88692.0,66090.0,14800.0,66492.0,0,0
61026,12000.0,0.28800000000000003,379.45,1,35000.0,1,0,n,30.83,0.0,1.0,7.0,0.0,2432.0,12.0,1,0.0,0.0,710.9,710.9,38.9,672.0,0.0,0.0,0.0,0.0,0.0,1.0,1,0.0,28787.0,33296.0,2.0,3.0,1.0,1.0,6.0,30864.0,69.0,1.0,1.0,1394.0,59.0,11800.0,1.0,0.0,1.0,2.0,4757.0,6368.0,27.6,0.0,0.0,201.0,200.0,1.0,1.0,0.0,1.0,6.0,0.0,3.0,3.0,3.0,3.0,6.0,4.0,6.0,3.0,7.0,0.0,0.0,0.0,2.0,91.7,0.0,0.0,0.0,56620.0,33296.0,8800.0,44820.0,0,0
61095,25000.0,0.14300000000000002,585.61,2,150000.0,0,0,n,28.37,0.0,2.0,18.0,0.0,12915.0,29.0,0,21963.79,21963.79,5806.45,5806.45,3036.21,2770.24,0.0,0.0,0.0,585.61,0.0,1.0,1,0.0,0.0,158493.0,2.0,8.0,1.0,4.0,3.0,145578.0,72.0,2.0,3.0,7579.0,54.0,71100.0,3.0,0.0,2.0,7.0,8805.0,42975.0,18.0,0.0,0.0,254.0,74.0,2.0,2.0,0.0,2.0,3.0,0.0,3.0,4.0,7.0,8.0,16.0,10.0,13.0,4.0,18.0,0.0,0.0,0.0,3.0,100.0,0.0,0.0,0.0,292349.0,158493.0,52400.0,221249.0,0,0
61142,30000.0,0.08810000000000001,951.35,2,150000.0,0,0,n,21.02,0.0,0.0,12.0,0.0,34441.0,31.0,0,76.35,76.35,31684.36,31684.36,29923.65,1760.71,0.0,0.0,0.0,24110.27,0.0,1.0,1,0.0,151.0,230470.0,1.0,2.0,1.0,2.0,1.0,17944.0,54.0,0.0,1.0,12727.0,59.0,76000.0,1.0,7.0,5.0,3.0,19206.0,34191.0,43.9,0.0,0.0,115.0,380.0,21.0,1.0,2.0,21.0,1.0,0.0,3.0,4.0,5.0,7.0,13.0,8.0,14.0,4.0,12.0,0.0,0.0,0.0,1.0,90.3,20.0,0.0,0.0,314444.0,81418.0,61000.0,33221.0,0,0
61212,30000.0,0.1102,982.45,2,30000.0,0,0,n,27.56,0.0,0.0,8.0,0.0,13281.0,13.0,0,0.0,0.0,5671.72,5671.72,1420.39,498.59,0.0,3752.74,675.4932,0.0,0.0,1.0,0,0.0,0.0,185241.0,1.0,1.0,1.0,1.0,10.0,19681.0,91.0,1.0,2.0,4006.0,61.0,32500.0,0.0,0.0,5.0,3.0,26463.0,19219.0,40.9,0.0,0.0,45.0,83.0,4.0,4.0,4.0,4.0,10.0,0.0,4.0,4.0,6.0,6.0,2.0,6.0,7.0,4.0,8.0,0.0,0.0,0.0,2.0,100.0,40.0,0.0,0.0,315120.0,32962.0,32500.0,21620.0,0,0
61341,24000.0,0.2055,898.67,3,62500.0,1,0,n,10.14,0.0,0.0,8.0,0.0,5093.0,15.0,0,21770.29,21770.29,5423.52,5423.52,2229.71,3193.81,0.0,0.0,0.0,100.0,0.0,1.0,1,0.0,0.0,17406.0,2.0,1.0,1.0,2.0,6.0,12313.0,94.0,1.0,3.0,3269.0,55.0,18700.0,0.0,1.0,0.0,5.0,2176.0,5425.0,44.6,0.0,0.0,78.0,38.0,3.0,3.0,0.0,3.0,14.0,1.0,4.0,5.0,5.0,6.0,6.0,7.0,9.0,5.0,8.0,0.0,0.0,0.0,2.0,86.7,0.0,0.0,0.0,31782.0,17406.0,9800.0,13082.0,0,0
61399,22675.0,0.2055,849.06,1,107000.0,1,0,n,26.87,0.0,1.0,19.0,0.0,25394.0,32.0,0,0.0,0.0,5878.7,5878.7,3395.77,2482.93,0.0,0.0,0.0,849.06,0.0,1.0,1,0.0,0.0,148577.0,1.0,15.0,2.0,3.0,3.0,123183.0,92.0,0.0,1.0,21496.0,73.0,60300.0,2.0,1.0,2.0,4.0,7820.0,32406.0,43.9,0.0,0.0,159.0,122.0,16.0,3.0,0.0,16.0,3.0,0.0,3.0,3.0,3.0,5.0,22.0,4.0,10.0,3.0,19.0,0.0,0.0,0.0,2.0,100.0,33.3,0.0,0.0,203850.0,148577.0,57800.0,143550.0,0,0
61471,3875.0,0.2565,155.41,2,127500.0,0,0,n,31.45,0.0,3.0,20.0,0.0,15558.0,39.0,0,0.0,0.0,607.84,607.84,146.71,461.13,0.0,0.0,0.0,155.41,0.0,1.0,1,0.0,0.0,353019.0,3.0,5.0,4.0,7.0,5.0,77920.0,74.0,3.0,8.0,4934.0,47.0,67700.0,9.0,1.0,13.0,15.0,17651.0,39280.0,25.3,0.0,0.0,116.0,98.0,2.0,2.0,4.0,2.0,2.0,0.0,6.0,11.0,8.0,12.0,15.0,14.0,19.0,11.0,20.0,0.0,0.0,0.0,7.0,97.4,12.5,0.0,0.0,438136.0,93478.0,52600.0,99436.0,0,0
61487,15000.0,0.1862,546.97,2,120000.0,1,0,n,17.89,0.0,2.0,11.0,0.0,25146.0,33.0,0,0.0,0.0,1827.17,1827.17,496.67,1330.5,0.0,0.0,0.0,0.0,0.0,1.0,1,0.0,0.0,316149.0,1.0,6.0,1.0,1.0,4.0,291003.0,50.0,1.0,1.0,16977.0,62.0,34700.0,0.0,4.0,3.0,2.0,28741.0,7961.0,75.3,0.0,0.0,208.0,159.0,9.0,4.0,2.0,9.0,0.0,0.0,4.0,5.0,4.0,4.0,24.0,5.0,7.0,5.0,11.0,0.0,0.0,0.0,2.0,97.0,50.0,0.0,0.0,230058.0,316149.0,32200.0,195358.0,0,0
61492,9600.0,0.0756,298.89,3,65000.0,1,0,n,34.94,0.0,2.0,30.0,0.0,23062.0,41.0,0,8356.17,8356.17,1783.26,1783.26,1243.83,539.43,0.0,0.0,0.0,298.89,1.0,1.0,1,0.0,151.0,72960.0,0.0,3.0,0.0,0.0,31.0,49812.0,62.0,2.0,5.0,1335.0,42.0,92500.0,2.0,9.0,2.0,5.0,2432.0,32986.0,9.6,0.0,0.0,113.0,74.0,10.0,10.0,0.0,16.0,1.0,0.0,8.0,12.0,11.0,12.0,7.0,26.0,33.0,12.0,30.0,0.0,0.0,0.0,2.0,97.6,0.0,0.0,0.0,174734.0,72960.0,36500.0,79863.0,0,0
61512,14000.0,0.17739999999999995,504.31,1,50000.0,0,0,n,11.76,0.0,0.0,14.0,0.0,13069.0,15.0,0,12347.14,12347.14,3495.68,3495.68,1652.86,1842.82,0.0,0.0,0.0,0.0,0.0,1.0,1,0.0,0.0,17450.0,3.0,1.0,1.0,1.0,8.0,4381.0,88.0,3.0,8.0,7684.0,36.0,43300.0,0.0,1.0,0.0,9.0,1246.0,12151.0,50.2,0.0,0.0,8.0,43.0,6.0,6.0,0.0,6.0,18.0,0.0,2.0,3.0,7.0,8.0,1.0,13.0,14.0,3.0,14.0,0.0,0.0,0.0,4.0,100.0,28.6,0.0,0.0,48300.0,17450.0,24400.0,5000.0,0,0
61547,17600.0,0.1862,452.89,1,225000.0,1,0,n,9.16,1.0,2.0,10.0,0.0,1497.0,48.0,1,15503.55,15481.53,4936.6,4929.59,2096.45,2840.15,0.0,0.0,0.0,452.89,0.0,1.0,1,0.0,0.0,254027.0,1.0,5.0,0.0,4.0,14.0,252530.0,82.0,2.0,2.0,59.0,74.0,8700.0,2.0,2.0,4.0,6.0,25403.0,4831.0,1.4,0.0,0.0,184.0,88.0,6.0,6.0,0.0,9.0,1.0,1.0,2.0,4.0,2.0,3.0,38.0,5.0,8.0,4.0,10.0,0.0,0.0,1.0,2.0,97.8,0.0,0.0,0.0,284857.0,254027.0,4900.0,276157.0,0,0
61551,13825.0,0.1524,480.88,1,69000.0,1,0,n,24.42,0.0,1.0,18.0,0.0,27461.0,29.0,1,0.0,0.0,3122.47,3122.47,927.59,503.34,0.0,1691.54,304.4771999904,0.0,0.0,1.0,1,0.0,0.0,40171.0,2.0,2.0,1.0,2.0,8.0,12710.0,65.0,3.0,4.0,8850.0,56.0,52300.0,3.0,0.0,2.0,6.0,2232.0,17827.0,59.8,0.0,0.0,115.0,427.0,6.0,6.0,0.0,6.0,5.0,0.0,9.0,11.0,13.0,19.0,5.0,16.0,24.0,11.0,18.0,0.0,0.0,0.0,4.0,96.4,23.1,0.0,0.0,72011.0,40171.0,44400.0,19711.0,0,0
61563,13000.0,0.17739999999999995,328.28,2,30000.0,1,0,n,31.76,0.0,0.0,9.0,1.0,12850.0,14.0,0,12586.62,12586.62,1937.65,1937.65,413.38,1524.27,0.0,0.0,0.0,328.28,0.0,1.0,1,0.0,0.0,19469.0,0.0,1.0,0.0,1.0,16.0,6619.0,56.0,0.0,0.0,6704.0,54.0,24300.0,0.0,2.0,0.0,1.0,2434.0,6569.0,65.2,0.0,0.0,143.0,71.0,25.0,16.0,0.0,25.0,15.0,0.0,4.0,5.0,4.0,6.0,4.0,8.0,10.0,5.0,9.0,0.0,0.0,0.0,0.0,100.0,25.0,1.0,0.0,36214.0,19469.0,18900.0,11914.0,0,0
61622,20000.0,0.2565,802.09,1,88000.0,0,0,n,31.65,0.0,0.0,13.0,0.0,32708.0,25.0,0,18930.89,18930.89,5571.4,5571.4,1069.11,4502.29,0.0,0.0,0.0,401.05,0.0,1.0,1,0.0,0.0,67508.0,0.0,4.0,1.0,4.0,8.0,34800.0,61.0,1.0,1.0,9272.0,54.0,68000.0,3.0,1.0,2.0,5.0,5193.0,32290.0,49.0,0.0,0.0,178.0,248.0,11.0,8.0,1.0,11.0,8.0,0.0,6.0,7.0,7.0,10.0,9.0,9.0,15.0,7.0,13.0,0.0,0.0,0.0,2.0,100.0,57.1,0.0,0.0,125500.0,67508.0,63300.0,57500.0,1,0
61657,8000.0,0.1612,281.74,2,42000.0,0,0,n,11.8,1.0,0.0,7.0,0.0,7263.0,10.0,0,0.0,0.0,827.31,827.31,529.88,297.43,0.0,0.0,0.0,281.74,0.0,1.0,1,0.0,0.0,187868.0,2.0,1.0,0.0,1.0,13.0,4871.0,41.0,0.0,1.0,5868.0,39.0,18900.0,3.0,0.0,4.0,4.0,26838.0,5037.0,59.0,0.0,0.0,96.0,60.0,17.0,4.0,2.0,17.0,5.0,0.0,2.0,2.0,4.0,4.0,3.0,5.0,5.0,2.0,7.0,0.0,0.0,0.0,2.0,90.0,25.0,0.0,0.0,206782.0,12134.0,12300.0,11882.0,0,0
61689,6000.0,0.124,200.44,2,70000.0,0,0,n,3.36,0.0,0.0,6.0,0.0,1387.0,14.0,0,4858.29,4858.29,1793.63,1793.63,1141.71,651.92,0.0,0.0,0.0,200.44,0.0,1.0,1,0.0,0.0,214145.0,3.0,1.0,2.0,2.0,3.0,3080.0,98.0,2.0,2.0,700.0,45.0,6900.0,1.0,4.0,2.0,4.0,35691.0,4380.0,18.9,0.0,0.0,146.0,112.0,6.0,3.0,1.0,6.0,4.0,3.0,2.0,3.0,3.0,4.0,7.0,4.0,6.0,3.0,6.0,0.0,0.0,0.0,4.0,76.9,0.0,0.0,0.0,269969.0,4467.0,5400.0,3149.0,0,0
61696,36875.0,0.124,827.74,2,50000.0,1,0,n,18.39,0.0,0.0,9.0,0.0,16651.0,14.0,0,0.0,0.0,7799.12,7799.12,1814.68,1432.77,0.0,4551.67,819.3006,0.0,0.0,1.0,1,0.0,0.0,79415.0,0.0,1.0,0.0,0.0,25.0,13105.0,66.0,0.0,1.0,13161.0,36.0,63400.0,0.0,1.0,0.0,1.0,8824.0,37158.0,29.8,0.0,0.0,124.0,149.0,17.0,17.0,1.0,43.0,17.0,0.0,5.0,6.0,5.0,7.0,4.0,7.0,9.0,6.0,9.0,0.0,0.0,0.0,0.0,100.0,0.0,0.0,0.0,142365.0,29756.0,52900.0,20000.0,0,0
61706,20875.0,0.14300000000000002,716.51,2,210000.0,0,0,n,21.21,0.0,0.0,24.0,0.0,21152.0,51.0,0,0.0,0.0,5366.19,5366.19,2139.39,685.19,0.0,2541.61,457.4898,0.0,0.0,1.0,1,0.0,3026.0,436925.0,2.0,6.0,1.0,1.0,11.0,287642.0,36.0,2.0,4.0,4792.0,34.0,66400.0,2.0,1.0,3.0,6.0,18205.0,27022.0,41.9,0.0,0.0,195.0,104.0,3.0,3.0,2.0,3.0,7.0,0.0,5.0,7.0,9.0,9.0,29.0,17.0,20.0,7.0,24.0,0.0,0.0,0.0,4.0,100.0,11.1,0.0,0.0,518209.0,308794.0,46500.0,319809.0,0,0
61805,26575.0,0.1308,605.76,2,74000.0,1,0,n,24.26,0.0,2.0,10.0,0.0,8600.0,17.0,0,23007.24,23007.24,6615.08,6615.08,3567.76,3047.32,0.0,0.0,0.0,605.76,0.0,1.0,1,0.0,0.0,55188.0,1.0,5.0,2.0,3.0,4.0,46588.0,58.0,0.0,2.0,3742.0,60.0,13400.0,1.0,1.0,3.0,5.0,5519.0,3473.0,64.9,0.0,0.0,281.0,377.0,20.0,4.0,0.0,24.0,4.0,0.0,4.0,5.0,4.0,5.0,10.0,5.0,7.0,5.0,10.0,0.0,0.0,0.0,2.0,100.0,50.0,0.0,0.0,102088.0,55188.0,9900.0,88688.0,0,0
61901,20500.0,0.1612,721.94,1,90000.0,0,0,n,20.65,0.0,1.0,9.0,0.0,21737.0,14.0,0,0.0,0.0,2841.86,2841.86,1297.53,1544.33,0.0,0.0,0.0,1443.88,0.0,1.0,1,0.0,0.0,39335.0,1.0,3.0,1.0,3.0,12.0,17598.0,61.0,2.0,3.0,6701.0,66.0,30300.0,1.0,0.0,1.0,6.0,4371.0,5762.0,78.9,0.0,0.0,163.0,53.0,6.0,6.0,0.0,6.0,6.0,0.0,5.0,6.0,5.0,5.0,6.0,6.0,8.0,6.0,9.0,0.0,0.0,0.0,3.0,100.0,80.0,0.0,0.0,59300.0,39335.0,27300.0,29000.0,0,0
61948,20000.0,0.0819,407.35,2,95000.0,0,0,n,7.53,0.0,1.0,9.0,1.0,6010.0,14.0,0,16642.58,16642.58,4865.33,4865.33,3357.42,1507.91,0.0,0.0,0.0,407.23,0.0,1.0,1,0.0,0.0,635279.0,2.0,1.0,1.0,1.0,11.0,12789.0,85.0,2.0,3.0,4688.0,36.0,37500.0,1.0,0.0,2.0,4.0,70587.0,30490.0,16.5,0.0,0.0,49.0,249.0,1.0,1.0,2.0,1.0,1.0,0.0,4.0,4.0,5.0,7.0,2.0,6.0,10.0,4.0,9.0,0.0,0.0,0.0,3.0,100.0,0.0,1.0,0.0,682385.0,18799.0,36500.0,15000.0,0,0
61984,15000.0,0.17739999999999995,540.34,3,70000.0,1,0,n,22.56,1.0,1.0,15.0,0.0,20224.0,29.0,0,11593.58,11593.58,5366.44,5366.44,3406.42,1960.02,0.0,0.0,0.0,540.34,0.0,1.0,1,0.0,0.0,46100.0,0.0,7.0,1.0,1.0,12.0,25876.0,39.0,0.0,2.0,7134.0,48.0,30700.0,0.0,0.0,2.0,3.0,3073.0,10476.0,65.9,1.0,0.0,137.0,182.0,16.0,12.0,0.0,16.0,5.0,2.0,6.0,6.0,8.0,10.0,17.0,8.0,12.0,6.0,15.0,0.0,0.0,1.0,1.0,82.1,50.0,0.0,0.0,96293.0,46100.0,30700.0,65593.0,0,0
62007,17000.0,0.2055,455.62,2,68000.0,0,0,n,10.38,0.0,1.0,6.0,0.0,6074.0,10.0,0,0.0,0.0,1318.34,1318.34,501.99,816.35,0.0,0.0,0.0,0.0,0.0,1.0,1,0.0,0.0,17279.0,1.0,1.0,1.0,1.0,5.0,11205.0,93.0,0.0,2.0,2286.0,61.0,16200.0,1.0,0.0,1.0,3.0,3456.0,9326.0,39.4,0.0,0.0,160.0,63.0,18.0,5.0,0.0,33.0,5.0,0.0,3.0,3.0,3.0,4.0,2.0,5.0,8.0,3.0,6.0,0.0,0.0,0.0,1.0,100.0,0.0,0.0,0.0,28200.0,17279.0,15400.0,12000.0,0,0
62016,12500.0,0.2565,371.68,2,171000.0,0,0,n,31.52,0.0,2.0,15.0,0.0,44172.0,28.0,0,12164.9,12164.9,3300.59,3300.59,335.1,2965.49,0.0,0.0,0.0,371.68,0.0,1.0,1,0.0,0.0,464520.0,0.0,5.0,2.0,4.0,8.0,153240.0,78.0,0.0,0.0,20386.0,64.0,96100.0,4.0,0.0,5.0,4.0,30968.0,51824.0,45.3,0.0,0.0,226.0,282.0,40.0,8.0,5.0,40.0,0.0,1.0,4.0,5.0,6.0,7.0,13.0,7.0,8.0,5.0,15.0,0.0,0.0,0.0,2.0,96.2,50.0,0.0,0.0,520552.0,213930.0,94800.0,140839.0,0,0
62025,6500.0,0.17739999999999995,234.15,1,50000.0,1,0,n,14.23,0.0,1.0,3.0,0.0,2110.0,5.0,0,5987.08,5987.08,1186.11,1186.11,512.92,673.19,0.0,0.0,0.0,0.0,1.0,1.0,1,0.0,0.0,19701.0,0.0,1.0,0.0,0.0,40.0,17591.0,54.0,0.0,2.0,1062.0,57.0,2200.0,0.0,0.0,1.0,2.0,6567.0,90.0,95.9,0.0,0.0,48.0,22.0,19.0,19.0,0.0,19.0,0.0,1.0,2.0,2.0,2.0,2.0,2.0,2.0,2.0,2.0,3.0,0.0,0.0,0.0,0.0,80.0,100.0,0.0,0.0,34852.0,19701.0,2200.0,32652.0,0,0
62107,3500.0,0.1102,114.62,1,40000.0,0,0,n,30.81,0.0,1.0,23.0,0.0,8674.0,25.0,0,2555.57,2555.57,1255.46,1255.46,944.43,311.03,0.0,0.0,0.0,114.62,0.0,1.0,0,0.0,0.0,139804.0,1.0,18.0,1.0,2.0,6.0,131130.0,118.0,0.0,1.0,1794.0,98.0,32300.0,2.0,0.0,1.0,3.0,6078.0,18868.0,20.4,0.0,0.0,104.0,88.0,20.0,6.0,0.0,20.0,6.0,0.0,3.0,4.0,4.0,5.0,18.0,5.0,7.0,4.0,23.0,0.0,0.0,0.0,1.0,100.0,0.0,0.0,0.0,143396.0,139804.0,23700.0,111096.0,0,0
62118,25000.0,0.2055,670.03,1,220000.0,0,0,n,7.01,5.0,1.0,11.0,0.0,15056.0,25.0,0,0.0,0.0,1938.74,1938.74,487.96,1450.78,0.0,0.0,0.0,670.03,0.0,1.0,1,0.0,0.0,50972.0,0.0,6.0,0.0,0.0,25.0,35255.0,79.0,0.0,2.0,6982.0,75.0,21900.0,0.0,0.0,4.0,2.0,4634.0,6844.0,68.7,0.0,0.0,171.0,172.0,18.0,18.0,0.0,18.0,3.0,3.0,3.0,3.0,4.0,5.0,16.0,4.0,8.0,3.0,11.0,0.0,0.0,3.0,0.0,52.4,25.0,0.0,0.0,67619.0,50972.0,21900.0,44561.0,0,0
62156,20000.0,0.17739999999999995,720.45,2,60000.0,1,0,n,33.54,0.0,1.0,19.0,0.0,15295.0,23.0,0,0.0,0.0,2112.07,2112.07,1293.28,818.79,0.0,0.0,0.0,0.0,0.0,1.0,1,0.0,0.0,125895.0,1.0,10.0,1.0,2.0,3.0,69841.0,93.0,1.0,3.0,5448.0,94.0,16200.0,1.0,0.0,2.0,5.0,6626.0,905.0,94.4,0.0,0.0,135.0,125.0,10.0,3.0,1.0,10.0,4.0,1.0,8.0,8.0,8.0,10.0,12.0,8.0,10.0,8.0,19.0,0.0,0.0,0.0,2.0,95.5,100.0,0.0,0.0,143779.0,85136.0,16200.0,75096.0,0,0
62229,35000.0,0.17739999999999995,1260.78,1,52000.0,0,0,n,14.47,0.0,0.0,5.0,0.0,1668.0,24.0,0,0.0,0.0,8790.97,8790.97,5440.08,3350.89,0.0,0.0,0.0,0.0,0.0,1.0,1,0.0,10696.0,11866.0,0.0,1.0,0.0,1.0,15.0,10198.0,68.0,0.0,2.0,1025.0,57.0,5900.0,1.0,0.0,1.0,3.0,2373.0,2675.0,27.7,0.0,0.0,123.0,277.0,15.0,15.0,0.0,93.0,5.0,6.0,1.0,2.0,1.0,6.0,5.0,3.0,18.0,2.0,5.0,0.0,0.0,0.0,0.0,75.0,0.0,0.0,0.0,20900.0,11866.0,3700.0,15000.0,0,0
62233,30000.0,0.28800000000000003,948.61,3,86000.0,0,0,n,36.87,0.0,2.0,20.0,1.0,59919.0,44.0,0,0.0,0.0,6520.27,6520.27,1720.21,4800.06,0.0,0.0,0.0,0.0,0.0,1.0,1,0.0,0.0,255801.0,2.0,3.0,1.0,1.0,6.0,44071.0,84.0,1.0,3.0,9888.0,70.0,97100.0,1.0,1.0,4.0,4.0,12790.0,27132.0,64.8,0.0,0.0,138.0,186.0,5.0,5.0,5.0,5.0,3.0,0.0,10.0,12.0,12.0,17.0,10.0,16.0,29.0,12.0,20.0,0.0,0.0,0.0,2.0,100.0,33.3,1.0,0.0,310623.0,103990.0,77100.0,52323.0,0,0
62258,22200.0,0.28800000000000003,927.9,1,60000.0,0,0,n,17.9,0.0,2.0,9.0,0.0,20166.0,13.0,0,0.0,0.0,4983.14,4983.14,799.68,967.32,0.0,3216.14,578.9052,0.0,0.0,1.0,1,0.0,0.0,29274.0,1.0,1.0,0.0,0.0,40.0,9108.0,47.0,2.0,4.0,3726.0,70.0,22600.0,0.0,0.0,4.0,4.0,3253.0,1029.0,90.0,0.0,0.0,103.0,48.0,1.0,1.0,0.0,1.0,6.0,0.0,3.0,6.0,4.0,7.0,2.0,8.0,11.0,6.0,9.0,0.0,0.0,0.0,2.0,100.0,75.0,0.0,0.0,42127.0,29274.0,10300.0,19527.0,0,0
62260,35000.0,0.2055,938.03,3,78412.0,0,0,n,23.26,0.0,0.0,7.0,1.0,11328.0,26.0,0,31313.28,31313.28,10218.43,10218.43,3686.72,6531.71,0.0,0.0,0.0,938.03,0.0,1.0,1,0.0,0.0,72045.0,2.0,3.0,3.0,3.0,4.0,60717.0,96.0,1.0,2.0,7356.0,84.0,22500.0,0.0,12.0,2.0,5.0,10292.0,11172.0,50.3,0.0,0.0,143.0,141.0,2.0,2.0,5.0,2.0,7.0,0.0,3.0,3.0,4.0,5.0,15.0,4.0,6.0,3.0,7.0,0.0,0.0,0.0,4.0,100.0,0.0,1.0,0.0,85951.0,72045.0,22500.0,63451.0,0,0
62278,30000.0,0.2055,1123.34,1,93000.0,0,0,n,25.21,0.0,2.0,21.0,0.0,30244.0,36.0,0,0.0,0.0,1541.04,1541.04,609.59,931.45,0.0,0.0,0.0,503.32,0.0,1.0,1,0.0,0.0,76486.0,3.0,4.0,2.0,2.0,8.0,46242.0,77.0,3.0,8.0,12580.0,67.0,53800.0,3.0,1.0,7.0,10.0,3642.0,13356.0,69.4,0.0,0.0,216.0,133.0,2.0,2.0,0.0,6.0,2.0,0.0,7.0,7.0,11.0,13.0,8.0,17.0,27.0,7.0,21.0,0.0,0.0,0.0,5.0,100.0,54.5,0.0,0.0,113951.0,76486.0,43600.0,60151.0,0,0
62287,27000.0,0.2305,1045.87,1,160000.0,1,0,n,5.91,0.0,1.0,9.0,0.0,7975.0,19.0,0,0.0,0.0,3051.17,3051.17,1612.31,1438.86,0.0,0.0,0.0,0.0,0.0,1.0,1,0.0,162.0,26716.0,2.0,1.0,1.0,1.0,7.0,18741.0,82.0,3.0,4.0,9.0,49.0,32200.0,1.0,7.0,4.0,5.0,2968.0,12791.0,0.1,0.0,0.0,67.0,109.0,3.0,3.0,0.0,8.0,4.0,0.0,1.0,3.0,3.0,4.0,5.0,8.0,14.0,3.0,9.0,0.0,0.0,0.0,4.0,94.7,0.0,0.0,0.0,55041.0,26716.0,12800.0,22841.0,0,0
62305,27000.0,0.2565,802.81,2,110000.0,1,0,n,8.2,0.0,0.0,16.0,0.0,0.0,32.0,0,26817.96,26817.96,2312.24,2312.24,182.04,2130.2,0.0,0.0,0.0,0.0,0.0,1.0,1,0.0,0.0,538935.0,1.0,13.0,0.0,3.0,15.0,117346.0,102.0,0.0,0.0,0.0,99.0,2000.0,2.0,0.0,3.0,4.0,33683.0,1000.0,0.0,0.0,0.0,148.0,42.0,30.0,3.0,1.0,42.0,5.0,2.0,0.0,0.0,1.0,1.0,28.0,2.0,2.0,0.0,16.0,0.0,0.0,0.0,1.0,87.1,0.0,0.0,0.0,537245.0,117346.0,1000.0,113034.0,0,0
62333,10000.0,0.124,334.06,2,28000.0,1,0,n,18.22,1.0,0.0,13.0,0.0,7973.0,21.0,0,0.0,0.0,2321.2,2321.2,1666.02,655.18,0.0,0.0,0.0,0.0,0.0,1.0,1,0.0,0.0,143989.0,3.0,1.0,0.0,1.0,18.0,4555.0,28.0,3.0,3.0,3898.0,22.0,41300.0,0.0,1.0,2.0,5.0,11076.0,8827.0,47.5,0.0,0.0,183.0,173.0,1.0,1.0,1.0,1.0,4.0,0.0,3.0,3.0,3.0,4.0,5.0,11.0,15.0,3.0,13.0,0.0,0.0,1.0,4.0,95.2,0.0,0.0,0.0,189222.0,12528.0,16800.0,16461.0,0,0
62345,21275.0,0.17739999999999995,537.25,2,102000.0,1,0,n,30.04,0.0,0.0,12.0,0.0,21597.0,15.0,0,18893.48,18893.48,5320.08,5320.08,2381.52,2938.56,0.0,0.0,0.0,537.25,0.0,1.0,1,0.0,0.0,343255.0,1.0,3.0,1.0,2.0,9.0,65665.0,67.0,1.0,2.0,7851.0,55.0,49200.0,2.0,0.0,4.0,4.0,31205.0,24521.0,48.6,0.0,0.0,68.0,159.0,3.0,3.0,2.0,21.0,9.0,0.0,4.0,5.0,5.0,5.0,4.0,8.0,9.0,5.0,12.0,0.0,0.0,0.0,2.0,100.0,0.0,0.0,0.0,401476.0,87262.0,45800.0,84976.0,0,0
62379,4250.0,0.28800000000000003,177.64,1,40000.0,0,0,n,26.79,0.0,0.0,9.0,0.0,6372.0,20.0,0,0.0,0.0,1271.2,1271.2,677.61,593.59,0.0,0.0,0.0,0.0,0.0,1.0,1,0.0,0.0,44831.0,3.0,2.0,0.0,2.0,15.0,38459.0,93.0,3.0,3.0,1866.0,83.0,12800.0,6.0,1.0,4.0,5.0,4981.0,3194.0,62.9,0.0,0.0,179.0,99.0,1.0,1.0,0.0,6.0,4.0,1.0,4.0,6.0,4.0,4.0,13.0,7.0,7.0,6.0,9.0,0.0,0.0,0.0,3.0,100.0,0.0,0.0,0.0,54149.0,44831.0,8600.0,41349.0,0,0
62385,35000.0,0.16949999999999998,1246.98,3,160000.0,1,0,n,25.95,0.0,1.0,19.0,0.0,40131.0,36.0,0,33736.36,33736.36,7125.58,7125.58,1263.64,5861.94,0.0,0.0,0.0,1246.98,0.0,1.0,1,0.0,0.0,134509.0,0.0,4.0,0.0,2.0,13.0,94378.0,69.0,0.0,2.0,6379.0,73.0,50200.0,1.0,0.0,1.0,4.0,7079.0,2552.0,93.5,0.0,0.0,171.0,160.0,18.0,13.0,0.0,18.0,5.0,0.0,11.0,14.0,11.0,12.0,16.0,15.0,20.0,14.0,19.0,0.0,0.0,0.0,0.0,100.0,90.9,0.0,0.0,177289.0,134509.0,39500.0,127089.0,0,0
62409,18000.0,0.0819,565.64,1,43000.0,0,0,n,19.73,0.0,1.0,17.0,0.0,17381.0,47.0,0,12959.65,12959.65,6213.85,6213.85,5040.35,1173.5,0.0,0.0,0.0,0.0,0.0,1.0,1,0.0,0.0,20058.0,3.0,1.0,0.0,0.0,72.0,2677.0,12.0,6.0,16.0,2941.0,36.0,34700.0,0.0,1.0,1.0,16.0,1180.0,6468.0,67.5,0.0,0.0,92.0,391.0,1.0,1.0,1.0,4.0,4.0,0.0,7.0,12.0,8.0,22.0,2.0,16.0,44.0,12.0,17.0,0.0,0.0,0.0,6.0,97.9,62.5,0.0,0.0,56376.0,20058.0,19900.0,21676.0,0,0
62460,28225.0,0.28800000000000003,892.49,1,75000.0,1,0,n,49.46,0.0,1.0,18.0,0.0,18146.0,39.0,0,27564.12,27564.12,5672.63,5672.63,660.88,5011.75,0.0,0.0,0.0,0.0,0.0,1.0,0,0.0,400.0,96630.0,1.0,6.0,0.0,3.0,14.0,78484.0,57.0,1.0,1.0,6564.0,43.0,52800.0,1.0,9.0,3.0,4.0,5684.0,15537.0,46.1,0.0,0.0,132.0,112.0,6.0,6.0,0.0,28.0,5.0,0.0,5.0,8.0,6.0,9.0,19.0,12.0,20.0,8.0,18.0,0.0,0.0,0.0,1.0,97.4,20.0,0.0,0.0,167629.0,96630.0,28800.0,114829.0,0,0
62463,15000.0,0.2565,601.57,1,80000.0,0,0,n,33.88,0.0,2.0,28.0,0.0,30093.0,45.0,0,14139.02,14139.02,2656.52,2656.52,860.98,1795.54,0.0,0.0,0.0,300.79,0.0,1.0,1,0.0,0.0,115134.0,2.0,4.0,1.0,2.0,10.0,82746.0,65.0,3.0,3.0,2831.0,47.0,83900.0,2.0,2.0,3.0,5.0,4112.0,39274.0,25.3,0.0,0.0,136.0,188.0,1.0,1.0,1.0,1.0,1.0,0.0,10.0,18.0,13.0,17.0,11.0,22.0,31.0,18.0,28.0,0.0,0.0,0.0,4.0,100.0,46.2,0.0,0.0,191188.0,115134.0,52600.0,97146.0,1,0
62494,15000.0,0.1612,365.73,1,180000.0,0,0,n,14.77,1.0,1.0,17.0,0.0,19895.0,37.0,0,13067.1,13067.1,3989.45,3989.45,1932.9,2056.55,0.0,0.0,0.0,0.0,0.0,1.0,1,0.0,813.0,48668.0,0.0,3.0,1.0,1.0,11.0,28773.0,64.0,0.0,2.0,3834.0,66.0,28600.0,1.0,0.0,2.0,3.0,2863.0,4206.0,68.8,0.0,0.0,139.0,140.0,14.0,11.0,0.0,37.0,1.0,1.0,8.0,13.0,8.0,9.0,22.0,14.0,15.0,13.0,17.0,0.0,0.0,1.0,1.0,97.3,25.0,0.0,0.0,98389.0,48668.0,13500.0,69789.0,0,0
62510,32175.0,0.2055,862.32,1,30000.0,1,0,n,61.07,0.0,1.0,23.0,0.0,3659.0,31.0,0,29783.54,29783.54,5495.13,5495.13,2391.46,3103.67,0.0,0.0,0.0,862.32,0.0,1.0,0,0.0,0.0,41679.0,4.0,3.0,2.0,2.0,4.0,38020.0,89.0,4.0,6.0,918.0,27.0,58200.0,1.0,4.0,3.0,8.0,1812.0,33682.0,2.7,0.0,0.0,68.0,71.0,5.0,4.0,0.0,5.0,0.0,0.0,1.0,9.0,8.0,9.0,8.0,20.0,23.0,9.0,23.0,0.0,0.0,0.0,6.0,100.0,0.0,0.0,0.0,116587.0,41679.0,34600.0,58387.0,0,0
62533,3500.0,0.2305,135.58,2,62200.0,1,0,n,32.68,0.0,0.0,13.0,0.0,13967.0,29.0,0,0.0,0.0,124.38,124.38,68.35,56.03,0.0,0.0,0.0,135.58,0.0,1.0,1,0.0,694.0,223522.0,1.0,4.0,0.0,2.0,13.0,97662.0,72.0,2.0,3.0,6871.0,70.0,21000.0,4.0,7.0,5.0,7.0,17194.0,3508.0,74.2,0.0,0.0,186.0,112.0,8.0,3.0,4.0,8.0,4.0,1.0,3.0,7.0,4.0,4.0,15.0,8.0,10.0,7.0,13.0,0.0,0.0,0.0,3.0,86.2,25.0,0.0,0.0,238611.0,111629.0,13600.0,105545.0,0,0
62534,20000.0,0.16949999999999998,712.56,1,162000.0,1,0,n,20.56,0.0,0.0,14.0,0.0,18096.0,37.0,0,19136.2,19136.2,2631.2,2631.2,863.8,1767.4,0.0,0.0,0.0,0.0,0.0,1.0,1,0.0,0.0,417136.0,4.0,7.0,3.0,3.0,1.0,399040.0,61.0,3.0,4.0,8527.0,62.0,28000.0,4.0,8.0,4.0,7.0,32087.0,2368.0,79.4,0.0,0.0,243.0,221.0,3.0,1.0,0.0,3.0,1.0,10.0,2.0,5.0,2.0,6.0,24.0,7.0,13.0,5.0,14.0,0.0,0.0,0.0,6.0,79.4,50.0,0.0,0.0,468691.0,417136.0,11500.0,440691.0,0,0
62551,25000.0,0.2565,1002.62,2,168000.0,0,0,n,16.46,0.0,0.0,12.0,0.0,49193.0,16.0,0,0.0,0.0,2416.18,2416.18,1446.5,969.68,0.0,0.0,0.0,1502.62,0.0,1.0,1,0.0,0.0,74896.0,1.0,1.0,1.0,1.0,12.0,25703.0,73.0,2.0,5.0,10389.0,75.0,65400.0,1.0,0.0,1.0,6.0,6241.0,14339.0,77.4,0.0,0.0,132.0,237.0,5.0,5.0,0.0,5.0,12.0,0.0,9.0,10.0,10.0,10.0,4.0,11.0,12.0,10.0,12.0,0.0,0.0,0.0,3.0,100.0,40.0,0.0,0.0,100400.0,74896.0,63400.0,35000.0,0,0
62553,10625.0,0.2055,397.85,2,144000.0,0,0,n,18.01,1.0,1.0,14.0,0.0,12593.0,23.0,0,8543.37,8543.37,3749.25,3749.25,2081.63,1667.62,0.0,0.0,0.0,198.93,0.0,1.0,1,0.0,711.0,199524.0,2.0,3.0,2.0,3.0,6.0,67611.0,71.0,1.0,2.0,8250.0,36.0,158500.0,5.0,0.0,11.0,6.0,14252.0,52907.0,19.2,0.0,0.0,181.0,443.0,12.0,6.0,1.0,12.0,5.0,0.0,5.0,5.0,8.0,9.0,9.0,10.0,13.0,5.0,14.0,0.0,0.0,0.0,4.0,78.3,12.5,0.0,0.0,360895.0,80204.0,65500.0,82395.0,1,0
62607,20000.0,0.2565,802.09,3,91000.0,1,0,n,14.44,0.0,1.0,21.0,1.0,15442.0,59.0,0,0.0,0.0,2335.02,2335.02,1147.96,1187.06,0.0,0.0,0.0,0.0,0.0,1.0,1,0.0,97.0,152020.0,1.0,4.0,3.0,4.0,7.0,20835.0,81.0,3.0,10.0,5021.0,68.0,27700.0,4.0,10.0,8.0,15.0,7239.0,6189.0,68.9,0.0,0.0,160.0,257.0,4.0,4.0,3.0,11.0,5.0,6.0,7.0,11.0,9.0,22.0,19.0,16.0,37.0,11.0,21.0,0.0,0.0,0.0,7.0,89.7,66.7,1.0,0.0,170440.0,36277.0,19900.0,25728.0,0,0
62661,6000.0,0.17739999999999995,216.14,3,32056.0,0,0,n,12.04,0.0,2.0,8.0,0.0,6830.0,35.0,1,0.0,0.0,426.37,426.37,286.77,139.6,0.0,0.0,0.0,216.14,0.0,1.0,1,0.0,0.0,10852.0,3.0,1.0,4.0,5.0,1.0,4022.0,101.0,1.0,6.0,3574.0,39.0,23600.0,1.0,5.0,9.0,13.0,1357.0,3476.0,65.2,0.0,0.0,173.0,422.0,6.0,1.0,4.0,21.0,1.0,0.0,2.0,3.0,2.0,10.0,9.0,7.0,22.0,3.0,8.0,0.0,0.0,0.0,6.0,94.3,0.0,0.0,0.0,27600.0,10852.0,10000.0,4000.0,0,0
62683,28275.0,0.2055,1058.75,2,215000.0,1,0,n,12.2,1.0,1.0,9.0,0.0,33373.0,14.0,0,0.0,0.0,2036.8,2036.8,1158.92,877.88,0.0,0.0,0.0,0.0,0.0,1.0,1,0.0,0.0,543918.0,2.0,2.0,0.0,1.0,13.0,32805.0,70.0,2.0,3.0,11126.0,70.0,48000.0,1.0,2.0,1.0,4.0,60435.0,8810.0,79.0,0.0,0.0,159.0,159.0,4.0,4.0,2.0,4.0,2.0,0.0,4.0,5.0,4.0,6.0,4.0,5.0,8.0,5.0,9.0,0.0,0.0,0.0,2.0,92.9,50.0,0.0,0.0,594575.0,66178.0,42000.0,47025.0,0,0
62736,23000.0,0.17739999999999995,580.81,1,65000.0,0,0,n,11.96,0.0,1.0,3.0,0.0,17700.0,9.0,0,22488.33,22488.33,4009.01,4009.01,511.67,3497.34,0.0,0.0,0.0,290.41,0.0,1.0,1,0.0,0.0,26983.0,0.0,1.0,0.0,0.0,65.0,9283.0,66.0,0.0,0.0,13055.0,83.0,18000.0,0.0,0.0,1.0,0.0,8994.0,300.0,100.4,0.0,0.0,174.0,221.0,64.0,64.0,0.0,64.0,6.0,0.0,2.0,2.0,2.0,5.0,3.0,2.0,6.0,2.0,3.0,0.0,0.0,0.0,0.0,85.7,100.0,0.0,0.0,32062.0,26983.0,18000.0,14062.0,0,0
62757,5000.0,0.1862,128.66,2,60000.0,0,0,n,32.45,0.0,1.0,21.0,0.0,12853.0,43.0,0,0.0,0.0,244.39,244.39,102.94,141.45,0.0,0.0,0.0,0.0,0.0,1.0,1,0.0,0.0,180707.0,0.0,2.0,2.0,2.0,7.0,35552.0,84.0,0.0,2.0,5583.0,47.0,61000.0,1.0,2.0,1.0,5.0,8605.0,41371.0,20.1,0.0,0.0,155.0,563.0,17.0,7.0,3.0,17.0,5.0,0.0,6.0,7.0,13.0,18.0,12.0,17.0,27.0,7.0,21.0,0.0,0.0,0.0,2.0,95.3,7.7,0.0,0.0,369820.0,48423.0,51800.0,42191.0,0,0
62776,3175.0,0.17739999999999995,114.38,1,60000.0,0,0,n,21.6,0.0,2.0,20.0,0.0,12076.0,28.0,0,0.0,0.0,521.36,521.36,64.31,42.25,0.0,414.8,74.664,114.38,0.0,1.0,1,0.0,0.0,34394.0,2.0,3.0,3.0,3.0,7.0,22318.0,85.0,3.0,4.0,4475.0,47.0,47600.0,2.0,0.0,4.0,7.0,1911.0,25779.0,29.6,0.0,0.0,11.0,73.0,6.0,6.0,0.0,6.0,6.0,0.0,5.0,7.0,12.0,15.0,3.0,17.0,25.0,7.0,20.0,0.0,0.0,0.0,6.0,100.0,10.0,0.0,0.0,73900.0,34394.0,36600.0,26300.0,0,0
62824,24000.0,0.2565,962.51,1,60000.0,1,0,n,22.64,0.0,0.0,4.0,0.0,37949.0,4.0,1,0.0,0.0,2853.33,2853.33,908.63,1944.7,0.0,0.0,0.0,0.0,0.0,1.0,1,0.0,0.0,45876.0,0.0,1.0,0.0,0.0,45.0,7927.0,48.0,0.0,1.0,6033.0,83.0,38400.0,0.0,2.0,0.0,1.0,11469.0,0.0,102.3,0.0,0.0,45.0,58.0,24.0,24.0,0.0,24.0,15.0,0.0,1.0,3.0,1.0,1.0,1.0,3.0,3.0,3.0,4.0,0.0,0.0,0.0,0.0,100.0,100.0,0.0,0.0,55006.0,45876.0,5900.0,16606.0,0,0
62874,19875.0,0.28800000000000003,628.46,2,80000.0,1,0,n,20.76,0.0,1.0,4.0,0.0,10793.0,30.0,0,0.0,0.0,4016.56,4016.56,485.65,739.47,0.0,2791.44,502.4592,628.46,0.0,1.0,1,0.0,0.0,156903.0,2.0,2.0,4.0,7.0,3.0,41583.0,99.0,0.0,0.0,10793.0,97.0,12000.0,1.0,0.0,1.0,7.0,39226.0,1207.0,89.9,0.0,0.0,157.0,158.0,64.0,3.0,3.0,120.0,4.0,0.0,1.0,1.0,1.0,3.0,22.0,1.0,5.0,1.0,4.0,0.0,0.0,0.0,4.0,100.0,100.0,0.0,0.0,167047.0,52376.0,12000.0,42130.0,0,0
62903,12000.0,0.17739999999999995,432.27,1,35000.0,0,0,n,39.06,0.0,0.0,7.0,0.0,10138.0,9.0,0,0.0,0.0,1284.98,1284.98,513.51,771.47,0.0,0.0,0.0,432.27,0.0,1.0,1,0.0,0.0,50460.0,0.0,3.0,2.0,3.0,9.0,40322.0,58.0,0.0,1.0,5797.0,57.0,17900.0,2.0,0.0,2.0,4.0,7209.0,4162.0,70.9,0.0,0.0,55.0,68.0,13.0,9.0,0.0,13.0,9.0,0.0,2.0,2.0,2.0,2.0,5.0,4.0,4.0,2.0,7.0,0.0,0.0,0.0,2.0,100.0,50.0,0.0,0.0,66624.0,50460.0,14300.0,48724.0,0,0
62936,20000.0,0.28800000000000003,835.94,3,67200.0,0,0,n,38.12,0.0,0.0,17.0,0.0,28277.0,35.0,0,0.0,0.0,5819.58,5819.58,2678.32,3141.26,0.0,0.0,0.0,0.0,0.0,1.0,1,0.0,0.0,233170.0,1.0,4.0,0.0,1.0,14.0,21059.0,47.0,0.0,0.0,5594.0,61.0,36800.0,1.0,0.0,4.0,2.0,13716.0,1949.0,91.9,0.0,0.0,97.0,116.0,41.0,3.0,5.0,50.0,0.0,0.0,7.0,11.0,7.0,10.0,14.0,12.0,16.0,11.0,17.0,0.0,0.0,0.0,1.0,100.0,100.0,0.0,0.0,265512.0,49336.0,24000.0,44588.0,0,0
62937,40000.0,0.08810000000000001,1268.46,3,260000.0,0,0,n,13.58,0.0,1.0,19.0,0.0,31883.0,33.0,0,0.0,0.0,7611.53,7611.53,1956.74,560.6,0.0,5094.19,916.9542,0.0,0.0,1.0,1,0.0,0.0,72868.0,1.0,4.0,1.0,2.0,10.0,19173.0,31.0,3.0,4.0,8404.0,47.0,63200.0,2.0,1.0,3.0,6.0,3835.0,11902.0,70.4,0.0,0.0,104.0,107.0,6.0,6.0,0.0,6.0,6.0,0.0,6.0,9.0,7.0,11.0,8.0,14.0,23.0,9.0,19.0,0.0,0.0,0.0,4.0,97.0,71.4,0.0,0.0,156211.0,72868.0,40200.0,62614.0,0,0
62961,10000.0,0.1308,337.33,1,40000.0,1,0,n,25.23,0.0,0.0,9.0,0.0,4880.0,10.0,0,8457.86,8457.86,2680.47,2680.47,1542.14,1138.33,0.0,0.0,0.0,337.33,0.0,1.0,1,0.0,67.0,14942.0,0.0,2.0,0.0,2.0,14.0,10062.0,45.0,2.0,4.0,2143.0,40.0,14800.0,1.0,0.0,3.0,6.0,1660.0,7649.0,35.7,0.0,0.0,57.0,65.0,7.0,7.0,0.0,7.0,7.0,0.0,4.0,6.0,5.0,5.0,3.0,7.0,7.0,6.0,9.0,0.0,0.0,0.0,2.0,80.0,20.0,0.0,0.0,37311.0,14942.0,11900.0,22511.0,0,0
62971,8000.0,0.1612,281.74,1,39000.0,0,0,n,28.77,0.0,0.0,6.0,1.0,8742.0,10.0,0,7124.47,7124.47,1883.98,1883.98,875.53,1008.45,0.0,0.0,0.0,281.74,0.0,1.0,1,0.0,0.0,22213.0,0.0,2.0,1.0,1.0,12.0,13471.0,43.0,0.0,0.0,7738.0,45.0,17600.0,1.0,1.0,1.0,1.0,3702.0,262.0,96.7,0.0,0.0,52.0,159.0,39.0,12.0,0.0,72.0,12.0,0.0,1.0,2.0,1.0,2.0,2.0,4.0,8.0,2.0,6.0,0.0,0.0,0.0,1.0,100.0,100.0,1.0,0.0,49139.0,22213.0,8000.0,31539.0,0,0
62980,12000.0,0.08810000000000001,380.54,1,60000.0,0,0,n,18.38,0.0,0.0,5.0,0.0,5362.0,7.0,0,0.0,0.0,1535.75,1535.75,865.89,269.86,0.0,400.0,72.0,0.0,0.0,1.0,1,0.0,0.0,18622.0,0.0,2.0,0.0,1.0,16.0,13260.0,55.0,0.0,1.0,4862.0,45.0,17000.0,1.0,0.0,0.0,2.0,3724.0,10638.0,33.5,0.0,0.0,39.0,122.0,14.0,14.0,0.0,43.0,16.0,0.0,2.0,2.0,2.0,2.0,2.0,3.0,5.0,2.0,5.0,0.0,0.0,0.0,0.0,100.0,50.0,0.0,0.0,41219.0,18622.0,16000.0,24219.0,0,0
62992,11200.0,0.2055,300.17,2,210000.0,1,0,n,16.46,0.0,0.0,15.0,0.0,35351.0,30.0,0,0.0,0.0,2111.92,2111.92,134.06,453.49,0.0,1524.37,274.3866,0.0,0.0,1.0,1,0.0,0.0,106358.0,0.0,5.0,0.0,1.0,23.0,71007.0,56.0,2.0,3.0,12032.0,63.0,47100.0,1.0,0.0,0.0,4.0,7597.0,8019.0,79.8,0.0,0.0,189.0,192.0,7.0,7.0,0.0,7.0,15.0,0.0,3.0,7.0,5.0,11.0,9.0,10.0,21.0,7.0,15.0,0.0,0.0,0.0,2.0,100.0,75.0,0.0,0.0,154563.0,106358.0,39600.0,107463.0,0,0
63007,10000.0,0.1033,324.23,1,60000.0,0,0,n,20.22,1.0,0.0,14.0,1.0,9573.0,16.0,0,9521.65,9521.65,1130.89,1130.89,478.35,652.54,0.0,0.0,0.0,0.0,0.0,1.0,1,0.0,0.0,31579.0,1.0,3.0,0.0,1.0,15.0,22006.0,53.0,1.0,4.0,4268.0,26.0,79500.0,1.0,0.0,0.0,5.0,2256.0,42732.0,17.2,0.0,0.0,160.0,88.0,2.0,2.0,0.0,2.0,15.0,0.0,4.0,5.0,7.0,7.0,4.0,11.0,12.0,5.0,14.0,0.0,0.0,0.0,1.0,93.8,0.0,1.0,0.0,120893.0,31579.0,51600.0,41393.0,0,0
63119,12000.0,0.124,269.37,3,53000.0,1,0,n,13.32,0.0,1.0,4.0,0.0,9689.0,4.0,0,10315.69,10315.69,2954.8,2954.8,1684.31,1270.49,0.0,0.0,0.0,0.0,0.0,1.0,1,0.0,0.0,21847.0,1.0,1.0,0.0,0.0,34.0,12158.0,61.0,1.0,2.0,5014.0,56.0,19300.0,0.0,0.0,2.0,2.0,5462.0,9611.0,50.2,0.0,0.0,34.0,160.0,5.0,5.0,0.0,5.0,5.0,0.0,2.0,2.0,3.0,3.0,1.0,3.0,3.0,2.0,4.0,0.0,0.0,0.0,1.0,100.0,0.0,0.0,0.0,39378.0,21847.0,19300.0,20078.0,0,0
63130,20000.0,0.2055,536.02,1,80000.0,1,0,n,7.17,2.0,1.0,7.0,0.0,0.0,7.0,0,0.0,0.0,1249.21,1249.21,115.33,1133.88,0.0,0.0,0.0,0.0,0.0,1.0,1,0.0,0.0,6463.0,0.0,4.0,0.0,0.0,65.0,6463.0,29.0,0.0,0.0,0.0,25.0,3300.0,1.0,0.0,4.0,0.0,923.0,3300.0,0.0,0.0,0.0,218.0,42.0,42.0,42.0,0.0,42.0,1.0,3.0,0.0,0.0,3.0,3.0,4.0,3.0,3.0,0.0,7.0,0.0,0.0,0.0,0.0,28.6,0.0,0.0,0.0,25774.0,6463.0,3300.0,22474.0,0,0
63152,7975.0,0.1102,261.17,2,65000.0,1,0,n,18.5,0.0,1.0,13.0,0.0,13910.0,17.0,0,0.0,0.0,2000.61,2000.61,762.15,277.65,0.0,960.81,172.9458,0.0,0.0,1.0,1,0.0,0.0,143507.0,0.0,2.0,1.0,3.0,11.0,7058.0,61.0,0.0,1.0,6566.0,57.0,25100.0,1.0,0.0,1.0,4.0,11039.0,9087.0,57.1,0.0,0.0,51.0,100.0,21.0,11.0,1.0,21.0,2.0,0.0,7.0,10.0,7.0,7.0,6.0,10.0,10.0,10.0,13.0,0.0,0.0,0.0,1.0,100.0,42.9,0.0,0.0,162865.0,20968.0,21200.0,11665.0,0,0
63160,15000.0,0.1308,341.92,1,65876.0,0,0,n,15.65,0.0,1.0,10.0,0.0,7762.0,16.0,0,14228.09,14228.09,2040.62,2040.62,771.91,1268.71,0.0,0.0,0.0,341.92,0.0,1.0,1,0.0,0.0,28232.0,0.0,3.0,2.0,3.0,9.0,20470.0,61.0,0.0,3.0,6351.0,50.0,22600.0,2.0,1.0,2.0,6.0,2823.0,9727.0,40.0,0.0,0.0,125.0,52.0,18.0,9.0,0.0,18.0,4.0,0.0,3.0,5.0,4.0,5.0,8.0,6.0,8.0,5.0,10.0,0.0,0.0,0.0,2.0,100.0,25.0,0.0,0.0,56142.0,28232.0,16200.0,33542.0,0,0
63177,15000.0,0.2055,561.67,2,100000.0,1,0,n,21.9,0.0,0.0,14.0,0.0,18997.0,30.0,0,12410.38,12410.38,4476.24,4476.24,2589.62,1886.62,0.0,0.0,0.0,0.0,0.0,1.0,1,0.0,0.0,232025.0,1.0,2.0,1.0,2.0,10.0,56745.0,81.0,2.0,5.0,3800.0,61.0,34500.0,0.0,1.0,3.0,8.0,17848.0,14595.0,49.8,0.0,0.0,122.0,85.0,6.0,6.0,2.0,6.0,10.0,0.0,7.0,9.0,8.0,14.0,10.0,10.0,17.0,9.0,14.0,0.0,0.0,0.0,4.0,96.7,14.3,0.0,0.0,261609.0,75742.0,29100.0,62709.0,0,0
63293,8000.0,0.17739999999999995,288.18,1,45000.0,1,0,n,19.36,0.0,0.0,7.0,0.0,10817.0,10.0,0,0.0,0.0,1533.27,1533.27,342.34,226.14,0.0,964.79,173.6622,0.0,0.0,1.0,1,0.0,0.0,31762.0,2.0,1.0,1.0,1.0,5.0,20945.0,96.0,1.0,2.0,4424.0,82.0,16900.0,2.0,0.0,3.0,3.0,4537.0,3583.0,75.1,0.0,0.0,63.0,98.0,5.0,5.0,0.0,5.0,5.0,0.0,5.0,5.0,5.0,6.0,3.0,6.0,7.0,5.0,7.0,0.0,0.0,0.0,2.0,100.0,40.0,0.0,0.0,38739.0,31762.0,14400.0,21839.0,0,0
63302,20000.0,0.14300000000000002,686.48,1,78000.0,0,0,n,7.37,0.0,2.0,14.0,0.0,9231.0,18.0,0,0.0,0.0,2487.92,2487.92,0.0,0.0,0.0,2487.92,447.8256,0.0,0.0,1.0,1,0.0,0.0,15854.0,9.0,1.0,1.0,1.0,12.0,6623.0,70.0,13.0,13.0,3147.0,21.0,67700.0,0.0,0.0,2.0,14.0,1132.0,45499.0,16.1,0.0,0.0,12.0,181.0,1.0,1.0,0.0,2.0,2.0,0.0,5.0,6.0,10.0,14.0,1.0,13.0,17.0,6.0,14.0,0.0,0.0,0.0,14.0,100.0,10.0,0.0,0.0,77168.0,15854.0,54200.0,9468.0,0,0
63304,10000.0,0.2055,268.01,2,45000.0,0,0,n,25.39,0.0,0.0,12.0,0.0,9447.0,24.0,0,0.0,0.0,942.61,942.61,238.16,704.45,0.0,0.0,0.0,150.0,0.0,1.0,1,0.0,589.0,40578.0,1.0,5.0,1.0,2.0,11.0,31131.0,87.0,1.0,2.0,1501.0,83.0,13100.0,2.0,3.0,0.0,4.0,3382.0,1454.0,68.4,0.0,0.0,90.0,90.0,2.0,2.0,0.0,20.0,16.0,0.0,4.0,7.0,4.0,4.0,15.0,7.0,9.0,7.0,12.0,0.0,0.0,0.0,2.0,95.8,50.0,0.0,0.0,48722.0,40578.0,4600.0,35622.0,0,0
63315,15000.0,0.1171,496.14,2,82999.0,1,0,n,9.88,4.0,1.0,11.0,0.0,9648.0,17.0,0,10959.27,10959.27,5447.78,5447.78,4040.73,1407.05,0.0,0.0,0.0,0.0,0.0,1.0,1,0.0,0.0,299151.0,1.0,5.0,0.0,0.0,25.0,21758.0,73.0,1.0,2.0,4666.0,51.0,31800.0,0.0,2.0,1.0,4.0,27196.0,21841.0,29.3,0.0,0.0,161.0,125.0,1.0,1.0,2.0,13.0,1.0,0.0,3.0,4.0,4.0,4.0,8.0,5.0,7.0,4.0,11.0,0.0,0.0,4.0,1.0,70.6,0.0,0.0,0.0,332997.0,31406.0,30900.0,29837.0,0,0
63355,10625.0,0.14300000000000002,364.69,2,75000.0,0,0,n,20.46,1.0,0.0,9.0,0.0,25794.0,14.0,0,9898.23,9898.23,2056.83,2056.83,726.77,1330.06,0.0,0.0,0.0,0.0,0.0,1.0,1,0.0,0.0,217228.0,0.0,1.0,1.0,1.0,8.0,17163.0,86.0,0.0,1.0,12784.0,57.0,55200.0,1.0,0.0,2.0,4.0,24136.0,29406.0,46.7,0.0,0.0,8.0,186.0,20.0,8.0,5.0,20.0,0.0,0.0,4.0,4.0,7.0,7.0,1.0,7.0,8.0,4.0,9.0,0.0,0.0,0.0,1.0,92.9,14.3,0.0,0.0,251180.0,42957.0,55200.0,20000.0,0,0
63396,15000.0,0.2055,402.02,1,55000.0,1,0,n,9.75,0.0,1.0,14.0,0.0,3613.0,21.0,0,0.0,0.0,1188.94,1188.94,292.77,896.16,0.0,0.0,0.0,402.02,0.0,1.0,1,0.0,0.0,43844.0,2.0,7.0,1.0,1.0,7.0,40231.0,125.0,2.0,3.0,2249.0,78.0,24100.0,0.0,0.0,4.0,4.0,3132.0,14602.0,18.4,0.0,0.0,115.0,69.0,3.0,3.0,0.0,3.0,6.0,0.0,2.0,3.0,6.0,6.0,14.0,7.0,7.0,3.0,14.0,0.0,0.0,0.0,3.0,100.0,16.7,0.0,0.0,56288.0,43844.0,17900.0,32188.0,0,0
63421,25000.0,0.1102,543.81,2,72150.0,0,0,n,29.41,0.0,1.0,16.0,0.0,27022.0,40.0,0,22030.03,22030.03,4928.69,4928.69,2969.97,1958.72,0.0,0.0,0.0,544.0,0.0,1.0,1,0.0,0.0,148524.0,1.0,6.0,0.0,2.0,24.0,121502.0,66.0,1.0,4.0,7155.0,61.0,48900.0,0.0,8.0,1.0,6.0,9283.0,18488.0,56.4,0.0,0.0,144.0,114.0,4.0,4.0,0.0,4.0,4.0,0.0,6.0,9.0,7.0,7.0,27.0,10.0,13.0,10.0,16.0,0.0,0.0,0.0,1.0,100.0,14.3,0.0,0.0,179462.0,148524.0,42400.0,130562.0,0,0
63452,17000.0,0.2055,455.62,1,70000.0,0,0,n,25.58,0.0,1.0,11.0,0.0,13309.0,18.0,0,0.0,0.0,2258.69,2258.69,331.81,1926.88,0.0,0.0,0.0,455.62,0.0,1.0,1,0.0,0.0,27896.0,2.0,3.0,0.0,1.0,13.0,14220.0,38.0,2.0,3.0,4766.0,51.0,17400.0,1.0,3.0,1.0,4.0,2536.0,2526.0,83.7,0.0,0.0,81.0,74.0,3.0,3.0,0.0,3.0,3.0,1.0,4.0,5.0,5.0,5.0,7.0,7.0,10.0,5.0,11.0,0.0,0.0,0.0,2.0,72.2,80.0,0.0,0.0,54888.0,27896.0,15500.0,37121.0,0,0
63513,20525.0,0.28800000000000003,857.89,1,127000.0,1,0,n,4.09,0.0,2.0,7.0,0.0,34.0,14.0,0,0.0,0.0,2699.48,2699.48,0.0,0.0,0.0,2699.48,485.9064,0.0,0.0,1.0,1,0.0,0.0,10926.0,2.0,1.0,1.0,1.0,8.0,10892.0,85.0,2.0,4.0,34.0,36.0,18000.0,0.0,0.0,2.0,5.0,1561.0,14966.0,0.2,0.0,0.0,85.0,189.0,4.0,4.0,0.0,4.0,4.0,0.0,1.0,1.0,4.0,8.0,3.0,6.0,11.0,1.0,7.0,0.0,0.0,0.0,3.0,100.0,0.0,0.0,0.0,30789.0,10926.0,15000.0,12789.0,0,0
63519,31075.0,0.14300000000000002,1066.61,1,34200.0,0,0,n,28.98,0.0,0.0,10.0,0.0,3401.0,14.0,0,0.0,0.0,3175.14,3175.14,1406.66,1768.48,0.0,0.0,0.0,0.0,0.0,1.0,1,0.0,0.0,14373.0,0.0,1.0,1.0,3.0,11.0,10972.0,75.0,1.0,3.0,1384.0,59.0,8800.0,3.0,0.0,1.0,7.0,1437.0,4599.0,42.5,0.0,0.0,42.0,50.0,10.0,7.0,0.0,10.0,11.0,0.0,4.0,4.0,6.0,7.0,4.0,7.0,9.0,4.0,10.0,0.0,0.0,0.0,3.0,100.0,16.7,0.0,0.0,24456.0,14373.0,8000.0,14694.0,0,0
63523,21350.0,0.1171,706.18,3,244200.0,0,0,n,12.3,0.0,0.0,15.0,1.0,69972.0,25.0,1,20349.46,20349.46,2589.95,2589.95,1000.54,1589.41,0.0,0.0,0.0,397.16,0.0,1.0,1,0.0,0.0,483251.0,0.0,2.0,0.0,2.0,15.0,35169.0,46.0,0.0,1.0,7142.0,76.0,75200.0,1.0,0.0,1.0,4.0,32217.0,4715.0,80.5,0.0,0.0,177.0,69.0,15.0,15.0,2.0,27.0,9.0,0.0,8.0,10.0,8.0,9.0,11.0,10.0,11.0,10.0,15.0,0.0,0.0,0.0,0.0,100.0,37.5,1.0,0.0,508084.0,120252.0,24200.0,48032.0,0,0
63526,31200.0,0.17739999999999995,1123.89,1,86000.0,1,0,n,27.87,0.0,0.0,9.0,0.0,25835.0,14.0,0,0.0,0.0,6712.59,6712.59,4110.4,2602.19,0.0,0.0,0.0,0.0,0.0,1.0,1,0.0,0.0,62919.0,0.0,2.0,0.0,1.0,16.0,37084.0,25.0,0.0,0.0,5943.0,67.0,26100.0,1.0,0.0,0.0,1.0,6991.0,150.0,99.4,0.0,0.0,78.0,75.0,49.0,16.0,0.0,49.0,16.0,0.0,6.0,7.0,6.0,7.0,6.0,7.0,8.0,7.0,9.0,0.0,0.0,0.0,0.0,100.0,100.0,0.0,0.0,83504.0,62919.0,23600.0,57404.0,0,0
63535,13200.0,0.0756,410.97,2,115000.0,0,0,n,14.45,1.0,2.0,13.0,0.0,10770.0,21.0,0,0.0,0.0,2294.73,2294.73,1709.85,534.88,0.0,50.0,9.0,50.0,0.0,1.0,1,0.0,1297.0,116080.0,1.0,3.0,1.0,2.0,2.0,33948.0,75.0,2.0,2.0,7942.0,65.0,23400.0,0.0,1.0,5.0,4.0,8929.0,6530.0,62.3,0.0,0.0,106.0,95.0,8.0,2.0,3.0,12.0,0.0,0.0,2.0,2.0,4.0,4.0,7.0,9.0,11.0,2.0,13.0,0.0,0.0,0.0,3.0,100.0,25.0,0.0,0.0,144569.0,44718.0,17300.0,45019.0,0,0
63591,29000.0,0.17739999999999995,732.32,2,120000.0,1,0,n,37.2,0.0,0.0,14.0,0.0,28886.0,42.0,0,27758.39,27758.39,4365.34,4365.34,1241.61,3123.73,0.0,0.0,0.0,732.32,0.0,1.0,1,0.0,0.0,271462.0,2.0,4.0,1.0,3.0,5.0,124033.0,97.0,1.0,1.0,12902.0,58.0,63900.0,1.0,1.0,0.0,4.0,19390.0,12004.0,69.8,0.0,0.0,177.0,74.0,4.0,4.0,1.0,55.0,18.0,0.0,3.0,5.0,3.0,6.0,27.0,9.0,14.0,5.0,14.0,0.0,0.0,0.0,2.0,100.0,66.7,0.0,0.0,361351.0,152919.0,39700.0,166400.0,0,0
63630,23800.0,0.1308,802.84,1,105000.0,0,0,n,20.46,0.0,1.0,12.0,0.0,17448.0,16.0,0,22707.24,22707.24,2886.25,2886.25,1092.76,1793.49,0.0,0.0,0.0,0.0,0.0,1.0,1,0.0,0.0,82214.0,3.0,4.0,4.0,5.0,3.0,64766.0,57.0,3.0,5.0,17264.0,45.0,52000.0,0.0,6.0,3.0,10.0,6851.0,19736.0,46.7,0.0,0.0,38.0,52.0,2.0,2.0,0.0,2.0,2.0,0.0,1.0,2.0,6.0,7.0,7.0,8.0,9.0,2.0,12.0,0.0,0.0,0.0,7.0,100.0,16.7,0.0,0.0,137886.0,82214.0,37000.0,85886.0,0,0
63645,20000.0,0.2305,774.72,2,120000.0,0,0,n,7.51,0.0,0.0,10.0,0.0,20272.0,14.0,0,15309.42,15309.42,8496.31,8496.31,4690.58,3805.73,0.0,0.0,0.0,0.0,0.0,1.0,1,0.0,0.0,46050.0,5.0,2.0,1.0,2.0,5.0,25778.0,71.0,4.0,7.0,7249.0,70.0,29500.0,2.0,0.0,8.0,10.0,4605.0,2797.0,79.1,0.0,0.0,149.0,104.0,5.0,5.0,1.0,5.0,7.0,0.0,4.0,7.0,4.0,6.0,3.0,8.0,10.0,7.0,10.0,0.0,0.0,0.0,6.0,100.0,50.0,0.0,0.0,65722.0,46050.0,13400.0,36222.0,0,0
63730,18000.0,0.17739999999999995,648.4,1,65000.0,0,0,n,32.68,1.0,0.0,14.0,0.0,8993.0,34.0,0,13912.38,13912.38,6466.26,6466.26,4087.62,2378.64,0.0,0.0,0.0,0.0,0.0,1.0,1,0.0,0.0,56041.0,0.0,3.0,0.0,3.0,15.0,47048.0,68.0,0.0,1.0,4691.0,50.0,28600.0,1.0,0.0,0.0,4.0,4311.0,5007.0,64.2,0.0,0.0,155.0,223.0,16.0,15.0,2.0,69.0,16.0,2.0,2.0,2.0,4.0,9.0,11.0,11.0,21.0,2.0,14.0,0.0,0.0,0.0,0.0,88.2,33.3,0.0,0.0,95373.0,56041.0,14000.0,66773.0,0,0
63735,2000.0,0.1171,66.16,1,45000.0,0,0,n,25.95,0.0,1.0,13.0,0.0,7231.0,17.0,0,1543.06,1543.06,660.3,660.3,456.94,203.36,0.0,0.0,0.0,66.16,0.0,1.0,1,0.0,912.0,16842.0,1.0,2.0,1.0,1.0,12.0,9611.0,35.0,1.0,6.0,1785.0,29.0,29700.0,1.0,0.0,2.0,7.0,1296.0,8960.0,39.0,0.0,0.0,129.0,64.0,4.0,4.0,0.0,17.0,4.0,1.0,4.0,8.0,4.0,5.0,5.0,11.0,12.0,8.0,13.0,0.0,0.0,0.0,2.0,82.4,0.0,0.0,0.0,57412.0,16842.0,14700.0,27712.0,0,0
63740,7425.0,0.14300000000000002,254.86,1,39000.0,0,0,n,18.83,0.0,0.0,11.0,0.0,4090.0,12.0,0,5484.65,5484.65,2797.56,2797.56,1940.35,857.21,0.0,0.0,0.0,0.0,0.0,1.0,1,0.0,0.0,21430.0,2.0,2.0,1.0,1.0,7.0,17340.0,73.0,3.0,6.0,1787.0,64.0,9700.0,1.0,0.0,1.0,7.0,1948.0,3710.0,52.4,0.0,0.0,101.0,39.0,5.0,5.0,0.0,5.0,7.0,0.0,4.0,4.0,6.0,6.0,3.0,9.0,9.0,4.0,11.0,0.0,0.0,0.0,4.0,100.0,33.3,0.0,0.0,33433.0,21430.0,7800.0,23733.0,0,0
63790,14000.0,0.124,314.26,2,75000.0,0,0,n,14.62,0.0,1.0,11.0,0.0,10560.0,19.0,0,0.0,0.0,1247.4,1247.4,404.88,842.52,0.0,0.0,0.0,314.26,0.0,1.0,1,0.0,0.0,220548.0,1.0,2.0,2.0,3.0,12.0,12015.0,43.0,2.0,4.0,5051.0,31.0,44300.0,3.0,1.0,4.0,8.0,20050.0,33740.0,23.8,0.0,0.0,107.0,75.0,7.0,2.0,2.0,7.0,1.0,0.0,4.0,4.0,8.0,8.0,9.0,8.0,8.0,4.0,11.0,0.0,0.0,0.0,5.0,94.7,12.5,0.0,0.0,270383.0,22575.0,44300.0,28109.0,0,0
63838,12125.0,0.14300000000000002,284.02,2,49000.0,0,0,n,37.11,0.0,0.0,14.0,0.0,23273.0,17.0,0,0.0,0.0,558.41,558.41,280.72,277.69,0.0,0.0,0.0,284.02,0.0,1.0,1,0.0,0.0,212448.0,0.0,3.0,0.0,1.0,23.0,21593.0,47.0,1.0,1.0,8200.0,55.0,35400.0,1.0,0.0,0.0,2.0,15175.0,9627.0,70.7,0.0,0.0,60.0,91.0,10.0,10.0,2.0,10.0,14.0,0.0,8.0,8.0,9.0,9.0,4.0,10.0,11.0,8.0,14.0,0.0,0.0,0.0,1.0,100.0,66.7,0.0,0.0,261727.0,44866.0,32900.0,46327.0,0,0
63849,6000.0,0.1102,196.49,2,80000.0,0,0,n,21.6,0.0,0.0,9.0,0.0,26023.0,13.0,0,4398.56,4398.56,2157.72,2157.72,1601.44,556.28,0.0,0.0,0.0,196.49,0.0,1.0,0,0.0,0.0,137698.0,0.0,0.0,0.0,1.0,18.0,3728.0,62.0,1.0,2.0,11011.0,91.0,27200.0,1.0,3.0,0.0,3.0,15300.0,699.0,97.2,0.0,0.0,70.0,269.0,7.0,7.0,1.0,7.0,18.0,0.0,4.0,6.0,4.0,5.0,2.0,6.0,10.0,6.0,9.0,0.0,0.0,0.0,1.0,100.0,100.0,0.0,0.0,214318.0,29751.0,24900.0,40918.0,0,0
63858,7200.0,0.1612,253.56,1,66000.0,0,0,n,20.53,5.0,0.0,13.0,0.0,8783.0,18.0,0,0.0,0.0,1645.62,1645.62,156.84,90.27,0.0,1398.51,251.7318,0.0,0.0,1.0,1,0.0,0.0,45729.0,4.0,2.0,4.0,4.0,6.0,36946.0,92.0,3.0,3.0,2629.0,68.0,26900.0,7.0,1.0,9.0,7.0,3518.0,13917.0,38.7,0.0,0.0,8.0,333.0,0.0,0.0,0.0,3.0,8.0,0.0,6.0,6.0,8.0,10.0,4.0,11.0,14.0,6.0,13.0,0.0,0.0,0.0,7.0,72.2,25.0,0.0,0.0,67068.0,45729.0,22700.0,40168.0,0,0
63910,24000.0,0.1612,585.17,2,72000.0,1,0,n,32.18,0.0,0.0,12.0,0.0,23109.0,50.0,0,20907.35,20907.35,6415.38,6415.38,3092.65,3322.73,0.0,0.0,0.0,0.0,0.0,1.0,1,0.0,0.0,102529.0,0.0,5.0,2.0,3.0,7.0,45727.0,71.0,0.0,1.0,4085.0,75.0,28000.0,0.0,0.0,1.0,4.0,8544.0,4116.0,74.3,0.0,0.0,198.0,145.0,20.0,7.0,1.0,52.0,10.0,0.0,4.0,5.0,5.0,7.0,37.0,6.0,11.0,5.0,12.0,0.0,0.0,0.0,2.0,100.0,40.0,0.0,0.0,146074.0,68836.0,16000.0,64197.0,0,0
63970,16000.0,0.1308,364.71,1,55000.0,0,0,n,28.13,1.0,0.0,6.0,0.0,16125.0,12.0,0,0.0,0.0,2906.05,2906.05,1581.85,1324.2,0.0,0.0,0.0,0.0,0.0,1.0,1,0.0,0.0,44992.0,0.0,2.0,0.0,0.0,28.0,28867.0,68.0,0.0,2.0,6060.0,61.0,32100.0,1.0,1.0,3.0,2.0,7499.0,12480.0,52.2,0.0,0.0,133.0,159.0,22.0,22.0,0.0,22.0,9.0,0.0,3.0,4.0,3.0,4.0,6.0,4.0,5.0,4.0,6.0,0.0,0.0,0.0,0.0,83.3,0.0,0.0,0.0,74276.0,44992.0,26100.0,42176.0,0,0
63996,21275.0,0.1862,775.78,1,114000.0,0,0,n,15.63,2.0,2.0,10.0,0.0,10242.0,24.0,0,0.0,0.0,3516.68,3516.68,445.66,308.11,0.0,2762.91,497.3238,775.78,0.0,1.0,0,0.0,0.0,271875.0,2.0,4.0,2.0,2.0,6.0,55459.0,77.0,0.0,0.0,6044.0,70.0,21400.0,6.0,0.0,13.0,3.0,27188.0,6658.0,60.6,0.0,0.0,111.0,133.0,33.0,6.0,3.0,33.0,4.0,1.0,3.0,3.0,4.0,5.0,11.0,5.0,10.0,3.0,10.0,0.0,0.0,0.0,3.0,87.0,25.0,0.0,0.0,301093.0,65701.0,16900.0,72319.0,0,0
64032,15200.0,0.2305,428.94,2,80000.0,1,0,n,39.11,0.0,1.0,18.0,0.0,8133.0,31.0,0,14971.76,14971.76,3561.78,3561.78,228.24,3333.54,0.0,0.0,0.0,857.88,0.0,1.0,1,0.0,0.0,382907.0,2.0,4.0,2.0,3.0,3.0,90138.0,70.0,0.0,2.0,1286.0,48.0,51500.0,3.0,3.0,4.0,6.0,21273.0,20338.0,14.2,0.0,0.0,156.0,268.0,14.0,3.0,4.0,14.0,3.0,0.0,4.0,9.0,5.0,6.0,11.0,12.0,16.0,9.0,18.0,0.0,0.0,0.0,3.0,100.0,0.0,0.0,0.0,467771.0,98271.0,23700.0,113947.0,0,0
64091,20000.0,0.2055,748.89,1,42000.0,1,0,n,20.83,0.0,0.0,4.0,0.0,11253.0,8.0,0,0.0,0.0,3721.62,3721.62,2273.81,1447.81,0.0,0.0,0.0,0.0,0.0,1.0,1,0.0,0.0,19891.0,0.0,1.0,1.0,2.0,8.0,8638.0,86.0,1.0,2.0,5498.0,73.0,17200.0,0.0,0.0,0.0,4.0,4973.0,4654.0,70.2,0.0,0.0,14.0,86.0,8.0,8.0,0.0,18.0,14.0,0.0,2.0,3.0,2.0,4.0,2.0,3.0,6.0,3.0,4.0,0.0,0.0,0.0,2.0,100.0,50.0,0.0,0.0,27200.0,19891.0,15600.0,10000.0,0,0
64099,18000.0,0.2565,535.21,2,188000.0,1,0,n,13.19,0.0,2.0,13.0,0.0,21320.0,21.0,0,0.0,0.0,709.56,709.56,150.46,359.1,0.0,200.0,36.0,0.0,0.0,1.0,1,0.0,0.0,467369.0,4.0,3.0,2.0,4.0,3.0,44586.0,91.0,2.0,5.0,7248.0,70.0,45300.0,2.0,6.0,3.0,10.0,35951.0,18265.0,40.5,0.0,0.0,169.0,131.0,5.0,3.0,1.0,5.0,5.0,0.0,4.0,7.0,5.0,6.0,6.0,9.0,14.0,7.0,13.0,0.0,0.0,0.0,5.0,100.0,0.0,0.0,0.0,498297.0,65906.0,30700.0,49247.0,0,0
64102,7000.0,0.28800000000000003,292.58,1,46000.0,0,0,n,25.54,0.0,2.0,14.0,0.0,5808.0,33.0,1,6131.44,6131.44,2622.02,2622.02,868.56,1753.46,0.0,0.0,0.0,292.58,0.0,1.0,1,0.0,0.0,55263.0,1.0,5.0,2.0,3.0,3.0,49455.0,103.0,3.0,4.0,2125.0,68.0,33900.0,2.0,3.0,2.0,7.0,3947.0,19042.0,15.7,0.0,0.0,121.0,47.0,7.0,3.0,0.0,7.0,3.0,1.0,5.0,8.0,5.0,5.0,23.0,9.0,10.0,8.0,14.0,0.0,0.0,0.0,5.0,86.2,0.0,0.0,0.0,81826.0,55263.0,22600.0,47926.0,0,0
64156,10000.0,0.17739999999999995,360.23,1,30000.0,0,0,n,30.19,0.0,1.0,9.0,0.0,9841.0,10.0,0,8279.44,8279.44,3232.21,3232.21,1720.56,1511.65,0.0,0.0,0.0,360.23,0.0,1.0,1,0.0,0.0,10745.0,1.0,1.0,0.0,0.0,34.0,904.0,6.0,2.0,5.0,7681.0,25.0,26300.0,0.0,0.0,1.0,5.0,1194.0,3980.0,70.9,0.0,0.0,49.0,58.0,1.0,1.0,0.0,14.0,1.0,0.0,3.0,4.0,4.0,4.0,2.0,8.0,8.0,4.0,9.0,0.0,0.0,0.0,2.0,100.0,25.0,0.0,0.0,42579.0,10745.0,13700.0,16279.0,0,0
64192,24000.0,0.1102,522.06,2,47000.0,0,0,n,14.91,0.0,1.0,7.0,0.0,10953.0,13.0,0,0.0,0.0,507.37,507.37,250.24,257.13,0.0,0.0,0.0,522.06,0.0,1.0,1,0.0,0.0,127148.0,1.0,1.0,0.0,1.0,23.0,4351.0,19.0,2.0,2.0,4384.0,29.0,30300.0,1.0,2.0,2.0,3.0,18164.0,19347.0,36.1,0.0,0.0,116.0,31.0,4.0,4.0,2.0,4.0,0.0,0.0,3.0,3.0,5.0,5.0,6.0,5.0,5.0,3.0,7.0,0.0,0.0,0.0,2.0,100.0,20.0,0.0,0.0,175491.0,15304.0,30300.0,23418.0,0,0
64304,6600.0,0.1862,169.84,1,35000.0,1,0,n,23.97,0.0,1.0,9.0,0.0,4784.0,13.0,0,0.0,0.0,1182.05,1182.05,517.02,665.03,0.0,0.0,0.0,0.0,0.0,1.0,1,0.0,89.0,38773.0,2.0,3.0,1.0,1.0,6.0,33989.0,88.0,2.0,3.0,1817.0,58.0,28400.0,0.0,0.0,2.0,4.0,4308.0,21845.0,14.3,0.0,0.0,261.0,61.0,1.0,1.0,0.0,10.0,6.0,0.0,3.0,5.0,4.0,4.0,6.0,6.0,7.0,5.0,9.0,0.0,0.0,0.0,3.0,100.0,25.0,0.0,0.0,66958.0,38773.0,25500.0,38558.0,0,0
64310,13000.0,0.1102,282.79,1,48000.0,0,0,n,35.69,0.0,1.0,26.0,0.0,21663.0,38.0,0,11161.42,11161.42,3102.73,3102.73,1838.58,1264.15,0.0,0.0,0.0,282.79,0.0,1.0,1,0.0,0.0,43488.0,4.0,2.0,1.0,2.0,5.0,21103.0,81.0,5.0,6.0,5176.0,27.0,130500.0,1.0,0.0,1.0,8.0,1740.0,107637.0,16.8,0.0,0.0,61.0,609.0,1.0,1.0,0.0,1.0,1.0,0.0,9.0,9.0,21.0,29.0,5.0,23.0,32.0,9.0,26.0,0.0,0.0,0.0,6.0,100.0,4.8,0.0,0.0,159134.0,43488.0,129300.0,26131.0,0,0
64315,40000.0,0.14300000000000002,936.97,2,175000.0,1,0,n,13.94,0.0,0.0,14.0,0.0,30365.0,28.0,0,39204.8,39204.8,5590.07,5590.07,795.2,4794.87,0.0,0.0,0.0,936.97,0.0,1.0,1,0.0,0.0,499817.0,1.0,2.0,2.0,2.0,8.0,24534.0,72.0,1.0,1.0,10294.0,76.0,38300.0,1.0,0.0,4.0,4.0,35701.0,4405.0,86.0,0.0,0.0,180.0,171.0,3.0,3.0,1.0,40.0,1.0,0.0,8.0,10.0,8.0,15.0,6.0,10.0,20.0,10.0,14.0,0.0,0.0,0.0,4.0,100.0,75.0,0.0,0.0,519623.0,55094.0,31500.0,33881.0,0,0
64323,7200.0,0.124,240.53,2,95000.0,1,0,n,33.77,0.0,2.0,24.0,0.0,61658.0,55.0,0,0.0,0.0,476.1,476.1,333.98,142.12,0.0,0.0,0.0,0.0,0.0,1.0,1,0.0,0.0,477818.0,1.0,5.0,2.0,2.0,6.0,44130.0,74.0,1.0,6.0,20654.0,64.0,106500.0,1.0,2.0,4.0,9.0,20775.0,24741.0,65.6,0.0,0.0,140.0,261.0,7.0,6.0,4.0,19.0,1.0,0.0,10.0,12.0,11.0,23.0,12.0,18.0,39.0,12.0,24.0,0.0,0.0,0.0,4.0,100.0,36.4,0.0,0.0,541411.0,105788.0,71900.0,59912.0,0,0
64403,10000.0,0.17739999999999995,360.23,2,90000.0,1,0,n,32.52,0.0,2.0,35.0,0.0,29144.0,68.0,0,9131.38,9131.38,1701.06,1701.06,868.62,832.44,0.0,0.0,0.0,135.0,0.0,1.0,1,0.0,0.0,77054.0,0.0,4.0,2.0,4.0,7.0,31861.0,57.0,2.0,11.0,9344.0,50.0,65500.0,3.0,1.0,5.0,15.0,2202.0,27802.0,47.3,0.0,0.0,128.0,117.0,8.0,7.0,1.0,8.0,1.0,0.0,16.0,22.0,19.0,20.0,28.0,30.0,39.0,22.0,35.0,0.0,0.0,0.0,4.0,100.0,21.1,0.0,0.0,149910.0,61005.0,52800.0,55696.0,0,0
64496,27600.0,0.1612,672.94,2,95000.0,0,0,n,27.17,0.0,1.0,12.0,0.0,20932.0,37.0,0,0.0,0.0,6252.16,6252.16,1233.3,1433.74,0.0,3585.12,645.3216,0.0,0.0,1.0,1,0.0,0.0,150565.0,1.0,2.0,1.0,2.0,4.0,129633.0,75.0,1.0,2.0,7323.0,71.0,31700.0,2.0,1.0,1.0,4.0,12547.0,8919.0,70.1,0.0,0.0,218.0,85.0,9.0,4.0,0.0,9.0,4.0,2.0,5.0,6.0,6.0,6.0,28.0,9.0,9.0,6.0,12.0,0.0,0.0,0.0,2.0,94.6,66.7,0.0,0.0,162570.0,150565.0,29800.0,130870.0,0,0
64542,9950.0,0.2565,399.04,1,70000.0,0,0,n,25.6,0.0,0.0,7.0,0.0,20788.0,9.0,0,9201.2,9201.2,2380.06,2380.06,748.8,1631.26,0.0,0.0,0.0,0.0,0.0,1.0,1,0.0,0.0,430682.0,3.0,2.0,2.0,2.0,3.0,18845.0,74.0,1.0,1.0,11859.0,77.0,25800.0,3.0,0.0,4.0,4.0,61526.0,4506.0,81.8,0.0,0.0,59.0,57.0,2.0,2.0,1.0,49.0,7.0,1.0,3.0,4.0,3.0,3.0,3.0,4.0,4.0,4.0,7.0,0.0,0.0,0.0,4.0,100.0,66.7,0.0,0.0,443991.0,39633.0,24800.0,25436.0,0,0
64565,2000.0,0.14300000000000002,68.65,1,29000.0,0,0,n,19.66,0.0,1.0,7.0,0.0,4359.0,15.0,0,0.0,0.0,410.31,410.31,277.04,133.27,0.0,0.0,0.0,68.65,0.0,1.0,1,0.0,0.0,24929.0,1.0,3.0,1.0,1.0,4.0,20570.0,100.0,0.0,0.0,1144.0,87.0,8300.0,2.0,0.0,1.0,1.0,3561.0,456.0,71.5,0.0,0.0,172.0,156.0,27.0,4.0,0.0,108.0,4.0,2.0,1.0,2.0,1.0,2.0,7.0,4.0,8.0,2.0,7.0,0.0,0.0,0.0,1.0,86.7,0.0,0.0,0.0,28786.0,24929.0,1600.0,20486.0,0,0
64579,26575.0,0.0819,541.27,1,98000.0,0,0,n,18.25,0.0,1.0,19.0,0.0,8346.0,47.0,0,0.0,0.0,0.0,0.0,0.0,0.0,0.0,0.0,0.0,0.0,0.0,1.0,1,0.0,0.0,221645.0,0.0,2.0,0.0,1.0,23.0,12374.0,29.0,1.0,2.0,3749.0,13.0,117000.0,5.0,22.0,7.0,5.0,12314.0,88367.0,6.8,0.0,0.0,130.0,187.0,9.0,9.0,2.0,9.0,0.0,0.0,3.0,6.0,11.0,15.0,16.0,16.0,29.0,6.0,19.0,0.0,0.0,0.0,1.0,100.0,0.0,0.0,0.0,365629.0,20720.0,94800.0,42433.0,0,0
64587,10625.0,0.1862,273.41,2,106800.0,0,0,n,30.71,0.0,1.0,21.0,0.0,23638.0,29.0,0,0.0,0.0,535.83,535.83,218.78,317.05,0.0,0.0,0.0,0.0,0.0,1.0,1,0.0,0.0,94704.0,1.0,3.0,1.0,3.0,6.0,71066.0,87.0,0.0,1.0,4414.0,80.0,34000.0,6.0,0.0,3.0,4.0,4510.0,6573.0,68.8,0.0,0.0,69.0,227.0,14.0,6.0,0.0,14.0,2.0,0.0,10.0,15.0,11.0,11.0,9.0,18.0,20.0,15.0,21.0,0.0,0.0,0.0,1.0,100.0,36.4,0.0,0.0,117484.0,94704.0,21100.0,83484.0,0,0
64589,26000.0,0.08810000000000001,537.33,2,108020.0,1,0,n,38.04,1.0,1.0,12.0,0.0,20517.0,30.0,0,23561.78,23561.78,4285.91,4285.91,2438.22,1847.69,0.0,0.0,0.0,537.33,0.0,1.0,1,0.0,0.0,224288.0,0.0,5.0,0.0,0.0,26.0,69195.0,41.0,1.0,1.0,5640.0,48.0,31500.0,0.0,8.0,3.0,1.0,18691.0,458.0,95.0,0.0,0.0,125.0,153.0,8.0,8.0,1.0,8.0,3.0,0.0,2.0,5.0,2.0,7.0,14.0,6.0,15.0,5.0,11.0,0.0,0.0,0.0,1.0,96.7,100.0,0.0,0.0,328135.0,89712.0,9100.0,136431.0,0,0
64616,8000.0,0.17739999999999995,288.18,1,56000.0,1,0,n,17.55,0.0,1.0,26.0,0.0,8669.0,48.0,0,6639.51,6639.51,2585.74,2585.74,1360.49,1225.25,0.0,0.0,0.0,288.18,0.0,1.0,1,0.0,0.0,99391.0,1.0,19.0,0.0,1.0,19.0,90722.0,108.0,1.0,3.0,4021.0,105.0,10200.0,0.0,0.0,3.0,4.0,3823.0,275.0,96.2,0.0,0.0,124.0,128.0,3.0,3.0,0.0,3.0,0.0,1.0,3.0,7.0,3.0,6.0,36.0,7.0,12.0,7.0,26.0,0.0,0.0,0.0,1.0,95.7,100.0,0.0,0.0,94275.0,99391.0,7300.0,84075.0,0,0
64667,12000.0,0.1308,404.79,2,45000.0,1,0,n,21.15,0.0,1.0,7.0,0.0,8025.0,20.0,0,9976.89,9976.89,3229.6,3229.6,2023.11,1206.49,0.0,0.0,0.0,0.0,0.0,1.0,1,0.0,0.0,11727.0,3.0,1.0,0.0,0.0,58.0,3702.0,24.0,3.0,3.0,3191.0,41.0,12700.0,0.0,0.0,2.0,3.0,1675.0,4401.0,61.7,0.0,0.0,62.0,46.0,2.0,2.0,0.0,27.0,6.0,0.0,3.0,6.0,3.0,7.0,2.0,6.0,18.0,6.0,7.0,0.0,0.0,0.0,3.0,100.0,66.7,0.0,0.0,28338.0,11727.0,11500.0,15638.0,0,0
64695,12000.0,0.17739999999999995,432.27,1,60000.0,1,0,n,25.94,0.0,1.0,8.0,0.0,10276.0,8.0,0,9560.94,9560.94,4310.88,4310.88,2439.06,1871.82,0.0,0.0,0.0,432.27,0.0,1.0,1,0.0,0.0,77092.0,1.0,5.0,1.0,1.0,6.0,66816.0,100.0,1.0,2.0,10262.0,77.0,17000.0,4.0,0.0,4.0,3.0,9637.0,6724.0,60.4,0.0,0.0,38.0,37.0,9.0,6.0,0.0,9.0,6.0,0.0,3.0,3.0,3.0,3.0,5.0,3.0,3.0,3.0,8.0,0.0,0.0,0.0,2.0,100.0,0.0,0.0,0.0,86305.0,77092.0,17000.0,69305.0,0,0
64703,14750.0,0.1612,519.45,2,31000.0,0,0,n,22.49,0.0,0.0,6.0,0.0,10449.0,16.0,0,14103.06,14103.06,1924.06,1924.06,646.94,1277.12,0.0,0.0,0.0,189.46,0.0,1.0,0,0.0,0.0,42164.0,0.0,2.0,0.0,1.0,16.0,31715.0,99.0,0.0,2.0,7066.0,88.0,15900.0,0.0,0.0,3.0,3.0,7027.0,5451.0,65.7,0.0,0.0,94.0,81.0,20.0,16.0,0.0,20.0,2.0,0.0,4.0,4.0,4.0,4.0,12.0,4.0,4.0,4.0,6.0,0.0,0.0,0.0,0.0,100.0,50.0,0.0,0.0,47793.0,42164.0,15900.0,31893.0,0,0
64742,12000.0,0.2565,481.26,1,40000.0,1,0,n,22.53,1.0,1.0,14.0,1.0,7410.0,53.0,1,11545.68,11545.68,2375.87,2375.87,454.32,1921.55,0.0,0.0,0.0,240.63,0.0,1.0,1,0.0,0.0,18201.0,3.0,2.0,2.0,2.0,1.0,10791.0,98.0,1.0,2.0,1537.0,71.0,14600.0,1.0,1.0,1.0,4.0,1300.0,2920.0,51.3,0.0,0.0,155.0,114.0,2.0,1.0,0.0,47.0,1.0,0.0,5.0,9.0,5.0,7.0,35.0,12.0,18.0,9.0,14.0,0.0,0.0,0.0,3.0,98.1,40.0,1.0,0.0,25616.0,18201.0,6000.0,11016.0,0,0
64744,9550.0,0.2565,383.0,1,85000.0,1,0,n,21.78,1.0,0.0,7.0,0.0,5038.0,28.0,0,7887.23,7887.23,3624.89,3624.89,1662.77,1962.12,0.0,0.0,0.0,0.0,0.0,1.0,1,0.0,0.0,123650.0,1.0,4.0,1.0,1.0,1.0,118612.0,86.0,0.0,0.0,3433.0,85.0,6500.0,0.0,5.0,1.0,1.0,17664.0,1462.0,77.5,0.0,0.0,196.0,131.0,25.0,1.0,0.0,25.0,3.0,0.0,3.0,3.0,3.0,3.0,23.0,3.0,5.0,3.0,7.0,0.0,0.0,0.0,1.0,84.6,66.7,0.0,0.0,111169.0,123650.0,6500.0,104669.0,0,0
64755,33000.0,0.28800000000000003,1043.47,2,127000.0,1,0,n,10.9,6.0,0.0,19.0,0.0,20136.0,34.0,0,0.0,0.0,4528.52,4528.52,0.0,0.0,0.0,4528.52,815.1336,0.0,0.0,1.0,1,0.0,0.0,294008.0,1.0,1.0,1.0,2.0,11.0,12879.0,75.0,2.0,3.0,7133.0,49.0,50700.0,0.0,0.0,3.0,5.0,18376.0,13103.0,47.8,0.0,0.0,80.0,103.0,3.0,3.0,2.0,3.0,5.0,3.0,4.0,9.0,11.0,13.0,7.0,17.0,24.0,9.0,19.0,0.0,0.0,1.0,3.0,83.3,25.0,0.0,0.0,367872.0,33015.0,25100.0,17172.0,0,0
64817,16825.0,0.124,377.68,2,25000.0,1,0,n,34.33,0.0,0.0,10.0,0.0,1909.0,17.0,0,0.0,0.0,0.0,0.0,0.0,0.0,0.0,0.0,0.0,0.0,0.0,1.0,0,0.0,0.0,158097.0,1.0,3.0,1.0,1.0,3.0,25773.0,65.0,0.0,1.0,1118.0,39.0,30600.0,0.0,0.0,1.0,2.0,15810.0,26191.0,6.8,0.0,0.0,33.0,312.0,20.0,3.0,4.0,128.0,3.0,0.0,4.0,4.0,4.0,5.0,3.0,5.0,9.0,4.0,10.0,0.0,0.0,0.0,1.0,100.0,0.0,0.0,0.0,225082.0,27682.0,28100.0,39552.0,0,0
64831,20000.0,0.1612,487.64,1,32000.0,0,0,n,36.91,0.0,0.0,10.0,0.0,2835.0,14.0,0,17919.96,17919.96,4370.85,4370.85,2080.04,2290.81,0.0,0.0,0.0,0.0,0.0,1.0,0,0.0,0.0,47206.0,1.0,2.0,1.0,4.0,1.0,44371.0,65.0,1.0,2.0,2835.0,29.0,24400.0,1.0,0.0,1.0,6.0,4721.0,15765.0,15.2,0.0,0.0,23.0,59.0,10.0,1.0,0.0,10.0,1.0,0.0,1.0,1.0,4.0,4.0,4.0,8.0,10.0,1.0,10.0,0.0,0.0,0.0,2.0,100.0,0.0,0.0,0.0,73934.0,47206.0,18600.0,49534.0,0,0
64893,15000.0,0.1102,491.23,3,40000.0,1,0,n,18.3,0.0,1.0,22.0,0.0,7253.0,36.0,0,11976.53,11976.53,4411.89,4411.89,3023.47,1388.42,0.0,0.0,0.0,491.23,0.0,1.0,1,0.0,0.0,46657.0,1.0,13.0,1.0,3.0,7.0,39404.0,99.0,2.0,6.0,5262.0,55.0,45400.0,1.0,1.0,3.0,9.0,2121.0,25337.0,22.0,0.0,0.0,158.0,115.0,4.0,4.0,0.0,4.0,4.0,2.0,4.0,5.0,5.0,14.0,16.0,9.0,20.0,5.0,22.0,0.0,0.0,0.0,3.0,94.4,20.0,0.0,0.0,85054.0,46657.0,32500.0,39654.0,0,0
64948,14400.0,0.1612,351.1,2,144000.0,0,0,n,29.02,1.0,0.0,14.0,0.0,147110.0,22.0,0,12818.17,12818.17,3849.2,3849.2,1581.83,2267.37,0.0,0.0,0.0,351.1,0.0,1.0,1,0.0,0.0,430417.0,0.0,3.0,0.0,1.0,14.0,48406.0,96.0,0.0,0.0,6179.0,94.0,179300.0,2.0,3.0,1.0,1.0,30744.0,2186.0,88.7,0.0,0.0,194.0,504.0,31.0,14.0,3.0,147.0,3.0,0.0,4.0,9.0,4.0,6.0,6.0,9.0,12.0,9.0,14.0,0.0,0.0,0.0,0.0,90.0,75.0,0.0,0.0,499389.0,227609.0,19300.0,50225.0,0,0
64954,20000.0,0.1033,428.2,2,127000.0,0,0,n,29.59,0.0,0.0,15.0,0.0,18020.0,50.0,0,18134.14,18134.14,3842.32,3842.32,1865.86,1976.46,0.0,0.0,0.0,428.2,0.0,1.0,1,0.0,0.0,323007.0,4.0,6.0,3.0,9.0,4.0,141466.0,93.0,3.0,6.0,8445.0,72.0,51400.0,1.0,1.0,3.0,15.0,21534.0,28851.0,36.9,0.0,0.0,156.0,243.0,6.0,4.0,1.0,6.0,7.0,0.0,5.0,6.0,6.0,12.0,31.0,8.0,18.0,7.0,15.0,0.0,0.0,0.0,6.0,100.0,0.0,0.0,0.0,402965.0,159486.0,45700.0,165965.0,0,0
64956,25000.0,0.2305,705.49,1,85000.0,1,0,n,13.13,0.0,2.0,11.0,0.0,27102.0,18.0,0,0.0,0.0,4200.93,4200.93,1418.29,2782.64,0.0,0.0,0.0,0.0,0.0,1.0,1,0.0,0.0,46205.0,2.0,2.0,0.0,0.0,172.0,19103.0,114.0,2.0,6.0,8568.0,104.0,27700.0,0.0,0.0,3.0,6.0,4621.0,0.0,101.7,0.0,0.0,286.0,73.0,3.0,3.0,0.0,19.0,3.0,2.0,5.0,6.0,6.0,8.0,6.0,9.0,12.0,6.0,11.0,0.0,0.0,0.0,2.0,88.2,80.0,0.0,0.0,44417.0,46205.0,25500.0,16717.0,0,0
64968,1200.0,0.16949999999999998,42.76,1,19000.0,1,0,n,5.28,0.0,1.0,5.0,0.0,950.0,8.0,0,983.02,983.02,340.95,340.95,216.98,123.97,0.0,0.0,0.0,0.0,0.0,1.0,1,0.0,0.0,7127.0,1.0,2.0,0.0,0.0,67.0,6177.0,107.0,2.0,3.0,445.0,100.0,1400.0,0.0,0.0,3.0,3.0,1425.0,55.0,89.0,0.0,0.0,114.0,67.0,1.0,1.0,0.0,14.0,1.0,1.0,1.0,3.0,1.0,1.0,4.0,3.0,4.0,3.0,5.0,0.0,0.0,0.0,2.0,87.5,100.0,0.0,0.0,7150.0,7127.0,500.0,5750.0,0,0
64978,21275.0,0.2055,570.19,2,55000.0,1,0,n,29.63,0.0,1.0,8.0,0.0,5279.0,17.0,0,0.0,0.0,5005.72,5005.72,806.48,1449.99,0.0,2749.25,494.865,570.19,0.0,1.0,1,0.0,0.0,80602.0,1.0,3.0,1.0,3.0,5.0,41869.0,88.0,1.0,1.0,2167.0,85.0,6800.0,2.0,1.0,1.0,4.0,10075.0,241.0,92.7,0.0,0.0,114.0,160.0,12.0,5.0,1.0,71.0,5.0,2.0,2.0,4.0,2.0,3.0,5.0,4.0,11.0,4.0,8.0,0.0,0.0,0.0,2.0,64.7,100.0,0.0,0.0,101119.0,47148.0,3300.0,53819.0,0,0
65003,15950.0,0.17739999999999995,402.78,1,110000.0,0,0,n,23.62,0.0,1.0,17.0,0.0,13881.0,50.0,0,15433.41,15433.41,2400.96,2400.96,516.59,1884.37,0.0,0.0,0.0,0.0,0.0,1.0,1,0.0,0.0,155026.0,3.0,5.0,2.0,4.0,5.0,141145.0,65.0,7.0,8.0,5000.0,41.0,62400.0,2.0,0.0,4.0,12.0,9119.0,18886.0,35.5,0.0,0.0,161.0,163.0,1.0,1.0,0.0,2.0,5.0,0.0,4.0,8.0,4.0,16.0,16.0,12.0,32.0,8.0,17.0,0.0,0.0,0.0,9.0,100.0,25.0,0.0,0.0,197600.0,155026.0,29300.0,135200.0,0,0
65045,15000.0,0.124,336.71,3,62000.0,0,0,n,13.9,0.0,0.0,18.0,0.0,14294.0,23.0,0,0.0,0.0,326.38,326.38,181.71,144.67,0.0,0.0,0.0,336.71,0.0,1.0,1,0.0,0.0,19030.0,1.0,1.0,0.0,1.0,17.0,4736.0,65.0,1.0,8.0,2743.0,32.0,52300.0,1.0,0.0,0.0,9.0,1057.0,24668.0,34.2,0.0,0.0,130.0,92.0,4.0,4.0,0.0,4.0,14.0,0.0,11.0,15.0,11.0,12.0,4.0,17.0,19.0,15.0,18.0,0.0,0.0,0.0,1.0,100.0,0.0,0.0,0.0,59600.0,19030.0,37500.0,7300.0,0,0
65083,19600.0,0.17739999999999995,494.95,1,75000.0,1,0,n,26.34,5.0,1.0,32.0,0.0,12859.0,50.0,0,18458.51,18458.51,4501.32,4501.32,1141.49,3359.83,0.0,0.0,0.0,494.95,0.0,1.0,1,0.0,0.0,91031.0,1.0,17.0,2.0,5.0,4.0,78172.0,75.0,0.0,1.0,3760.0,64.0,38000.0,1.0,4.0,6.0,6.0,2936.0,14566.0,46.4,0.0,0.0,165.0,172.0,16.0,4.0,0.0,43.0,2.0,0.0,7.0,8.0,9.0,10.0,30.0,15.0,19.0,8.0,32.0,0.0,0.0,0.0,2.0,86.0,12.5,0.0,0.0,142621.0,91031.0,27200.0,104621.0,0,0
65105,22500.0,0.16949999999999998,801.63,2,102000.0,0,0,n,69.84,0.0,2.0,16.0,0.0,88901.0,41.0,0,0.0,0.0,4329.86,4329.86,663.49,918.58,40.08,2707.71,487.3878,0.0,0.0,1.0,0,0.0,0.0,213096.0,1.0,6.0,2.0,2.0,9.0,124195.0,80.0,2.0,4.0,14341.0,84.0,99300.0,1.0,9.0,4.0,6.0,13319.0,10399.0,89.5,0.0,0.0,231.0,133.0,3.0,3.0,5.0,3.0,2.0,0.0,9.0,9.0,10.0,12.0,23.0,10.0,13.0,9.0,16.0,0.0,0.0,0.0,4.0,100.0,80.0,0.0,0.0,290125.0,213096.0,99300.0,190825.0,0,0
65149,33000.0,0.1033,706.53,2,69000.0,1,0,n,21.5,0.0,1.0,10.0,0.0,20142.0,45.0,0,0.0,0.0,2125.65,2125.65,1268.18,832.47,0.0,25.0,4.5,0.0,0.0,1.0,1,0.0,0.0,217393.0,3.0,2.0,1.0,3.0,9.0,119668.0,88.0,3.0,4.0,323.0,51.0,62200.0,0.0,2.0,5.0,7.0,21739.0,37877.0,0.8,0.0,0.0,162.0,111.0,1.0,1.0,1.0,1.0,2.0,0.0,1.0,3.0,4.0,16.0,24.0,7.0,20.0,3.0,10.0,0.0,0.0,0.0,4.0,97.7,0.0,0.0,0.0,268670.0,139810.0,38200.0,113879.0,0,0
65165,30000.0,0.16949999999999998,744.78,3,70000.0,1,0,n,34.34,0.0,2.0,21.0,0.0,6459.0,25.0,0,28859.7,28859.7,4440.43,4440.43,1140.3,3300.13,0.0,0.0,0.0,0.0,0.0,1.0,1,0.0,0.0,50667.0,2.0,3.0,1.0,3.0,12.0,44208.0,63.0,4.0,8.0,3477.0,52.0,26400.0,3.0,0.0,5.0,11.0,2533.0,14986.0,29.6,0.0,0.0,29.0,47.0,2.0,2.0,0.0,2.0,2.0,0.0,6.0,7.0,12.0,12.0,5.0,18.0,20.0,7.0,21.0,0.0,0.0,0.0,5.0,100.0,0.0,0.0,0.0,97055.0,50667.0,21300.0,70655.0,0,0
65206,16500.0,0.2055,617.84,1,39500.0,1,0,n,25.34,0.0,0.0,8.0,0.0,14147.0,12.0,0,0.0,0.0,878.25,878.25,194.0,684.25,0.0,0.0,0.0,279.25,0.0,1.0,1,0.0,0.0,25795.0,1.0,2.0,1.0,2.0,4.0,11648.0,91.0,0.0,0.0,5738.0,85.0,17400.0,3.0,2.0,0.0,2.0,3224.0,1333.0,85.7,0.0,0.0,55.0,82.0,37.0,4.0,0.0,44.0,17.0,0.0,3.0,5.0,3.0,3.0,5.0,6.0,7.0,5.0,8.0,0.0,0.0,0.0,1.0,100.0,66.7,0.0,0.0,30275.0,25795.0,9300.0,12875.0,0,0
65223,10000.0,0.2305,282.2,1,31000.0,0,0,n,22.92,0.0,0.0,8.0,0.0,12838.0,9.0,0,8909.47,8909.47,3091.39,3091.39,1090.53,2000.86,0.0,0.0,0.0,0.0,0.0,1.0,1,0.0,0.0,22352.0,2.0,1.0,0.0,0.0,33.0,9514.0,56.0,2.0,3.0,5074.0,72.0,14100.0,0.0,0.0,0.0,3.0,3193.0,0.0,101.7,0.0,0.0,33.0,106.0,1.0,1.0,0.0,36.0,19.0,0.0,2.0,6.0,3.0,3.0,1.0,7.0,8.0,6.0,8.0,0.0,0.0,0.0,2.0,100.0,100.0,0.0,0.0,30996.0,22352.0,8500.0,16896.0,0,0
65243,12000.0,0.16949999999999998,297.91,3,56000.0,0,0,n,24.41,0.0,0.0,10.0,0.0,26454.0,20.0,0,10483.38,10483.38,3265.71,3265.71,1516.62,1749.09,0.0,0.0,0.0,0.0,0.0,1.0,1,0.0,0.0,37742.0,0.0,3.0,0.0,2.0,16.0,11288.0,61.0,0.0,0.0,11066.0,75.0,32000.0,2.0,2.0,0.0,2.0,3774.0,3141.0,89.3,0.0,0.0,129.0,177.0,31.0,16.0,2.0,31.0,16.0,2.0,6.0,7.0,6.0,9.0,7.0,7.0,11.0,7.0,10.0,0.0,0.0,0.0,0.0,90.0,66.7,0.0,0.0,50413.0,37742.0,29300.0,18413.0,0,0
65263,11200.0,0.1524,389.57,1,120000.0,0,0,n,7.19,0.0,0.0,5.0,0.0,11179.0,5.0,0,9493.9,9493.9,3107.08,3107.08,1706.1,1400.98,0.0,0.0,0.0,389.57,0.0,1.0,1,0.0,0.0,18024.0,1.0,1.0,0.0,0.0,56.0,6845.0,37.0,1.0,2.0,4007.0,54.0,14700.0,0.0,1.0,0.0,2.0,3605.0,0.0,103.5,0.0,0.0,56.0,168.0,6.0,6.0,0.0,48.0,15.0,0.0,2.0,3.0,2.0,2.0,1.0,4.0,4.0,3.0,5.0,0.0,0.0,0.0,1.0,100.0,100.0,0.0,0.0,33363.0,18024.0,6700.0,18663.0,0,0
65271,14000.0,0.1033,299.74,3,40000.0,1,0,n,6.63,0.0,2.0,8.0,0.0,4959.0,11.0,0,13009.22,13009.22,2389.89,2389.89,990.78,1399.11,0.0,0.0,0.0,599.48,0.0,1.0,1,0.0,0.0,9660.0,2.0,1.0,1.0,1.0,10.0,4701.0,86.0,2.0,5.0,4298.0,17.0,52200.0,1.0,0.0,2.0,6.0,1208.0,47241.0,9.5,0.0,0.0,10.0,127.0,3.0,3.0,0.0,3.0,1.0,0.0,2.0,2.0,7.0,9.0,1.0,7.0,10.0,3.0,8.0,0.0,0.0,0.0,3.0,100.0,0.0,0.0,0.0,57700.0,9660.0,52200.0,5500.0,0,0
65285,11250.0,0.28800000000000003,355.73,1,80000.0,1,0,n,16.08,0.0,1.0,10.0,0.0,5434.0,18.0,0,0.0,0.0,1704.92,1704.92,689.13,1015.79,0.0,0.0,0.0,0.0,0.0,1.0,1,0.0,0.0,83237.0,1.0,5.0,2.0,8.0,2.0,77803.0,105.0,2.0,2.0,4997.0,71.0,25100.0,0.0,5.0,2.0,10.0,8324.0,6303.0,44.2,0.0,0.0,75.0,84.0,9.0,2.0,0.0,9.0,2.0,0.0,1.0,3.0,3.0,3.0,10.0,5.0,8.0,3.0,10.0,0.0,0.0,0.0,4.0,100.0,33.3,0.0,0.0,99866.0,83237.0,11300.0,74766.0,0,0
65317,4000.0,0.1524,139.14,3,43000.0,1,0,n,20.23,0.0,2.0,9.0,0.0,4976.0,17.0,0,0.0,0.0,831.45,831.45,547.15,284.3,0.0,0.0,0.0,0.0,0.0,1.0,1,0.0,0.0,27774.0,4.0,2.0,1.0,2.0,3.0,22798.0,101.0,3.0,4.0,2310.0,68.0,18200.0,2.0,0.0,5.0,6.0,3086.0,11954.0,26.2,0.0,0.0,115.0,112.0,2.0,2.0,0.0,2.0,3.0,0.0,5.0,6.0,5.0,7.0,5.0,7.0,12.0,6.0,9.0,0.0,0.0,0.0,4.0,94.1,0.0,0.0,0.0,40711.0,27774.0,16200.0,22511.0,0,0
65341,2200.0,0.2305,85.22,2,50000.0,0,0,n,30.96,0.0,0.0,11.0,1.0,9744.0,20.0,0,1777.5,1777.5,834.78,834.78,422.5,412.28,0.0,0.0,0.0,85.22,0.0,1.0,1,0.0,0.0,215065.0,0.0,4.0,1.0,3.0,8.0,20880.0,60.0,0.0,0.0,3564.0,67.0,10600.0,3.0,0.0,1.0,3.0,19551.0,0.0,100.6,0.0,0.0,162.0,74.0,31.0,8.0,2.0,51.0,8.0,0.0,4.0,5.0,4.0,5.0,9.0,6.0,9.0,5.0,11.0,0.0,0.0,0.0,1.0,100.0,100.0,1.0,0.0,245600.0,30624.0,8300.0,35000.0,0,0
65380,5000.0,0.17739999999999995,126.27,3,80000.0,1,0,n,4.95,0.0,1.0,5.0,0.0,2722.0,8.0,0,0.0,0.0,1036.56,1036.56,159.39,214.49,0.0,662.68,119.2824,0.0,0.0,1.0,1,0.0,0.0,7573.0,2.0,1.0,1.0,1.0,4.0,4851.0,97.0,5.0,5.0,1673.0,46.0,17200.0,0.0,0.0,2.0,6.0,1515.0,11978.0,26.5,0.0,0.0,4.0,174.0,3.0,3.0,0.0,3.0,0.0,0.0,3.0,3.0,3.0,4.0,1.0,4.0,7.0,3.0,5.0,0.0,0.0,0.0,6.0,100.0,0.0,0.0,0.0,22200.0,7573.0,14700.0,5000.0,0,0
65408,10000.0,0.1612,352.17,2,42000.0,1,0,n,17.49,0.0,1.0,14.0,0.0,7686.0,15.0,0,0.0,0.0,2595.49,2595.49,889.07,510.65,0.0,1195.77,215.2386,0.0,0.0,1.0,1,0.0,1842.0,15100.0,5.0,2.0,2.0,2.0,2.0,7414.0,44.0,4.0,7.0,4156.0,29.0,34700.0,0.0,2.0,1.0,9.0,1162.0,11243.0,27.5,0.0,0.0,57.0,48.0,2.0,2.0,0.0,2.0,3.0,0.0,2.0,3.0,5.0,5.0,3.0,12.0,12.0,3.0,14.0,0.0,0.0,0.0,6.0,100.0,0.0,0.0,0.0,51418.0,15100.0,15500.0,16718.0,0,0
65425,40000.0,0.2055,1497.78,1,47000.0,0,0,n,39.5,0.0,0.0,6.0,0.0,4218.0,26.0,0,36318.72,36318.72,8941.01,8941.01,3681.28,5259.73,0.0,0.0,0.0,1497.78,0.0,1.0,0,0.0,0.0,33704.0,0.0,3.0,0.0,0.0,28.0,29486.0,48.0,1.0,1.0,3757.0,47.0,10300.0,2.0,0.0,2.0,1.0,5617.0,82.0,98.1,0.0,0.0,95.0,85.0,8.0,8.0,0.0,26.0,7.0,0.0,2.0,2.0,2.0,9.0,8.0,3.0,18.0,2.0,6.0,0.0,0.0,0.0,1.0,92.3,100.0,0.0,0.0,72146.0,33704.0,4300.0,61846.0,0,0
65437,24000.0,0.08810000000000001,761.08,1,50000.0,0,0,n,19.42,0.0,1.0,11.0,1.0,8718.0,25.0,0,0.0,0.0,2271.49,2271.49,1174.05,1097.44,0.0,0.0,0.0,0.0,0.0,1.0,1,0.0,0.0,23960.0,2.0,1.0,1.0,2.0,4.0,15242.0,95.0,1.0,1.0,1059.0,47.0,34600.0,2.0,1.0,1.0,3.0,2178.0,10694.0,10.9,0.0,0.0,181.0,221.0,3.0,3.0,0.0,3.0,4.0,0.0,3.0,6.0,3.0,7.0,8.0,10.0,17.0,6.0,11.0,0.0,0.0,0.0,2.0,100.0,0.0,1.0,0.0,50600.0,23960.0,12000.0,16000.0,0,0
65466,13000.0,0.14300000000000002,446.21,1,59000.0,0,0,n,11.23,0.0,0.0,6.0,0.0,4143.0,7.0,0,10577.31,10577.31,3559.35,3559.35,2422.69,1136.66,0.0,0.0,0.0,446.21,0.0,1.0,1,0.0,5822.0,20568.0,0.0,1.0,1.0,1.0,11.0,16425.0,90.0,0.0,1.0,845.0,65.0,13400.0,6.0,0.0,12.0,2.0,3428.0,4644.0,25.1,0.0,0.0,56.0,55.0,24.0,11.0,0.0,24.0,3.0,0.0,2.0,4.0,3.0,3.0,2.0,5.0,5.0,4.0,6.0,0.0,0.0,0.0,1.0,100.0,0.0,0.0,0.0,31567.0,20568.0,6200.0,18167.0,0,0
65469,13475.0,0.2055,504.57,1,70000.0,1,0,n,24.7,0.0,0.0,17.0,0.0,19189.0,24.0,0,11148.62,11148.62,4212.11,4212.11,2326.38,1885.73,0.0,0.0,0.0,190.93,0.0,1.0,1,0.0,0.0,126688.0,0.0,8.0,1.0,1.0,7.0,107499.0,133.0,0.0,0.0,6737.0,99.0,37600.0,1.0,0.0,1.0,1.0,7452.0,11255.0,57.4,0.0,0.0,124.0,233.0,69.0,7.0,0.0,69.0,7.0,0.0,4.0,7.0,5.0,6.0,13.0,9.0,11.0,7.0,17.0,0.0,0.0,0.0,1.0,100.0,20.0,0.0,0.0,130724.0,126688.0,26400.0,93124.0,0,0
65500,28000.0,0.08810000000000001,887.92,2,48500.0,0,0,n,35.36,0.0,1.0,13.0,0.0,11306.0,19.0,0,0.0,0.0,0.0,0.0,0.0,0.0,0.0,0.0,0.0,0.0,0.0,1.0,1,0.0,0.0,119391.0,0.0,3.0,0.0,1.0,19.0,38486.0,70.0,2.0,4.0,4231.0,54.0,27400.0,1.0,0.0,4.0,5.0,10854.0,16094.0,41.3,0.0,0.0,94.0,116.0,7.0,7.0,1.0,7.0,0.0,0.0,7.0,7.0,9.0,10.0,7.0,9.0,10.0,7.0,13.0,0.0,0.0,0.0,2.0,100.0,0.0,0.0,0.0,160233.0,49792.0,27400.0,59497.0,0,0
65521,20000.0,0.14300000000000002,686.48,1,72000.0,1,0,n,26.3,0.0,0.0,12.0,0.0,26586.0,43.0,0,18154.75,18154.75,3416.51,3416.51,1845.25,1571.26,0.0,0.0,0.0,0.0,0.0,1.0,1,0.0,0.0,84187.0,0.0,2.0,2.0,5.0,7.0,57601.0,70.0,1.0,2.0,15219.0,47.0,64800.0,3.0,3.0,1.0,7.0,7016.0,19223.0,53.6,0.0,0.0,140.0,181.0,9.0,7.0,0.0,15.0,9.0,1.0,3.0,6.0,5.0,14.0,12.0,10.0,31.0,6.0,12.0,0.0,0.0,0.0,3.0,97.7,20.0,0.0,0.0,128903.0,84187.0,41400.0,64103.0,0,0
65523,5000.0,0.28800000000000003,208.99,2,100000.0,0,0,n,30.7,6.0,2.0,18.0,0.0,14112.0,37.0,0,3990.95,3990.95,2290.89,2290.89,1009.05,1281.84,0.0,0.0,0.0,208.99,0.0,1.0,0,0.0,0.0,269109.0,3.0,5.0,2.0,4.0,6.0,48802.0,75.0,4.0,4.0,5952.0,73.0,21000.0,4.0,0.0,3.0,8.0,14951.0,1370.0,87.8,0.0,0.0,91.0,348.0,3.0,3.0,2.0,6.0,6.0,0.0,6.0,11.0,6.0,12.0,11.0,12.0,24.0,11.0,18.0,0.0,0.0,0.0,6.0,75.0,66.7,0.0,0.0,420692.0,62914.0,11200.0,65315.0,0,0
65524,9000.0,0.2305,348.63,2,50000.0,0,0,n,26.31,0.0,1.0,9.0,0.0,9101.0,33.0,0,0.0,0.0,3230.26,3230.26,2361.19,869.07,0.0,0.0,0.0,0.0,0.0,1.0,1,0.0,0.0,144443.0,1.0,3.0,0.0,1.0,17.0,39137.0,91.0,1.0,4.0,4257.0,89.0,11500.0,1.0,1.0,1.0,5.0,16049.0,0.0,101.4,0.0,0.0,132.0,116.0,5.0,5.0,2.0,5.0,5.0,0.0,3.0,4.0,3.0,13.0,6.0,5.0,25.0,4.0,9.0,0.0,0.0,0.0,1.0,93.5,100.0,0.0,0.0,163048.0,48238.0,8000.0,42875.0,0,0
65527,22225.0,0.2565,891.33,2,65000.0,0,0,n,34.12,0.0,0.0,13.0,0.0,28071.0,18.0,0,19167.12,19167.12,7990.3,7990.3,3057.88,4932.42,0.0,0.0,0.0,0.0,0.0,1.0,1,0.0,0.0,180038.0,1.0,2.0,0.0,0.0,28.0,7050.0,20.0,1.0,1.0,9597.0,47.0,39300.0,2.0,0.0,2.0,1.0,13849.0,11229.0,71.4,0.0,0.0,74.0,78.0,5.0,5.0,3.0,5.0,1.0,1.0,8.0,8.0,9.0,9.0,4.0,9.0,9.0,8.0,13.0,0.0,0.0,0.0,1.0,94.1,33.3,0.0,0.0,232395.0,35121.0,39300.0,35520.0,0,0
65549,25000.0,0.1862,643.3,1,120000.0,1,0,n,21.37,0.0,0.0,9.0,0.0,13998.0,12.0,0,0.0,0.0,5078.16,5078.16,475.33,1165.96,0.0,3436.87,618.6366,0.0,0.0,1.0,1,0.0,0.0,198691.0,2.0,4.0,1.0,2.0,5.0,85631.0,53.0,1.0,1.0,8520.0,65.0,18100.0,0.0,1.0,0.0,4.0,22077.0,4102.0,77.3,0.0,0.0,163.0,57.0,6.0,5.0,1.0,6.0,18.0,0.0,4.0,4.0,4.0,4.0,7.0,4.0,4.0,4.0,9.0,0.0,0.0,0.0,2.0,100.0,75.0,0.0,0.0,221993.0,99629.0,18100.0,102916.0,0,0
65552,18000.0,0.124,601.31,2,72000.0,0,0,n,37.07,0.0,0.0,13.0,0.0,14449.0,17.0,0,0.0,0.0,1791.53,1791.53,1246.19,545.34,0.0,0.0,0.0,0.0,0.0,1.0,1,0.0,0.0,151396.0,0.0,5.0,1.0,3.0,12.0,44680.0,68.0,0.0,1.0,8140.0,72.0,16400.0,3.0,0.0,0.0,4.0,11646.0,287.0,97.9,0.0,0.0,53.0,215.0,16.0,12.0,3.0,42.0,15.0,1.0,4.0,6.0,4.0,4.0,7.0,7.0,7.0,6.0,13.0,0.0,0.0,0.0,1.0,93.8,100.0,0.0,0.0,182623.0,59129.0,13400.0,65523.0,0,0
65565,7000.0,0.0702,216.21,1,35000.0,0,0,n,34.33,0.0,1.0,11.0,0.0,4141.0,18.0,0,0.0,0.0,1510.74,1510.74,1154.63,356.11,0.0,0.0,0.0,216.21,0.0,1.0,1,0.0,0.0,14112.0,1.0,2.0,0.0,1.0,19.0,9971.0,26.0,1.0,2.0,2007.0,14.0,63900.0,1.0,0.0,1.0,3.0,1283.0,49919.0,4.7,0.0,0.0,65.0,137.0,5.0,5.0,0.0,5.0,5.0,0.0,2.0,3.0,7.0,9.0,2.0,9.0,16.0,3.0,11.0,0.0,0.0,0.0,1.0,100.0,0.0,0.0,0.0,102863.0,14112.0,52400.0,38963.0,0,0
65571,15000.0,0.2305,581.04,2,90000.0,1,0,n,31.07,0.0,0.0,16.0,0.0,59937.0,27.0,0,13102.21,13102.21,5060.51,5060.51,1897.79,3162.72,0.0,0.0,0.0,0.0,0.0,1.0,1,0.0,0.0,414787.0,0.0,3.0,0.0,0.0,32.0,38909.0,99.0,1.0,2.0,15059.0,96.0,64000.0,0.0,5.0,1.0,2.0,25924.0,406.0,98.9,0.0,0.0,203.0,255.0,11.0,11.0,2.0,39.0,11.0,0.0,7.0,12.0,7.0,7.0,6.0,12.0,19.0,12.0,16.0,0.0,0.0,0.0,1.0,100.0,100.0,0.0,0.0,447938.0,98846.0,36500.0,39368.0,0,0
65628,8000.0,0.17739999999999995,288.18,1,30000.0,0,0,n,19.56,0.0,0.0,9.0,0.0,7496.0,9.0,0,6684.52,6684.52,2585.74,2585.74,1315.48,1270.26,0.0,0.0,0.0,288.18,0.0,1.0,1,0.0,0.0,17836.0,1.0,3.0,1.0,1.0,11.0,10340.0,99.0,2.0,3.0,2567.0,70.0,15200.0,1.0,0.0,1.0,4.0,1982.0,2794.0,68.6,0.0,0.0,40.0,34.0,3.0,3.0,0.0,7.0,7.0,0.0,4.0,6.0,4.0,4.0,3.0,6.0,6.0,6.0,9.0,0.0,0.0,0.0,3.0,100.0,50.0,0.0,0.0,25630.0,17836.0,8900.0,10430.0,0,0
65737,24000.0,0.1171,793.83,1,69800.0,1,0,n,12.69,0.0,0.0,10.0,0.0,24364.0,26.0,0,0.0,0.0,3210.7,3210.7,562.66,418.56,0.0,2229.48,401.3064,200.0,0.0,1.0,1,0.0,0.0,28868.0,2.0,1.0,0.0,1.0,17.0,4504.0,71.0,2.0,3.0,8693.0,66.0,37500.0,0.0,4.0,1.0,4.0,2887.0,9458.0,63.1,0.0,0.0,123.0,139.0,1.0,1.0,0.0,1.0,4.0,0.0,4.0,7.0,5.0,7.0,9.0,9.0,17.0,7.0,10.0,0.0,0.0,0.0,2.0,100.0,20.0,0.0,0.0,43849.0,28868.0,25600.0,6349.0,0,0
65778,10000.0,0.17739999999999995,360.23,1,65000.0,0,0,n,21.47,0.0,0.0,6.0,0.0,4791.0,7.0,0,0.0,0.0,1791.3,1791.3,488.03,1303.27,0.0,0.0,0.0,180.12,0.0,1.0,1,0.0,0.0,45959.0,2.0,3.0,1.0,2.0,2.0,41168.0,89.0,1.0,1.0,2227.0,85.0,7900.0,1.0,0.0,0.0,3.0,7660.0,2113.0,64.2,0.0,0.0,36.0,41.0,1.0,1.0,0.0,37.0,18.0,0.0,2.0,3.0,2.0,2.0,4.0,3.0,3.0,3.0,6.0,0.0,0.0,0.0,2.0,100.0,50.0,0.0,0.0,54210.0,45959.0,5900.0,46310.0,0,0
65785,30000.0,0.1171,992.28,1,75000.0,0,0,n,23.73,0.0,2.0,8.0,0.0,1660.0,18.0,0,25654.11,25654.11,7445.32,7445.32,4345.89,3099.43,0.0,0.0,0.0,992.28,0.0,1.0,1,0.0,435.0,28856.0,2.0,2.0,1.0,2.0,6.0,27196.0,54.0,2.0,2.0,872.0,47.0,11800.0,2.0,1.0,2.0,4.0,3607.0,6000.0,18.9,0.0,0.0,130.0,163.0,3.0,3.0,0.0,8.0,3.0,3.0,4.0,6.0,4.0,8.0,5.0,6.0,13.0,6.0,8.0,0.0,0.0,0.0,3.0,82.4,0.0,0.0,0.0,61863.0,28856.0,7400.0,50063.0,0,0
65812,8000.0,0.28800000000000003,252.97,1,61000.0,1,0,n,24.4,0.0,1.0,12.0,1.0,3320.0,17.0,0,0.0,0.0,2105.74,2105.74,252.8,746.28,0.0,1106.66,199.1988,252.97,0.0,1.0,1,0.0,0.0,40958.0,2.0,4.0,2.0,5.0,2.0,37638.0,76.0,4.0,5.0,1295.0,69.0,9800.0,2.0,0.0,3.0,10.0,3723.0,4365.0,27.3,0.0,0.0,125.0,187.0,0.0,0.0,0.0,0.0,2.0,2.0,2.0,3.0,4.0,4.0,7.0,8.0,10.0,3.0,12.0,0.0,0.0,0.0,6.0,81.3,0.0,1.0,0.0,59516.0,40958.0,6000.0,49716.0,0,0
65842,8500.0,0.1102,278.36,1,55000.0,0,0,n,6.11,0.0,3.0,10.0,1.0,554.0,28.0,0,6641.31,6641.31,2637.58,2637.58,1858.69,778.89,0.0,0.0,0.0,278.36,0.0,1.0,1,0.0,0.0,72737.0,1.0,3.0,2.0,2.0,2.0,72183.0,121.0,2.0,7.0,128.0,69.0,19300.0,2.0,1.0,5.0,9.0,7274.0,13430.0,1.3,0.0,0.0,175.0,36.0,7.0,2.0,0.0,14.0,1.0,0.0,2.0,3.0,3.0,4.0,19.0,7.0,9.0,3.0,10.0,0.0,0.0,0.0,4.0,100.0,0.0,1.0,0.0,81283.0,72737.0,13600.0,61983.0,0,0
65853,30000.0,0.2055,804.03,1,125000.0,1,0,n,12.96,0.0,3.0,6.0,0.0,10655.0,16.0,0,0.0,0.0,4971.38,4971.38,1227.05,3744.33,0.0,0.0,0.0,492.74,0.0,1.0,1,0.0,0.0,64850.0,2.0,3.0,2.0,6.0,2.0,54195.0,87.0,1.0,1.0,5628.0,74.0,25100.0,4.0,5.0,4.0,7.0,10808.0,14445.0,42.5,0.0,0.0,117.0,192.0,8.0,2.0,2.0,8.0,1.0,0.0,3.0,3.0,3.0,3.0,9.0,3.0,5.0,3.0,6.0,0.0,0.0,0.0,3.0,100.0,33.3,0.0,0.0,87328.0,64850.0,25100.0,62228.0,0,0
65898,8550.0,0.124,285.62,2,48000.0,1,0,n,35.75,0.0,1.0,15.0,1.0,20977.0,31.0,0,6881.92,6881.92,2279.07,2279.07,1668.08,610.99,0.0,0.0,0.0,0.0,0.0,1.0,1,0.0,0.0,155904.0,1.0,2.0,2.0,2.0,11.0,27902.0,77.0,4.0,5.0,1150.0,60.0,45600.0,2.0,2.0,8.0,8.0,10394.0,22007.0,9.1,0.0,0.0,111.0,217.0,5.0,5.0,2.0,8.0,6.0,0.0,5.0,8.0,8.0,15.0,7.0,11.0,21.0,8.0,14.0,0.0,0.0,0.0,6.0,100.0,0.0,1.0,0.0,215195.0,48879.0,24200.0,36150.0,0,0
65920,21000.0,0.17739999999999995,756.47,1,42000.0,0,0,n,29.49,0.0,0.0,10.0,0.0,20773.0,14.0,0,0.0,0.0,2366.21,2366.21,0.0,0.0,0.0,2366.21,425.9178,0.0,0.0,1.0,1,0.0,0.0,34904.0,3.0,1.0,0.0,0.0,41.0,14131.0,50.0,3.0,6.0,8208.0,63.0,26700.0,0.0,0.0,1.0,6.0,3490.0,4379.0,79.1,1.0,0.0,41.0,101.0,1.0,1.0,0.0,1.0,7.0,1.0,5.0,7.0,6.0,7.0,1.0,9.0,13.0,7.0,10.0,0.0,0.0,0.0,3.0,78.6,66.7,0.0,0.0,55141.0,34904.0,21000.0,28441.0,0,0
65927,6500.0,0.2055,243.39,3,45000.0,1,0,n,34.45,0.0,1.0,14.0,0.0,8461.0,25.0,0,0.0,0.0,479.36,479.36,277.74,201.62,0.0,0.0,0.0,0.0,0.0,1.0,1,0.0,0.0,28806.0,2.0,5.0,0.0,1.0,22.0,20345.0,69.0,2.0,5.0,1340.0,72.0,10400.0,4.0,0.0,4.0,6.0,2058.0,1040.0,84.2,0.0,0.0,76.0,85.0,3.0,3.0,0.0,6.0,3.0,0.0,7.0,9.0,7.0,13.0,6.0,9.0,19.0,9.0,14.0,0.0,0.0,0.0,2.0,100.0,85.7,0.0,0.0,39830.0,28806.0,6600.0,29430.0,0,0
65971,5000.0,0.17739999999999995,180.12,2,100000.0,0,0,n,8.4,0.0,3.0,6.0,0.0,6072.0,7.0,0,0.0,0.0,631.71,631.71,0.0,0.0,0.0,631.71,113.7078,0.0,0.0,1.0,1,0.0,3525.0,33496.0,1.0,1.0,0.0,1.0,20.0,27424.0,82.0,2.0,5.0,2803.0,73.0,12300.0,1.0,1.0,3.0,6.0,5583.0,530.0,87.7,0.0,0.0,95.0,22.0,6.0,6.0,0.0,6.0,1.0,0.0,3.0,4.0,3.0,3.0,2.0,5.0,5.0,4.0,6.0,0.0,0.0,0.0,2.0,100.0,66.7,0.0,0.0,45846.0,33496.0,4300.0,33546.0,0,0
65975,19125.0,0.1033,409.47,2,90000.0,1,0,n,33.36,0.0,0.0,24.0,0.0,28657.0,39.0,0,18633.22,18633.22,1538.26,1538.26,491.78,1046.48,0.0,0.0,0.0,204.74,0.0,1.0,1,0.0,0.0,159375.0,0.0,3.0,0.0,1.0,17.0,62192.0,59.0,0.0,0.0,6393.0,36.0,84700.0,1.0,1.0,2.0,1.0,6641.0,38104.0,41.1,0.0,0.0,115.0,133.0,36.0,17.0,2.0,36.0,0.0,0.0,13.0,15.0,14.0,17.0,10.0,20.0,27.0,15.0,24.0,0.0,0.0,0.0,0.0,100.0,7.1,0.0,0.0,259228.0,90849.0,64700.0,88932.0,0,0
66009,15000.0,0.2565,446.01,1,115000.0,1,0,n,31.79,0.0,0.0,17.0,0.0,22436.0,30.0,0,0.0,0.0,3100.69,3100.69,899.62,2201.07,0.0,0.0,0.0,0.0,0.0,1.0,1,0.0,0.0,120132.0,1.0,6.0,2.0,5.0,7.0,97696.0,76.0,1.0,3.0,7408.0,75.0,30800.0,2.0,4.0,1.0,8.0,7067.0,986.0,94.2,0.0,0.0,139.0,108.0,5.0,5.0,1.0,5.0,7.0,0.0,5.0,8.0,6.0,6.0,16.0,11.0,13.0,8.0,17.0,0.0,0.0,0.0,3.0,96.7,83.3,0.0,0.0,161485.0,120132.0,17100.0,130685.0,0,0
66040,40000.0,0.0819,814.7,1,120000.0,1,0,n,14.87,0.0,2.0,15.0,0.0,18135.0,33.0,0,38912.91,38912.91,3771.78,3771.78,1087.09,2684.69,0.0,0.0,0.0,407.35,0.0,1.0,1,0.0,0.0,93774.0,2.0,1.0,2.0,2.0,2.0,10486.0,100.0,0.0,1.0,6942.0,37.0,63700.0,5.0,1.0,8.0,5.0,6698.0,25202.0,25.2,0.0,0.0,115.0,265.0,18.0,2.0,3.0,18.0,0.0,0.0,2.0,3.0,5.0,9.0,9.0,11.0,19.0,3.0,15.0,0.0,0.0,0.0,3.0,100.0,0.0,0.0,0.0,164258.0,53399.0,33700.0,10474.0,0,0
66063,14400.0,0.1524,344.4,1,90000.0,1,0,n,21.44,0.0,0.0,10.0,0.0,20799.0,19.0,0,0.0,0.0,676.61,676.61,325.09,351.52,0.0,0.0,0.0,0.0,0.0,1.0,1,0.0,87.0,52054.0,0.0,7.0,0.0,1.0,13.0,31255.0,50.0,0.0,0.0,14666.0,60.0,24100.0,1.0,0.0,0.0,1.0,5205.0,834.0,94.6,0.0,0.0,171.0,192.0,93.0,13.0,0.0,192.0,13.0,5.0,1.0,2.0,1.0,1.0,15.0,3.0,4.0,2.0,10.0,0.0,0.0,0.0,0.0,52.6,100.0,0.0,0.0,86866.0,52054.0,15500.0,62766.0,0,0
66096,10625.0,0.17739999999999995,382.74,1,124000.0,0,0,n,7.51,0.0,0.0,11.0,0.0,9432.0,15.0,0,8958.57,8958.57,3434.19,3434.19,1666.43,1767.76,0.0,0.0,0.0,382.74,0.0,1.0,1,0.0,0.0,24824.0,2.0,3.0,0.0,0.0,28.0,15392.0,76.0,2.0,7.0,739.0,72.0,14500.0,1.0,1.0,3.0,7.0,2257.0,842.0,66.3,0.0,0.0,244.0,52.0,2.0,2.0,0.0,2.0,8.0,2.0,4.0,8.0,4.0,4.0,5.0,8.0,10.0,8.0,11.0,0.0,0.0,0.0,2.0,86.7,25.0,0.0,0.0,34683.0,24824.0,2500.0,20183.0,0,0
66132,8800.0,0.1524,306.1,2,55848.0,0,0,n,24.32,0.0,0.0,6.0,0.0,3285.0,11.0,0,6521.21,6521.21,3359.65,3359.65,2278.79,1080.86,0.0,0.0,0.0,0.0,0.0,1.0,1,0.0,0.0,169863.0,0.0,2.0,2.0,2.0,8.0,58013.0,89.0,0.0,0.0,1943.0,91.0,3500.0,2.0,4.0,5.0,3.0,33973.0,215.0,93.9,0.0,0.0,65.0,98.0,37.0,8.0,1.0,37.0,1.0,0.0,2.0,2.0,2.0,3.0,6.0,3.0,4.0,2.0,6.0,0.0,0.0,0.0,2.0,90.0,100.0,0.0,0.0,176128.0,61298.0,3500.0,62306.0,0,0
66156,32000.0,0.2565,1283.35,2,56000.0,0,0,n,39.56,0.0,0.0,13.0,0.0,18316.0,26.0,0,0.0,0.0,2521.1,2521.1,1211.51,1309.59,0.0,0.0,0.0,0.0,0.0,1.0,0,0.0,0.0,166731.0,1.0,5.0,1.0,2.0,4.0,75052.0,108.0,0.0,1.0,9799.0,75.0,40600.0,0.0,6.0,0.0,5.0,12825.0,5612.0,76.5,0.0,0.0,139.0,447.0,23.0,4.0,4.0,23.0,23.0,0.0,2.0,3.0,4.0,7.0,12.0,6.0,10.0,3.0,13.0,0.0,0.0,0.0,1.0,100.0,50.0,0.0,0.0,235685.0,93368.0,23900.0,116585.0,0,0
66161,40000.0,0.1102,870.1,2,95000.0,0,0,n,25.39,0.0,3.0,52.0,0.0,54774.0,93.0,0,0.0,0.0,845.61,845.61,221.15,624.46,0.0,0.0,0.0,0.0,0.0,1.0,1,0.0,0.0,148504.0,8.0,1.0,0.0,2.0,17.0,5642.0,58.0,11.0,18.0,6222.0,11.0,315900.0,0.0,4.0,4.0,20.0,3031.0,171076.0,10.2,0.0,0.0,138.0,371.0,2.0,2.0,1.0,3.0,0.0,0.0,23.0,32.0,29.0,45.0,5.0,50.0,87.0,32.0,52.0,0.0,0.0,0.0,11.0,100.0,3.6,0.0,0.0,478116.0,60416.0,190600.0,9684.0,0,0
66162,24000.0,0.124,538.74,2,87500.0,0,0,n,9.92,2.0,1.0,20.0,1.0,13835.0,36.0,0,0.0,0.0,1060.95,1060.95,709.33,351.62,0.0,0.0,0.0,0.0,0.0,1.0,1,0.0,0.0,298869.0,1.0,3.0,0.0,1.0,20.0,32925.0,90.0,4.0,7.0,2153.0,73.0,27400.0,5.0,0.0,14.0,8.0,14943.0,6929.0,34.0,0.0,0.0,196.0,64.0,5.0,5.0,1.0,7.0,1.0,1.0,2.0,5.0,4.0,5.0,15.0,14.0,19.0,5.0,20.0,0.0,0.0,2.0,4.0,93.8,0.0,1.0,0.0,426760.0,46760.0,10500.0,36582.0,0,0
66196,24300.0,0.28800000000000003,768.38,1,70000.0,0,0,n,34.53,0.0,0.0,7.0,0.0,30043.0,33.0,1,0.0,0.0,2073.52,2073.52,315.08,1758.44,0.0,0.0,0.0,575.64,0.0,1.0,1,0.0,0.0,72839.0,0.0,2.0,1.0,3.0,9.0,42796.0,81.0,2.0,2.0,15900.0,66.0,57700.0,1.0,0.0,3.0,5.0,10406.0,17657.0,63.0,0.0,0.0,127.0,272.0,11.0,9.0,0.0,12.0,9.0,0.0,3.0,3.0,3.0,11.0,10.0,5.0,23.0,3.0,7.0,0.0,0.0,0.0,3.0,100.0,0.0,0.0,0.0,110568.0,72839.0,47700.0,52868.0,0,0
66208,27625.0,0.1612,972.86,1,70000.0,1,0,n,17.76,0.0,0.0,10.0,0.0,22245.0,10.0,1,22578.36,21965.37,7758.14,7547.51,5046.64,2711.5,0.0,0.0,0.0,0.0,0.0,1.0,0,0.0,0.0,41043.0,1.0,2.0,0.0,0.0,34.0,18798.0,72.0,2.0,5.0,8446.0,65.0,37500.0,0.0,1.0,0.0,5.0,4104.0,15255.0,59.3,0.0,0.0,58.0,69.0,4.0,4.0,0.0,4.0,18.0,0.0,6.0,6.0,8.0,8.0,2.0,8.0,8.0,6.0,10.0,0.0,0.0,0.0,2.0,100.0,25.0,0.0,0.0,63644.0,41043.0,37500.0,26144.0,0,0
66216,19725.0,0.14300000000000002,462.04,1,80000.0,0,0,n,31.61,0.0,1.0,8.0,0.0,223.0,25.0,0,0.0,0.0,1832.49,1832.49,921.53,910.96,0.0,0.0,0.0,0.0,0.0,1.0,1,0.0,0.0,53403.0,2.0,4.0,1.0,1.0,2.0,53180.0,59.0,1.0,1.0,223.0,47.0,24200.0,1.0,2.0,1.0,2.0,6675.0,9377.0,2.3,0.0,0.0,108.0,119.0,6.0,2.0,0.0,60.0,2.0,0.0,1.0,1.0,1.0,6.0,10.0,4.0,15.0,1.0,8.0,0.0,0.0,0.0,2.0,100.0,0.0,0.0,0.0,114684.0,53403.0,9600.0,90484.0,0,0
66251,13000.0,0.1171,287.28,1,82000.0,0,0,n,30.38,0.0,1.0,17.0,0.0,8861.0,44.0,0,0.0,0.0,853.38,853.38,322.41,530.97,0.0,0.0,0.0,287.28,0.0,1.0,1,0.0,0.0,106187.0,1.0,4.0,2.0,7.0,2.0,97326.0,88.0,0.0,1.0,4092.0,51.0,64700.0,3.0,1.0,2.0,8.0,6246.0,46197.0,14.8,0.0,0.0,154.0,457.0,14.0,2.0,0.0,14.0,1.0,0.0,4.0,5.0,8.0,15.0,19.0,13.0,25.0,5.0,17.0,0.0,0.0,0.0,2.0,100.0,0.0,0.0,0.0,175592.0,106187.0,54200.0,110892.0,0,0
66261,10000.0,0.1862,257.32,2,90000.0,0,0,n,4.44,0.0,2.0,6.0,0.0,10337.0,17.0,0,0.0,0.0,1275.11,1275.11,0.0,0.0,0.0,1275.11,229.5198,257.32,0.0,1.0,1,0.0,0.0,12255.0,3.0,1.0,3.0,4.0,1.0,1918.0,100.0,0.0,1.0,2489.0,69.0,15800.0,3.0,12.0,6.0,5.0,2043.0,3012.0,62.4,0.0,0.0,78.0,63.0,20.0,1.0,0.0,39.0,1.0,0.0,3.0,5.0,3.0,3.0,12.0,5.0,5.0,5.0,6.0,0.0,0.0,0.0,3.0,100.0,33.3,0.0,0.0,17715.0,12255.0,8000.0,1915.0,0,0
66295,17000.0,0.1171,562.3,2,100000.0,1,0,n,21.4,0.0,0.0,10.0,0.0,10885.0,22.0,0,0.0,0.0,1675.84,1675.84,814.32,861.52,0.0,0.0,0.0,0.0,0.0,1.0,1,0.0,0.0,320987.0,1.0,5.0,2.0,3.0,6.0,62711.0,81.0,1.0,1.0,4905.0,79.0,16100.0,1.0,5.0,5.0,5.0,32099.0,87.0,98.9,0.0,0.0,119.0,58.0,8.0,6.0,3.0,8.0,7.0,0.0,2.0,3.0,2.0,6.0,9.0,4.0,10.0,3.0,10.0,0.0,0.0,0.0,3.0,100.0,100.0,0.0,0.0,345425.0,73596.0,8000.0,77575.0,0,0
66346,20000.0,0.17739999999999995,720.45,1,120000.0,0,0,n,29.71,0.0,0.0,11.0,0.0,26828.0,14.0,1,18134.16,18134.16,3742.68,3742.68,1865.84,1876.84,0.0,0.0,0.0,400.0,0.0,1.0,1,0.0,147.0,78788.0,1.0,3.0,1.0,2.0,8.0,51960.0,71.0,2.0,3.0,12483.0,72.0,36200.0,0.0,0.0,1.0,5.0,7163.0,5157.0,82.4,0.0,0.0,44.0,135.0,3.0,3.0,0.0,10.0,8.0,0.0,6.0,8.0,6.0,6.0,5.0,8.0,9.0,8.0,11.0,0.0,0.0,0.0,3.0,100.0,66.7,0.0,0.0,109664.0,78788.0,29300.0,73464.0,0,0
66375,4200.0,0.2055,157.27,1,78000.0,1,0,n,10.31,0.0,2.0,9.0,2.0,6528.0,20.0,0,0.0,0.0,1904.62,1904.62,719.71,533.65,0.0,651.26,117.2268,157.27,0.0,1.0,1,0.0,0.0,15331.0,3.0,1.0,2.0,4.0,4.0,8803.0,51.0,2.0,4.0,598.0,47.0,15400.0,2.0,0.0,3.0,8.0,1703.0,4453.0,14.4,0.0,0.0,90.0,76.0,5.0,4.0,0.0,11.0,5.0,0.0,2.0,3.0,5.0,8.0,6.0,8.0,13.0,3.0,9.0,0.0,0.0,0.0,4.0,86.7,0.0,2.0,0.0,32585.0,15331.0,5200.0,17185.0,0,0
66379,15000.0,0.124,336.71,2,128594.0,1,0,n,13.72,0.0,0.0,30.0,1.0,10353.0,47.0,0,0.0,0.0,0.0,0.0,0.0,0.0,0.0,0.0,0.0,0.0,0.0,1.0,1,0.0,0.0,481965.0,3.0,6.0,4.0,5.0,9.0,116929.0,96.0,5.0,9.0,4394.0,53.0,81200.0,2.0,0.0,4.0,14.0,16619.0,57452.0,14.6,0.0,0.0,55.0,113.0,1.0,1.0,1.0,3.0,9.0,0.0,6.0,8.0,15.0,22.0,10.0,22.0,36.0,8.0,30.0,0.0,0.0,0.0,9.0,100.0,0.0,1.0,0.0,581404.0,127282.0,67300.0,122000.0,0,0
66409,20000.0,0.124,668.12,2,87640.0,0,0,n,22.91,0.0,0.0,11.0,0.0,31135.0,21.0,1,0.0,0.0,3035.06,3035.06,1789.37,1245.69,0.0,0.0,0.0,0.0,0.0,1.0,1,0.0,0.0,149385.0,0.0,4.0,1.0,1.0,10.0,22538.0,50.0,1.0,1.0,13805.0,44.0,75500.0,1.0,0.0,3.0,2.0,13580.0,44365.0,41.2,0.0,0.0,117.0,170.0,8.0,8.0,4.0,8.0,10.0,0.0,6.0,6.0,6.0,10.0,6.0,6.0,11.0,6.0,11.0,0.0,0.0,0.0,2.0,100.0,0.0,0.0,0.0,235725.0,53673.0,75500.0,45535.0,0,0
66425,6000.0,0.28800000000000003,189.73,1,50400.0,1,0,n,22.4,0.0,2.0,10.0,0.0,3786.0,10.0,0,0.0,0.0,1128.78,1128.78,291.38,837.4,0.0,0.0,0.0,0.0,1.0,1.0,1,0.0,1717.0,28029.0,5.0,2.0,1.0,1.0,6.0,24243.0,66.0,6.0,7.0,750.0,57.0,12700.0,1.0,0.0,2.0,8.0,2803.0,4355.0,30.9,0.0,0.0,54.0,30.0,4.0,4.0,0.0,4.0,4.0,0.0,6.0,8.0,6.0,6.0,2.0,8.0,8.0,8.0,10.0,0.0,0.0,0.0,7.0,100.0,16.7,0.0,0.0,49242.0,28029.0,6300.0,36542.0,0,0
66430,12750.0,0.16949999999999998,454.26,1,80000.0,0,0,n,25.44,0.0,0.0,23.0,0.0,31194.0,49.0,0,0.0,0.0,2562.66,2562.66,552.21,344.3,0.0,1666.15,299.907,0.0,0.0,1.0,1,0.0,0.0,47489.0,2.0,2.0,1.0,5.0,9.0,16295.0,64.0,3.0,6.0,5508.0,59.0,55100.0,1.0,0.0,0.0,12.0,2065.0,10524.0,72.8,0.0,0.0,158.0,142.0,2.0,2.0,0.0,11.0,16.0,0.0,10.0,15.0,12.0,14.0,21.0,21.0,27.0,15.0,23.0,0.0,0.0,0.0,5.0,100.0,41.7,0.0,0.0,80425.0,47489.0,38700.0,25325.0,0,0
66446,9750.0,0.2055,365.09,3,84000.0,0,0,n,25.72,1.0,0.0,17.0,0.0,7014.0,29.0,0,7480.35,7480.35,4004.86,4004.86,2269.65,1735.21,0.0,0.0,0.0,0.0,0.0,1.0,1,0.0,9294.0,237769.0,0.0,4.0,1.0,3.0,10.0,58981.0,73.0,1.0,1.0,2436.0,55.0,25200.0,2.0,0.0,1.0,5.0,13986.0,8564.0,22.1,0.0,0.0,94.0,151.0,12.0,10.0,1.0,12.0,10.0,1.0,1.0,2.0,4.0,5.0,12.0,11.0,15.0,2.0,17.0,0.0,0.0,0.0,3.0,82.8,25.0,0.0,0.0,282546.0,69249.0,11000.0,74164.0,0,0
66486,10000.0,0.2305,387.36,2,30000.0,0,0,n,14.15,0.0,0.0,7.0,1.0,8049.0,14.0,0,0.0,0.0,1536.63,1536.63,430.99,1105.64,0.0,0.0,0.0,387.36,0.0,1.0,1,0.0,0.0,10517.0,3.0,1.0,1.0,1.0,5.0,2468.0,94.0,3.0,6.0,3817.0,60.0,14900.0,1.0,0.0,1.0,7.0,1502.0,2441.0,72.6,0.0,0.0,5.0,88.0,6.0,5.0,0.0,6.0,4.0,0.0,3.0,5.0,3.0,6.0,1.0,6.0,13.0,5.0,7.0,0.0,0.0,0.0,4.0,100.0,66.7,1.0,0.0,17539.0,10517.0,8900.0,2639.0,0,0
66502,15000.0,0.1524,358.75,1,65000.0,1,0,n,33.47,0.0,2.0,12.0,1.0,19674.0,24.0,0,0.0,0.0,2498.55,2498.55,1209.89,1288.66,0.0,0.0,0.0,0.0,0.0,1.0,1,0.0,0.0,89881.0,2.0,4.0,3.0,5.0,9.0,70207.0,84.0,3.0,5.0,4817.0,70.0,44300.0,4.0,4.0,10.0,10.0,7490.0,12416.0,53.1,0.0,0.0,102.0,95.0,3.0,3.0,0.0,5.0,1.0,0.0,3.0,5.0,4.0,7.0,11.0,8.0,13.0,5.0,12.0,0.0,0.0,0.0,6.0,100.0,25.0,1.0,0.0,127824.0,89881.0,26500.0,83524.0,0,0
66514,10625.0,0.2305,411.57,1,40000.0,0,0,n,27.75,0.0,0.0,6.0,0.0,5030.0,14.0,0,8607.58,8607.58,3690.52,3690.52,2017.42,1673.1,0.0,0.0,0.0,0.0,0.0,1.0,1,0.0,0.0,22241.0,0.0,3.0,2.0,3.0,8.0,17211.0,59.0,0.0,1.0,3015.0,61.0,7000.0,1.0,5.0,1.0,4.0,3707.0,285.0,91.4,0.0,0.0,56.0,149.0,13.0,8.0,0.0,108.0,11.0,0.0,1.0,3.0,1.0,3.0,9.0,3.0,5.0,3.0,6.0,0.0,0.0,0.0,2.0,100.0,100.0,0.0,0.0,36421.0,22241.0,3300.0,29421.0,0,0
66551,7125.0,0.2305,201.07,1,20160.0,0,0,n,20.6,0.0,1.0,12.0,0.0,6854.0,20.0,0,0.0,0.0,1398.37,1398.37,476.22,922.15,0.0,0.0,0.0,0.0,0.0,1.0,1,0.0,0.0,76163.0,1.0,9.0,0.0,0.0,26.0,69309.0,141.0,1.0,1.0,3888.0,131.0,9000.0,0.0,0.0,1.0,1.0,6347.0,146.0,97.9,0.0,0.0,160.0,55.0,6.0,6.0,0.0,6.0,6.0,0.0,2.0,2.0,2.0,2.0,17.0,3.0,3.0,2.0,12.0,0.0,0.0,0.0,1.0,100.0,100.0,0.0,0.0,58177.0,76163.0,7000.0,49177.0,0,0
66572,3600.0,0.1524,125.22,1,26500.0,0,0,n,23.37,1.0,0.0,8.0,1.0,5845.0,14.0,0,0.0,0.0,748.27,748.27,492.4,255.87,0.0,0.0,0.0,0.0,0.0,1.0,1,0.0,5743.0,6320.0,0.0,1.0,0.0,1.0,15.0,475.0,8.0,1.0,3.0,1834.0,38.0,10500.0,0.0,0.0,0.0,4.0,790.0,447.0,85.6,0.0,0.0,71.0,95.0,12.0,12.0,0.0,67.0,15.0,0.0,2.0,6.0,2.0,3.0,3.0,7.0,11.0,6.0,8.0,0.0,0.0,0.0,1.0,92.9,100.0,1.0,0.0,16500.0,6320.0,3100.0,6000.0,0,0
66580,13475.0,0.2565,540.41,1,100000.0,1,0,n,20.99,2.0,1.0,19.0,0.0,6283.0,33.0,0,0.0,0.0,1602.03,1602.03,510.16,1091.87,0.0,0.0,0.0,540.41,0.0,1.0,1,0.0,0.0,34807.0,0.0,1.0,1.0,3.0,9.0,28524.0,77.0,1.0,1.0,498.0,60.0,21400.0,2.0,3.0,8.0,4.0,1832.0,4611.0,19.4,0.0,0.0,104.0,81.0,10.0,9.0,0.0,43.0,0.0,1.0,5.0,14.0,6.0,6.0,10.0,17.0,23.0,14.0,19.0,0.0,0.0,0.0,2.0,90.0,0.0,0.0,0.0,58585.0,34807.0,6000.0,37185.0,0,0
66597,24000.0,0.1033,778.14,2,240000.0,1,0,n,10.99,0.0,1.0,9.0,0.0,10747.0,13.0,0,17457.85,17457.85,8545.77,8545.77,6542.15,2003.62,0.0,0.0,0.0,0.0,0.0,1.0,0,0.0,0.0,520896.0,1.0,4.0,2.0,2.0,4.0,58394.0,71.0,0.0,0.0,7341.0,73.0,11600.0,0.0,2.0,1.0,3.0,57877.0,159.0,97.9,0.0,0.0,135.0,201.0,191.0,4.0,2.0,194.0,4.0,0.0,1.0,3.0,1.0,1.0,7.0,3.0,3.0,3.0,9.0,0.0,0.0,0.0,3.0,91.7,100.0,0.0,0.0,552765.0,76948.0,7500.0,82279.0,0,0
66616,12750.0,0.2055,341.72,2,65000.0,1,0,n,16.47,0.0,2.0,29.0,0.0,7074.0,38.0,0,11416.69,11416.69,3402.64,3402.64,1333.31,2069.33,0.0,0.0,0.0,0.0,0.0,1.0,1,0.0,420.0,43778.0,2.0,10.0,1.0,2.0,4.0,36704.0,93.0,1.0,6.0,2871.0,65.0,27400.0,3.0,0.0,3.0,8.0,1684.0,13409.0,33.9,0.0,0.0,168.0,326.0,6.0,4.0,0.0,6.0,4.0,0.0,4.0,7.0,13.0,13.0,14.0,19.0,24.0,7.0,29.0,0.0,0.0,0.0,2.0,100.0,30.0,0.0,0.0,66987.0,43778.0,20300.0,39587.0,0,0
66636,16000.0,0.1862,411.72,2,60000.0,1,0,n,26.58,0.0,0.0,12.0,0.0,18116.0,26.0,0,14055.82,14055.82,4512.37,4512.37,1944.18,2568.19,0.0,0.0,0.0,0.0,0.0,1.0,1,0.0,554.0,151380.0,1.0,2.0,0.0,0.0,27.0,26537.0,15.0,3.0,5.0,7957.0,25.0,68400.0,0.0,0.0,1.0,6.0,12615.0,34884.0,34.2,0.0,0.0,148.0,352.0,4.0,4.0,2.0,4.0,12.0,1.0,5.0,5.0,7.0,9.0,9.0,9.0,15.0,5.0,12.0,0.0,0.0,0.0,3.0,84.6,0.0,0.0,0.0,227228.0,44653.0,53000.0,50428.0,0,0
66659,10000.0,0.08810000000000001,317.12,1,54000.0,0,0,n,15.47,0.0,0.0,13.0,0.0,5755.0,18.0,0,0.0,0.0,1580.71,1580.71,1064.15,516.56,0.0,0.0,0.0,317.12,0.0,1.0,1,0.0,0.0,14121.0,1.0,1.0,0.0,1.0,15.0,8366.0,70.0,1.0,1.0,1862.0,42.0,22000.0,0.0,0.0,0.0,2.0,1086.0,6692.0,45.1,0.0,0.0,78.0,80.0,2.0,2.0,0.0,2.0,15.0,0.0,5.0,7.0,9.0,10.0,4.0,12.0,14.0,7.0,13.0,0.0,0.0,0.0,1.0,100.0,22.2,0.0,0.0,34000.0,14121.0,12200.0,12000.0,0,0
66664,40000.0,0.14300000000000002,936.97,1,100000.0,0,0,n,15.49,0.0,0.0,8.0,0.0,40793.0,18.0,0,0.0,0.0,6250.98,6250.98,460.3,444.89,0.0,5345.79,962.2422,0.0,0.0,1.0,1,0.0,0.0,56819.0,0.0,1.0,1.0,1.0,9.0,16026.0,53.0,0.0,1.0,14676.0,56.0,72100.0,1.0,0.0,1.0,2.0,7102.0,24549.0,62.1,0.0,0.0,162.0,189.0,17.0,9.0,3.0,17.0,10.0,0.0,5.0,6.0,5.0,7.0,4.0,7.0,11.0,6.0,8.0,0.0,0.0,0.0,1.0,100.0,20.0,0.0,0.0,102100.0,56819.0,64700.0,30000.0,0,0
66675,35000.0,0.2305,987.68,2,123000.0,1,0,n,21.65,0.0,1.0,17.0,0.0,42726.0,60.0,0,0.0,0.0,1930.54,1930.54,636.83,1293.71,0.0,0.0,0.0,0.0,0.0,1.0,1,0.0,0.0,228598.0,1.0,7.0,2.0,8.0,4.0,68177.0,96.0,0.0,0.0,3260.0,74.0,78400.0,4.0,11.0,6.0,8.0,14287.0,14175.0,19.0,0.0,0.0,181.0,154.0,31.0,4.0,1.0,37.0,1.0,1.0,2.0,5.0,4.0,10.0,38.0,9.0,21.0,5.0,17.0,0.0,0.0,0.0,2.0,98.2,0.0,0.0,0.0,280619.0,110903.0,17500.0,71219.0,0,0
66688,15000.0,0.28800000000000003,474.31,1,43000.0,0,0,n,28.13,0.0,2.0,20.0,0.0,15632.0,50.0,0,0.0,0.0,1873.24,1873.24,527.77,1345.47,0.0,0.0,0.0,0.0,0.0,1.0,1,0.0,0.0,30034.0,5.0,2.0,2.0,3.0,2.0,14402.0,79.0,5.0,9.0,769.0,48.0,43900.0,4.0,4.0,4.0,12.0,1502.0,7599.0,30.9,0.0,0.0,119.0,126.0,3.0,2.0,0.0,4.0,2.0,3.0,7.0,13.0,8.0,12.0,19.0,18.0,31.0,13.0,20.0,0.0,0.0,0.0,7.0,88.0,12.5,0.0,0.0,62202.0,30034.0,11000.0,18302.0,0,0
66697,26575.0,0.28800000000000003,840.31,1,80000.0,0,0,n,30.53,0.0,0.0,12.0,0.0,8243.0,18.0,0,25735.33,25735.33,6679.96,6679.96,839.67,5840.29,0.0,0.0,0.0,840.31,0.0,1.0,1,0.0,0.0,275272.0,0.0,4.0,1.0,5.0,10.0,81397.0,90.0,3.0,4.0,3872.0,74.0,22400.0,3.0,0.0,3.0,9.0,22939.0,9523.0,41.9,0.0,0.0,43.0,63.0,8.0,8.0,2.0,11.0,3.0,0.0,4.0,5.0,5.0,6.0,7.0,7.0,9.0,5.0,12.0,0.0,0.0,0.0,4.0,100.0,60.0,0.0,0.0,309262.0,89640.0,16400.0,93736.0,0,0
66740,15950.0,0.1102,522.34,1,80000.0,1,0,n,26.27,0.0,0.0,9.0,1.0,4873.0,19.0,0,0.0,0.0,3023.27,3023.27,755.19,279.73,0.0,1988.35,357.903,522.34,0.0,1.0,1,0.0,0.0,74720.0,0.0,3.0,0.0,2.0,16.0,69847.0,66.0,1.0,4.0,2473.0,53.0,18800.0,1.0,5.0,1.0,6.0,8302.0,13127.0,27.1,0.0,0.0,160.0,67.0,12.0,12.0,0.0,12.0,2.0,0.0,4.0,4.0,5.0,5.0,13.0,6.0,6.0,4.0,9.0,0.0,0.0,0.0,1.0,94.7,0.0,1.0,0.0,112107.0,74720.0,18000.0,93307.0,0,0
66759,32000.0,0.1524,765.32,1,80000.0,0,0,n,18.47,0.0,0.0,9.0,0.0,41936.0,17.0,0,30909.51,30909.51,4564.83,4564.83,1090.49,3474.34,0.0,0.0,0.0,382.66,0.0,1.0,0,0.0,0.0,52907.0,1.0,1.0,0.0,1.0,14.0,10971.0,75.0,1.0,1.0,17200.0,57.0,77900.0,3.0,0.0,0.0,2.0,5879.0,32964.0,56.0,0.0,0.0,55.0,223.0,5.0,5.0,0.0,5.0,14.0,0.0,5.0,5.0,7.0,9.0,2.0,8.0,15.0,5.0,9.0,0.0,0.0,0.0,1.0,100.0,42.9,0.0,0.0,92500.0,52907.0,74900.0,14600.0,0,0
66761,5950.0,0.0702,183.78,1,45876.0,1,0,n,21.48,0.0,0.0,8.0,1.0,2849.0,39.0,0,0.0,0.0,1100.36,1100.36,897.45,202.91,0.0,0.0,0.0,0.0,0.0,1.0,1,0.0,0.0,21651.0,1.0,2.0,1.0,3.0,8.0,18802.0,76.0,1.0,5.0,2062.0,56.0,14100.0,2.0,0.0,4.0,8.0,2706.0,6651.0,30.0,0.0,0.0,161.0,140.0,3.0,3.0,3.0,3.0,0.0,0.0,2.0,2.0,3.0,12.0,7.0,6.0,29.0,2.0,8.0,0.0,0.0,0.0,2.0,90.0,0.0,1.0,0.0,38952.0,21651.0,9500.0,24852.0,0,0
66829,31900.0,0.14300000000000002,747.23,1,100000.0,0,0,n,20.75,5.0,0.0,6.0,0.0,6118.0,43.0,0,0.0,0.0,4420.02,4420.02,2068.63,2351.39,0.0,0.0,0.0,0.0,0.0,1.0,0,0.0,0.0,35204.0,0.0,2.0,0.0,0.0,38.0,29086.0,36.0,1.0,1.0,6118.0,43.0,9500.0,0.0,0.0,0.0,1.0,5867.0,2182.0,73.7,0.0,0.0,173.0,409.0,8.0,8.0,0.0,39.0,24.0,5.0,1.0,1.0,2.0,27.0,5.0,4.0,38.0,1.0,6.0,0.0,0.0,5.0,1.0,78.0,50.0,0.0,0.0,76321.0,35204.0,8300.0,66821.0,0,0
66840,16000.0,0.14300000000000002,549.18,2,90000.0,0,0,n,27.43,0.0,0.0,12.0,0.0,14371.0,34.0,0,0.0,0.0,536.47,536.47,269.52,266.95,0.0,0.0,0.0,0.0,0.0,1.0,1,0.0,0.0,591052.0,4.0,3.0,4.0,4.0,6.0,74622.0,87.0,4.0,5.0,7371.0,55.0,51500.0,8.0,1.0,9.0,11.0,49254.0,34733.0,29.0,0.0,0.0,73.0,139.0,2.0,2.0,2.0,2.0,5.0,0.0,4.0,5.0,7.0,17.0,8.0,8.0,24.0,5.0,12.0,0.0,0.0,0.0,9.0,100.0,14.3,0.0,0.0,639189.0,88993.0,48900.0,83189.0,0,0
66859,25000.0,0.2305,968.4,2,240000.0,0,0,n,13.93,0.0,0.0,10.0,0.0,47195.0,19.0,0,0.0,0.0,4247.55,4247.55,488.19,448.2,0.0,3311.16,596.0088,0.0,0.0,1.0,1,0.0,0.0,175467.0,0.0,1.0,1.0,1.0,11.0,128272.0,83.0,0.0,0.0,19026.0,90.0,52900.0,1.0,0.0,2.0,1.0,17547.0,3527.0,95.8,0.0,0.0,135.0,155.0,69.0,11.0,0.0,97.0,11.0,1.0,4.0,6.0,5.0,6.0,6.0,8.0,13.0,6.0,10.0,0.0,0.0,0.0,1.0,94.1,80.0,0.0,0.0,166706.0,175467.0,49300.0,113806.0,0,0
66893,25000.0,0.124,561.18,3,90031.0,1,0,n,26.31,0.0,1.0,11.0,0.0,11949.0,48.0,0,0.0,0.0,12252.17,12252.17,302.85,241.11,0.0,11708.21,2107.4778,0.0,0.0,1.0,1,0.0,0.0,42089.0,1.0,4.0,1.0,2.0,10.0,30140.0,38.0,1.0,2.0,1568.0,37.0,34000.0,4.0,8.0,12.0,8.0,3826.0,4832.0,24.5,0.0,0.0,252.0,162.0,11.0,3.0,12.0,22.0,3.0,0.0,1.0,4.0,3.0,10.0,16.0,7.0,20.0,4.0,11.0,0.0,0.0,0.0,4.0,100.0,0.0,0.0,0.0,106394.0,42089.0,6400.0,72394.0,0,0
66912,16500.0,0.1612,581.07,2,168500.0,0,0,n,32.77,0.0,0.0,23.0,0.0,64892.0,70.0,0,0.0,0.0,2890.57,2890.57,1451.52,857.98,0.0,581.07,104.5926,0.0,0.0,1.0,1,0.0,0.0,283775.0,0.0,3.0,2.0,2.0,9.0,79624.0,41.0,1.0,1.0,8922.0,64.0,82300.0,2.0,18.0,4.0,3.0,12338.0,5068.0,90.5,0.0,0.0,162.0,248.0,10.0,9.0,7.0,10.0,4.0,0.0,10.0,15.0,11.0,30.0,16.0,16.0,46.0,15.0,23.0,0.0,0.0,0.0,3.0,95.7,72.7,0.0,0.0,425053.0,153885.0,53100.0,106388.0,0,0
66927,31000.0,0.08810000000000001,640.66,1,110000.0,0,0,n,20.89,0.0,1.0,11.0,0.0,28043.0,13.0,0,0.0,0.0,5308.06,5308.06,829.17,436.98,0.0,4041.91,727.5438,0.0,0.0,1.0,1,0.0,0.0,59845.0,0.0,3.0,0.0,1.0,24.0,31802.0,49.0,0.0,0.0,8622.0,59.0,36000.0,0.0,3.0,1.0,1.0,5440.0,4157.0,87.1,0.0,0.0,86.0,63.0,30.0,24.0,0.0,30.0,6.0,0.0,5.0,5.0,6.0,7.0,4.0,8.0,9.0,5.0,11.0,0.0,0.0,0.0,0.0,100.0,66.7,0.0,0.0,100886.0,59845.0,32200.0,64886.0,0,0
66928,16000.0,0.2565,475.74,2,66000.0,0,0,n,26.02,0.0,2.0,15.0,0.0,9926.0,45.0,0,15503.18,15503.18,1880.16,1880.16,496.82,1383.34,0.0,0.0,0.0,0.0,0.0,1.0,1,0.0,0.0,557108.0,2.0,4.0,4.0,7.0,2.0,391967.0,95.0,0.0,1.0,2392.0,76.0,23800.0,4.0,0.0,7.0,9.0,39793.0,904.0,90.6,0.0,0.0,150.0,103.0,23.0,2.0,1.0,53.0,2.0,0.0,6.0,9.0,7.0,11.0,29.0,10.0,15.0,9.0,15.0,0.0,0.0,0.0,5.0,100.0,100.0,0.0,0.0,564415.0,401893.0,9600.0,384615.0,0,0
66965,15000.0,0.1524,521.75,1,82500.0,1,0,n,37.03,0.0,0.0,21.0,0.0,23959.0,25.0,0,12255.1,12255.1,4683.05,4683.05,2744.9,1938.15,0.0,0.0,0.0,521.75,0.0,1.0,1,0.0,0.0,98796.0,2.0,4.0,1.0,4.0,8.0,74837.0,83.0,4.0,6.0,4571.0,71.0,43200.0,3.0,2.0,2.0,10.0,5200.0,12015.0,64.2,0.0,0.0,60.0,70.0,4.0,4.0,0.0,4.0,8.0,0.0,10.0,12.0,12.0,12.0,7.0,17.0,18.0,12.0,21.0,0.0,0.0,0.0,5.0,100.0,45.5,0.0,0.0,134778.0,98796.0,33600.0,91578.0,0,0
66967,11700.0,0.1862,301.07,1,41000.0,1,0,n,37.35,0.0,2.0,14.0,1.0,4793.0,26.0,0,0.0,0.0,790.04,790.04,240.91,349.13,0.0,200.0,36.0,0.0,0.0,1.0,1,0.0,0.0,59670.0,2.0,3.0,2.0,3.0,6.0,54877.0,85.0,3.0,5.0,3018.0,66.0,25700.0,5.0,2.0,9.0,8.0,4262.0,4382.0,40.8,0.0,0.0,50.0,72.0,5.0,5.0,0.0,5.0,1.0,0.0,1.0,2.0,4.0,8.0,6.0,11.0,20.0,2.0,14.0,0.0,0.0,0.0,5.0,100.0,0.0,1.0,0.0,90332.0,59670.0,7400.0,64632.0,0,0
66970,24000.0,0.2565,962.51,3,120000.0,1,0,n,6.71,0.0,2.0,22.0,0.0,13446.0,40.0,0,0.0,0.0,928.31,928.31,449.51,478.8,0.0,0.0,0.0,0.0,0.0,1.0,1,0.0,475.0,74781.0,3.0,16.0,3.0,5.0,4.0,61335.0,109.0,1.0,3.0,5427.0,94.0,23300.0,2.0,2.0,4.0,8.0,3399.0,7177.0,60.1,0.0,0.0,157.0,150.0,1.0,1.0,0.0,1.0,2.0,0.0,3.0,4.0,4.0,8.0,27.0,6.0,13.0,4.0,22.0,0.0,0.0,0.0,4.0,100.0,50.0,0.0,0.0,79853.0,74781.0,18000.0,56553.0,0,0
67058,30000.0,0.1612,731.46,1,45000.0,1,0,n,30.8,0.0,0.0,14.0,0.0,9558.0,19.0,0,26909.76,26909.76,7287.73,7287.73,3090.24,4197.49,0.0,0.0,0.0,731.46,0.0,1.0,1,0.0,0.0,34971.0,1.0,2.0,0.0,1.0,15.0,25413.0,62.0,3.0,6.0,2799.0,37.0,54600.0,1.0,4.0,1.0,7.0,2498.0,34401.0,20.9,0.0,0.0,75.0,87.0,5.0,5.0,0.0,5.0,12.0,0.0,7.0,8.0,9.0,9.0,5.0,12.0,14.0,8.0,14.0,0.0,0.0,0.0,3.0,100.0,0.0,0.0,0.0,95397.0,34971.0,43500.0,40797.0,1,0
67081,8000.0,0.1308,269.86,1,46152.0,0,0,n,22.54,1.0,2.0,9.0,0.0,7581.0,13.0,0,0.0,0.0,2048.97,2048.97,742.67,330.96,0.0,975.34,175.5612,0.0,0.0,1.0,1,0.0,0.0,13865.0,2.0,2.0,0.0,0.0,31.0,6284.0,29.0,2.0,3.0,417.0,36.0,16500.0,0.0,0.0,2.0,3.0,1541.0,2583.0,13.9,0.0,0.0,103.0,100.0,1.0,1.0,0.0,6.0,1.0,0.0,1.0,6.0,2.0,3.0,4.0,7.0,9.0,6.0,9.0,0.0,0.0,0.0,2.0,92.3,50.0,0.0,0.0,38159.0,13865.0,3000.0,21659.0,0,0
67082,26050.0,0.2055,698.17,2,110000.0,0,0,n,17.05,0.0,3.0,25.0,0.0,5027.0,49.0,0,0.0,0.0,2064.77,2064.77,769.21,1295.56,0.0,0.0,0.0,0.0,0.0,1.0,1,0.0,0.0,318730.0,3.0,12.0,3.0,4.0,3.0,76037.0,108.0,0.0,1.0,1097.0,62.0,46000.0,4.0,4.0,6.0,7.0,12749.0,29243.0,7.5,0.0,0.0,114.0,129.0,14.0,3.0,3.0,34.0,0.0,10.0,3.0,4.0,6.0,7.0,33.0,10.0,13.0,4.0,25.0,0.0,0.0,0.0,3.0,79.2,0.0,0.0,0.0,411748.0,81064.0,31600.0,85734.0,0,0
67089,14400.0,0.08810000000000001,456.65,2,65000.0,0,0,n,33.03,0.0,3.0,25.0,0.0,16006.0,60.0,0,0.0,0.0,1894.55,1894.55,1414.79,404.76,0.0,75.0,13.5,0.0,0.0,1.0,0,0.0,0.0,76097.0,6.0,2.0,2.0,2.0,2.0,60091.0,91.0,6.0,11.0,4560.0,46.0,59000.0,3.0,5.0,10.0,13.0,3044.0,27592.0,34.6,0.0,0.0,121.0,422.0,3.0,2.0,3.0,3.0,2.0,0.0,5.0,6.0,10.0,29.0,10.0,23.0,47.0,6.0,25.0,0.0,0.0,0.0,8.0,96.6,0.0,0.0,0.0,122492.0,76097.0,42200.0,63492.0,0,0
67099,30000.0,0.1102,652.58,1,147000.0,0,0,n,13.65,0.0,1.0,17.0,0.0,47276.0,31.0,0,0.0,0.0,4549.69,4549.69,2713.4,1836.29,0.0,0.0,0.0,652.58,0.0,1.0,1,0.0,0.0,165015.0,0.0,2.0,0.0,1.0,18.0,117739.0,110.0,3.0,6.0,9286.0,41.0,214400.0,0.0,0.0,1.0,7.0,10313.0,166324.0,33.4,0.0,0.0,184.0,170.0,7.0,7.0,0.0,7.0,4.0,0.0,9.0,9.0,13.0,13.0,14.0,14.0,17.0,9.0,16.0,0.0,0.0,0.0,3.0,96.7,7.7,0.0,0.0,336780.0,165015.0,213600.0,122380.0,0,0
67131,20000.0,0.2565,802.09,1,91000.0,1,0,n,29.09,0.0,1.0,53.0,0.0,24570.0,77.0,0,0.0,0.0,2715.03,2715.03,0.0,0.0,0.0,2715.03,488.7054,0.0,0.0,1.0,1,0.0,0.0,165326.0,6.0,4.0,3.0,3.0,5.0,46830.0,85.0,6.0,10.0,4503.0,35.0,146300.0,0.0,0.0,1.0,13.0,3119.0,73367.0,21.0,0.0,0.0,73.0,159.0,1.0,1.0,1.0,4.0,1.0,0.0,14.0,25.0,25.0,39.0,5.0,48.0,71.0,25.0,53.0,0.0,0.0,0.0,9.0,100.0,8.0,0.0,0.0,313653.0,71400.0,92900.0,54853.0,0,0
67147,11075.0,0.17739999999999995,398.95,1,98800.0,1,0,n,11.75,1.0,3.0,13.0,0.0,6976.0,16.0,0,0.0,0.0,2123.84,2123.84,473.93,313.05,0.0,1336.86,240.6348,0.0,0.0,1.0,1,0.0,0.0,18000.0,2.0,2.0,1.0,1.0,7.0,7803.0,38.0,5.0,9.0,4705.0,38.0,21400.0,1.0,0.0,5.0,12.0,1385.0,13091.0,33.9,0.0,0.0,39.0,73.0,1.0,1.0,0.0,1.0,1.0,1.0,5.0,6.0,7.0,9.0,3.0,9.0,11.0,6.0,13.0,0.0,0.0,0.0,8.0,86.7,0.0,0.0,0.0,46887.0,18000.0,19800.0,20705.0,0,0
67156,10625.0,0.1171,351.44,1,75000.0,0,0,n,22.51,0.0,2.0,10.0,0.0,10076.0,13.0,0,0.0,0.0,2101.73,2101.73,1523.28,578.45,0.0,0.0,0.0,0.0,0.0,1.0,1,0.0,2227.0,44381.0,2.0,3.0,0.0,1.0,19.0,34305.0,49.0,2.0,2.0,5676.0,58.0,14400.0,2.0,3.0,2.0,3.0,4438.0,4133.0,69.2,0.0,0.0,67.0,69.0,5.0,5.0,0.0,5.0,5.0,0.0,4.0,5.0,6.0,6.0,6.0,7.0,7.0,6.0,10.0,0.0,0.0,0.0,2.0,100.0,33.3,0.0,0.0,69206.0,44381.0,13400.0,54806.0,0,0
67272,30000.0,0.1171,992.28,2,120000.0,0,0,n,20.84,0.0,2.0,8.0,0.0,13759.0,12.0,0,0.0,0.0,972.76,972.76,699.53,273.23,0.0,0.0,0.0,0.0,0.0,1.0,1,0.0,482.0,137618.0,0.0,3.0,0.0,0.0,25.0,123859.0,22.0,0.0,3.0,5497.0,50.0,24500.0,1.0,0.0,2.0,3.0,17202.0,8341.0,62.3,0.0,0.0,30.0,212.0,15.0,15.0,1.0,15.0,0.0,0.0,3.0,3.0,3.0,4.0,4.0,5.0,7.0,3.0,8.0,0.0,0.0,0.0,0.0,100.0,33.3,0.0,0.0,176226.0,137618.0,22100.0,151726.0,0,0
67291,32000.0,0.1612,780.22,1,142000.0,0,0,n,11.61,0.0,1.0,9.0,0.0,30208.0,10.0,0,0.0,0.0,5768.22,5768.22,705.41,826.37,0.0,4236.44,762.5592,0.0,0.0,1.0,1,0.0,0.0,41221.0,0.0,1.0,1.0,1.0,11.0,11013.0,76.0,0.0,0.0,14437.0,85.0,33800.0,0.0,0.0,3.0,1.0,5153.0,1219.0,93.6,0.0,0.0,11.0,175.0,27.0,11.0,0.0,27.0,1.0,0.0,3.0,6.0,4.0,4.0,1.0,8.0,9.0,6.0,9.0,0.0,0.0,0.0,1.0,100.0,66.7,0.0,0.0,48283.0,41221.0,19000.0,14483.0,0,0
67294,2850.0,0.16949999999999998,101.54,2,21996.0,0,0,n,28.21,0.0,2.0,8.0,0.0,5253.0,17.0,0,0.0,0.0,450.98,450.98,51.88,46.98,0.0,352.12,63.3816,0.0,0.0,1.0,1,0.0,0.0,62920.0,0.0,1.0,0.0,1.0,22.0,11959.0,68.0,0.0,1.0,3028.0,48.0,17900.0,2.0,0.0,2.0,3.0,7865.0,10198.0,33.3,0.0,0.0,44.0,184.0,13.0,13.0,2.0,13.0,0.0,0.0,3.0,4.0,3.0,4.0,2.0,6.0,13.0,4.0,8.0,0.0,0.0,0.0,0.0,88.2,33.3,0.0,0.0,85586.0,17212.0,15300.0,17686.0,0,0
67323,28000.0,0.0702,864.82,2,105000.0,0,0,n,10.25,0.0,1.0,23.0,0.0,15608.0,47.0,0,0.0,0.0,2583.54,2583.54,1804.24,779.3,0.0,0.0,0.0,864.82,0.0,1.0,1,0.0,0.0,443523.0,3.0,1.0,0.0,2.0,20.0,19499.0,73.0,4.0,7.0,5519.0,31.0,86300.0,0.0,3.0,5.0,11.0,19284.0,28691.0,32.3,0.0,0.0,171.0,198.0,4.0,4.0,4.0,4.0,5.0,0.0,6.0,8.0,12.0,18.0,8.0,21.0,35.0,8.0,23.0,0.0,0.0,0.0,5.0,100.0,0.0,0.0,0.0,522927.0,35107.0,42400.0,26627.0,0,0
67434,38900.0,0.124,873.2,3,89000.0,0,0,n,37.01,0.0,0.0,18.0,0.0,55178.0,39.0,0,0.0,0.0,5185.6,5185.6,1736.81,3448.79,0.0,0.0,0.0,0.0,0.0,1.0,0,0.0,0.0,373045.0,1.0,3.0,0.0,1.0,21.0,45651.0,45.0,1.0,2.0,11966.0,48.0,112100.0,1.0,0.0,2.0,3.0,20725.0,47366.0,51.4,0.0,0.0,151.0,205.0,5.0,5.0,4.0,5.0,11.0,0.0,9.0,11.0,11.0,18.0,10.0,14.0,25.0,11.0,18.0,0.0,0.0,0.0,1.0,100.0,36.4,0.0,0.0,484074.0,100829.0,97500.0,81974.0,0,0
67470,15950.0,0.2055,427.48,2,70000.0,1,0,n,24.57,0.0,1.0,6.0,0.0,3783.0,25.0,0,0.0,0.0,818.54,818.54,347.39,471.15,0.0,0.0,0.0,0.0,0.0,1.0,0,0.0,338.0,70384.0,3.0,2.0,3.0,6.0,3.0,66601.0,96.0,1.0,3.0,1430.0,79.0,9500.0,3.0,0.0,3.0,10.0,11731.0,1985.0,46.4,0.0,0.0,134.0,146.0,4.0,3.0,5.0,4.0,2.0,0.0,2.0,4.0,2.0,5.0,8.0,4.0,12.0,4.0,6.0,0.0,0.0,0.0,4.0,100.0,0.0,0.0,0.0,78802.0,70384.0,3700.0,69302.0,0,0
67481,18075.0,0.2055,484.43,1,100000.0,1,0,n,18.28,0.0,0.0,10.0,0.0,22293.0,21.0,0,0.0,0.0,3349.74,3349.74,1289.0,2060.74,0.0,0.0,0.0,0.0,1.0,1.0,1,0.0,553.0,407091.0,1.0,4.0,1.0,3.0,1.0,40457.0,77.0,0.0,1.0,2449.0,79.0,26400.0,3.0,7.0,2.0,4.0,40709.0,2051.0,54.4,0.0,0.0,145.0,136.0,18.0,1.0,2.0,18.0,10.0,0.0,1.0,4.0,1.0,1.0,13.0,5.0,6.0,4.0,10.0,0.0,0.0,0.0,1.0,100.0,0.0,0.0,0.0,442332.0,62750.0,4500.0,52787.0,0,0
67502,37600.0,0.2055,1007.72,2,40000.0,0,0,n,40.56,0.0,0.0,11.0,0.0,15132.0,21.0,0,34043.34,34043.34,10999.07,10999.07,3556.66,7442.41,0.0,0.0,0.0,1007.72,0.0,1.0,0,0.0,0.0,396803.0,0.0,1.0,0.0,0.0,30.0,29376.0,62.0,0.0,0.0,8409.0,62.0,24700.0,1.0,9.0,3.0,1.0,36073.0,9539.0,61.2,0.0,0.0,138.0,182.0,77.0,12.0,6.0,77.0,2.0,0.0,4.0,5.0,6.0,6.0,8.0,7.0,7.0,5.0,11.0,0.0,0.0,0.0,1.0,100.0,66.7,0.0,0.0,441964.0,44508.0,24600.0,47399.0,0,0
67524,7000.0,0.2305,271.16,1,40000.0,1,0,n,27.93,0.0,0.0,8.0,0.0,9464.0,10.0,0,0.0,0.0,1717.02,1717.02,418.03,377.52,0.0,921.47,165.8646,0.0,0.0,1.0,1,0.0,0.0,25834.0,0.0,2.0,0.0,1.0,15.0,16370.0,71.0,0.0,1.0,3538.0,60.0,20300.0,1.0,0.0,0.0,2.0,3229.0,159.0,98.2,0.0,0.0,38.0,59.0,22.0,15.0,0.0,26.0,15.0,0.0,3.0,5.0,3.0,3.0,2.0,6.0,8.0,5.0,8.0,0.0,0.0,0.0,0.0,100.0,100.0,0.0,0.0,43350.0,25834.0,8600.0,23050.0,0,0
67590,30000.0,0.2055,1123.34,1,76000.0,0,0,n,21.46,0.0,1.0,24.0,0.0,19293.0,29.0,0,23857.95,23857.95,10041.56,10041.56,6142.05,3899.51,0.0,0.0,0.0,0.0,0.0,1.0,1,0.0,0.0,32488.0,1.0,1.0,0.0,1.0,14.0,13195.0,66.0,2.0,3.0,5158.0,33.0,77900.0,1.0,2.0,1.0,4.0,1477.0,26502.0,32.4,0.0,0.0,134.0,290.0,1.0,1.0,0.0,1.0,1.0,0.0,5.0,12.0,9.0,9.0,2.0,23.0,27.0,12.0,24.0,0.0,0.0,0.0,2.0,100.0,33.3,0.0,0.0,97900.0,32488.0,39200.0,20000.0,0,0
67634,18250.0,0.2565,731.91,2,125000.0,1,0,n,25.0,0.0,0.0,25.0,0.0,46429.0,37.0,0,0.0,0.0,1411.81,1411.81,690.94,720.87,0.0,0.0,0.0,0.0,0.0,1.0,1,0.0,0.0,357614.0,0.0,2.0,1.0,2.0,12.0,32732.0,78.0,2.0,3.0,6528.0,67.0,75500.0,1.0,0.0,3.0,7.0,14305.0,5999.0,80.9,0.0,0.0,231.0,152.0,8.0,8.0,1.0,8.0,8.0,0.0,11.0,19.0,11.0,12.0,9.0,21.0,26.0,19.0,25.0,0.0,0.0,0.0,4.0,97.3,63.6,0.0,0.0,398360.0,79161.0,31400.0,42025.0,0,0
67640,36000.0,0.2055,1348.0,1,77000.0,1,0,n,29.14,0.0,3.0,12.0,0.0,24325.0,15.0,0,0.0,0.0,4461.8,4461.8,1475.53,2986.27,0.0,0.0,0.0,500.0,0.0,1.0,0,0.0,0.0,69239.0,1.0,2.0,1.0,2.0,8.0,44914.0,88.0,2.0,3.0,12097.0,56.0,52400.0,2.0,0.0,4.0,5.0,5770.0,23243.0,46.2,0.0,0.0,46.0,74.0,3.0,3.0,0.0,3.0,0.0,0.0,4.0,7.0,6.0,6.0,5.0,10.0,10.0,8.0,12.0,0.0,0.0,0.0,3.0,100.0,0.0,0.0,0.0,105502.0,69239.0,43200.0,53102.0,0,0
67659,3000.0,0.0646,91.9,2,30888.0,0,0,n,24.75,0.0,0.0,9.0,0.0,1563.0,25.0,0,0.0,0.0,273.55,273.55,228.48,45.07,0.0,0.0,0.0,0.0,0.0,1.0,1,0.0,0.0,117287.0,0.0,3.0,0.0,2.0,13.0,8681.0,60.0,0.0,0.0,965.0,27.0,24000.0,0.0,0.0,0.0,3.0,13032.0,22437.0,6.5,0.0,0.0,120.0,165.0,69.0,13.0,2.0,69.0,21.0,0.0,5.0,5.0,5.0,6.0,14.0,5.0,9.0,5.0,9.0,0.0,0.0,0.0,0.0,100.0,0.0,0.0,0.0,147840.0,10244.0,24000.0,14590.0,0,0
67684,15950.0,0.28800000000000003,666.67,2,92000.0,0,0,n,13.27,0.0,1.0,5.0,0.0,121307.0,12.0,0,0.0,0.0,3948.98,3948.98,1632.97,2316.01,0.0,0.0,0.0,666.67,0.0,1.0,0,0.0,0.0,886642.0,1.0,1.0,1.0,3.0,4.0,32400.0,101.0,1.0,1.0,1956.0,99.0,135800.0,5.0,0.0,4.0,7.0,177328.0,444.0,81.5,0.0,0.0,55.0,133.0,7.0,4.0,4.0,79.0,1.0,0.0,1.0,3.0,1.0,1.0,4.0,3.0,4.0,3.0,5.0,0.0,0.0,0.0,3.0,100.0,100.0,0.0,0.0,907113.0,153707.0,2400.0,32074.0,0,0
67713,14000.0,0.1308,319.12,2,70000.0,0,0,n,8.76,0.0,0.0,7.0,1.0,13222.0,17.0,0,12059.78,12059.78,3489.97,3489.97,1940.22,1549.75,0.0,0.0,0.0,0.0,0.0,1.0,1,0.0,0.0,29729.0,0.0,1.0,0.0,0.0,46.0,16507.0,103.0,1.0,1.0,6402.0,63.0,31000.0,0.0,0.0,3.0,1.0,4247.0,15016.0,44.4,0.0,0.0,167.0,166.0,10.0,10.0,0.0,10.0,4.0,2.0,3.0,4.0,4.0,8.0,4.0,6.0,13.0,4.0,7.0,0.0,0.0,0.0,1.0,81.3,25.0,1.0,0.0,46968.0,29729.0,27000.0,15968.0,0,0
67715,2000.0,0.2055,74.89,1,24000.0,0,0,n,33.35,0.0,2.0,9.0,0.0,1071.0,23.0,0,0.0,0.0,519.66,519.66,299.52,220.14,0.0,0.0,0.0,74.89,0.0,1.0,1,0.0,0.0,28611.0,2.0,3.0,2.0,6.0,6.0,27540.0,81.0,1.0,1.0,1066.0,55.0,18400.0,5.0,0.0,3.0,7.0,3179.0,14129.0,7.0,0.0,0.0,176.0,153.0,4.0,4.0,0.0,39.0,3.0,0.0,2.0,2.0,4.0,5.0,12.0,6.0,11.0,2.0,9.0,0.0,0.0,0.0,3.0,100.0,0.0,0.0,0.0,52526.0,28611.0,15200.0,34126.0,0,0
67721,16000.0,0.2565,475.74,3,150000.0,1,0,n,11.32,2.0,1.0,20.0,0.0,8588.0,32.0,0,14910.63,14910.63,4414.5,4414.5,1089.37,3325.13,0.0,0.0,0.0,475.74,0.0,1.0,1,0.0,0.0,45332.0,4.0,2.0,1.0,3.0,6.0,36744.0,85.0,4.0,14.0,2247.0,61.0,31500.0,3.0,0.0,2.0,17.0,2267.0,4154.0,66.0,0.0,0.0,127.0,154.0,1.0,1.0,1.0,3.0,6.0,2.0,8.0,12.0,8.0,12.0,5.0,18.0,25.0,12.0,20.0,0.0,0.0,1.0,5.0,87.1,25.0,0.0,0.0,74660.0,45332.0,12200.0,43160.0,0,0
67752,9000.0,0.1862,328.18,1,54000.0,0,0,n,13.27,0.0,1.0,6.0,0.0,9478.0,7.0,1,7347.21,7347.21,3272.31,3272.31,1652.79,1619.52,0.0,0.0,0.0,328.18,0.0,1.0,1,0.0,0.0,21575.0,2.0,1.0,0.0,2.0,24.0,12097.0,74.0,3.0,3.0,4408.0,60.0,19500.0,0.0,0.0,4.0,5.0,4315.0,10022.0,48.6,0.0,0.0,24.0,46.0,3.0,3.0,0.0,3.0,3.0,0.0,3.0,3.0,5.0,5.0,2.0,5.0,5.0,3.0,6.0,0.0,0.0,0.0,3.0,100.0,25.0,0.0,0.0,35941.0,21575.0,19500.0,16441.0,0,0
67784,20000.0,0.2305,564.39,1,150000.0,1,0,n,20.6,1.0,0.0,15.0,0.0,12053.0,23.0,0,19432.8,19432.8,3899.51,3899.51,567.2,3332.31,0.0,0.0,0.0,0.0,0.0,1.0,1,0.0,443.0,66889.0,0.0,3.0,1.0,3.0,10.0,54836.0,70.0,0.0,3.0,8938.0,46.0,44400.0,2.0,0.0,1.0,7.0,4459.0,18412.0,36.5,1.0,0.0,48.0,76.0,14.0,10.0,1.0,16.0,10.0,1.0,3.0,5.0,8.0,8.0,4.0,12.0,16.0,5.0,15.0,0.0,0.0,1.0,1.0,91.3,12.5,0.0,0.0,115855.0,66889.0,29000.0,71455.0,0,0
67833,21000.0,0.28800000000000003,664.03,1,90000.0,0,0,n,22.64,1.0,1.0,21.0,0.0,15146.0,35.0,0,0.0,0.0,596.83,596.83,0.0,596.83,0.0,0.0,0.0,0.0,0.0,1.0,1,0.0,0.0,121479.0,3.0,5.0,2.0,2.0,4.0,106333.0,111.0,3.0,7.0,5097.0,72.0,73800.0,1.0,2.0,1.0,10.0,5785.0,31759.0,24.0,0.0,0.0,182.0,81.0,3.0,3.0,0.0,3.0,4.0,0.0,8.0,14.0,9.0,10.0,15.0,16.0,19.0,14.0,21.0,0.0,0.0,0.0,6.0,97.0,0.0,0.0,0.0,169996.0,121479.0,41800.0,96196.0,0,0
67867,5600.0,0.1612,197.22,1,104000.0,1,0,n,20.97,0.0,4.0,22.0,1.0,4370.0,35.0,0,5354.37,5354.37,626.88,626.88,245.63,381.25,0.0,0.0,0.0,0.0,1.0,1.0,1,0.0,118.0,65588.0,3.0,4.0,1.0,3.0,5.0,61218.0,80.0,5.0,9.0,893.0,52.0,28800.0,3.0,4.0,12.0,12.0,3279.0,20770.0,13.8,0.0,0.0,187.0,188.0,1.0,1.0,2.0,7.0,1.0,1.0,10.0,14.0,13.0,13.0,13.0,18.0,20.0,14.0,22.0,0.0,0.0,0.0,6.0,100.0,0.0,1.0,0.0,104603.0,65588.0,24100.0,75803.0,0,0
67871,21000.0,0.2055,562.82,2,51046.0,1,0,n,34.84,0.0,0.0,15.0,0.0,20253.0,36.0,0,20590.13,20590.13,2203.33,2203.33,409.87,1793.46,0.0,0.0,0.0,0.0,0.0,1.0,1,0.0,0.0,62161.0,2.0,3.0,0.0,2.0,14.0,41908.0,68.0,2.0,7.0,2152.0,61.0,35800.0,0.0,5.0,0.0,9.0,4144.0,8851.0,41.0,0.0,0.0,181.0,172.0,2.0,2.0,0.0,2.0,15.0,3.0,4.0,7.0,6.0,16.0,5.0,12.0,31.0,7.0,15.0,0.0,0.0,0.0,2.0,94.3,33.3,0.0,0.0,95593.0,62161.0,15000.0,59793.0,0,0
67887,20000.0,0.1862,514.64,3,100800.0,0,0,n,15.58,1.0,1.0,16.0,0.0,9517.0,29.0,0,0.0,0.0,987.9,987.9,411.79,576.11,0.0,0.0,0.0,0.0,0.0,1.0,1,0.0,0.0,36215.0,6.0,3.0,4.0,7.0,1.0,26698.0,97.0,4.0,9.0,488.0,67.0,26900.0,0.0,11.0,2.0,16.0,2263.0,7497.0,26.5,0.0,0.0,48.0,34.0,6.0,1.0,0.0,6.0,3.0,0.0,7.0,12.0,7.0,10.0,10.0,13.0,19.0,12.0,16.0,0.0,0.0,0.0,8.0,96.6,0.0,0.0,0.0,54440.0,36215.0,10200.0,27540.0,0,0
67898,15000.0,0.2305,581.04,2,100000.0,1,0,n,16.15,1.0,1.0,11.0,0.0,15504.0,24.0,0,0.0,0.0,3447.82,3447.82,1263.01,2184.81,0.0,0.0,0.0,581.04,0.0,1.0,1,0.0,0.0,333539.0,1.0,1.0,1.0,2.0,3.0,24018.0,65.0,0.0,3.0,12955.0,43.0,54200.0,1.0,2.0,1.0,7.0,30322.0,38696.0,28.6,0.0,0.0,93.0,224.0,15.0,3.0,4.0,15.0,3.0,0.0,2.0,2.0,8.0,12.0,7.0,8.0,13.0,2.0,11.0,0.0,0.0,0.0,3.0,91.7,0.0,0.0,0.0,389675.0,39522.0,54200.0,37094.0,0,0
67912,5000.0,0.0819,157.13,1,90000.0,0,0,n,22.32,0.0,1.0,8.0,0.0,6221.0,13.0,0,0.0,0.0,781.1,781.1,623.48,157.62,0.0,0.0,0.0,0.0,0.0,1.0,1,0.0,145.0,47435.0,1.0,4.0,1.0,3.0,2.0,41214.0,86.0,0.0,2.0,4397.0,69.0,15800.0,1.0,1.0,1.0,5.0,5929.0,6579.0,48.6,0.0,0.0,79.0,68.0,13.0,2.0,0.0,13.0,2.0,0.0,2.0,2.0,3.0,3.0,9.0,4.0,4.0,2.0,8.0,0.0,0.0,0.0,1.0,100.0,0.0,0.0,0.0,79517.0,47435.0,12800.0,63717.0,0,0
67931,3600.0,0.1033,116.73,1,52500.0,0,0,n,21.35,0.0,3.0,15.0,0.0,1515.0,28.0,0,0.0,0.0,579.52,579.52,436.15,143.37,0.0,0.0,0.0,0.0,0.0,1.0,1,0.0,0.0,31611.0,0.0,3.0,2.0,3.0,9.0,30096.0,89.0,1.0,3.0,17.0,50.0,29700.0,2.0,0.0,5.0,6.0,2107.0,14983.0,0.1,0.0,0.0,126.0,166.0,8.0,8.0,0.0,8.0,2.0,0.0,1.0,7.0,4.0,4.0,6.0,12.0,21.0,7.0,15.0,0.0,0.0,0.0,3.0,96.4,0.0,0.0,0.0,63661.0,31611.0,15000.0,33961.0,0,0
67966,26575.0,0.28800000000000003,840.31,2,165000.0,0,0,n,13.53,0.0,0.0,21.0,0.0,6544.0,48.0,0,24479.2,24479.2,8318.06,8318.06,2095.8,6222.26,0.0,0.0,0.0,0.0,0.0,1.0,1,0.0,0.0,64190.0,3.0,6.0,1.0,5.0,11.0,56216.0,68.0,5.0,10.0,2925.0,59.0,21300.0,4.0,2.0,5.0,16.0,3057.0,8527.0,35.9,0.0,0.0,220.0,118.0,1.0,1.0,0.0,1.0,4.0,12.0,4.0,8.0,6.0,16.0,19.0,14.0,28.0,8.0,21.0,0.0,0.0,0.0,6.0,64.4,50.0,0.0,0.0,109081.0,64190.0,13300.0,86351.0,0,0
67973,25000.0,0.1033,810.56,2,131000.0,1,0,n,20.07,0.0,1.0,9.0,1.0,8632.0,15.0,0,24512.25,24512.25,1625.91,1625.91,487.75,1138.16,0.0,0.0,0.0,211.01,0.0,1.0,1,0.0,0.0,340797.0,1.0,4.0,2.0,5.0,5.0,70640.0,97.0,1.0,1.0,8524.0,63.0,39100.0,6.0,1.0,6.0,6.0,37866.0,30468.0,22.1,0.0,0.0,30.0,66.0,10.0,5.0,3.0,10.0,2.0,0.0,2.0,2.0,4.0,4.0,8.0,4.0,4.0,2.0,9.0,0.0,0.0,0.0,3.0,100.0,0.0,1.0,0.0,406798.0,79272.0,39100.0,88040.0,0,0
67990,40000.0,0.1612,975.28,3,72000.0,0,0,n,37.2,0.0,0.0,21.0,0.0,31087.0,35.0,0,36808.02,36808.02,7766.42,7766.42,3191.98,4574.44,0.0,0.0,0.0,975.28,0.0,1.0,1,0.0,0.0,184843.0,1.0,11.0,2.0,4.0,3.0,153756.0,102.0,0.0,0.0,5852.0,96.0,36500.0,0.0,1.0,0.0,4.0,9242.0,1825.0,90.4,0.0,0.0,173.0,159.0,36.0,3.0,0.0,36.0,17.0,0.0,7.0,9.0,8.0,9.0,23.0,10.0,12.0,9.0,21.0,0.0,0.0,0.0,2.0,100.0,100.0,0.0,0.0,201929.0,184843.0,23500.0,165429.0,0,0
67997,6000.0,0.2055,224.67,1,60000.0,0,0,n,25.77,0.0,0.0,7.0,0.0,9266.0,8.0,0,4616.53,4616.53,2463.0,2463.0,1383.47,1079.53,0.0,0.0,0.0,230.0,0.0,1.0,0,0.0,0.0,67519.0,0.0,2.0,1.0,1.0,7.0,58253.0,54.0,1.0,1.0,2286.0,48.0,22600.0,0.0,2.0,2.0,2.0,9646.0,7420.0,30.0,0.0,0.0,36.0,87.0,12.0,7.0,0.0,30.0,7.0,0.0,2.0,4.0,3.0,3.0,2.0,5.0,6.0,4.0,7.0,0.0,0.0,0.0,2.0,100.0,33.3,0.0,0.0,93263.0,67519.0,10600.0,70663.0,0,0
68011,12000.0,0.2565,481.26,1,39000.0,1,0,n,36.18,0.0,3.0,16.0,0.0,10097.0,47.0,0,10302.12,10302.12,4016.53,4016.53,1697.88,2318.65,0.0,0.0,0.0,240.63,0.0,1.0,1,0.0,0.0,70239.0,4.0,3.0,1.0,2.0,6.0,60142.0,53.0,4.0,6.0,2228.0,42.0,29000.0,1.0,0.0,4.0,8.0,4390.0,9937.0,43.9,0.0,0.0,139.0,84.0,1.0,1.0,0.0,1.0,3.0,0.0,5.0,10.0,6.0,8.0,25.0,13.0,22.0,10.0,16.0,0.0,0.0,0.0,5.0,100.0,33.3,0.0,0.0,95424.0,70239.0,17700.0,66424.0,0,0
68024,8800.0,0.1308,200.59,1,25000.0,1,0,n,26.64,0.0,0.0,5.0,0.0,7993.0,9.0,0,7468.88,7468.88,2090.75,2090.75,1331.12,759.63,0.0,0.0,0.0,200.59,0.0,1.0,1,0.0,0.0,19942.0,0.0,1.0,0.0,0.0,32.0,11949.0,63.0,0.0,1.0,6210.0,62.0,13200.0,0.0,0.0,0.0,1.0,3988.0,1400.0,84.6,0.0,0.0,32.0,54.0,14.0,14.0,0.0,32.0,21.0,0.0,2.0,3.0,2.0,4.0,1.0,4.0,8.0,3.0,5.0,0.0,0.0,0.0,0.0,100.0,50.0,0.0,0.0,32313.0,19942.0,9100.0,19113.0,0,0
68087,10850.0,0.2305,306.18,1,30160.0,1,0,n,33.78,0.0,2.0,10.0,0.0,8577.0,12.0,0,10397.93,10397.93,1962.38,1962.38,452.07,1510.31,0.0,0.0,0.0,153.09,0.0,1.0,1,0.0,0.0,27254.0,0.0,3.0,0.0,2.0,20.0,18677.0,74.0,2.0,2.0,6144.0,55.0,24600.0,2.0,0.0,2.0,4.0,2725.0,5906.0,53.1,0.0,0.0,78.0,95.0,8.0,8.0,0.0,8.0,2.0,0.0,2.0,4.0,4.0,4.0,4.0,7.0,8.0,4.0,10.0,0.0,0.0,0.0,2.0,100.0,25.0,0.0,0.0,49900.0,27254.0,12600.0,25300.0,0,0
68114,7000.0,0.1308,236.13,3,28000.0,0,0,n,39.86,0.0,0.0,12.0,0.0,6199.0,16.0,0,5524.93,5524.93,2115.0,2115.0,1475.07,639.93,0.0,0.0,0.0,236.13,0.0,1.0,1,0.0,411.0,37408.0,0.0,2.0,0.0,1.0,16.0,31209.0,77.0,6.0,7.0,4674.0,60.0,21900.0,4.0,0.0,5.0,8.0,3117.0,9853.0,35.2,0.0,0.0,47.0,88.0,7.0,7.0,0.0,10.0,7.0,0.0,2.0,4.0,4.0,6.0,3.0,10.0,13.0,4.0,12.0,0.0,0.0,0.0,6.0,100.0,25.0,0.0,0.0,62407.0,37408.0,15200.0,40507.0,0,0
68116,10000.0,0.16949999999999998,356.28,2,95000.0,1,0,n,23.94,0.0,0.0,12.0,0.0,27595.0,26.0,0,8194.5,8194.5,3187.69,3187.69,1805.5,1382.19,0.0,0.0,0.0,356.28,0.0,1.0,1,0.0,0.0,227904.0,2.0,3.0,1.0,3.0,8.0,49077.0,85.0,1.0,4.0,11595.0,71.0,45300.0,2.0,2.0,3.0,10.0,18992.0,13943.0,58.5,0.0,0.0,117.0,324.0,6.0,3.0,6.0,6.0,4.0,2.0,5.0,7.0,5.0,9.0,6.0,7.0,13.0,7.0,12.0,0.0,0.0,0.0,3.0,88.5,60.0,0.0,0.0,259328.0,76944.0,33600.0,58002.0,0,0
68133,11000.0,0.2565,441.15,1,65000.0,1,0,n,34.95,0.0,1.0,16.0,0.0,11430.0,33.0,0,10647.59,10647.59,2174.4,2174.4,352.41,1821.99,0.0,0.0,0.0,441.15,0.0,1.0,1,0.0,0.0,131437.0,3.0,10.0,2.0,5.0,2.0,120007.0,77.0,1.0,2.0,4628.0,77.0,14400.0,1.0,2.0,2.0,7.0,8215.0,1954.0,78.0,0.0,0.0,135.0,121.0,2.0,2.0,0.0,2.0,2.0,0.0,3.0,4.0,4.0,5.0,24.0,6.0,9.0,4.0,16.0,0.0,0.0,0.0,3.0,100.0,50.0,0.0,0.0,145602.0,131437.0,8900.0,131202.0,0,0
68150,6000.0,0.2305,232.42,1,72000.0,0,0,n,36.6,0.0,1.0,10.0,0.0,2554.0,19.0,0,0.0,0.0,217.05,217.05,117.17,99.88,0.0,0.0,0.0,0.0,0.0,1.0,1,0.0,0.0,82564.0,1.0,4.0,4.0,6.0,4.0,80010.0,90.0,1.0,6.0,1793.0,83.0,9900.0,4.0,1.0,10.0,12.0,8256.0,7194.0,25.1,0.0,0.0,72.0,111.0,12.0,4.0,0.0,12.0,1.0,1.0,2.0,3.0,5.0,6.0,9.0,6.0,9.0,3.0,10.0,0.0,0.0,0.0,5.0,94.7,0.0,0.0,0.0,99163.0,82564.0,9600.0,89263.0,0,0
68173,6000.0,0.17739999999999995,216.14,1,50000.0,1,0,n,13.51,0.0,0.0,7.0,0.0,4791.0,8.0,0,4562.49,4562.49,2249.57,2249.57,1437.51,812.06,0.0,0.0,0.0,216.14,0.0,1.0,0,0.0,0.0,18114.0,3.0,1.0,1.0,1.0,2.0,13323.0,97.0,3.0,3.0,2854.0,82.0,8300.0,3.0,0.0,1.0,4.0,2588.0,709.0,87.1,0.0,0.0,2.0,46.0,2.0,2.0,0.0,10.0,9.0,0.0,3.0,3.0,3.0,3.0,1.0,6.0,7.0,3.0,7.0,0.0,0.0,0.0,4.0,100.0,66.7,0.0,0.0,21995.0,18114.0,5500.0,13695.0,1,0
68214,13000.0,0.17739999999999995,328.28,1,60000.0,0,0,n,35.14,0.0,0.0,13.0,0.0,3304.0,70.0,0,0.0,0.0,3264.8,3264.8,274.21,356.73,0.0,2633.86,474.0948,0.0,0.0,1.0,1,0.0,0.0,44261.0,2.0,4.0,4.0,6.0,1.0,37955.0,70.0,0.0,1.0,2318.0,64.0,12000.0,1.0,0.0,2.0,8.0,3405.0,1182.0,66.2,0.0,0.0,134.0,246.0,23.0,1.0,1.0,64.0,8.0,0.0,1.0,4.0,1.0,8.0,40.0,8.0,28.0,4.0,12.0,0.0,0.0,0.0,4.0,100.0,0.0,0.0,0.0,69495.0,44261.0,3500.0,54493.0,0,0
68239,12750.0,0.28800000000000003,532.92,1,32000.0,0,0,n,37.17,0.0,2.0,4.0,0.0,7653.0,7.0,0,0.0,0.0,1682.87,1682.87,0.0,0.0,0.0,1682.87,302.9166,0.0,0.0,1.0,1,0.0,0.0,28392.0,0.0,2.0,0.0,1.0,19.0,20739.0,63.0,0.0,0.0,4173.0,68.0,8700.0,1.0,0.0,2.0,1.0,7098.0,1047.0,88.0,0.0,0.0,61.0,600.0,36.0,19.0,0.0,36.0,3.0,0.0,2.0,2.0,2.0,3.0,4.0,2.0,3.0,2.0,4.0,0.0,0.0,0.0,0.0,100.0,100.0,0.0,0.0,41750.0,28392.0,8700.0,33050.0,0,0
68257,40000.0,0.1033,856.4,1,78000.0,1,0,n,11.57,0.0,1.0,11.0,0.0,8000.0,22.0,0,39040.92,39040.92,2339.05,2339.05,959.08,1379.97,0.0,0.0,0.0,336.08,0.0,1.0,1,0.0,0.0,46140.0,1.0,5.0,2.0,4.0,10.0,38140.0,79.0,1.0,2.0,6913.0,33.0,92000.0,1.0,0.0,1.0,6.0,4195.0,84000.0,8.7,0.0,0.0,90.0,137.0,3.0,3.0,0.0,3.0,3.0,0.0,3.0,3.0,6.0,9.0,12.0,6.0,10.0,3.0,11.0,0.0,0.0,0.0,3.0,100.0,16.7,0.0,0.0,140563.0,46140.0,92000.0,48563.0,0,0
68305,6000.0,0.1862,218.79,2,100000.0,1,0,n,21.07,0.0,3.0,11.0,0.0,73178.0,28.0,0,2218.99,2218.99,4482.52,4482.52,3781.01,701.51,0.0,0.0,0.0,0.0,0.0,1.0,1,0.0,0.0,280504.0,3.0,2.0,4.0,7.0,2.0,36925.0,68.0,5.0,5.0,20.0,53.0,90800.0,6.0,2.0,7.0,12.0,25500.0,13775.0,0.2,0.0,0.0,140.0,188.0,3.0,2.0,1.0,11.0,1.0,0.0,2.0,4.0,5.0,7.0,16.0,7.0,10.0,4.0,11.0,0.0,0.0,0.0,9.0,89.3,0.0,0.0,0.0,329800.0,110103.0,13800.0,54000.0,0,0
68323,20000.0,0.1308,455.89,1,90000.0,0,0,n,24.37,0.0,0.0,11.0,0.0,11827.0,14.0,0,0.0,0.0,3162.16,3162.16,1658.64,1503.52,0.0,0.0,0.0,0.0,0.0,1.0,1,0.0,0.0,79680.0,2.0,3.0,1.0,3.0,8.0,67853.0,83.0,3.0,4.0,6057.0,62.0,32900.0,3.0,1.0,5.0,7.0,7244.0,14709.0,43.9,0.0,0.0,61.0,65.0,1.0,1.0,0.0,1.0,7.0,0.0,3.0,4.0,6.0,6.0,6.0,8.0,8.0,4.0,11.0,0.0,0.0,0.0,4.0,100.0,0.0,0.0,0.0,115871.0,79680.0,26200.0,82971.0,0,0
68327,8000.0,0.2565,320.84,1,24000.0,0,0,n,40.35,0.0,0.0,5.0,0.0,906.0,17.0,0,0.0,0.0,1709.61,1709.61,302.88,316.0,0.0,1090.73,196.3314,0.0,0.0,1.0,0,0.0,8895.0,18964.0,1.0,1.0,0.0,0.0,68.0,18058.0,62.0,1.0,3.0,366.0,60.0,2200.0,0.0,0.0,0.0,3.0,3793.0,400.0,60.0,0.0,0.0,74.0,123.0,3.0,3.0,0.0,3.0,14.0,6.0,2.0,3.0,2.0,3.0,2.0,4.0,15.0,3.0,5.0,0.0,0.0,0.0,1.0,58.8,0.0,0.0,0.0,31419.0,18964.0,1000.0,29219.0,0,0
68345,12000.0,0.17739999999999995,432.27,3,120000.0,0,0,n,10.87,0.0,1.0,7.0,0.0,7585.0,11.0,0,0.0,0.0,1964.78,1964.78,254.87,153.75,0.0,1556.16,280.1088,0.0,0.0,1.0,1,0.0,0.0,43045.0,3.0,2.0,1.0,4.0,3.0,35460.0,87.0,3.0,3.0,2308.0,78.0,14400.0,3.0,0.0,3.0,7.0,6149.0,3923.0,53.3,0.0,0.0,44.0,47.0,5.0,3.0,0.0,5.0,3.0,0.0,2.0,3.0,4.0,4.0,6.0,5.0,5.0,3.0,7.0,0.0,0.0,0.0,4.0,100.0,50.0,0.0,0.0,55255.0,43045.0,8400.0,40855.0,0,0
68422,21000.0,0.2305,592.61,2,60000.0,1,0,n,35.56,0.0,0.0,13.0,1.0,25365.0,39.0,0,20560.99,20560.99,3303.85,3303.85,439.01,2864.84,0.0,0.0,0.0,394.95,0.0,1.0,1,0.0,0.0,131052.0,1.0,3.0,1.0,2.0,12.0,105687.0,68.0,3.0,5.0,11617.0,53.0,53800.0,1.0,6.0,3.0,7.0,10081.0,26223.0,42.6,0.0,0.0,182.0,126.0,5.0,5.0,0.0,5.0,10.0,0.0,3.0,5.0,7.0,11.0,23.0,10.0,16.0,5.0,13.0,0.0,0.0,0.0,4.0,100.0,28.6,1.0,0.0,166165.0,131052.0,45700.0,112365.0,0,0
68429,15950.0,0.1308,363.57,3,154000.0,0,0,n,17.36,0.0,1.0,16.0,1.0,17379.0,24.0,0,15950.0,15950.0,869.9,869.9,0.0,869.9,0.0,0.0,0.0,181.79,0.0,1.0,1,0.0,0.0,93509.0,1.0,1.0,0.0,2.0,16.0,75251.0,73.0,4.0,10.0,5155.0,23.0,102100.0,4.0,0.0,5.0,13.0,5844.0,73000.0,16.2,0.0,0.0,160.0,162.0,6.0,6.0,0.0,8.0,6.0,0.0,6.0,8.0,9.0,11.0,7.0,13.0,16.0,8.0,16.0,0.0,0.0,0.0,4.0,100.0,11.1,1.0,0.0,191064.0,93509.0,87100.0,87206.0,0,0
68480,4000.0,0.124,133.63,1,48000.0,0,0,n,22.33,0.0,0.0,10.0,0.0,694.0,13.0,0,0.0,0.0,395.38,395.38,279.76,115.62,0.0,0.0,0.0,0.0,0.0,1.0,1,0.0,84.0,29362.0,1.0,3.0,1.0,3.0,12.0,21377.0,71.0,1.0,2.0,339.0,64.0,8300.0,3.0,0.0,1.0,5.0,2936.0,5949.0,9.9,0.0,0.0,147.0,64.0,4.0,4.0,0.0,4.0,12.0,0.0,3.0,4.0,4.0,4.0,5.0,6.0,7.0,4.0,10.0,0.0,0.0,0.0,2.0,91.7,0.0,0.0,0.0,45648.0,29362.0,6600.0,30057.0,0,0
68483,11050.0,0.14300000000000002,379.28,3,20888.0,1,0,n,21.78,1.0,0.0,8.0,0.0,2739.0,16.0,0,8446.68,8446.68,3775.24,3775.24,2603.32,1171.92,0.0,0.0,0.0,0.0,0.0,1.0,1,0.0,1060.0,7950.0,0.0,1.0,0.0,1.0,16.0,5211.0,65.0,0.0,2.0,2664.0,35.0,14800.0,1.0,0.0,0.0,3.0,994.0,11961.0,18.6,0.0,0.0,36.0,146.0,16.0,16.0,0.0,24.0,16.0,0.0,2.0,2.0,6.0,12.0,3.0,7.0,13.0,2.0,8.0,0.0,0.0,0.0,0.0,93.8,0.0,0.0,0.0,22800.0,7950.0,14700.0,8000.0,0,0
68509,11125.0,0.2305,430.94,2,180000.0,0,0,n,17.76,0.0,1.0,12.0,0.0,47068.0,19.0,1,0.0,0.0,0.0,0.0,0.0,0.0,0.0,0.0,0.0,0.0,0.0,1.0,1,0.0,0.0,194968.0,0.0,3.0,0.0,2.0,18.0,62164.0,47.0,0.0,0.0,14407.0,83.0,48900.0,2.0,0.0,1.0,2.0,16247.0,2134.0,95.2,0.0,0.0,159.0,255.0,83.0,18.0,1.0,83.0,0.0,0.0,6.0,8.0,6.0,8.0,5.0,8.0,12.0,8.0,12.0,0.0,0.0,0.0,0.0,100.0,100.0,0.0,0.0,294082.0,109232.0,44000.0,97182.0,0,0
68529,10500.0,0.1862,270.19,3,42000.0,0,0,n,34.97,0.0,1.0,11.0,0.0,9418.0,16.0,0,0.0,0.0,788.85,788.85,326.82,462.03,0.0,0.0,0.0,0.0,0.0,1.0,1,0.0,0.0,24802.0,1.0,3.0,1.0,1.0,9.0,15384.0,44.0,1.0,3.0,2351.0,42.0,24000.0,0.0,0.0,2.0,4.0,2255.0,5762.0,44.6,0.0,0.0,123.0,159.0,4.0,4.0,0.0,4.0,4.0,0.0,4.0,8.0,4.0,5.0,5.0,8.0,11.0,8.0,11.0,0.0,0.0,0.0,2.0,100.0,0.0,0.0,0.0,58771.0,24802.0,10400.0,34771.0,0,0
68657,7700.0,0.16949999999999998,274.34,3,35000.0,1,0,n,27.3,0.0,1.0,8.0,0.0,6884.0,12.0,0,0.0,0.0,1082.86,1082.86,503.78,579.08,0.0,0.0,0.0,0.0,0.0,1.0,1,0.0,0.0,40468.0,0.0,2.0,0.0,4.0,14.0,33584.0,88.0,1.0,7.0,2742.0,85.0,9200.0,0.0,4.0,1.0,11.0,5059.0,1653.0,74.6,0.0,0.0,106.0,18.0,12.0,12.0,0.0,12.0,6.0,0.0,3.0,6.0,3.0,3.0,5.0,6.0,7.0,6.0,8.0,0.0,0.0,0.0,1.0,100.0,33.3,0.0,0.0,47393.0,40468.0,6500.0,38193.0,0,0
68679,5000.0,0.2305,193.68,1,150000.0,0,0,n,12.36,2.0,0.0,3.0,0.0,7717.0,9.0,0,0.0,0.0,955.59,955.59,484.95,470.64,0.0,0.0,0.0,193.68,0.0,1.0,0,0.0,0.0,28134.0,0.0,1.0,0.0,1.0,19.0,20417.0,78.0,0.0,0.0,7717.0,82.0,8100.0,0.0,0.0,3.0,1.0,14067.0,383.0,95.3,0.0,0.0,183.0,201.0,165.0,19.0,0.0,176.0,9.0,0.0,1.0,1.0,2.0,2.0,4.0,2.0,4.0,1.0,3.0,0.0,0.0,0.0,0.0,77.8,100.0,0.0,0.0,34350.0,28134.0,8100.0,26250.0,0,0
68695,12750.0,0.124,425.93,2,58000.0,0,0,n,17.55,0.0,0.0,14.0,0.0,16503.0,17.0,0,9824.12,9824.12,4241.73,4241.73,2925.88,1315.85,0.0,0.0,0.0,425.93,0.0,1.0,1,0.0,0.0,264569.0,0.0,1.0,0.0,0.0,28.0,2673.0,31.0,2.0,2.0,4566.0,48.0,31700.0,0.0,0.0,1.0,2.0,18898.0,8919.0,61.4,0.0,0.0,28.0,53.0,7.0,7.0,2.0,7.0,9.0,0.0,6.0,11.0,6.0,6.0,1.0,12.0,14.0,11.0,14.0,0.0,0.0,0.0,2.0,100.0,50.0,0.0,0.0,303122.0,19176.0,23100.0,8500.0,0,0
68704,10225.0,0.0819,321.32,2,71100.0,1,0,n,11.81,2.0,1.0,7.0,0.0,9309.0,20.0,0,7387.46,7387.46,3525.22,3525.22,2837.54,687.68,0.0,0.0,0.0,321.32,0.0,1.0,1,0.0,0.0,365533.0,1.0,2.0,1.0,3.0,4.0,17582.0,81.0,0.0,0.0,9096.0,82.0,11000.0,4.0,4.0,2.0,3.0,52219.0,904.0,91.0,0.0,0.0,159.0,165.0,26.0,4.0,5.0,165.0,3.0,1.0,1.0,2.0,1.0,2.0,11.0,2.0,4.0,2.0,7.0,0.0,0.0,0.0,1.0,65.0,100.0,0.0,0.0,413322.0,26891.0,10000.0,21633.0,0,0
68709,8500.0,0.1308,286.73,1,66000.0,0,0,n,37.44,0.0,0.0,11.0,1.0,13720.0,20.0,0,7911.39,7911.39,1307.06,1307.06,588.61,718.45,0.0,0.0,0.0,143.37,0.0,1.0,1,0.0,0.0,53473.0,0.0,4.0,0.0,1.0,16.0,39753.0,66.0,0.0,0.0,3248.0,66.0,21100.0,0.0,2.0,1.0,1.0,4861.0,2755.0,76.3,0.0,0.0,177.0,207.0,36.0,16.0,0.0,101.0,8.0,0.0,4.0,6.0,5.0,6.0,9.0,7.0,11.0,6.0,11.0,0.0,0.0,0.0,0.0,100.0,80.0,1.0,0.0,81175.0,53473.0,11600.0,60075.0,0,0
68777,22200.0,0.16949999999999998,790.94,1,72000.0,1,0,n,32.48,0.0,0.0,27.0,0.0,23372.0,32.0,0,0.0,0.0,2331.01,2331.01,1452.41,878.6,0.0,0.0,0.0,0.0,0.0,1.0,1,0.0,0.0,44890.0,1.0,3.0,0.0,2.0,15.0,21518.0,68.0,2.0,4.0,2462.0,51.0,56400.0,2.0,0.0,2.0,6.0,1663.0,15191.0,51.5,0.0,0.0,62.0,105.0,2.0,2.0,0.0,2.0,8.0,0.0,14.0,19.0,15.0,16.0,6.0,24.0,26.0,19.0,27.0,0.0,0.0,0.0,2.0,100.0,26.7,0.0,0.0,88100.0,44890.0,31300.0,31700.0,0,0
68780,8000.0,0.0646,245.05,1,36000.0,1,0,n,16.83,0.0,0.0,5.0,0.0,8045.0,8.0,0,0.0,0.0,729.41,729.41,603.41,126.0,0.0,0.0,0.0,0.0,1.0,1.0,1,0.0,1133.0,23426.0,1.0,1.0,1.0,1.0,6.0,15381.0,95.0,0.0,0.0,3139.0,61.0,22200.0,1.0,0.0,1.0,1.0,4685.0,11697.0,37.4,0.0,0.0,160.0,192.0,165.0,6.0,0.0,165.0,6.0,0.0,3.0,4.0,3.0,3.0,4.0,4.0,4.0,4.0,5.0,0.0,0.0,0.0,1.0,87.5,0.0,0.0,0.0,38336.0,23426.0,18700.0,16136.0,0,0
68849,20000.0,0.1612,487.64,2,51000.0,0,0,n,42.68,0.0,1.0,6.0,0.0,19919.0,18.0,0,17168.47,17168.47,5939.02,5939.02,2831.53,3107.49,0.0,0.0,0.0,1072.64,0.0,1.0,0,0.0,0.0,286127.0,1.0,4.0,1.0,3.0,3.0,54133.0,68.0,0.0,0.0,19919.0,75.0,20000.0,3.0,5.0,2.0,4.0,47688.0,81.0,99.6,0.0,0.0,142.0,110.0,96.0,3.0,5.0,110.0,3.0,0.0,1.0,1.0,1.0,2.0,11.0,1.0,2.0,1.0,6.0,0.0,0.0,0.0,1.0,100.0,100.0,0.0,0.0,314137.0,74052.0,20000.0,79137.0,0,0
68869,10000.0,0.28800000000000003,417.97,2,78000.0,0,0,n,27.96,0.0,2.0,10.0,0.0,15392.0,13.0,0,9221.82,9221.82,2520.58,2520.58,778.18,1742.4,0.0,0.0,0.0,626.96,0.0,1.0,1,0.0,554.0,495475.0,5.0,3.0,2.0,2.0,4.0,86794.0,107.0,3.0,3.0,4001.0,78.0,34100.0,1.0,4.0,4.0,5.0,49548.0,5999.0,40.0,0.0,0.0,115.0,51.0,2.0,2.0,2.0,5.0,2.0,1.0,1.0,6.0,1.0,1.0,5.0,6.0,6.0,6.0,10.0,0.0,0.0,0.0,5.0,91.7,0.0,0.0,0.0,525825.0,102186.0,10000.0,85327.0,0,0
68884,30000.0,0.0756,934.02,2,207000.0,1,0,n,18.99,0.0,0.0,8.0,0.0,61404.0,21.0,0,22335.0,22335.0,9315.0,9315.0,7665.0,1650.0,0.0,0.0,0.0,0.0,0.0,1.0,1,0.0,0.0,590767.0,0.0,1.0,0.0,1.0,22.0,13166.0,44.0,0.0,1.0,29838.0,71.0,75000.0,1.0,0.0,1.0,3.0,73846.0,13596.0,81.9,0.0,0.0,171.0,516.0,13.0,13.0,4.0,40.0,3.0,0.0,3.0,3.0,4.0,5.0,8.0,4.0,8.0,3.0,8.0,0.0,0.0,0.0,0.0,100.0,75.0,0.0,0.0,659929.0,111494.0,75000.0,30000.0,0,0
68905,20000.0,0.2565,594.68,1,71200.0,1,0,n,24.36,0.0,5.0,9.0,1.0,9293.0,18.0,0,0.0,0.0,2916.4,2916.4,512.33,2404.07,0.0,0.0,0.0,594.68,0.0,1.0,1,0.0,291.0,42774.0,3.0,2.0,1.0,2.0,5.0,33481.0,93.0,2.0,2.0,5129.0,70.0,16700.0,4.0,0.0,10.0,4.0,4753.0,4205.0,68.4,0.0,0.0,102.0,90.0,4.0,4.0,0.0,41.0,0.0,0.0,4.0,5.0,5.0,6.0,10.0,7.0,8.0,5.0,9.0,0.0,0.0,0.0,3.0,100.0,40.0,1.0,0.0,76230.0,42774.0,13300.0,59530.0,0,0
68958,10625.0,0.1171,351.44,1,70000.0,1,0,n,34.36,0.0,2.0,19.0,0.0,10598.0,41.0,0,8470.91,8470.91,3149.14,3149.14,2154.09,995.05,0.0,0.0,0.0,351.44,0.0,1.0,1,0.0,0.0,84206.0,3.0,4.0,2.0,6.0,3.0,73608.0,88.0,3.0,11.0,40.0,43.0,56100.0,6.0,2.0,2.0,17.0,4432.0,26844.0,0.2,0.0,0.0,96.0,76.0,5.0,3.0,0.0,5.0,3.0,9.0,1.0,4.0,7.0,14.0,8.0,15.0,33.0,5.0,19.0,0.0,0.0,0.0,5.0,83.8,0.0,0.0,0.0,143816.0,84206.0,26900.0,87716.0,0,0
68965,6000.0,0.0646,183.79,1,22800.0,0,0,n,4.16,0.0,1.0,4.0,0.0,3679.0,5.0,0,4668.17,4668.17,1649.8,1649.8,1331.83,317.97,0.0,0.0,0.0,0.0,0.0,1.0,1,0.0,0.0,12400.0,0.0,1.0,0.0,0.0,35.0,8721.0,101.0,0.0,1.0,3679.0,66.0,10000.0,0.0,0.0,2.0,1.0,3100.0,2321.0,61.3,0.0,0.0,41.0,25.0,15.0,15.0,0.0,25.0,4.0,0.0,1.0,1.0,2.0,2.0,2.0,3.0,3.0,1.0,4.0,0.0,0.0,0.0,0.0,100.0,0.0,0.0,0.0,18674.0,12400.0,6000.0,8674.0,0,0
69021,40000.0,0.1308,911.77,1,125000.0,0,0,n,15.71,0.0,0.0,14.0,0.0,34960.0,23.0,0,0.0,0.0,1765.41,1765.41,795.12,970.29,0.0,0.0,0.0,0.0,0.0,1.0,1,0.0,0.0,70310.0,1.0,2.0,1.0,2.0,5.0,35350.0,86.0,7.0,7.0,11869.0,58.0,81000.0,0.0,2.0,2.0,9.0,5022.0,43159.0,43.9,0.0,0.0,158.0,176.0,7.0,5.0,0.0,7.0,9.0,0.0,9.0,11.0,10.0,14.0,5.0,12.0,18.0,11.0,14.0,0.0,0.0,0.0,8.0,100.0,10.0,0.0,0.0,122287.0,70310.0,77000.0,41287.0,0,0
69146,25200.0,0.14300000000000002,590.29,2,65000.0,1,0,n,7.35,0.0,1.0,2.0,0.0,2724.0,10.0,0,0.0,0.0,2321.12,2321.12,1180.86,1140.26,0.0,0.0,0.0,0.0,0.0,1.0,0,0.0,0.0,22279.0,0.0,1.0,0.0,1.0,14.0,19555.0,84.0,0.0,0.0,2724.0,75.0,6500.0,0.0,0.0,1.0,1.0,11140.0,3776.0,41.9,0.0,0.0,108.0,253.0,83.0,14.0,1.0,87.0,6.0,3.0,1.0,1.0,1.0,4.0,4.0,1.0,4.0,1.0,2.0,0.0,0.0,0.0,0.0,66.7,0.0,0.0,0.0,29731.0,22279.0,6500.0,23231.0,0,0
69186,18000.0,0.17739999999999995,648.4,1,72800.0,1,0,n,34.19,0.0,1.0,15.0,0.0,28673.0,19.0,0,0.0,0.0,2840.5,2840.5,382.3,230.62,0.0,2227.58,400.9644,648.4,0.0,1.0,1,0.0,0.0,91898.0,2.0,2.0,2.0,2.0,9.0,63225.0,93.0,2.0,5.0,12071.0,52.0,70700.0,3.0,2.0,10.0,7.0,6127.0,14021.0,56.6,0.0,0.0,72.0,98.0,3.0,3.0,0.0,13.0,2.0,0.0,4.0,6.0,5.0,6.0,5.0,13.0,14.0,6.0,15.0,0.0,0.0,0.0,4.0,88.9,20.0,0.0,0.0,138043.0,91898.0,32300.0,67343.0,0,0
69209,39000.0,0.124,875.44,2,80000.0,0,0,n,23.84,0.0,1.0,22.0,1.0,23473.0,43.0,0,0.0,0.0,2291.18,2291.18,868.33,1422.85,0.0,0.0,0.0,200.0,0.0,1.0,1,0.0,0.0,315660.0,0.0,2.0,2.0,2.0,11.0,36307.0,77.0,2.0,3.0,13098.0,31.0,94600.0,3.0,1.0,3.0,7.0,14348.0,45207.0,32.8,0.0,0.0,145.0,95.0,9.0,9.0,4.0,9.0,2.0,0.0,8.0,13.0,10.0,12.0,12.0,19.0,27.0,13.0,22.0,0.0,0.0,0.0,4.0,100.0,10.0,1.0,0.0,411974.0,59780.0,67300.0,57912.0,0,0
69210,16000.0,0.28800000000000003,668.76,1,70000.0,1,0,n,23.35,0.0,2.0,26.0,0.0,13604.0,30.0,0,14078.64,14078.64,4630.12,4630.12,1921.36,2708.76,0.0,0.0,0.0,668.76,0.0,1.0,1,0.0,0.0,38760.0,2.0,4.0,1.0,2.0,10.0,25156.0,67.0,3.0,10.0,1684.0,67.0,20400.0,1.0,0.0,4.0,12.0,1491.0,3504.0,75.0,0.0,0.0,198.0,42.0,2.0,2.0,0.0,2.0,2.0,0.0,11.0,18.0,12.0,14.0,5.0,22.0,25.0,18.0,26.0,0.0,0.0,0.0,4.0,100.0,58.3,0.0,0.0,58250.0,38760.0,14000.0,37850.0,1,0
69249,4000.0,0.2055,149.78,3,26457.0,0,0,n,26.09,1.0,1.0,6.0,0.0,3029.0,12.0,0,0.0,0.0,440.21,440.21,248.04,192.17,0.0,0.0,0.0,0.0,0.0,1.0,1,0.0,0.0,24852.0,2.0,1.0,0.0,1.0,14.0,21823.0,86.0,4.0,4.0,2357.0,63.0,14300.0,4.0,1.0,8.0,5.0,4142.0,7445.0,26.3,0.0,0.0,37.0,104.0,2.0,2.0,1.0,2.0,1.0,0.0,2.0,4.0,2.0,3.0,3.0,5.0,8.0,4.0,6.0,0.0,0.0,1.0,4.0,91.7,0.0,0.0,0.0,39650.0,24852.0,10100.0,25350.0,0,0
69268,12000.0,0.0646,367.57,1,48000.0,1,0,n,18.98,0.0,0.0,13.0,0.0,18691.0,16.0,0,9987.95,9987.95,2564.38,2564.38,2012.05,552.33,0.0,0.0,0.0,367.57,0.0,1.0,1,0.0,0.0,34215.0,0.0,1.0,1.0,1.0,11.0,15524.0,87.0,6.0,6.0,2918.0,67.0,33200.0,0.0,1.0,2.0,7.0,2632.0,5070.0,78.0,0.0,0.0,40.0,194.0,10.0,10.0,0.0,10.0,11.0,0.0,9.0,11.0,9.0,10.0,2.0,12.0,14.0,11.0,13.0,0.0,0.0,0.0,7.0,100.0,77.8,0.0,0.0,51099.0,34215.0,23000.0,17899.0,0,0
69312,15000.0,0.0646,459.47,1,125000.0,0,0,n,15.81,0.0,1.0,21.0,1.0,14182.0,38.0,0,13857.71,13857.71,1666.08,1666.08,1142.29,523.79,0.0,0.0,0.0,74.61,1.0,1.0,1,0.0,0.0,79269.0,1.0,3.0,2.0,2.0,4.0,65087.0,103.0,4.0,8.0,3522.0,62.0,35400.0,2.0,3.0,7.0,10.0,3775.0,7508.0,51.6,0.0,0.0,208.0,65.0,9.0,4.0,2.0,9.0,4.0,2.0,8.0,10.0,10.0,11.0,13.0,18.0,22.0,10.0,21.0,0.0,0.0,0.0,6.0,94.6,10.0,1.0,0.0,102524.0,79269.0,15500.0,67124.0,0,0
69330,16000.0,0.1612,563.47,2,50000.0,1,0,n,17.76,2.0,0.0,15.0,0.0,3551.0,21.0,0,13297.43,13297.43,4479.1,4479.1,2702.57,1776.53,0.0,0.0,0.0,563.47,0.0,1.0,1,0.0,101.0,78599.0,0.0,11.0,0.0,1.0,18.0,75048.0,106.0,0.0,0.0,1447.0,99.0,6800.0,2.0,0.0,3.0,1.0,5240.0,1707.0,46.7,1.0,0.0,267.0,221.0,86.0,18.0,0.0,90.0,1.0,2.0,2.0,3.0,3.0,4.0,14.0,4.0,6.0,3.0,15.0,0.0,0.0,1.0,0.0,81.0,33.3,0.0,0.0,85809.0,78599.0,3200.0,79009.0,0,0
69340,17775.0,0.1862,648.16,2,65000.0,0,0,n,21.25,0.0,1.0,7.0,0.0,14939.0,15.0,0,15873.36,15873.36,5033.03,5033.03,1901.64,3131.39,0.0,0.0,0.0,648.16,0.0,1.0,0,0.0,0.0,124964.0,1.0,1.0,1.0,3.0,5.0,27511.0,98.0,0.0,0.0,7673.0,85.0,21900.0,2.0,2.0,2.0,3.0,20827.0,6961.0,68.2,0.0,0.0,170.0,211.0,65.0,5.0,3.0,65.0,5.0,0.0,3.0,3.0,4.0,4.0,7.0,5.0,5.0,3.0,7.0,0.0,0.0,0.0,1.0,86.7,25.0,0.0,0.0,141225.0,42450.0,21900.0,28225.0,0,0
69346,10000.0,0.17739999999999995,252.53,1,28800.0,0,0,n,8.21,0.0,0.0,5.0,0.0,3817.0,16.0,0,0.0,0.0,485.35,485.35,210.94,274.41,0.0,0.0,0.0,0.0,0.0,1.0,1,0.0,0.0,52655.0,0.0,3.0,0.0,0.0,31.0,48838.0,74.0,0.0,0.0,3104.0,59.0,9300.0,0.0,0.0,0.0,0.0,10531.0,4696.0,39.8,0.0,0.0,123.0,95.0,32.0,31.0,0.0,46.0,16.0,1.0,1.0,2.0,1.0,3.0,9.0,2.0,7.0,2.0,5.0,0.0,0.0,0.0,0.0,86.7,0.0,0.0,0.0,57647.0,52655.0,7800.0,48347.0,0,0
69352,18000.0,0.1308,410.3,2,80000.0,1,0,n,9.62,0.0,0.0,12.0,0.0,17317.0,12.0,0,16965.85,16965.85,2845.94,2845.94,1034.15,1811.79,0.0,0.0,0.0,410.3,0.0,1.0,1,0.0,485.0,85154.0,0.0,1.0,1.0,1.0,9.0,11027.0,102.0,1.0,4.0,7863.0,57.0,39300.0,0.0,0.0,0.0,5.0,7096.0,13301.0,55.2,0.0,0.0,9.0,285.0,10.0,9.0,1.0,10.0,17.0,0.0,5.0,6.0,7.0,7.0,1.0,10.0,10.0,6.0,12.0,0.0,0.0,0.0,2.0,100.0,28.6,0.0,0.0,163310.0,28344.0,29700.0,10860.0,0,0
69369,19050.0,0.124,636.38,3,144000.0,1,0,n,12.24,1.0,2.0,11.0,0.0,1608.0,12.0,0,0.0,0.0,1246.51,1246.51,693.94,552.57,0.0,0.0,0.0,0.0,0.0,1.0,1,0.0,0.0,28920.0,0.0,2.0,0.0,2.0,14.0,27312.0,69.0,0.0,1.0,229.0,49.0,19000.0,11.0,0.0,6.0,3.0,2629.0,8720.0,3.1,0.0,0.0,44.0,89.0,14.0,14.0,0.0,14.0,1.0,0.0,4.0,7.0,5.0,5.0,3.0,9.0,9.0,7.0,11.0,0.0,0.0,0.0,0.0,83.3,0.0,0.0,0.0,58648.0,28920.0,9000.0,39648.0,0,0
69384,24000.0,0.14300000000000002,562.18,2,83000.0,0,0,n,8.63,2.0,5.0,11.0,0.0,6263.0,21.0,0,20774.38,20774.38,6145.85,6145.85,3225.62,2920.23,0.0,0.0,0.0,0.0,0.0,1.0,1,0.0,0.0,213662.0,2.0,3.0,1.0,1.0,12.0,6462.0,32.0,2.0,2.0,4891.0,31.0,21000.0,3.0,0.0,16.0,4.0,19424.0,13737.0,31.3,0.0,0.0,134.0,216.0,2.0,2.0,2.0,2.0,1.0,1.0,4.0,4.0,5.0,7.0,7.0,7.0,12.0,4.0,11.0,0.0,0.0,0.0,3.0,80.0,20.0,0.0,0.0,245615.0,12725.0,20000.0,20383.0,0,0
69393,15000.0,0.2055,561.67,1,55000.0,1,0,n,15.34,1.0,1.0,15.0,0.0,10118.0,42.0,0,0.0,0.0,2774.1,2774.1,1089.68,1684.41,0.0,0.0,0.0,0.0,0.0,1.0,1,0.0,3915.0,27306.0,1.0,2.0,0.0,4.0,14.0,17188.0,77.0,1.0,2.0,0.0,56.0,26800.0,1.0,17.0,1.0,6.0,1950.0,2800.0,0.0,0.0,0.0,63.0,174.0,4.0,4.0,0.0,67.0,1.0,0.0,0.0,3.0,3.0,8.0,17.0,13.0,25.0,3.0,15.0,0.0,0.0,0.0,1.0,97.6,0.0,0.0,0.0,49203.0,27306.0,2800.0,22403.0,0,0
69543,15000.0,0.17739999999999995,540.34,1,45000.0,1,0,n,20.64,0.0,1.0,7.0,0.0,15751.0,19.0,0,14345.0,14345.0,3101.27,3101.27,655.0,2446.27,0.0,0.0,0.0,0.0,0.0,1.0,1,0.0,90.0,16219.0,0.0,1.0,0.0,0.0,47.0,468.0,3.0,1.0,2.0,10068.0,41.0,23900.0,0.0,0.0,1.0,2.0,2703.0,2341.0,86.9,0.0,0.0,82.0,212.0,12.0,12.0,0.0,12.0,2.0,0.0,4.0,5.0,4.0,10.0,3.0,6.0,16.0,5.0,7.0,0.0,0.0,0.0,1.0,94.7,75.0,0.0,0.0,39182.0,16219.0,17900.0,15282.0,0,0
69589,6000.0,0.0646,183.79,1,50000.0,1,0,n,7.37,0.0,1.0,4.0,0.0,6206.0,4.0,0,0.0,0.0,885.94,885.94,151.49,27.99,0.0,706.46,127.1628,0.0,0.0,1.0,1,0.0,0.0,14942.0,1.0,2.0,0.0,0.0,26.0,8736.0,97.0,1.0,1.0,5872.0,60.0,16000.0,2.0,0.0,2.0,1.0,3736.0,9794.0,38.8,0.0,0.0,46.0,116.0,3.0,3.0,0.0,3.0,3.0,0.0,2.0,2.0,2.0,2.0,2.0,2.0,2.0,2.0,4.0,0.0,0.0,0.0,1.0,100.0,50.0,0.0,0.0,24972.0,14942.0,16000.0,8972.0,0,0
69626,28000.0,0.2305,790.14,1,60000.0,0,0,n,30.16,0.0,2.0,9.0,0.0,15508.0,17.0,0,0.0,0.0,4669.13,4669.13,1588.43,3080.7,0.0,0.0,0.0,0.0,0.0,1.0,1,0.0,0.0,33358.0,0.0,2.0,0.0,2.0,19.0,17850.0,51.0,0.0,1.0,5029.0,58.0,22200.0,1.0,0.0,2.0,3.0,4170.0,2949.0,81.7,0.0,0.0,75.0,162.0,24.0,19.0,0.0,32.0,2.0,0.0,4.0,5.0,5.0,10.0,5.0,7.0,12.0,5.0,9.0,0.0,0.0,0.0,0.0,94.1,75.0,0.0,0.0,57398.0,33358.0,16100.0,35198.0,0,0
69680,7200.0,0.1612,253.56,1,62000.0,1,0,n,25.28,0.0,1.0,6.0,0.0,3019.0,12.0,0,0.0,0.0,747.78,747.78,448.89,298.89,0.0,0.0,0.0,0.0,0.0,1.0,1,0.0,0.0,313896.0,2.0,3.0,2.0,4.0,4.0,59535.0,94.0,1.0,1.0,2419.0,83.0,6000.0,2.0,1.0,3.0,6.0,52316.0,2981.0,50.3,0.0,0.0,54.0,63.0,6.0,4.0,1.0,6.0,4.0,0.0,2.0,2.0,2.0,4.0,5.0,2.0,6.0,2.0,6.0,0.0,0.0,0.0,3.0,100.0,50.0,0.0,0.0,326142.0,62554.0,6000.0,65834.0,0,0
69702,8000.0,0.14300000000000002,274.59,1,75000.0,1,0,n,25.97,0.0,1.0,9.0,0.0,5360.0,22.0,0,7268.53,7268.53,1360.24,1360.24,731.47,628.77,0.0,0.0,0.0,274.59,0.0,1.0,1,0.0,0.0,48968.0,1.0,3.0,2.0,2.0,4.0,43608.0,88.0,0.0,0.0,1493.0,83.0,9600.0,1.0,3.0,1.0,2.0,5441.0,1007.0,59.7,0.0,0.0,99.0,136.0,34.0,4.0,0.0,117.0,4.0,0.0,1.0,6.0,1.0,3.0,11.0,6.0,11.0,6.0,8.0,0.0,0.0,0.0,2.0,95.5,0.0,0.0,0.0,59274.0,48968.0,2500.0,49674.0,0,0
69721,36450.0,0.17739999999999995,920.45,2,62000.0,0,0,n,71.6,0.0,0.0,20.0,0.0,34177.0,49.0,0,0.0,0.0,5450.85,5450.85,2375.9,3074.95,0.0,0.0,0.0,920.45,0.0,1.0,0,0.0,0.0,652415.0,1.0,4.0,2.0,4.0,1.0,144362.0,77.0,2.0,4.0,12171.0,48.0,82900.0,1.0,6.0,4.0,11.0,32621.0,15031.0,54.7,0.0,0.0,126.0,150.0,11.0,1.0,4.0,11.0,1.0,0.0,3.0,7.0,6.0,14.0,15.0,15.0,30.0,7.0,20.0,0.0,0.0,0.0,5.0,100.0,16.7,0.0,0.0,723763.0,178539.0,33200.0,164041.0,0,0
69772,2200.0,0.2565,88.23,1,70000.0,0,0,n,27.41,0.0,1.0,7.0,0.0,10580.0,15.0,0,1709.03,1709.03,964.26,964.26,490.97,473.29,0.0,0.0,0.0,88.23,0.0,1.0,1,0.0,0.0,36805.0,1.0,4.0,1.0,2.0,5.0,26225.0,76.0,0.0,0.0,7184.0,88.0,10200.0,1.0,5.0,1.0,2.0,5258.0,0.0,104.2,0.0,0.0,129.0,127.0,37.0,5.0,0.0,41.0,5.0,0.0,2.0,3.0,2.0,2.0,10.0,3.0,5.0,3.0,7.0,0.0,0.0,0.0,1.0,100.0,100.0,0.0,0.0,64134.0,36805.0,8700.0,53934.0,0,0
69837,40000.0,0.16949999999999998,993.03,1,160000.0,0,0,n,16.73,0.0,0.0,10.0,0.0,16747.0,32.0,0,39424.39,39424.39,7034.25,7034.25,575.61,6458.64,0.0,0.0,0.0,993.03,0.0,1.0,1,0.0,0.0,130311.0,0.0,4.0,1.0,1.0,10.0,113564.0,114.0,0.0,0.0,5649.0,100.0,23600.0,9.0,5.0,7.0,1.0,13031.0,3875.0,77.2,0.0,0.0,195.0,182.0,40.0,10.0,1.0,40.0,0.0,0.0,5.0,6.0,5.0,8.0,19.0,6.0,12.0,6.0,10.0,0.0,0.0,0.0,1.0,96.9,60.0,0.0,0.0,147050.0,130311.0,17000.0,123450.0,0,0
69855,10000.0,0.1308,337.33,3,45000.0,1,0,n,32.83,0.0,1.0,7.0,1.0,9188.0,19.0,1,0.0,0.0,1672.12,1672.12,1109.9,562.22,0.0,0.0,0.0,0.0,0.0,1.0,1,0.0,0.0,40116.0,1.0,2.0,1.0,3.0,10.0,30928.0,72.0,1.0,2.0,5311.0,56.0,28300.0,2.0,0.0,1.0,5.0,5731.0,19112.0,32.5,0.0,0.0,68.0,78.0,6.0,6.0,0.0,6.0,3.0,0.0,4.0,4.0,5.0,8.0,9.0,5.0,10.0,4.0,7.0,0.0,0.0,0.0,2.0,100.0,0.0,1.0,0.0,71069.0,40116.0,28300.0,42769.0,0,0
69921,24425.0,0.28800000000000003,1020.9,3,65000.0,0,0,n,23.17,0.0,1.0,15.0,0.0,21838.0,28.0,0,0.0,0.0,5065.42,5065.42,803.37,4262.05,0.0,0.0,0.0,0.0,0.0,1.0,1,0.0,0.0,348071.0,1.0,3.0,0.0,3.0,14.0,50557.0,60.0,1.0,4.0,4443.0,60.0,36600.0,1.0,1.0,1.0,8.0,23205.0,3840.0,83.5,0.0,0.0,141.0,179.0,3.0,3.0,2.0,3.0,3.0,1.0,7.0,10.0,7.0,11.0,10.0,11.0,16.0,10.0,15.0,0.0,0.0,0.0,1.0,100.0,71.4,0.0,0.0,377900.0,72395.0,23300.0,61300.0,0,0
69929,15000.0,0.1171,496.14,1,50000.0,1,0,n,24.7,1.0,0.0,8.0,0.0,12810.0,9.0,0,0.0,0.0,2470.94,2470.94,1783.28,687.66,0.0,0.0,0.0,496.14,0.0,1.0,1,0.0,0.0,31418.0,0.0,2.0,0.0,1.0,16.0,18608.0,68.0,0.0,1.0,12225.0,63.0,20700.0,0.0,3.0,0.0,2.0,3927.0,6503.0,65.8,0.0,0.0,45.0,45.0,18.0,16.0,0.0,18.0,18.0,0.0,2.0,3.0,3.0,3.0,3.0,5.0,5.0,3.0,8.0,0.0,0.0,0.0,0.0,77.8,0.0,0.0,0.0,50287.0,31418.0,19000.0,27500.0,0,0
69933,6200.0,0.0702,191.5,2,90000.0,1,0,n,29.2,0.0,0.0,23.0,0.0,5937.0,44.0,0,4441.64,4441.64,2104.08,2104.08,1758.36,345.72,0.0,0.0,0.0,0.0,0.0,1.0,1,0.0,0.0,265499.0,0.0,2.0,3.0,5.0,8.0,72286.0,85.0,0.0,1.0,3033.0,30.0,95900.0,2.0,1.0,7.0,7.0,12068.0,80030.0,6.8,0.0,0.0,140.0,288.0,13.0,8.0,4.0,37.0,8.0,3.0,11.0,12.0,16.0,20.0,14.0,19.0,26.0,12.0,23.0,0.0,0.0,0.0,4.0,86.4,0.0,0.0,0.0,367713.0,78223.0,85900.0,81541.0,0,0
69963,28000.0,0.17739999999999995,1008.62,2,160000.0,1,0,n,14.96,0.0,2.0,18.0,1.0,143915.0,37.0,0,0.0,0.0,1989.64,1989.64,1198.17,791.47,0.0,0.0,0.0,0.0,0.0,1.0,1,0.0,0.0,568002.0,4.0,2.0,4.0,6.0,4.0,43991.0,80.0,4.0,7.0,5977.0,56.0,195500.0,3.0,3.0,5.0,13.0,31556.0,39041.0,38.8,0.0,0.0,91.0,189.0,2.0,2.0,2.0,2.0,1.0,0.0,9.0,11.0,11.0,15.0,8.0,15.0,27.0,12.0,18.0,0.0,0.0,0.0,8.0,100.0,18.2,1.0,0.0,674587.0,187906.0,63800.0,54987.0,0,0
69999,15000.0,0.28800000000000003,474.31,1,75000.0,0,0,n,24.4,0.0,1.0,16.0,0.0,12778.0,24.0,0,0.0,0.0,2347.55,2347.55,84.61,2262.94,0.0,0.0,0.0,474.31,0.0,1.0,1,0.0,0.0,75417.0,3.0,3.0,1.0,2.0,6.0,62639.0,109.0,3.0,8.0,2890.0,81.0,24900.0,0.0,1.0,4.0,10.0,5387.0,5599.0,60.3,0.0,0.0,73.0,151.0,2.0,2.0,1.0,2.0,0.0,1.0,5.0,11.0,7.0,10.0,4.0,13.0,19.0,11.0,16.0,0.0,0.0,0.0,4.0,95.8,20.0,0.0,0.0,88833.0,75417.0,14100.0,63933.0,0,0
70057,15950.0,0.28800000000000003,666.67,1,77500.0,1,0,n,16.27,0.0,1.0,12.0,0.0,19556.0,41.0,0,13813.98,13813.98,4641.17,4641.17,2136.02,2505.15,0.0,0.0,0.0,0.0,0.0,1.0,1,0.0,0.0,55041.0,3.0,3.0,1.0,2.0,4.0,35485.0,62.0,4.0,4.0,8832.0,57.0,35300.0,0.0,7.0,1.0,6.0,4587.0,5434.0,76.4,0.0,0.0,124.0,100.0,1.0,1.0,0.0,2.0,1.0,1.0,4.0,6.0,6.0,10.0,22.0,9.0,18.0,6.0,12.0,0.0,0.0,0.0,5.0,97.6,50.0,0.0,0.0,81017.0,55041.0,23000.0,45717.0,0,0
70152,6400.0,0.2305,247.91,1,47000.0,0,0,n,34.24,0.0,0.0,10.0,0.0,19920.0,19.0,0,0.0,0.0,1675.42,1675.42,252.36,235.26,0.0,1187.8,213.804,0.0,0.0,1.0,1,0.0,0.0,51412.0,1.0,3.0,2.0,4.0,4.0,31492.0,81.0,1.0,3.0,8337.0,82.0,24000.0,3.0,0.0,1.0,7.0,5141.0,3581.0,81.2,0.0,0.0,155.0,123.0,12.0,4.0,0.0,18.0,7.0,0.0,5.0,7.0,5.0,5.0,11.0,7.0,8.0,7.0,10.0,0.0,0.0,0.0,3.0,100.0,80.0,0.0,0.0,62957.0,51412.0,19000.0,38957.0,0,0
70219,12000.0,0.17739999999999995,432.27,1,140000.0,0,0,n,19.54,0.0,0.0,10.0,1.0,12949.0,12.0,0,10465.43,10465.43,3446.33,3446.33,1534.57,1911.76,0.0,0.0,0.0,432.27,0.0,1.0,1,0.0,148.0,75395.0,0.0,3.0,0.0,2.0,18.0,62446.0,45.0,0.0,0.0,3770.0,56.0,14600.0,3.0,2.0,0.0,2.0,7540.0,301.0,95.3,0.0,0.0,59.0,107.0,39.0,18.0,0.0,95.0,18.0,0.0,4.0,7.0,4.0,4.0,5.0,7.0,7.0,7.0,10.0,0.0,0.0,0.0,0.0,81.8,100.0,1.0,0.0,107529.0,75395.0,6400.0,92929.0,0,0
70234,20000.0,0.2055,536.02,2,141000.0,1,0,n,28.26,0.0,1.0,30.0,0.0,69771.0,50.0,0,0.0,0.0,1049.21,1049.21,390.36,658.85,0.0,0.0,0.0,0.0,0.0,1.0,1,0.0,0.0,407197.0,3.0,2.0,1.0,1.0,3.0,43554.0,70.0,5.0,5.0,9797.0,65.0,106200.0,1.0,0.0,5.0,8.0,13573.0,20101.0,71.0,0.0,0.0,291.0,285.0,6.0,3.0,6.0,6.0,3.0,0.0,16.0,24.0,17.0,19.0,14.0,26.0,29.0,24.0,30.0,0.0,0.0,0.0,6.0,100.0,88.2,0.0,0.0,475354.0,114868.0,69300.0,62289.0,0,0
70236,16000.0,0.1308,364.71,2,68000.0,1,0,n,25.17,0.0,1.0,11.0,0.0,16878.0,26.0,0,0.0,0.0,1447.21,1447.21,773.78,673.43,0.0,0.0,0.0,364.71,0.0,1.0,1,0.0,0.0,86369.0,2.0,3.0,1.0,4.0,11.0,69491.0,83.0,5.0,6.0,9267.0,61.0,37400.0,3.0,7.0,2.0,10.0,7852.0,2775.0,81.4,0.0,0.0,87.0,77.0,1.0,1.0,0.0,31.0,1.0,0.0,2.0,6.0,2.0,4.0,11.0,8.0,15.0,6.0,11.0,0.0,0.0,0.0,6.0,100.0,50.0,0.0,0.0,114519.0,86369.0,14900.0,77119.0,0,0
70269,26575.0,0.16949999999999998,946.82,2,75000.0,1,0,n,23.41,0.0,0.0,4.0,0.0,17733.0,8.0,0,19825.77,19825.77,10390.0,10390.0,6749.23,3640.77,0.0,0.0,0.0,0.0,0.0,1.0,1,0.0,0.0,112100.0,0.0,1.0,0.0,1.0,20.0,13983.0,56.0,0.0,0.0,9672.0,74.0,18000.0,1.0,0.0,0.0,1.0,28025.0,267.0,98.5,0.0,0.0,47.0,59.0,30.0,20.0,3.0,30.0,20.0,0.0,2.0,2.0,2.0,2.0,2.0,2.0,2.0,2.0,4.0,0.0,0.0,0.0,0.0,87.5,100.0,0.0,0.0,142550.0,31716.0,18000.0,25000.0,0,0
70276,10000.0,0.1033,324.23,2,150000.0,0,0,n,15.03,3.0,0.0,12.0,0.0,13973.0,14.0,0,9243.02,9243.02,1574.87,1574.87,756.98,817.89,0.0,0.0,0.0,324.23,0.0,1.0,1,0.0,125.0,41666.0,0.0,3.0,0.0,2.0,24.0,27693.0,51.0,0.0,3.0,6205.0,48.0,32100.0,1.0,0.0,3.0,5.0,3472.0,15145.0,47.0,0.0,0.0,40.0,43.0,15.0,15.0,2.0,18.0,9.0,0.0,6.0,7.0,6.0,6.0,3.0,8.0,8.0,7.0,12.0,0.0,0.0,0.0,0.0,71.4,0.0,0.0,0.0,86701.0,41666.0,28600.0,54492.0,0,0
70277,26575.0,0.1308,605.76,2,100000.0,0,0,n,22.69,0.0,0.0,10.0,1.0,5200.0,32.0,0,0.0,0.0,606.0,606.0,606.0,0.0,0.0,0.0,0.0,606.0,0.0,1.0,0,0.0,0.0,151423.0,0.0,4.0,0.0,2.0,15.0,73894.0,71.0,0.0,1.0,4445.0,63.0,14200.0,2.0,2.0,1.0,5.0,15142.0,2600.0,66.7,0.0,0.0,138.0,89.0,18.0,9.0,2.0,35.0,10.0,0.0,2.0,2.0,2.0,3.0,23.0,5.0,7.0,2.0,10.0,0.0,0.0,0.0,1.0,100.0,50.0,1.0,0.0,187202.0,79094.0,7800.0,101402.0,0,0
70290,7500.0,0.1524,260.88,1,118000.0,1,0,n,18.66,0.0,0.0,17.0,0.0,11206.0,26.0,0,6996.77,6996.77,1386.91,1386.91,503.23,883.68,0.0,0.0,0.0,88.86,0.0,1.0,1,0.0,0.0,77457.0,1.0,5.0,2.0,4.0,6.0,65942.0,97.0,3.0,4.0,2394.0,60.0,58400.0,5.0,0.0,6.0,9.0,4556.0,46594.0,19.4,0.0,0.0,190.0,130.0,8.0,6.0,0.0,8.0,9.0,0.0,8.0,8.0,10.0,14.0,10.0,11.0,15.0,8.0,17.0,0.0,0.0,0.0,5.0,92.3,20.0,0.0,0.0,128140.0,77457.0,57800.0,68039.0,0,0
70297,17000.0,0.124,567.9,2,132580.0,0,0,n,16.24,0.0,0.0,16.0,0.0,15772.0,33.0,0,0.0,0.0,2710.84,2710.84,392.23,163.96,0.0,2154.65,387.837,0.0,0.0,1.0,1,0.0,0.0,146665.0,2.0,2.0,1.0,1.0,7.0,32545.0,89.0,7.0,9.0,4499.0,66.0,28900.0,2.0,0.0,5.0,10.0,9167.0,7228.0,68.6,0.0,0.0,51.0,128.0,1.0,1.0,2.0,1.0,6.0,5.0,10.0,10.0,10.0,21.0,4.0,13.0,27.0,10.0,16.0,0.0,0.0,0.0,8.0,86.7,40.0,0.0,0.0,195387.0,48317.0,23000.0,57882.0,0,0
70326,15000.0,0.17739999999999995,378.79,2,112000.0,0,0,n,20.82,0.0,0.0,11.0,0.0,12292.0,14.0,0,0.0,0.0,1500.38,1500.38,478.12,1022.26,0.0,0.0,0.0,0.0,0.0,1.0,1,0.0,5168.0,393931.0,1.0,4.0,2.0,3.0,4.0,72710.0,79.0,0.0,3.0,8378.0,70.0,23800.0,1.0,3.0,2.0,8.0,35812.0,9508.0,56.4,0.0,0.0,58.0,77.0,13.0,4.0,2.0,13.0,3.0,0.0,5.0,5.0,5.0,5.0,6.0,6.0,6.0,5.0,11.0,0.0,0.0,0.0,3.0,100.0,60.0,0.0,0.0,421529.0,85002.0,21800.0,86339.0,0,0
70342,6375.0,0.1033,206.7,3,120000.0,0,0,n,16.58,0.0,1.0,6.0,0.0,4831.0,24.0,0,5444.23,5444.23,1330.28,1330.28,930.77,399.51,0.0,0.0,0.0,46.87,0.0,1.0,1,0.0,0.0,13584.0,3.0,1.0,1.0,1.0,7.0,8753.0,88.0,3.0,3.0,1903.0,41.0,23500.0,1.0,0.0,2.0,4.0,2717.0,16662.0,14.6,0.0,0.0,93.0,190.0,1.0,1.0,1.0,1.0,4.0,0.0,3.0,4.0,3.0,11.0,2.0,5.0,21.0,4.0,6.0,0.0,0.0,0.0,4.0,91.7,33.3,0.0,0.0,33500.0,13584.0,19500.0,10000.0,0,0
70350,20000.0,0.17739999999999995,720.45,3,60000.0,1,0,n,15.62,0.0,0.0,7.0,0.0,827.0,21.0,0,0.0,0.0,2964.55,2964.55,424.78,275.96,0.0,2263.81,407.4858,0.0,0.0,1.0,1,0.0,0.0,31336.0,1.0,1.0,1.0,2.0,4.0,30509.0,99.0,0.0,1.0,802.0,71.0,13300.0,3.0,0.0,0.0,3.0,4477.0,12473.0,6.2,0.0,0.0,74.0,171.0,24.0,4.0,1.0,24.0,23.0,2.0,4.0,4.0,6.0,12.0,5.0,6.0,15.0,4.0,7.0,0.0,0.0,0.0,1.0,90.5,0.0,0.0,0.0,44157.0,31336.0,13300.0,30857.0,0,0
70410,15000.0,0.16949999999999998,372.39,2,60000.0,1,0,n,21.4,0.0,0.0,7.0,0.0,9240.0,15.0,0,0.0,0.0,1308.03,1308.03,488.38,819.65,0.0,0.0,0.0,204.98,0.0,1.0,1,0.0,0.0,199136.0,3.0,2.0,0.0,3.0,16.0,27596.0,82.0,1.0,2.0,3737.0,76.0,14900.0,0.0,0.0,3.0,7.0,28448.0,2545.0,67.4,0.0,0.0,38.0,140.0,5.0,5.0,2.0,5.0,7.0,1.0,2.0,4.0,2.0,3.0,5.0,4.0,8.0,4.0,7.0,0.0,0.0,0.0,3.0,93.3,50.0,0.0,0.0,211444.0,36836.0,7800.0,33551.0,0,0
70506,20000.0,0.1612,487.64,2,71000.0,0,0,n,32.01,1.0,1.0,22.0,0.0,11910.0,42.0,0,5758.6,5758.6,16370.85,16370.85,14241.4,2129.45,0.0,0.0,0.0,487.64,0.0,1.0,1,0.0,0.0,251776.0,1.0,8.0,2.0,5.0,4.0,79949.0,86.0,0.0,5.0,2720.0,73.0,31800.0,1.0,0.0,2.0,10.0,12589.0,8840.0,36.9,0.0,0.0,174.0,231.0,13.0,4.0,2.0,13.0,2.0,6.0,3.0,8.0,5.0,8.0,17.0,13.0,23.0,8.0,22.0,0.0,0.0,0.0,2.0,78.0,0.0,0.0,0.0,298243.0,91859.0,14000.0,93443.0,0,0
70535,20000.0,0.2565,802.09,2,60000.0,0,0,n,28.98,0.0,1.0,9.0,0.0,18918.0,19.0,0,0.0,0.0,4208.16,4208.16,757.19,818.49,0.0,2632.48,473.8464,0.0,0.0,1.0,1,0.0,0.0,331891.0,1.0,2.0,0.0,1.0,14.0,25289.0,69.0,1.0,3.0,9887.0,77.0,20800.0,1.0,0.0,1.0,4.0,36877.0,113.0,98.9,0.0,0.0,65.0,147.0,0.0,0.0,1.0,92.0,2.0,0.0,1.0,5.0,1.0,5.0,3.0,6.0,13.0,5.0,9.0,0.0,0.0,0.0,1.0,83.3,100.0,0.0,0.0,358846.0,44207.0,10000.0,36607.0,0,0
70552,30000.0,0.1862,771.96,2,84350.0,0,0,n,12.22,0.0,0.0,11.0,0.0,31877.0,21.0,0,0.0,0.0,6916.61,6916.61,2735.65,4180.96,0.0,0.0,0.0,0.0,0.0,1.0,1,0.0,0.0,282986.0,1.0,2.0,0.0,0.0,122.0,1815.0,36.0,1.0,1.0,9897.0,65.0,46500.0,0.0,1.0,2.0,2.0,25726.0,13000.0,54.9,0.0,0.0,133.0,148.0,2.0,2.0,2.0,2.0,2.0,0.0,4.0,7.0,5.0,8.0,6.0,8.0,13.0,7.0,11.0,0.0,0.0,0.0,2.0,100.0,40.0,0.0,0.0,302408.0,33692.0,28800.0,5095.0,0,0
70567,10000.0,0.08810000000000001,317.12,1,180000.0,0,0,n,23.22,0.0,1.0,8.0,0.0,19952.0,14.0,0,0.0,0.0,1580.71,1580.71,1236.54,344.17,0.0,0.0,0.0,317.12,0.0,1.0,1,0.0,0.0,64086.0,1.0,3.0,0.0,2.0,15.0,27553.0,50.0,1.0,2.0,15661.0,51.0,53000.0,0.0,1.0,1.0,4.0,8011.0,33048.0,37.6,0.0,0.0,123.0,201.0,1.0,1.0,0.0,1.0,1.0,0.0,3.0,3.0,4.0,7.0,6.0,4.0,7.0,3.0,8.0,0.0,0.0,0.0,1.0,100.0,25.0,0.0,0.0,132143.0,64086.0,53000.0,60211.0,0,0
70578,10000.0,0.17739999999999995,360.23,1,30000.0,1,0,n,21.8,0.0,1.0,20.0,0.0,9481.0,22.0,0,0.0,0.0,1070.83,1070.83,646.66,424.17,0.0,0.0,0.0,0.0,0.0,1.0,1,0.0,0.0,11719.0,0.0,1.0,1.0,1.0,7.0,2238.0,90.0,2.0,7.0,3331.0,24.0,49000.0,1.0,0.0,2.0,8.0,586.0,30419.0,22.5,0.0,0.0,7.0,54.0,6.0,6.0,0.0,6.0,6.0,0.0,9.0,11.0,13.0,14.0,1.0,19.0,21.0,11.0,20.0,0.0,0.0,0.0,3.0,100.0,7.7,0.0,0.0,51500.0,11719.0,38700.0,2500.0,0,0
70594,9000.0,0.14300000000000002,308.92,3,80000.0,1,0,n,23.21,0.0,0.0,15.0,0.0,1232.0,34.0,1,0.0,0.0,610.69,610.69,358.71,251.98,0.0,0.0,0.0,0.0,0.0,1.0,1,0.0,0.0,52865.0,1.0,5.0,3.0,13.0,2.0,51633.0,80.0,4.0,6.0,8.0,71.0,9600.0,1.0,16.0,1.0,19.0,3524.0,4879.0,0.4,0.0,0.0,52.0,40.0,8.0,2.0,0.0,8.0,7.0,0.0,3.0,5.0,6.0,6.0,22.0,10.0,12.0,5.0,15.0,0.0,0.0,0.0,7.0,100.0,0.0,0.0,0.0,74114.0,52865.0,4900.0,64514.0,0,0
70596,24000.0,0.17739999999999995,864.54,1,83300.0,0,0,n,18.07,0.0,0.0,10.0,0.0,7818.0,18.0,0,23667.66,23667.66,2405.21,2405.21,332.34,2072.87,0.0,0.0,0.0,432.27,0.0,1.0,1,0.0,527.0,34660.0,1.0,3.0,1.0,2.0,6.0,26842.0,73.0,1.0,4.0,2919.0,73.0,10600.0,1.0,0.0,0.0,6.0,3466.0,1589.0,82.9,0.0,0.0,60.0,160.0,8.0,6.0,0.0,8.0,22.0,0.0,4.0,5.0,5.0,5.0,5.0,7.0,13.0,5.0,10.0,0.0,0.0,0.0,2.0,94.1,80.0,0.0,0.0,47600.0,34660.0,9300.0,37000.0,0,0
70631,1200.0,0.1102,39.3,2,51000.0,0,0,n,26.38,1.0,0.0,7.0,0.0,2643.0,26.0,0,0.0,0.0,38.57,38.57,28.28,10.29,0.0,0.0,0.0,39.3,0.0,1.0,1,0.0,0.0,254381.0,0.0,3.0,0.0,2.0,15.0,6594.0,71.0,0.0,3.0,1358.0,51.0,8800.0,1.0,0.0,0.0,5.0,36340.0,1142.0,54.3,0.0,0.0,153.0,187.0,19.0,15.0,2.0,76.0,15.0,0.0,1.0,2.0,1.0,14.0,5.0,3.0,19.0,2.0,7.0,0.0,0.0,0.0,0.0,92.3,0.0,0.0,0.0,302679.0,9237.0,2500.0,9354.0,0,0
70638,40000.0,0.2055,1497.78,1,144000.0,1,0,n,19.25,0.0,0.0,13.0,0.0,4124.0,15.0,1,0.0,0.0,0.0,0.0,0.0,0.0,0.0,0.0,0.0,0.0,0.0,1.0,0,0.0,7590.0,133276.0,1.0,4.0,4.0,6.0,1.0,129152.0,86.0,3.0,6.0,89.0,42.0,44600.0,5.0,1.0,8.0,12.0,11106.0,39139.0,0.4,0.0,0.0,14.0,160.0,8.0,1.0,0.0,9.0,1.0,0.0,3.0,4.0,7.0,7.0,6.0,9.0,9.0,4.0,13.0,0.0,0.0,0.0,7.0,100.0,0.0,0.0,0.0,189720.0,133276.0,39300.0,145120.0,0,0
70674,40000.0,0.16949999999999998,993.03,1,40000.0,0,0,n,18.84,0.0,2.0,26.0,0.0,23561.0,33.0,0,37339.4,37339.4,7906.57,7906.57,2660.6,5245.97,0.0,0.0,0.0,993.03,0.0,1.0,0,0.0,0.0,45566.0,2.0,2.0,0.0,0.0,186.0,22005.0,70.0,3.0,6.0,3998.0,41.0,80800.0,0.0,0.0,2.0,6.0,1753.0,47064.0,32.9,0.0,0.0,186.0,254.0,5.0,5.0,0.0,6.0,5.0,0.0,14.0,16.0,19.0,22.0,2.0,24.0,31.0,16.0,26.0,0.0,0.0,0.0,3.0,97.0,10.5,0.0,0.0,112297.0,45566.0,70100.0,31497.0,0,0
70684,10000.0,0.2565,401.05,1,31000.0,1,0,n,21.49,0.0,1.0,8.0,0.0,4839.0,8.0,0,0.0,0.0,2492.05,2492.05,1185.59,1306.46,0.0,0.0,0.0,100.0,0.0,1.0,1,0.0,377.0,13819.0,0.0,1.0,0.0,1.0,16.0,8980.0,56.0,2.0,4.0,1252.0,52.0,10400.0,2.0,0.0,1.0,5.0,1727.0,3820.0,54.5,0.0,0.0,16.0,55.0,11.0,11.0,0.0,11.0,1.0,0.0,6.0,7.0,6.0,6.0,1.0,7.0,7.0,7.0,8.0,0.0,0.0,0.0,2.0,100.0,16.7,0.0,0.0,26513.0,13819.0,8400.0,16113.0,0,0
70695,4450.0,0.28800000000000003,186.0,1,62000.0,1,0,n,19.34,0.0,1.0,8.0,0.0,19758.0,16.0,0,0.0,0.0,983.52,983.52,160.3,204.58,0.0,618.64,111.3552,0.0,0.0,1.0,1,0.0,0.0,21861.0,1.0,1.0,1.0,2.0,11.0,2103.0,22.0,1.0,1.0,7088.0,67.0,23300.0,1.0,0.0,2.0,3.0,2733.0,272.0,98.2,0.0,0.0,63.0,154.0,5.0,5.0,0.0,5.0,5.0,0.0,4.0,6.0,4.0,4.0,8.0,7.0,8.0,6.0,8.0,0.0,0.0,0.0,2.0,100.0,100.0,0.0,0.0,32862.0,21861.0,14900.0,9562.0,0,0
70721,10000.0,0.17739999999999995,360.23,1,65000.0,1,0,n,26.88,0.0,1.0,9.0,0.0,21864.0,13.0,0,0.0,0.0,2146.77,2146.77,387.93,464.77,0.0,1294.07,232.9326,0.0,0.0,1.0,1,0.0,0.0,43753.0,2.0,2.0,0.0,2.0,18.0,21889.0,61.0,2.0,2.0,7503.0,67.0,29600.0,2.0,0.0,1.0,4.0,4861.0,4130.0,81.9,0.0,0.0,119.0,90.0,2.0,2.0,0.0,2.0,2.0,0.0,5.0,7.0,5.0,5.0,5.0,7.0,8.0,7.0,9.0,0.0,0.0,0.0,2.0,100.0,60.0,0.0,0.0,65341.0,43753.0,22800.0,35741.0,0,0
70853,36000.0,0.124,808.1,2,140000.0,1,0,n,21.42,0.0,0.0,13.0,0.0,51455.0,28.0,0,31271.17,31271.17,8885.2,8885.2,4728.83,4156.37,0.0,0.0,0.0,810.0,0.0,1.0,1,0.0,0.0,263530.0,0.0,2.0,0.0,1.0,20.0,47937.0,73.0,0.0,3.0,19330.0,68.0,76900.0,3.0,0.0,1.0,5.0,21961.0,10365.0,81.8,0.0,0.0,140.0,160.0,18.0,18.0,1.0,18.0,9.0,0.0,5.0,7.0,7.0,7.0,14.0,10.0,13.0,7.0,13.0,0.0,0.0,0.0,0.0,100.0,66.7,0.0,0.0,325411.0,99392.0,56800.0,79627.0,0,0
70856,21150.0,0.28800000000000003,884.01,1,75790.0,1,0,n,36.07,0.0,0.0,20.0,0.0,41666.0,29.0,0,0.0,0.0,3625.54,3625.54,173.37,676.8,0.0,2775.37,499.5666,0.0,0.0,1.0,1,0.0,0.0,54929.0,0.0,1.0,0.0,0.0,36.0,1762.0,8.0,1.0,3.0,6463.0,70.0,43700.0,0.0,0.0,1.0,3.0,2891.0,814.0,97.6,0.0,0.0,147.0,177.0,8.0,8.0,1.0,8.0,8.0,0.0,11.0,17.0,12.0,14.0,5.0,18.0,22.0,17.0,20.0,0.0,0.0,0.0,1.0,100.0,100.0,0.0,0.0,78111.0,54929.0,33800.0,22910.0,0,0
70872,25000.0,0.2305,968.4,2,130000.0,1,0,n,14.78,0.0,0.0,8.0,0.0,26240.0,18.0,0,20253.12,20253.12,8683.59,8683.59,4746.88,3936.71,0.0,0.0,0.0,0.0,0.0,1.0,1,0.0,0.0,205532.0,0.0,2.0,1.0,3.0,7.0,40363.0,70.0,2.0,3.0,9097.0,68.0,39200.0,3.0,0.0,3.0,6.0,25692.0,12960.0,66.9,0.0,0.0,154.0,82.0,11.0,7.0,1.0,11.0,7.0,1.0,5.0,5.0,5.0,7.0,10.0,5.0,7.0,5.0,8.0,0.0,0.0,0.0,3.0,77.8,20.0,0.0,0.0,235132.0,66603.0,39200.0,45131.0,0,0
70873,5000.0,0.08810000000000001,158.56,1,65000.0,1,0,n,13.53,0.0,1.0,18.0,0.0,3613.0,23.0,1,0.0,0.0,790.35,790.35,618.27,172.08,0.0,0.0,0.0,0.0,0.0,1.0,1,0.0,0.0,20650.0,0.0,1.0,0.0,0.0,33.0,17037.0,58.0,1.0,7.0,1910.0,28.0,44400.0,1.0,0.0,1.0,7.0,1147.0,27626.0,9.1,0.0,0.0,33.0,56.0,7.0,7.0,0.0,7.0,2.0,0.0,6.0,10.0,8.0,10.0,1.0,17.0,22.0,11.0,18.0,0.0,0.0,0.0,1.0,100.0,0.0,0.0,0.0,73586.0,20650.0,30400.0,29186.0,0,0
70880,20900.0,0.2305,589.79,1,100000.0,0,0,n,23.5,0.0,1.0,17.0,0.0,23046.0,27.0,1,0.0,0.0,2922.19,2918.69,575.93,2346.26,0.0,0.0,0.0,0.0,0.0,1.0,1,0.0,0.0,64634.0,3.0,3.0,3.0,4.0,6.0,40645.0,82.0,2.0,6.0,7069.0,62.0,54200.0,1.0,1.0,2.0,10.0,4309.0,26342.0,46.5,0.0,0.0,121.0,184.0,3.0,3.0,1.0,3.0,6.0,1.0,7.0,9.0,9.0,10.0,9.0,12.0,15.0,9.0,17.0,0.0,0.0,0.0,5.0,92.3,25.0,0.0,0.0,104600.0,64634.0,49200.0,49457.0,0,0
70896,3025.0,0.0756,94.18,2,32500.0,1,0,n,20.53,0.0,1.0,6.0,0.0,1600.0,7.0,0,0.0,0.0,469.63,469.63,380.37,89.26,0.0,0.0,0.0,94.18,0.0,1.0,0,0.0,0.0,136939.0,1.0,1.0,0.0,0.0,52.0,11729.0,34.0,1.0,1.0,1600.0,20.0,33300.0,0.0,0.0,1.0,1.0,22823.0,30900.0,4.9,0.0,0.0,52.0,237.0,4.0,4.0,2.0,4.0,4.0,0.0,1.0,1.0,3.0,3.0,1.0,4.0,4.0,1.0,6.0,0.0,0.0,0.0,1.0,100.0,0.0,0.0,0.0,203071.0,13329.0,32500.0,34057.0,0,0
70911,21775.0,0.1862,560.32,1,40000.0,0,0,n,28.26,0.0,0.0,7.0,0.0,13596.0,17.0,0,20186.36,20186.36,5020.35,5020.35,1588.64,3431.71,0.0,0.0,0.0,560.32,0.0,1.0,1,0.0,491.0,29922.0,0.0,2.0,0.0,1.0,20.0,16326.0,74.0,0.0,0.0,6308.0,66.0,23700.0,1.0,0.0,0.0,1.0,4275.0,7179.0,58.5,0.0,0.0,119.0,141.0,28.0,20.0,0.0,69.0,18.0,0.0,3.0,5.0,3.0,7.0,6.0,5.0,11.0,5.0,7.0,0.0,0.0,0.0,0.0,100.0,33.3,0.0,0.0,45652.0,29922.0,17300.0,21952.0,0,0
70938,6000.0,0.2565,240.63,2,20000.0,0,0,n,35.95,1.0,1.0,9.0,0.0,12356.0,15.0,0,5711.31,5711.31,1337.05,1337.05,288.69,1048.36,0.0,0.0,0.0,250.0,0.0,1.0,1,0.0,0.0,14856.0,1.0,1.0,0.0,1.0,23.0,2500.0,50.0,2.0,3.0,5360.0,62.0,19100.0,1.0,1.0,1.0,4.0,1857.0,5500.0,63.1,0.0,0.0,125.0,419.0,4.0,4.0,3.0,4.0,4.0,1.0,2.0,6.0,3.0,3.0,2.0,8.0,10.0,7.0,8.0,0.0,0.0,0.0,2.0,71.4,33.3,0.0,0.0,24100.0,14856.0,14900.0,5000.0,0,0
70958,8000.0,0.1308,269.86,3,103000.0,1,0,n,30.5,0.0,1.0,11.0,0.0,67575.0,33.0,0,0.0,0.0,608.91,608.91,344.59,189.32,0.0,75.0,13.5,0.0,0.0,1.0,1,0.0,0.0,266987.0,2.0,7.0,5.0,6.0,5.0,85917.0,76.0,0.0,1.0,4636.0,68.0,84400.0,3.0,18.0,3.0,7.0,24272.0,14586.0,24.8,0.0,0.0,146.0,139.0,17.0,5.0,1.0,42.0,5.0,0.0,2.0,3.0,2.0,2.0,27.0,3.0,5.0,3.0,11.0,0.0,0.0,0.0,5.0,100.0,0.0,0.0,0.0,322574.0,153492.0,19400.0,113174.0,0,0
70974,15000.0,0.2055,561.67,1,50000.0,1,0,n,25.4,0.0,0.0,6.0,0.0,14879.0,18.0,0,14385.19,14385.19,1598.92,1598.92,614.8,984.12,0.0,0.0,0.0,0.0,0.0,1.0,1,0.0,0.0,38452.0,0.0,1.0,0.0,1.0,22.0,23573.0,76.0,0.0,0.0,11241.0,82.0,15800.0,1.0,2.0,2.0,1.0,7690.0,621.0,96.0,0.0,0.0,180.0,164.0,38.0,22.0,0.0,38.0,3.0,0.0,3.0,3.0,4.0,5.0,11.0,5.0,7.0,3.0,6.0,0.0,0.0,0.0,0.0,100.0,66.7,0.0,0.0,46794.0,38452.0,15500.0,30994.0,0,0
70980,25000.0,0.2305,705.49,1,85000.0,1,0,n,34.05,0.0,0.0,9.0,0.0,18209.0,20.0,0,24227.13,24227.13,6670.41,6670.41,772.87,5897.54,0.0,0.0,0.0,353.0,0.0,1.0,1,0.0,0.0,68827.0,0.0,4.0,0.0,1.0,14.0,50618.0,38.0,1.0,2.0,10108.0,56.0,18500.0,0.0,1.0,0.0,3.0,7647.0,0.0,100.6,0.0,0.0,157.0,378.0,9.0,9.0,1.0,9.0,22.0,0.0,3.0,5.0,3.0,7.0,7.0,5.0,12.0,5.0,9.0,0.0,0.0,0.0,1.0,95.0,100.0,0.0,0.0,100133.0,68827.0,16200.0,81633.0,0,0
70988,8000.0,0.1171,264.61,1,50000.0,1,0,n,6.76,0.0,1.0,15.0,0.0,4733.0,15.0,0,5844.92,5844.92,2905.51,2905.51,2155.08,750.43,0.0,0.0,0.0,264.61,0.0,1.0,1,0.0,0.0,27555.0,3.0,10.0,1.0,1.0,2.0,22822.0,95.0,4.0,4.0,3210.0,51.0,30600.0,0.0,0.0,1.0,5.0,1837.0,25867.0,15.5,0.0,0.0,89.0,78.0,4.0,2.0,0.0,4.0,4.0,9.0,2.0,2.0,5.0,5.0,10.0,5.0,5.0,3.0,15.0,0.0,0.0,0.0,5.0,40.0,0.0,0.0,0.0,54600.0,27555.0,30600.0,24000.0,0,0
71012,5300.0,0.2565,212.56,1,60000.0,1,0,n,16.89,0.0,1.0,9.0,0.0,9004.0,15.0,0,0.0,0.0,630.13,630.13,272.71,357.42,0.0,0.0,0.0,0.0,0.0,1.0,0,0.0,0.0,24742.0,1.0,3.0,1.0,2.0,3.0,15738.0,77.0,2.0,4.0,1049.0,76.0,12000.0,2.0,4.0,1.0,6.0,2749.0,604.0,79.9,0.0,0.0,244.0,52.0,8.0,3.0,0.0,15.0,3.0,1.0,3.0,6.0,3.0,3.0,8.0,6.0,7.0,6.0,9.0,0.0,0.0,0.0,3.0,93.3,66.7,0.0,0.0,32532.0,24742.0,3000.0,20532.0,0,0
71017,17000.0,0.0819,534.21,2,42000.0,0,0,n,11.26,0.0,0.0,6.0,0.0,0.0,22.0,0,12239.74,12239.74,5868.57,5868.57,4760.27,1108.31,0.0,0.0,0.0,0.0,1.0,1.0,0,0.0,52.0,235991.0,1.0,2.0,1.0,1.0,11.0,26738.0,80.0,0.0,0.0,0.0,53.0,17300.0,1.0,3.0,0.0,3.0,39332.0,16000.0,0.0,0.0,0.0,166.0,133.0,42.0,3.0,5.0,42.0,13.0,0.0,0.0,0.0,2.0,3.0,10.0,3.0,7.0,0.0,6.0,0.0,0.0,0.0,2.0,100.0,0.0,0.0,0.0,260438.0,26738.0,16000.0,33555.0,0,0
71071,24000.0,0.2305,929.66,1,115000.0,0,0,n,26.86,0.0,0.0,14.0,0.0,39300.0,28.0,0,0.0,0.0,3687.91,3687.91,946.32,2741.59,0.0,0.0,0.0,0.0,0.0,1.0,1,0.0,0.0,89765.0,4.0,6.0,5.0,6.0,1.0,48021.0,82.0,1.0,2.0,2975.0,79.0,52200.0,0.0,11.0,1.0,9.0,6412.0,25.0,99.2,0.0,0.0,164.0,240.0,2.0,1.0,1.0,2.0,4.0,0.0,1.0,5.0,1.0,2.0,17.0,6.0,8.0,5.0,14.0,0.0,0.0,0.0,6.0,100.0,100.0,0.0,0.0,145062.0,89765.0,3000.0,90418.0,0,0
71074,10000.0,0.1171,330.76,1,38000.0,0,0,n,26.02,1.0,1.0,17.0,0.0,9596.0,26.0,0,8015.29,8015.29,2970.33,2970.33,1984.71,985.62,0.0,0.0,0.0,0.0,0.0,1.0,1,0.0,0.0,34485.0,1.0,1.0,0.0,1.0,22.0,24889.0,72.0,2.0,3.0,2921.0,35.0,63000.0,0.0,0.0,1.0,4.0,2029.0,34292.0,17.2,0.0,0.0,64.0,120.0,3.0,3.0,0.0,20.0,3.0,0.0,4.0,9.0,8.0,9.0,3.0,16.0,23.0,9.0,17.0,0.0,0.0,0.0,2.0,96.2,12.5,0.0,0.0,97430.0,34485.0,41400.0,34430.0,0,0
71131,12000.0,0.28800000000000003,501.57,2,98500.0,1,0,n,19.49,3.0,0.0,22.0,0.0,14476.0,56.0,0,0.0,0.0,7776.65,7776.65,6604.78,1171.87,0.0,0.0,0.0,501.57,0.0,1.0,1,0.0,0.0,356685.0,1.0,6.0,1.0,3.0,5.0,36544.0,77.0,0.0,3.0,5695.0,59.0,39400.0,2.0,0.0,0.0,6.0,17834.0,11109.0,52.3,3.0,0.0,239.0,107.0,17.0,5.0,1.0,17.0,20.0,6.0,4.0,5.0,7.0,10.0,28.0,15.0,27.0,5.0,22.0,0.0,0.0,3.0,1.0,85.7,33.3,0.0,0.0,420416.0,51020.0,23300.0,47273.0,0,0
71152,20200.0,0.2565,810.11,2,70000.0,0,0,n,18.96,2.0,0.0,15.0,0.0,13961.0,19.0,0,19227.58,19227.58,5941.99,5941.99,972.42,4969.57,0.0,0.0,0.0,810.11,0.0,1.0,0,0.0,0.0,265587.0,0.0,2.0,0.0,1.0,13.0,27089.0,77.0,1.0,8.0,3611.0,65.0,28200.0,1.0,0.0,0.0,9.0,18971.0,11611.0,53.4,0.0,0.0,35.0,110.0,12.0,12.0,2.0,12.0,13.0,0.0,7.0,8.0,10.0,10.0,2.0,12.0,15.0,8.0,15.0,0.0,0.0,0.0,1.0,78.9,44.4,0.0,0.0,301948.0,41050.0,24900.0,35234.0,0,0
71154,24000.0,0.2305,677.27,2,75000.0,0,0,n,24.14,0.0,1.0,19.0,0.0,23229.0,34.0,0,21378.87,21378.87,7419.24,7419.24,2621.13,4798.11,0.0,0.0,0.0,0.0,0.0,1.0,1,0.0,0.0,221207.0,1.0,3.0,0.0,1.0,15.0,3851.0,14.0,1.0,3.0,3955.0,39.0,42400.0,0.0,0.0,2.0,4.0,12289.0,8293.0,63.1,0.0,0.0,158.0,112.0,2.0,2.0,3.0,2.0,2.0,0.0,7.0,11.0,9.0,10.0,12.0,15.0,19.0,11.0,19.0,0.0,0.0,0.0,1.0,91.2,37.5,0.0,0.0,286288.0,27080.0,22500.0,27088.0,0,0
71173,35000.0,0.1612,1232.58,1,180000.0,1,0,n,24.01,0.0,2.0,18.0,0.0,119235.0,35.0,0,0.0,0.0,6637.3,6637.3,1535.06,898.76,0.0,4203.48,756.6264,0.0,0.0,1.0,1,0.0,0.0,307781.0,2.0,3.0,1.0,3.0,4.0,30375.0,79.0,1.0,5.0,40934.0,70.0,161800.0,4.0,2.0,7.0,8.0,17099.0,31765.0,73.2,0.0,0.0,266.0,258.0,5.0,4.0,4.0,5.0,4.0,0.0,10.0,10.0,11.0,20.0,7.0,14.0,24.0,10.0,18.0,0.0,0.0,0.0,2.0,100.0,63.6,0.0,0.0,470783.0,149610.0,151000.0,38233.0,0,0
71187,11000.0,0.0819,345.67,3,50000.0,1,0,n,36.65,0.0,3.0,11.0,0.0,12635.0,13.0,0,9087.44,9087.44,2550.21,2550.21,1912.56,637.65,0.0,0.0,0.0,345.67,0.0,1.0,1,0.0,0.0,52791.0,3.0,4.0,1.0,2.0,4.0,40156.0,50.0,4.0,5.0,4673.0,43.0,43900.0,1.0,0.0,3.0,7.0,4799.0,30265.0,29.5,0.0,0.0,90.0,52.0,2.0,2.0,0.0,2.0,2.0,0.0,5.0,5.0,6.0,7.0,5.0,7.0,8.0,5.0,11.0,0.0,0.0,0.0,5.0,100.0,0.0,0.0,0.0,124060.0,52791.0,42900.0,80160.0,0,0
71263,12000.0,0.2305,338.64,1,68000.0,0,0,n,11.56,0.0,0.0,9.0,0.0,12107.0,10.0,0,11669.31,11669.31,1677.83,1677.83,330.69,1347.14,0.0,0.0,0.0,338.64,0.0,1.0,1,0.0,0.0,18854.0,0.0,1.0,1.0,1.0,9.0,6747.0,84.0,3.0,6.0,2654.0,39.0,39900.0,1.0,0.0,2.0,7.0,2095.0,23159.0,21.5,0.0,0.0,117.0,76.0,10.0,9.0,0.0,16.0,9.0,0.0,3.0,7.0,4.0,4.0,2.0,8.0,8.0,7.0,9.0,0.0,0.0,0.0,4.0,100.0,50.0,0.0,0.0,47900.0,18854.0,29500.0,8000.0,0,0
71269,10625.0,0.1524,369.57,1,48000.0,1,0,n,14.23,0.0,2.0,10.0,0.0,7373.0,12.0,1,0.0,0.0,1838.85,1838.85,1203.34,635.51,0.0,0.0,0.0,0.0,0.0,1.0,1,0.0,0.0,13042.0,1.0,1.0,0.0,1.0,14.0,5669.0,75.0,4.0,4.0,2195.0,66.0,12300.0,3.0,0.0,4.0,5.0,1304.0,4768.0,60.3,0.0,0.0,14.0,78.0,5.0,5.0,0.0,5.0,5.0,1.0,4.0,5.0,8.0,8.0,1.0,9.0,11.0,6.0,10.0,0.0,0.0,0.0,4.0,75.0,37.5,0.0,0.0,19875.0,13042.0,12000.0,7575.0,0,0
71351,10625.0,0.1033,344.49,3,74000.0,1,0,n,36.36,0.0,1.0,16.0,0.0,23522.0,31.0,0,8988.39,8988.39,2405.33,2405.33,1636.61,768.72,0.0,0.0,0.0,0.0,0.0,1.0,1,0.0,0.0,304984.0,5.0,9.0,2.0,4.0,1.0,55629.0,67.0,2.0,4.0,8347.0,62.0,45700.0,3.0,3.0,6.0,9.0,19062.0,22177.0,34.2,0.0,0.0,146.0,111.0,0.0,0.0,1.0,0.0,1.0,0.0,4.0,5.0,5.0,8.0,20.0,6.0,10.0,5.0,16.0,0.0,0.0,0.0,5.0,90.3,0.0,0.0,0.0,354567.0,79151.0,33700.0,83034.0,0,0
71358,35000.0,0.124,1169.2,2,125000.0,0,0,n,23.74,2.0,0.0,8.0,0.0,48669.0,27.0,0,30878.03,30878.03,5821.89,5821.89,4121.97,1699.92,0.0,0.0,0.0,0.0,0.0,1.0,1,0.0,0.0,165161.0,1.0,2.0,0.0,0.0,28.0,20195.0,33.0,2.0,3.0,0.0,38.0,52000.0,0.0,0.0,6.0,3.0,20645.0,1700.0,0.0,0.0,0.0,225.0,158.0,1.0,1.0,1.0,1.0,4.0,4.0,0.0,1.0,2.0,9.0,9.0,4.0,15.0,1.0,8.0,0.0,0.0,0.0,2.0,77.8,0.0,0.0,0.0,290614.0,79200.0,1700.0,61342.0,0,0
71389,10800.0,0.16949999999999998,384.79,2,48000.0,1,0,n,24.8,0.0,0.0,9.0,1.0,11008.0,14.0,0,9733.27,9733.27,2698.57,2698.57,1066.73,1631.84,0.0,0.0,0.0,384.79,0.0,1.0,1,0.0,0.0,172922.0,0.0,2.0,1.0,1.0,10.0,10809.0,61.0,0.0,2.0,4467.0,69.0,13800.0,0.0,0.0,1.0,3.0,19214.0,1109.0,86.6,0.0,0.0,125.0,184.0,13.0,10.0,2.0,22.0,10.0,0.0,3.0,6.0,3.0,4.0,3.0,6.0,9.0,6.0,9.0,0.0,0.0,0.0,1.0,100.0,66.7,1.0,0.0,191037.0,21817.0,8300.0,17700.0,0,0
71398,5000.0,0.2055,187.23,1,42000.0,1,0,n,23.8,0.0,0.0,14.0,0.0,7491.0,18.0,0,3896.14,3896.14,2053.82,2053.82,1103.86,949.96,0.0,0.0,0.0,187.23,0.0,1.0,1,0.0,0.0,224613.0,3.0,2.0,1.0,2.0,5.0,23648.0,88.0,2.0,5.0,1980.0,81.0,11700.0,1.0,1.0,4.0,7.0,16044.0,1072.0,80.5,0.0,0.0,149.0,61.0,0.0,0.0,2.0,3.0,5.0,0.0,4.0,9.0,4.0,4.0,3.0,11.0,13.0,9.0,14.0,0.0,0.0,0.0,3.0,100.0,75.0,0.0,0.0,244244.0,31139.0,5500.0,26919.0,0,0
71400,4000.0,0.1612,140.87,1,65000.0,0,0,n,11.17,0.0,0.0,3.0,0.0,2374.0,9.0,0,0.0,0.0,630.13,630.13,87.14,50.15,0.0,492.84,88.7112,0.0,0.0,1.0,1,0.0,0.0,27105.0,0.0,1.0,0.0,1.0,15.0,24731.0,82.0,0.0,0.0,2162.0,83.0,2600.0,1.0,0.0,0.0,1.0,9035.0,38.0,98.3,0.0,0.0,146.0,96.0,28.0,15.0,0.0,96.0,15.0,0.0,1.0,2.0,1.0,1.0,6.0,2.0,3.0,2.0,3.0,0.0,0.0,0.0,0.0,100.0,100.0,0.0,0.0,32625.0,27105.0,2200.0,30025.0,0,0
71432,24000.0,0.1308,547.06,2,62100.0,1,0,n,24.46,0.0,0.0,11.0,0.0,8131.0,28.0,0,22839.35,22839.35,2170.8,2170.8,1160.65,1010.15,0.0,0.0,0.0,0.0,0.0,1.0,1,0.0,0.0,480096.0,0.0,5.0,0.0,0.0,31.0,331325.0,80.0,0.0,3.0,4645.0,78.0,11900.0,0.0,0.0,0.0,4.0,43645.0,2499.0,76.0,0.0,0.0,149.0,109.0,13.0,13.0,1.0,19.0,15.0,0.0,3.0,4.0,4.0,4.0,20.0,5.0,7.0,4.0,11.0,0.0,0.0,0.0,0.0,92.6,50.0,0.0,0.0,462996.0,339456.0,10400.0,306096.0,0,0
71446,25000.0,0.2055,936.12,1,20000.0,0,0,n,58.1,0.0,2.0,6.0,0.0,10177.0,11.0,0,24031.23,24031.23,3191.36,3191.36,968.77,2222.59,0.0,0.0,0.0,0.0,0.0,1.0,0,0.0,0.0,28986.0,0.0,1.0,0.0,2.0,18.0,18809.0,63.0,0.0,1.0,9125.0,53.0,24700.0,0.0,0.0,2.0,3.0,4831.0,8823.0,53.6,0.0,0.0,49.0,212.0,19.0,18.0,0.0,19.0,1.0,1.0,2.0,2.0,3.0,3.0,3.0,5.0,8.0,2.0,6.0,0.0,0.0,0.0,0.0,90.9,33.3,0.0,0.0,54795.0,28986.0,19000.0,30095.0,0,0
71520,25000.0,0.2055,936.12,1,102000.0,0,0,n,24.64,0.0,0.0,13.0,0.0,26082.0,31.0,0,0.0,0.0,1843.7,1843.7,1024.69,819.01,0.0,0.0,0.0,0.0,0.0,1.0,1,0.0,0.0,56574.0,0.0,3.0,0.0,2.0,16.0,30492.0,64.0,0.0,0.0,9372.0,65.0,39600.0,0.0,0.0,0.0,2.0,4715.0,2088.0,90.8,0.0,0.0,140.0,155.0,39.0,16.0,0.0,39.0,16.0,0.0,3.0,9.0,3.0,7.0,9.0,10.0,21.0,9.0,13.0,0.0,0.0,0.0,0.0,96.8,100.0,0.0,0.0,87089.0,56574.0,22800.0,47489.0,0,0
71579,17875.0,0.124,401.25,2,60000.0,0,0,n,30.6,0.0,0.0,9.0,0.0,4021.0,13.0,0,0.0,0.0,3842.39,3842.39,216.54,172.4,0.0,3453.45,621.621,401.25,0.0,1.0,0,0.0,0.0,26772.0,1.0,3.0,1.0,2.0,12.0,22751.0,46.0,1.0,2.0,2118.0,33.0,30700.0,2.0,0.0,1.0,4.0,2975.0,13679.0,22.7,0.0,0.0,89.0,137.0,4.0,4.0,0.0,4.0,12.0,0.0,3.0,3.0,4.0,5.0,6.0,6.0,7.0,3.0,9.0,0.0,0.0,0.0,2.0,100.0,25.0,0.0,0.0,80132.0,26772.0,17700.0,49432.0,0,0
71623,18000.0,0.08810000000000001,570.81,1,29000.0,0,0,n,31.58,1.0,0.0,8.0,0.0,14092.0,46.0,0,0.0,0.0,3416.05,3416.05,2680.74,735.31,0.0,0.0,0.0,570.81,0.0,1.0,1,0.0,0.0,24535.0,2.0,2.0,0.0,0.0,31.0,10443.0,42.0,2.0,3.0,11785.0,37.0,40900.0,0.0,4.0,0.0,3.0,3067.0,23097.0,35.1,0.0,0.0,150.0,329.0,2.0,2.0,4.0,2.0,15.0,0.0,2.0,4.0,4.0,16.0,8.0,6.0,33.0,4.0,8.0,0.0,0.0,1.0,2.0,95.7,0.0,0.0,0.0,66024.0,24535.0,35600.0,25124.0,0,0
71628,2500.0,0.124,83.52,2,40000.0,0,0,n,11.37,0.0,1.0,13.0,0.0,10367.0,22.0,0,1772.27,1772.27,1000.52,1000.52,727.73,272.79,0.0,0.0,0.0,83.52,0.0,1.0,1,0.0,0.0,38870.0,1.0,2.0,1.0,2.0,5.0,28503.0,111.0,0.0,6.0,2811.0,75.0,26600.0,0.0,0.0,1.0,8.0,2990.0,8969.0,52.5,0.0,0.0,80.0,153.0,13.0,5.0,2.0,13.0,5.0,0.0,7.0,8.0,8.0,11.0,3.0,11.0,17.0,8.0,13.0,0.0,0.0,0.0,1.0,95.2,37.5,0.0,0.0,52192.0,38870.0,18900.0,25592.0,0,0
71634,8000.0,0.2305,309.89,2,150000.0,1,0,n,23.11,0.0,0.0,23.0,0.0,56151.0,30.0,0,6298.9,6298.9,3088.66,3088.66,1701.1,1387.56,0.0,0.0,0.0,0.0,0.0,1.0,1,0.0,0.0,84433.0,1.0,2.0,0.0,1.0,14.0,23043.0,43.0,1.0,6.0,10004.0,46.0,116600.0,1.0,0.0,0.0,8.0,3671.0,53951.0,48.8,0.0,0.0,126.0,112.0,5.0,5.0,0.0,5.0,13.0,0.0,11.0,15.0,15.0,16.0,5.0,20.0,24.0,15.0,23.0,0.0,0.0,0.0,1.0,96.7,53.3,0.0,0.0,184171.0,84433.0,105300.0,53254.0,0,0
71657,16800.0,0.2565,499.53,1,52000.0,1,0,n,23.63,1.0,0.0,8.0,0.0,9477.0,14.0,0,16369.64,16369.64,2973.24,2973.24,430.36,2542.88,0.0,0.0,0.0,0.0,0.0,1.0,1,0.0,0.0,25119.0,0.0,2.0,1.0,1.0,10.0,15642.0,66.0,0.0,2.0,4175.0,49.0,27800.0,1.0,4.0,1.0,3.0,3140.0,10139.0,42.7,0.0,0.0,52.0,162.0,17.0,10.0,0.0,17.0,10.0,0.0,3.0,5.0,3.0,5.0,3.0,6.0,11.0,5.0,8.0,0.0,0.0,0.0,1.0,92.9,0.0,0.0,0.0,51445.0,25119.0,17700.0,23645.0,0,0
71712,30000.0,0.1171,992.28,1,72000.0,1,0,n,23.72,0.0,0.0,17.0,0.0,22087.0,40.0,0,25517.82,25517.82,7422.58,7422.58,4482.18,2940.4,0.0,0.0,0.0,496.14,0.0,1.0,1,0.0,0.0,87894.0,0.0,15.0,0.0,0.0,40.0,65807.0,117.0,0.0,1.0,16610.0,109.0,24200.0,0.0,0.0,1.0,1.0,5170.0,2113.0,91.3,0.0,0.0,200.0,95.0,20.0,20.0,0.0,20.0,6.0,0.0,2.0,2.0,2.0,7.0,30.0,2.0,10.0,2.0,17.0,0.0,0.0,0.0,0.0,91.9,100.0,0.0,0.0,80639.0,87894.0,24200.0,56439.0,0,0
71727,40000.0,0.0646,1225.24,2,180000.0,0,0,n,10.81,0.0,0.0,9.0,0.0,50285.0,16.0,0,0.0,0.0,0.0,0.0,0.0,0.0,0.0,0.0,0.0,0.0,0.0,1.0,1,0.0,0.0,404309.0,0.0,1.0,0.0,1.0,13.0,14952.0,82.0,0.0,0.0,21611.0,70.0,75100.0,1.0,1.0,1.0,1.0,44923.0,15755.0,76.1,0.0,0.0,119.0,535.0,90.0,13.0,4.0,284.0,8.0,0.0,3.0,4.0,4.0,4.0,3.0,7.0,9.0,4.0,9.0,0.0,0.0,0.0,0.0,100.0,50.0,0.0,0.0,500538.0,65237.0,66000.0,18338.0,0,0
71731,34450.0,0.17739999999999995,869.94,1,98000.0,1,0,n,26.54,0.0,0.0,16.0,1.0,709.0,37.0,0,0.0,0.0,4315.75,4315.75,1857.37,2458.38,0.0,0.0,0.0,0.0,0.0,1.0,1,0.0,0.0,80441.0,1.0,10.0,2.0,3.0,7.0,79732.0,72.0,1.0,4.0,284.0,60.0,23800.0,3.0,1.0,1.0,7.0,5028.0,20891.0,3.3,0.0,0.0,175.0,221.0,1.0,1.0,0.0,1.0,7.0,0.0,3.0,3.0,5.0,14.0,17.0,6.0,20.0,3.0,16.0,0.0,0.0,0.0,3.0,80.6,0.0,1.0,0.0,134520.0,80441.0,21600.0,110720.0,0,0
71737,20000.0,0.1862,514.64,2,164000.0,1,0,n,18.81,0.0,0.0,10.0,0.0,13709.0,29.0,0,0.0,0.0,1008.59,1008.59,411.79,596.8,0.0,0.0,0.0,514.64,0.0,1.0,0,0.0,0.0,261887.0,0.0,3.0,0.0,3.0,18.0,85814.0,79.0,2.0,3.0,7657.0,68.0,25800.0,1.0,0.0,2.0,8.0,26189.0,1591.0,89.6,0.0,0.0,145.0,96.0,11.0,11.0,2.0,11.0,10.0,0.0,4.0,4.0,5.0,8.0,12.0,6.0,14.0,4.0,10.0,0.0,0.0,0.0,2.0,89.7,60.0,0.0,0.0,300842.0,99523.0,15300.0,106356.0,0,0
71754,1000.0,0.17739999999999995,36.03,1,32000.0,1,0,n,35.34,0.0,1.0,12.0,0.0,6075.0,18.0,0,0.0,0.0,251.22,251.22,132.29,118.93,0.0,0.0,0.0,0.0,0.0,1.0,1,0.0,0.0,27440.0,2.0,2.0,1.0,2.0,5.0,21365.0,78.0,2.0,3.0,2194.0,66.0,13800.0,2.0,0.0,3.0,5.0,2287.0,3008.0,51.5,0.0,0.0,24.0,155.0,3.0,3.0,0.0,49.0,3.0,0.0,3.0,7.0,5.0,8.0,2.0,10.0,16.0,7.0,12.0,0.0,0.0,0.0,3.0,100.0,60.0,0.0,0.0,41352.0,27440.0,6200.0,27552.0,0,0
71840,36500.0,0.1612,1285.4,1,105000.0,1,0,n,45.95,0.0,0.0,26.0,0.0,62205.0,34.0,0,0.0,0.0,6394.31,6394.31,4083.67,2310.64,0.0,0.0,0.0,1285.4,0.0,1.0,0,0.0,0.0,109961.0,1.0,4.0,0.0,1.0,17.0,47756.0,62.0,0.0,0.0,8826.0,67.0,82000.0,1.0,0.0,1.0,2.0,4398.0,9865.0,82.9,0.0,0.0,183.0,158.0,27.0,6.0,1.0,27.0,7.0,1.0,12.0,15.0,16.0,18.0,7.0,21.0,25.0,15.0,26.0,0.0,0.0,0.0,1.0,93.9,46.7,0.0,0.0,164288.0,109961.0,57700.0,76763.0,0,0
71870,5000.0,0.2055,187.23,2,75000.0,1,0,n,19.04,0.0,2.0,8.0,0.0,7132.0,13.0,0,0.0,0.0,281.52,281.52,101.6,79.92,0.0,100.0,18.0,0.0,0.0,1.0,1,0.0,1302.0,380208.0,2.0,2.0,1.0,2.0,10.0,42010.0,82.0,2.0,2.0,412.0,81.0,8800.0,2.0,2.0,3.0,5.0,47526.0,88.0,82.4,0.0,0.0,86.0,262.0,1.0,1.0,1.0,171.0,1.0,1.0,1.0,5.0,1.0,3.0,4.0,5.0,8.0,5.0,8.0,0.0,0.0,0.0,3.0,84.6,100.0,0.0,0.0,396595.0,49142.0,500.0,52733.0,0,0
71954,24000.0,0.1308,547.06,1,98000.0,0,0,n,3.83,0.0,1.0,9.0,0.0,28.0,26.0,0,20683.09,20683.09,6000.22,6000.22,3316.91,2683.31,0.0,0.0,0.0,547.06,0.0,1.0,0,0.0,0.0,21673.0,0.0,5.0,0.0,0.0,109.0,21645.0,89.0,0.0,0.0,12.0,82.0,2200.0,0.0,0.0,1.0,0.0,2408.0,2072.0,1.3,0.0,0.0,143.0,97.0,34.0,34.0,0.0,34.0,5.0,0.0,3.0,3.0,3.0,3.0,22.0,4.0,4.0,3.0,9.0,0.0,0.0,0.0,0.0,92.3,0.0,0.0,0.0,26480.0,21673.0,2100.0,24280.0,0,0
71973,8500.0,0.1612,299.34,1,55000.0,1,0,n,17.83,0.0,0.0,15.0,0.0,9372.0,33.0,0,6532.4,6532.4,2985.79,2985.79,1967.6,1018.19,0.0,0.0,0.0,0.0,0.0,1.0,1,0.0,0.0,10476.0,1.0,1.0,0.0,0.0,35.0,1104.0,11.0,3.0,4.0,1699.0,27.0,28900.0,0.0,0.0,5.0,4.0,698.0,7694.0,40.8,0.0,0.0,146.0,250.0,5.0,5.0,2.0,8.0,2.0,0.0,6.0,11.0,7.0,15.0,2.0,14.0,29.0,11.0,15.0,0.0,0.0,0.0,3.0,90.9,14.3,0.0,0.0,38900.0,10476.0,13000.0,10000.0,0,0
71989,11000.0,0.0756,342.48,2,75000.0,1,0,n,26.8,0.0,1.0,7.0,0.0,10226.0,13.0,0,8787.48,8787.48,2735.22,2735.22,2212.52,522.7,0.0,0.0,0.0,0.0,0.0,1.0,1,0.0,138.0,44446.0,0.0,4.0,2.0,3.0,9.0,34220.0,75.0,1.0,2.0,5885.0,74.0,14400.0,0.0,6.0,2.0,5.0,6349.0,123.0,98.6,0.0,0.0,126.0,162.0,11.0,9.0,0.0,11.0,1.0,0.0,2.0,3.0,2.0,3.0,8.0,3.0,5.0,3.0,7.0,0.0,0.0,0.0,3.0,100.0,100.0,0.0,0.0,90269.0,44446.0,9000.0,75869.0,0,0
72013,15950.0,0.14300000000000002,547.47,2,71800.0,0,0,n,23.0,0.0,0.0,10.0,1.0,1920.0,21.0,0,13537.07,13537.07,4367.09,4367.09,2412.93,1954.16,0.0,0.0,0.0,547.47,0.0,1.0,0,0.0,429.0,363715.0,1.0,6.0,1.0,6.0,5.0,177222.0,108.0,1.0,2.0,1722.0,98.0,8000.0,3.0,1.0,6.0,9.0,36372.0,5278.0,24.6,0.0,0.0,160.0,185.0,12.0,5.0,3.0,24.0,2.0,0.0,1.0,2.0,2.0,2.0,14.0,3.0,4.0,2.0,10.0,0.0,0.0,0.0,2.0,100.0,0.0,1.0,0.0,369357.0,179142.0,7000.0,172357.0,0,0
72059,21275.0,0.14300000000000002,498.35,3,120000.0,1,0,n,27.08,0.0,0.0,23.0,1.0,31427.0,44.0,0,0.0,0.0,1478.15,1478.15,743.25,734.9,0.0,0.0,0.0,0.0,0.0,1.0,1,0.0,0.0,604284.0,0.0,4.0,0.0,2.0,13.0,47057.0,57.0,1.0,3.0,12631.0,48.0,81400.0,2.0,0.0,1.0,5.0,27467.0,29480.0,49.4,0.0,0.0,101.0,118.0,11.0,11.0,2.0,11.0,11.0,0.0,8.0,11.0,12.0,22.0,7.0,18.0,35.0,11.0,23.0,0.0,0.0,0.0,1.0,100.0,36.4,1.0,0.0,734140.0,78484.0,58300.0,83246.0,0,0
72081,30000.0,0.2305,1162.08,2,171000.0,0,0,n,16.59,0.0,0.0,16.0,0.0,57034.0,23.0,0,0.0,0.0,6934.06,6934.06,3688.15,3245.91,0.0,0.0,0.0,1162.08,0.0,1.0,1,0.0,0.0,289053.0,0.0,1.0,1.0,1.0,8.0,13149.0,88.0,3.0,5.0,8798.0,88.0,65100.0,1.0,3.0,1.0,7.0,18066.0,4301.0,88.5,0.0,0.0,148.0,130.0,8.0,8.0,2.0,8.0,8.0,0.0,7.0,11.0,7.0,8.0,5.0,13.0,16.0,11.0,16.0,0.0,0.0,0.0,4.0,100.0,71.4,0.0,0.0,317014.0,70183.0,37500.0,15000.0,0,0
72153,18000.0,0.2565,721.88,1,60000.0,1,0,n,22.72,0.0,0.0,9.0,0.0,19965.0,15.0,0,17318.54,17318.54,2880.37,2880.37,681.46,2198.91,0.0,0.0,0.0,370.19,0.0,1.0,1,0.0,0.0,31525.0,0.0,1.0,1.0,1.0,11.0,11560.0,77.0,0.0,0.0,6261.0,88.0,20900.0,1.0,0.0,1.0,1.0,3503.0,796.0,95.8,0.0,0.0,121.0,151.0,41.0,11.0,0.0,41.0,11.0,0.0,6.0,8.0,6.0,7.0,5.0,8.0,10.0,8.0,9.0,0.0,0.0,0.0,1.0,100.0,100.0,0.0,0.0,35900.0,31525.0,18800.0,15000.0,0,0
72156,35000.0,0.2305,987.68,2,140000.0,0,0,n,20.65,0.0,2.0,12.0,0.0,60460.0,22.0,0,32531.01,32531.01,7856.62,7856.62,2468.99,5387.63,0.0,0.0,0.0,0.0,0.0,1.0,1,0.0,792.0,284130.0,1.0,2.0,0.0,0.0,27.0,26048.0,64.0,2.0,3.0,27276.0,71.0,80300.0,1.0,2.0,4.0,6.0,23678.0,14920.0,79.1,0.0,0.0,89.0,195.0,10.0,3.0,7.0,10.0,3.0,0.0,4.0,5.0,6.0,6.0,4.0,9.0,11.0,5.0,12.0,0.0,0.0,0.0,3.0,100.0,33.3,0.0,0.0,319089.0,86508.0,71500.0,40940.0,0,0
72165,2000.0,0.14300000000000002,68.65,1,28000.0,0,0,n,7.84,0.0,2.0,3.0,0.0,1700.0,3.0,0,1502.39,1502.39,753.56,753.56,497.61,255.95,0.0,0.0,0.0,68.65,0.0,1.0,1,0.0,0.0,4077.0,1.0,1.0,1.0,1.0,5.0,2377.0,88.0,0.0,0.0,851.0,68.0,3300.0,1.0,0.0,2.0,1.0,1359.0,449.0,65.5,0.0,0.0,5.0,41.0,35.0,5.0,0.0,41.0,5.0,0.0,1.0,2.0,1.0,1.0,1.0,2.0,2.0,2.0,3.0,0.0,0.0,0.0,1.0,100.0,0.0,0.0,0.0,6000.0,4077.0,1300.0,2700.0,0,0
72236,40000.0,0.124,897.89,2,133000.0,0,0,n,18.43,0.0,1.0,17.0,0.0,42812.0,30.0,0,0.0,0.0,4461.89,4461.89,2473.38,1988.51,0.0,0.0,0.0,0.0,0.0,1.0,1,0.0,0.0,179625.0,0.0,2.0,0.0,0.0,27.0,16108.0,44.0,1.0,7.0,6696.0,48.0,86300.0,0.0,1.0,1.0,7.0,10566.0,29530.0,53.1,0.0,0.0,129.0,180.0,7.0,7.0,2.0,7.0,0.0,0.0,8.0,11.0,9.0,11.0,6.0,14.0,22.0,11.0,17.0,0.0,0.0,0.0,1.0,96.6,11.1,0.0,0.0,259785.0,58920.0,62900.0,36485.0,0,0
72265,16000.0,0.2565,475.74,1,50000.0,1,0,n,20.67,0.0,0.0,23.0,1.0,3923.0,31.0,0,15700.66,15700.66,4258.86,4258.86,299.34,3959.52,0.0,0.0,0.0,1427.22,0.0,1.0,1,0.0,0.0,109591.0,0.0,18.0,0.0,2.0,18.0,105668.0,103.0,0.0,1.0,1984.0,103.0,4000.0,1.0,0.0,0.0,3.0,5219.0,77.0,98.1,0.0,0.0,120.0,199.0,17.0,17.0,0.0,17.0,17.0,0.0,3.0,3.0,4.0,4.0,27.0,4.0,4.0,3.0,23.0,0.0,0.0,0.0,0.0,100.0,100.0,1.0,0.0,106893.0,109591.0,4000.0,102893.0,0,0
72303,10000.0,0.28800000000000003,316.21,2,70000.0,1,0,n,28.01,0.0,1.0,11.0,0.0,15650.0,14.0,0,9782.62,9782.62,2829.89,2829.89,217.38,2612.51,0.0,0.0,0.0,316.21,0.0,1.0,1,0.0,0.0,319990.0,2.0,4.0,1.0,3.0,6.0,55746.0,82.0,2.0,4.0,7009.0,68.0,36200.0,1.0,2.0,2.0,8.0,29090.0,15078.0,48.5,0.0,0.0,100.0,72.0,2.0,2.0,1.0,2.0,6.0,0.0,4.0,6.0,4.0,5.0,6.0,6.0,7.0,6.0,11.0,0.0,0.0,0.0,3.0,100.0,25.0,0.0,0.0,357483.0,71396.0,29300.0,68113.0,0,0
72317,2500.0,0.16949999999999998,89.07,1,33921.0,0,0,n,26.47,0.0,0.0,7.0,0.0,7448.0,10.0,0,0.0,0.0,511.67,511.67,108.28,67.51,0.0,335.88,60.4584,0.0,0.0,1.0,1,0.0,0.0,34475.0,1.0,2.0,2.0,2.0,5.0,27027.0,96.0,0.0,0.0,3190.0,75.0,17900.0,0.0,0.0,1.0,2.0,4925.0,6795.0,47.3,0.0,0.0,8.0,72.0,25.0,5.0,0.0,26.0,8.0,0.0,3.0,4.0,4.0,6.0,2.0,5.0,7.0,4.0,7.0,0.0,0.0,0.0,2.0,100.0,25.0,0.0,0.0,45978.0,34475.0,12900.0,28078.0,0,0
72334,20000.0,0.2565,594.68,1,80000.0,1,0,n,17.78,0.0,3.0,11.0,0.0,3540.0,29.0,0,0.0,0.0,2944.9,2944.9,872.4,2072.5,0.0,0.0,0.0,0.0,0.0,1.0,1,0.0,0.0,42844.0,4.0,4.0,3.0,5.0,5.0,39304.0,91.0,1.0,1.0,2734.0,80.0,10100.0,4.0,1.0,4.0,6.0,4284.0,2966.0,48.0,0.0,0.0,109.0,120.0,1.0,1.0,0.0,32.0,1.0,1.0,1.0,2.0,3.0,11.0,7.0,7.0,22.0,2.0,11.0,0.0,0.0,0.0,4.0,82.8,50.0,0.0,0.0,53302.0,42844.0,5700.0,43202.0,0,0
72353,1200.0,0.1102,39.3,1,40000.0,1,0,n,7.53,0.0,0.0,4.0,1.0,3102.0,7.0,0,0.0,0.0,117.17,117.17,85.62,31.55,0.0,0.0,0.0,39.3,0.0,1.0,1,0.0,0.0,5859.0,0.0,2.0,0.0,2.0,14.0,2757.0,77.0,0.0,0.0,1906.0,85.0,3300.0,2.0,0.0,0.0,2.0,1465.0,198.0,94.0,0.0,0.0,140.0,168.0,35.0,14.0,1.0,35.0,14.0,0.0,2.0,2.0,2.0,2.0,3.0,2.0,3.0,2.0,4.0,0.0,0.0,0.0,0.0,100.0,100.0,1.0,0.0,6900.0,5859.0,3300.0,3600.0,0,0
72473,16000.0,0.17739999999999995,576.36,2,170000.0,0,0,n,6.08,1.0,1.0,11.0,0.0,8088.0,18.0,0,12628.17,12628.17,5776.65,5776.65,3371.83,2376.0,28.82,0.0,0.0,0.0,0.0,1.0,1,0.0,0.0,235887.0,3.0,1.0,1.0,1.0,10.0,31825.0,94.0,5.0,7.0,1727.0,82.0,15000.0,2.0,1.0,6.0,8.0,21444.0,4820.0,49.8,0.0,0.0,164.0,167.0,4.0,4.0,3.0,4.0,4.0,3.0,6.0,7.0,7.0,8.0,4.0,9.0,11.0,7.0,11.0,0.0,0.0,1.0,6.0,87.5,14.3,0.0,0.0,241000.0,39913.0,9600.0,34000.0,0,0
72513,6000.0,0.2565,240.63,1,32000.0,1,0,n,35.71,0.0,1.0,12.0,0.0,2812.0,28.0,0,0.0,0.0,713.34,713.34,61.08,652.26,0.0,0.0,0.0,150.0,0.0,1.0,0,0.0,156.0,69879.0,1.0,4.0,1.0,7.0,8.0,53100.0,90.0,2.0,4.0,641.0,87.0,6700.0,1.0,0.0,2.0,12.0,5823.0,59.0,91.6,0.0,0.0,135.0,127.0,4.0,4.0,0.0,127.0,4.0,1.0,1.0,4.0,1.0,2.0,16.0,7.0,11.0,4.0,12.0,0.0,0.0,0.0,4.0,89.3,100.0,0.0,0.0,80754.0,69879.0,700.0,59054.0,0,0
72518,11000.0,0.08810000000000001,348.83,2,107000.0,1,0,n,38.49,0.0,0.0,27.0,0.0,74032.0,54.0,0,0.0,0.0,1059.72,1059.72,563.82,478.46,17.44,0.0,0.0,350.0,0.0,1.0,1,0.0,0.0,428771.0,1.0,4.0,1.0,2.0,3.0,82869.0,85.0,1.0,3.0,24347.0,63.0,150700.0,2.0,4.0,2.0,5.0,15880.0,56226.0,54.5,0.0,0.0,174.0,344.0,7.0,3.0,1.0,14.0,5.0,0.0,10.0,15.0,15.0,17.0,21.0,21.0,32.0,15.0,27.0,0.0,0.0,0.0,2.0,100.0,33.3,0.0,0.0,573311.0,156901.0,123600.0,97611.0,0,0
72548,26575.0,0.08810000000000001,842.73,2,70000.0,0,0,n,27.96,0.0,0.0,6.0,0.0,26020.0,11.0,0,20572.24,20572.24,7571.56,7571.56,6002.76,1568.8,0.0,0.0,0.0,0.0,0.0,1.0,1,0.0,0.0,45918.0,0.0,3.0,0.0,1.0,17.0,19898.0,55.0,0.0,0.0,13324.0,62.0,38000.0,0.0,0.0,0.0,1.0,7653.0,11980.0,68.5,0.0,0.0,151.0,158.0,48.0,17.0,2.0,48.0,17.0,0.0,3.0,3.0,3.0,3.0,6.0,3.0,3.0,3.0,6.0,0.0,0.0,0.0,0.0,100.0,66.7,0.0,0.0,74075.0,45918.0,38000.0,36075.0,0,0
72550,11000.0,0.1308,371.06,1,55000.0,0,0,n,12.02,0.0,1.0,9.0,0.0,10330.0,10.0,0,0.0,0.0,1426.66,1426.66,0.0,0.0,0.0,1426.66,256.7988,0.0,0.0,1.0,1,0.0,0.0,20477.0,1.0,1.0,1.0,1.0,9.0,9452.0,90.0,1.0,1.0,3207.0,52.0,21600.0,0.0,0.0,2.0,2.0,2275.0,8444.0,54.1,0.0,0.0,40.0,52.0,2.0,2.0,0.0,33.0,0.0,0.0,5.0,6.0,6.0,6.0,2.0,7.0,7.0,6.0,9.0,0.0,0.0,0.0,2.0,100.0,66.7,0.0,0.0,39421.0,20477.0,18400.0,10500.0,0,0
72562,11200.0,0.2055,419.38,2,55000.0,0,0,n,27.93,1.0,0.0,12.0,1.0,11540.0,22.0,0,0.0,0.0,2088.7,2088.7,440.27,385.7,0.0,1262.73,227.2914,0.0,0.0,1.0,1,0.0,0.0,278278.0,1.0,1.0,0.0,1.0,13.0,20117.0,69.0,0.0,1.0,2237.0,45.0,41300.0,0.0,0.0,1.0,4.0,23190.0,15876.0,33.9,0.0,0.0,110.0,100.0,14.0,5.0,4.0,43.0,6.0,0.0,6.0,8.0,8.0,8.0,8.0,10.0,10.0,8.0,12.0,0.0,0.0,0.0,1.0,95.5,62.5,1.0,0.0,317859.0,31657.0,24000.0,29059.0,0,0
72619,17000.0,0.1102,556.72,1,35500.0,0,0,n,27.32,0.0,1.0,23.0,0.0,7358.0,48.0,0,11759.73,11759.73,6531.55,6531.55,5240.27,1291.28,0.0,0.0,0.0,278.36,0.0,1.0,1,0.0,0.0,31362.0,3.0,2.0,2.0,2.0,10.0,24004.0,87.0,4.0,12.0,3751.0,38.0,54100.0,2.0,1.0,4.0,14.0,1364.0,36092.0,15.7,0.0,0.0,106.0,106.0,3.0,3.0,0.0,3.0,6.0,2.0,6.0,9.0,14.0,21.0,17.0,21.0,31.0,9.0,23.0,0.0,0.0,0.0,6.0,93.8,7.1,0.0,0.0,81697.0,31362.0,42800.0,27597.0,0,0
72626,3050.0,0.2565,122.32,2,100000.0,0,0,n,26.61,0.0,0.0,8.0,0.0,14107.0,27.0,0,2934.52,2934.52,484.93,484.93,115.48,369.45,0.0,0.0,0.0,0.0,0.0,1.0,1,0.0,0.0,203113.0,0.0,4.0,1.0,3.0,7.0,59940.0,75.0,2.0,2.0,9732.0,77.0,16100.0,3.0,1.0,3.0,5.0,25389.0,1993.0,87.6,0.0,0.0,172.0,147.0,12.0,7.0,2.0,12.0,7.0,0.0,2.0,2.0,3.0,7.0,18.0,3.0,7.0,2.0,8.0,0.0,0.0,0.0,3.0,96.3,66.7,0.0,0.0,235805.0,74047.0,16100.0,80055.0,0,0
72629,8000.0,0.0756,249.08,2,80000.0,1,0,n,6.18,1.0,0.0,7.0,0.0,780.0,12.0,0,0.0,0.0,642.69,642.69,398.61,244.08,0.0,0.0,0.0,100.0,0.0,1.0,1,0.0,0.0,9616.0,0.0,1.0,0.0,1.0,14.0,8836.0,64.0,0.0,0.0,335.0,37.0,12300.0,1.0,1.0,0.0,1.0,1374.0,5265.0,6.0,0.0,0.0,29.0,195.0,28.0,14.0,0.0,49.0,14.0,0.0,1.0,3.0,3.0,4.0,2.0,6.0,10.0,3.0,7.0,0.0,0.0,0.0,0.0,91.7,0.0,0.0,0.0,26100.0,9616.0,5600.0,13800.0,0,0
72636,3000.0,0.2305,116.21,1,33000.0,0,0,n,18.36,0.0,0.0,40.0,0.0,4941.0,46.0,0,2742.83,2742.83,693.42,693.42,257.17,436.25,0.0,0.0,0.0,116.21,0.0,1.0,1,0.0,0.0,435398.0,2.0,36.0,2.0,3.0,9.0,430457.0,160.0,2.0,3.0,2074.0,158.0,5700.0,1.0,3.0,2.0,6.0,10885.0,759.0,86.7,0.0,0.0,273.0,177.0,5.0,5.0,2.0,5.0,9.0,3.0,4.0,4.0,4.0,4.0,39.0,4.0,5.0,4.0,40.0,0.0,0.0,0.0,4.0,93.3,75.0,0.0,0.0,264193.0,435398.0,5700.0,258493.0,0,0
72661,25525.0,0.1102,835.9,2,110000.0,0,0,n,20.61,0.0,0.0,9.0,1.0,8023.0,15.0,0,0.0,0.0,1656.17,1656.17,1121.77,534.4,0.0,0.0,0.0,0.0,0.0,1.0,1,0.0,0.0,67800.0,1.0,4.0,2.0,4.0,5.0,59777.0,77.0,0.0,0.0,1687.0,54.0,32300.0,1.0,3.0,0.0,4.0,7533.0,16964.0,16.4,0.0,0.0,61.0,281.0,38.0,5.0,0.0,55.0,15.0,0.0,2.0,3.0,3.0,4.0,9.0,5.0,6.0,3.0,9.0,0.0,0.0,0.0,2.0,100.0,0.0,1.0,0.0,109492.0,67800.0,20300.0,77192.0,0,0
72745,3600.0,0.08810000000000001,114.17,1,36000.0,0,0,n,26.12,0.0,0.0,11.0,0.0,9131.0,35.0,0,0.0,0.0,226.58,226.58,162.81,63.77,0.0,0.0,0.0,0.0,0.0,1.0,1,0.0,0.0,94200.0,1.0,3.0,1.0,1.0,10.0,85069.0,52.0,3.0,3.0,4158.0,39.0,32900.0,2.0,0.0,1.0,4.0,8564.0,18046.0,30.6,0.0,0.0,280.0,148.0,3.0,3.0,0.0,3.0,10.0,1.0,3.0,5.0,5.0,7.0,25.0,8.0,10.0,5.0,11.0,0.0,0.0,0.0,4.0,96.9,20.0,0.0,0.0,122479.0,94200.0,26000.0,89579.0,0,0
72755,16000.0,0.1612,563.47,1,12000.0,1,0,n,132.7,3.0,0.0,7.0,0.0,4294.0,12.0,0,0.0,0.0,2803.02,2803.02,1790.14,1012.88,0.0,0.0,0.0,563.47,0.0,1.0,0,0.0,0.0,49312.0,0.0,2.0,1.0,1.0,12.0,45018.0,18.0,0.0,1.0,1584.0,22.0,15000.0,1.0,1.0,1.0,2.0,7045.0,1546.0,53.2,0.0,0.0,71.0,149.0,19.0,12.0,0.0,28.0,12.0,0.0,2.0,4.0,2.0,4.0,4.0,5.0,8.0,4.0,7.0,0.0,0.0,0.0,1.0,75.0,0.0,0.0,0.0,85718.0,49312.0,3300.0,70718.0,0,0
72834,15000.0,0.0819,471.37,3,75000.0,0,0,n,13.39,0.0,1.0,13.0,0.0,25663.0,15.0,0,14259.5,14259.5,1123.75,1123.75,740.5,383.25,0.0,0.0,0.0,97.33,0.0,1.0,1,0.0,0.0,36412.0,3.0,2.0,1.0,1.0,3.0,10749.0,56.0,2.0,4.0,7638.0,36.0,82600.0,0.0,0.0,1.0,5.0,2801.0,56937.0,31.1,0.0,0.0,71.0,79.0,4.0,3.0,0.0,4.0,4.0,0.0,7.0,7.0,11.0,12.0,3.0,11.0,12.0,7.0,13.0,0.0,0.0,0.0,3.0,100.0,27.3,0.0,0.0,101964.0,36412.0,82600.0,19364.0,0,0
72862,23000.0,0.2305,890.93,2,70000.0,0,0,n,12.07,0.0,1.0,20.0,0.0,23144.0,42.0,0,0.0,0.0,0.0,0.0,0.0,0.0,0.0,0.0,0.0,0.0,0.0,1.0,1,0.0,0.0,192191.0,3.0,1.0,2.0,3.0,6.0,7464.0,93.0,9.0,13.0,7853.0,53.0,49600.0,0.0,6.0,3.0,18.0,10115.0,12051.0,65.7,0.0,0.0,78.0,179.0,6.0,6.0,5.0,6.0,0.0,0.0,5.0,6.0,10.0,13.0,4.0,18.0,33.0,6.0,20.0,0.0,0.0,0.0,13.0,97.5,44.4,0.0,0.0,221600.0,30608.0,35100.0,8000.0,0,0
72875,30525.0,0.1308,1029.69,2,40000.0,0,0,n,44.14,0.0,0.0,7.0,0.0,3404.0,10.0,0,0.0,0.0,6155.96,6155.96,4297.43,1858.53,0.0,0.0,0.0,0.0,0.0,1.0,0,0.0,0.0,38186.0,0.0,2.0,1.0,1.0,9.0,34782.0,64.0,0.0,1.0,3404.0,61.0,8100.0,1.0,1.0,1.0,2.0,9547.0,2896.0,54.0,0.0,0.0,50.0,168.0,20.0,9.0,0.0,59.0,9.0,1.0,1.0,1.0,3.0,5.0,3.0,5.0,7.0,1.0,7.0,0.0,0.0,0.0,1.0,90.0,0.0,0.0,0.0,62326.0,38186.0,6300.0,54226.0,0,0
72920,9000.0,0.08810000000000001,285.41,2,84000.0,1,0,n,14.96,0.0,2.0,14.0,0.0,361.0,20.0,0,0.0,0.0,566.42,566.42,440.29,126.14,0.0,0.0,0.0,0.0,0.0,1.0,1,0.0,0.0,128626.0,3.0,2.0,3.0,3.0,1.0,38911.0,96.0,2.0,4.0,188.0,73.0,13400.0,2.0,0.0,5.0,7.0,9188.0,10613.0,2.6,0.0,0.0,113.0,52.0,1.0,1.0,1.0,1.0,1.0,1.0,5.0,6.0,9.0,10.0,7.0,11.0,12.0,6.0,14.0,0.0,0.0,0.0,5.0,95.0,0.0,0.0,0.0,143313.0,39272.0,10900.0,40413.0,0,0
73060,12000.0,0.2565,481.26,1,50000.0,1,0,n,34.71,0.0,0.0,5.0,0.0,11591.0,6.0,0,0.0,0.0,1907.94,1907.94,688.79,1219.15,0.0,0.0,0.0,481.26,0.0,1.0,1,0.0,0.0,55563.0,0.0,1.0,0.0,2.0,13.0,43972.0,78.0,0.0,0.0,8606.0,79.0,14500.0,2.0,0.0,1.0,2.0,11113.0,2909.0,79.9,0.0,0.0,22.0,77.0,26.0,13.0,0.0,26.0,8.0,0.0,3.0,3.0,3.0,3.0,2.0,3.0,4.0,3.0,5.0,0.0,0.0,0.0,0.0,100.0,66.7,0.0,0.0,72688.0,55563.0,14500.0,58188.0,0,0
73064,32000.0,0.1308,729.41,3,69000.0,0,0,n,18.82,0.0,0.0,15.0,0.0,19024.0,23.0,0,30110.33,30110.33,5593.06,5593.06,1889.67,3703.39,0.0,0.0,0.0,1312.84,0.0,1.0,1,0.0,0.0,50111.0,1.0,2.0,0.0,1.0,21.0,31087.0,85.0,1.0,1.0,5079.0,78.0,27900.0,5.0,0.0,0.0,2.0,3855.0,1948.0,85.9,0.0,0.0,270.0,381.0,4.0,4.0,0.0,31.0,21.0,2.0,4.0,9.0,4.0,5.0,7.0,11.0,14.0,9.0,15.0,0.0,0.0,0.0,1.0,91.3,75.0,0.0,0.0,64544.0,50111.0,13800.0,36644.0,0,0
73121,12300.0,0.2305,476.46,3,56300.0,1,0,n,23.34,0.0,0.0,23.0,0.0,9484.0,36.0,0,10629.27,10629.27,4272.39,4272.39,1670.73,2601.66,0.0,0.0,0.0,0.0,0.0,1.0,1,0.0,0.0,94465.0,0.0,13.0,1.0,1.0,11.0,84981.0,132.0,2.0,3.0,2961.0,111.0,21000.0,2.0,0.0,2.0,4.0,4723.0,3932.0,69.8,0.0,0.0,135.0,243.0,10.0,10.0,0.0,12.0,8.0,0.0,5.0,7.0,6.0,8.0,20.0,10.0,16.0,7.0,23.0,0.0,0.0,0.0,3.0,100.0,40.0,0.0,0.0,85291.0,94465.0,13000.0,64291.0,1,0
73130,30000.0,0.124,1002.18,1,120000.0,0,0,n,21.84,0.0,2.0,18.0,0.0,38882.0,40.0,0,28876.39,28876.39,4083.74,4083.74,1123.61,2960.13,0.0,0.0,0.0,501.09,0.0,1.0,1,0.0,0.0,71199.0,1.0,7.0,1.0,1.0,9.0,32317.0,77.0,1.0,2.0,20306.0,82.0,44200.0,1.0,0.0,3.0,3.0,4188.0,0.0,102.1,0.0,0.0,207.0,249.0,5.0,5.0,0.0,5.0,5.0,1.0,5.0,9.0,6.0,15.0,14.0,11.0,25.0,9.0,18.0,0.0,0.0,0.0,2.0,92.5,100.0,0.0,0.0,86398.0,71199.0,26600.0,42198.0,1,0
73209,18000.0,0.1862,656.36,1,55999.0,1,0,n,9.3,1.0,1.0,13.0,0.0,14842.0,17.0,0,16055.28,16055.28,4975.53,4975.53,1944.72,3030.81,0.0,0.0,0.0,656.36,0.0,1.0,1,0.0,0.0,25402.0,1.0,10.0,0.0,2.0,20.0,10560.0,77.0,1.0,2.0,3572.0,73.0,21000.0,6.0,1.0,5.0,4.0,1954.0,1993.0,66.8,0.0,0.0,101.0,61.0,5.0,5.0,0.0,14.0,5.0,0.0,2.0,3.0,2.0,2.0,14.0,3.0,3.0,3.0,13.0,0.0,0.0,0.0,1.0,87.5,0.0,0.0,0.0,34750.0,25402.0,6000.0,13750.0,0,0
73266,32000.0,0.2055,857.63,3,75000.0,0,0,n,17.46,0.0,0.0,6.0,0.0,21912.0,16.0,1,30580.81,30580.81,7682.14,7682.14,1419.19,6262.95,0.0,0.0,0.0,857.63,0.0,1.0,0,0.0,0.0,25074.0,0.0,1.0,0.0,0.0,30.0,3162.0,17.0,0.0,2.0,11184.0,37.0,48000.0,0.0,0.0,2.0,2.0,4179.0,24009.0,34.2,0.0,0.0,166.0,200.0,22.0,22.0,1.0,22.0,6.0,0.0,2.0,3.0,4.0,9.0,5.0,5.0,10.0,3.0,6.0,0.0,0.0,0.0,0.0,100.0,0.0,0.0,0.0,66977.0,25074.0,36500.0,18977.0,0,0
73296,8875.0,0.2305,343.79,1,50055.0,0,0,n,16.26,0.0,1.0,7.0,0.0,12908.0,9.0,0,0.0,0.0,676.22,676.22,349.75,326.47,0.0,0.0,0.0,0.0,0.0,1.0,1,0.0,0.0,21391.0,0.0,1.0,0.0,0.0,43.0,8483.0,55.0,1.0,2.0,4535.0,75.0,13000.0,0.0,1.0,1.0,2.0,3056.0,59.0,99.5,0.0,0.0,141.0,170.0,10.0,10.0,0.0,15.0,1.0,0.0,5.0,6.0,5.0,5.0,3.0,6.0,6.0,6.0,7.0,0.0,0.0,0.0,1.0,100.0,100.0,0.0,0.0,28442.0,21391.0,12000.0,15442.0,0,0
73331,35000.0,0.1308,797.8,3,234000.0,0,0,n,10.49,0.0,2.0,15.0,0.0,31059.0,69.0,0,0.0,0.0,1570.17,1570.17,837.14,733.03,0.0,0.0,0.0,797.8,0.0,1.0,1,0.0,0.0,94350.0,2.0,4.0,1.0,5.0,3.0,63291.0,71.0,3.0,7.0,13057.0,62.0,62600.0,3.0,26.0,4.0,12.0,6290.0,26920.0,45.3,0.0,0.0,147.0,200.0,3.0,3.0,6.0,10.0,1.0,0.0,3.0,7.0,7.0,19.0,20.0,11.0,43.0,7.0,15.0,0.0,0.0,0.0,4.0,100.0,28.6,0.0,0.0,151837.0,94350.0,49200.0,89237.0,0,0
73344,5300.0,0.1862,193.27,2,40000.0,1,0,n,14.85,0.0,2.0,12.0,1.0,11032.0,24.0,0,0.0,0.0,960.87,960.87,572.66,388.21,0.0,0.0,0.0,0.0,0.0,1.0,1,0.0,0.0,179623.0,2.0,1.0,1.0,1.0,3.0,2926.0,98.0,3.0,3.0,3622.0,33.0,39800.0,1.0,0.0,4.0,4.0,14969.0,22440.0,24.7,0.0,0.0,62.0,246.0,2.0,2.0,2.0,10.0,2.0,0.0,6.0,9.0,7.0,9.0,3.0,10.0,19.0,9.0,12.0,0.0,0.0,0.0,4.0,87.5,14.3,1.0,0.0,234497.0,13958.0,29800.0,3000.0,0,0
73345,7150.0,0.0756,222.61,1,45000.0,0,0,n,29.49,0.0,1.0,11.0,0.0,6728.0,21.0,0,6112.16,6112.16,1414.28,1414.28,1037.84,376.44,0.0,0.0,0.0,0.0,0.0,1.0,1,0.0,0.0,62286.0,2.0,4.0,3.0,3.0,3.0,8341.0,20.0,2.0,4.0,6422.0,24.0,20900.0,1.0,0.0,2.0,7.0,5662.0,6278.0,50.6,0.0,0.0,141.0,180.0,7.0,3.0,2.0,20.0,3.0,0.0,1.0,2.0,2.0,4.0,6.0,6.0,13.0,2.0,11.0,0.0,0.0,0.0,5.0,100.0,0.0,0.0,0.0,123223.0,15069.0,12700.0,41523.0,0,0
73347,15000.0,0.16949999999999998,372.39,2,64000.0,0,0,n,35.12,0.0,0.0,30.0,0.0,14473.0,35.0,0,13288.89,13288.89,3709.78,3709.78,1711.12,1998.66,0.0,0.0,0.0,372.39,0.0,1.0,1,0.0,0.0,273863.0,1.0,24.0,1.0,2.0,4.0,148763.0,126.0,0.0,0.0,7252.0,111.0,28500.0,3.0,2.0,8.0,3.0,9129.0,4256.0,77.0,0.0,0.0,249.0,244.0,77.0,4.0,1.0,77.0,1.0,0.0,2.0,3.0,2.0,4.0,27.0,5.0,7.0,3.0,30.0,0.0,0.0,0.0,2.0,100.0,50.0,0.0,0.0,258152.0,163236.0,18500.0,118364.0,0,0
73361,39500.0,0.2055,1479.06,1,149500.0,1,0,n,0.71,0.0,0.0,4.0,0.0,1359.0,6.0,0,38179.15,38179.15,8089.73,8089.73,1320.85,6768.88,0.0,0.0,0.0,0.0,0.0,1.0,0,0.0,0.0,12173.0,0.0,1.0,0.0,0.0,29.0,10814.0,106.0,0.0,0.0,512.0,34.0,25900.0,2.0,0.0,0.0,0.0,3043.0,24541.0,5.2,0.0,0.0,114.0,141.0,74.0,29.0,0.0,74.0,17.0,0.0,3.0,3.0,3.0,4.0,2.0,3.0,4.0,3.0,4.0,0.0,0.0,0.0,0.0,100.0,0.0,0.0,0.0,36064.0,12173.0,25900.0,10164.0,1,0
73382,10000.0,0.28800000000000003,316.21,2,119000.0,0,0,n,9.84,0.0,1.0,19.0,1.0,25971.0,26.0,0,0.0,0.0,1881.26,1881.26,485.59,1395.67,0.0,0.0,0.0,0.0,0.0,1.0,1,0.0,0.0,199163.0,1.0,1.0,1.0,1.0,4.0,3222.0,92.0,2.0,8.0,7112.0,49.0,56500.0,2.0,0.0,1.0,9.0,10482.0,2082.0,91.7,0.0,0.0,75.0,105.0,11.0,4.0,2.0,19.0,4.0,0.0,8.0,11.0,8.0,10.0,4.0,17.0,20.0,11.0,19.0,0.0,0.0,0.0,3.0,100.0,87.5,1.0,0.0,239550.0,29193.0,25000.0,3500.0,0,0
73397,10625.0,0.1524,254.11,1,38900.0,0,0,n,20.18,0.0,1.0,4.0,0.0,9301.0,15.0,0,0.0,0.0,1007.44,1007.44,485.85,521.59,0.0,0.0,0.0,254.11,0.0,1.0,1,0.0,0.0,16929.0,1.0,1.0,0.0,0.0,38.0,7628.0,51.0,1.0,1.0,5902.0,57.0,14900.0,0.0,0.0,1.0,1.0,4232.0,3199.0,74.4,0.0,0.0,120.0,110.0,5.0,5.0,0.0,51.0,5.0,0.0,2.0,2.0,2.0,4.0,9.0,3.0,6.0,2.0,4.0,0.0,0.0,0.0,1.0,100.0,50.0,0.0,0.0,29900.0,16929.0,12500.0,15000.0,0,0
73435,12000.0,0.17739999999999995,432.27,1,38000.0,1,0,n,10.71,0.0,1.0,16.0,0.0,2672.0,19.0,0,11535.99,11535.99,1626.08,1626.08,464.01,1162.07,0.0,0.0,0.0,432.27,0.0,1.0,1,0.0,0.0,28797.0,3.0,6.0,3.0,6.0,2.0,26125.0,100.0,1.0,5.0,943.0,72.0,13900.0,1.0,2.0,2.0,11.0,1800.0,8325.0,12.4,0.0,0.0,18.0,82.0,6.0,2.0,0.0,6.0,2.0,1.0,3.0,6.0,5.0,5.0,6.0,10.0,13.0,6.0,16.0,0.0,0.0,0.0,4.0,89.5,0.0,0.0,0.0,40091.0,28797.0,9500.0,26191.0,0,0
73454,11000.0,0.17739999999999995,396.25,1,60000.0,1,0,n,20.36,0.0,0.0,10.0,0.0,10156.0,21.0,0,0.0,0.0,1970.41,1970.41,954.9,1015.51,0.0,0.0,0.0,396.25,0.0,1.0,1,0.0,0.0,28489.0,1.0,2.0,1.0,2.0,6.0,18333.0,93.0,0.0,3.0,5228.0,75.0,18200.0,1.0,4.0,0.0,5.0,3165.0,2369.0,76.1,0.0,0.0,116.0,133.0,16.0,6.0,0.0,16.0,22.0,1.0,4.0,6.0,5.0,7.0,10.0,8.0,11.0,6.0,10.0,0.0,0.0,0.0,1.0,95.2,50.0,0.0,0.0,37832.0,28489.0,9900.0,19632.0,0,0
73486,25000.0,0.1524,597.91,1,80000.0,0,0,n,36.21,0.0,1.0,14.0,0.0,25070.0,50.0,0,24303.2,24303.2,2349.31,2349.31,696.8,1652.51,0.0,0.0,0.0,597.91,0.0,1.0,0,0.0,964.0,65057.0,0.0,4.0,0.0,0.0,32.0,39987.0,18.0,2.0,4.0,9813.0,33.0,46500.0,1.0,6.0,3.0,4.0,4647.0,12271.0,65.3,0.0,0.0,154.0,133.0,11.0,11.0,1.0,21.0,1.0,0.0,5.0,8.0,6.0,9.0,26.0,10.0,23.0,8.0,14.0,0.0,0.0,0.0,2.0,98.0,33.3,0.0,0.0,153152.0,65057.0,35400.0,106652.0,0,0
73524,2000.0,0.2055,74.89,3,32000.0,0,0,n,16.47,0.0,0.0,12.0,1.0,6855.0,21.0,0,0.0,0.0,426.4,426.4,107.52,65.09,0.0,253.79,45.6822,0.0,0.0,1.0,1,0.0,0.0,10311.0,0.0,2.0,1.0,2.0,7.0,3456.0,77.0,0.0,0.0,2940.0,57.0,13700.0,2.0,0.0,1.0,2.0,937.0,754.0,89.8,0.0,0.0,75.0,109.0,33.0,7.0,0.0,65.0,7.0,0.0,3.0,4.0,3.0,4.0,5.0,10.0,16.0,4.0,12.0,0.0,0.0,0.0,1.0,95.2,100.0,1.0,0.0,18200.0,10311.0,7400.0,4500.0,0,0
73558,3000.0,0.17739999999999995,108.07,1,30000.0,0,0,n,12.6,0.0,1.0,3.0,0.0,4979.0,4.0,0,2410.96,2410.96,1077.74,1077.74,589.04,488.7,0.0,0.0,0.0,108.07,0.0,1.0,1,0.0,0.0,5195.0,1.0,1.0,1.0,1.0,9.0,216.0,25.0,1.0,1.0,4979.0,82.0,5500.0,1.0,0.0,2.0,2.0,1732.0,21.0,99.6,0.0,0.0,216.0,216.0,5.0,5.0,0.0,5.0,5.0,0.0,1.0,1.0,1.0,1.0,2.0,2.0,2.0,1.0,3.0,0.0,0.0,0.0,2.0,100.0,100.0,0.0,0.0,6366.0,5195.0,5000.0,866.0,0,0
73562,14000.0,0.1308,319.12,1,48000.0,0,0,n,28.02,0.0,2.0,8.0,0.0,174.0,18.0,0,12829.08,12829.08,2861.91,2861.91,1170.92,1690.99,0.0,0.0,0.0,638.24,0.0,1.0,1,0.0,0.0,78329.0,2.0,6.0,2.0,4.0,2.0,78155.0,104.0,0.0,0.0,21.0,98.0,5200.0,4.0,1.0,5.0,4.0,9791.0,2479.0,0.8,0.0,0.0,185.0,175.0,38.0,2.0,0.0,120.0,2.0,0.0,1.0,2.0,1.0,5.0,9.0,2.0,9.0,2.0,8.0,0.0,0.0,0.0,2.0,94.4,0.0,0.0,0.0,80219.0,78329.0,2500.0,75019.0,0,0
73591,31900.0,0.08810000000000001,1011.6,1,170000.0,1,0,n,15.54,1.0,0.0,8.0,0.0,18946.0,30.0,0,0.0,0.0,5042.39,5042.39,3733.38,1309.01,0.0,0.0,0.0,0.0,0.0,1.0,1,0.0,0.0,42436.0,0.0,3.0,0.0,1.0,22.0,23490.0,42.0,0.0,1.0,12074.0,39.0,52100.0,1.0,0.0,0.0,2.0,5305.0,31954.0,37.2,0.0,0.0,151.0,298.0,17.0,17.0,0.0,53.0,22.0,1.0,4.0,4.0,4.0,9.0,13.0,5.0,17.0,4.0,8.0,0.0,0.0,0.0,0.0,92.6,25.0,0.0,0.0,107600.0,42436.0,50900.0,55500.0,0,0
73592,12000.0,0.17739999999999995,432.27,1,67000.0,0,0,n,10.6,1.0,1.0,12.0,0.0,10116.0,29.0,0,9087.26,9087.26,4743.14,4743.14,2912.74,1830.4,0.0,0.0,0.0,431.54,1.0,1.0,1,0.0,274.0,56862.0,2.0,3.0,1.0,2.0,3.0,46746.0,109.0,2.0,2.0,7197.0,78.0,29900.0,3.0,0.0,2.0,4.0,4739.0,16684.0,37.7,0.0,0.0,173.0,180.0,5.0,3.0,4.0,5.0,1.0,0.0,4.0,4.0,7.0,14.0,6.0,9.0,19.0,4.0,12.0,0.0,0.0,0.0,3.0,89.7,28.6,0.0,0.0,72656.0,56862.0,26800.0,42756.0,0,0
73627,5000.0,0.17739999999999995,180.12,1,75000.0,1,0,n,12.21,0.0,3.0,12.0,0.0,3243.0,14.0,0,3864.46,3864.46,1796.27,1796.27,1135.54,660.73,0.0,0.0,0.0,0.0,0.0,1.0,1,0.0,0.0,24667.0,5.0,2.0,2.0,2.0,4.0,21424.0,91.0,7.0,8.0,2249.0,65.0,14400.0,3.0,2.0,5.0,10.0,2056.0,9051.0,19.9,0.0,0.0,27.0,128.0,2.0,2.0,0.0,3.0,2.0,0.0,1.0,2.0,6.0,7.0,3.0,10.0,11.0,2.0,12.0,0.0,0.0,0.0,9.0,100.0,0.0,0.0,0.0,37837.0,24667.0,11300.0,23437.0,0,0
73631,20000.0,0.16949999999999998,712.56,1,65000.0,1,0,n,37.39,0.0,0.0,8.0,0.0,17368.0,16.0,0,0.0,0.0,3543.97,3543.97,1657.41,1886.56,0.0,0.0,0.0,712.56,0.0,1.0,1,0.0,0.0,64636.0,0.0,4.0,1.0,2.0,11.0,47268.0,69.0,0.0,0.0,11089.0,76.0,19600.0,2.0,0.0,1.0,2.0,8080.0,1030.0,93.3,0.0,0.0,72.0,153.0,46.0,11.0,0.0,46.0,11.0,0.0,3.0,4.0,3.0,3.0,8.0,4.0,8.0,4.0,8.0,0.0,0.0,0.0,1.0,100.0,66.7,0.0,0.0,91249.0,64636.0,15300.0,71649.0,0,0
73636,40000.0,0.1308,1349.3,3,23000.0,0,0,n,69.05,0.0,0.0,24.0,1.0,6457.0,45.0,0,30630.07,30630.07,13463.93,13463.93,9369.93,4094.0,0.0,0.0,0.0,0.0,0.0,1.0,0,0.0,0.0,56433.0,1.0,1.0,1.0,2.0,3.0,49976.0,89.0,5.0,8.0,5476.0,42.0,79600.0,3.0,4.0,3.0,10.0,2351.0,27092.0,17.9,0.0,0.0,75.0,126.0,7.0,3.0,0.0,7.0,3.0,0.0,6.0,10.0,9.0,18.0,6.0,22.0,39.0,10.0,24.0,0.0,0.0,0.0,6.0,100.0,0.0,1.0,0.0,135642.0,56433.0,33000.0,56042.0,0,0
73660,4800.0,0.1524,166.96,2,80032.0,0,0,n,22.57,0.0,0.0,10.0,0.0,21587.0,23.0,0,3557.42,3557.42,1832.5,1832.5,1242.58,589.92,0.0,0.0,0.0,0.0,0.0,1.0,1,0.0,0.0,375807.0,0.0,2.0,0.0,1.0,13.0,10336.0,32.0,1.0,3.0,13952.0,49.0,33200.0,1.0,3.0,1.0,5.0,37581.0,3200.0,87.0,0.0,0.0,101.0,201.0,11.0,11.0,5.0,11.0,11.0,3.0,5.0,6.0,5.0,8.0,5.0,7.0,13.0,6.0,10.0,0.0,0.0,0.0,1.0,90.5,80.0,0.0,0.0,415740.0,31923.0,24700.0,32540.0,0,0
73687,33900.0,0.2055,908.55,2,165000.0,0,0,n,31.96,0.0,0.0,19.0,0.0,53472.0,47.0,0,0.0,0.0,2686.95,2686.95,1000.98,1685.97,0.0,0.0,0.0,908.55,0.0,1.0,1,0.0,0.0,496758.0,2.0,5.0,0.0,1.0,15.0,74992.0,58.0,2.0,2.0,12579.0,63.0,76200.0,0.0,6.0,1.0,3.0,26145.0,17907.0,72.6,0.0,0.0,127.0,167.0,3.0,3.0,3.0,3.0,9.0,0.0,10.0,12.0,10.0,14.0,22.0,12.0,22.0,12.0,19.0,0.0,0.0,0.0,2.0,100.0,50.0,0.0,0.0,625423.0,128464.0,65400.0,130712.0,0,0
73716,6500.0,0.1171,215.0,1,56000.0,0,0,n,22.31,0.0,0.0,7.0,0.0,3193.0,8.0,0,0.0,0.0,1500.77,1500.77,1067.21,433.56,0.0,0.0,0.0,215.0,0.0,1.0,1,0.0,0.0,25777.0,0.0,5.0,1.0,2.0,7.0,22584.0,66.0,1.0,1.0,2013.0,56.0,11700.0,1.0,0.0,2.0,3.0,3682.0,8507.0,27.3,0.0,0.0,58.0,48.0,8.0,7.0,0.0,8.0,9.0,0.0,2.0,2.0,2.0,3.0,5.0,2.0,3.0,2.0,7.0,0.0,0.0,0.0,2.0,87.5,0.0,0.0,0.0,45933.0,25777.0,11700.0,34233.0,0,0
73717,22000.0,0.08810000000000001,454.66,2,147000.0,0,0,n,12.31,1.0,0.0,11.0,0.0,13846.0,12.0,0,19761.16,19761.16,4081.17,4081.17,2238.84,1842.33,0.0,0.0,0.0,454.66,1.0,1.0,1,0.0,429.0,422863.0,1.0,4.0,0.0,3.0,14.0,57194.0,77.0,2.0,3.0,5725.0,72.0,24000.0,2.0,1.0,1.0,8.0,38442.0,9819.0,56.4,0.0,0.0,249.0,94.0,11.0,3.0,2.0,11.0,5.0,0.0,4.0,5.0,4.0,4.0,5.0,5.0,5.0,5.0,11.0,0.0,0.0,0.0,4.0,100.0,0.0,0.0,0.0,454611.0,71040.0,22500.0,74215.0,0,0
73751,13200.0,0.1102,287.14,0,65000.0,0,0,n,23.73,0.0,0.0,17.0,0.0,17624.0,33.0,0,0.0,0.0,566.2,566.2,333.36,232.84,0.0,0.0,0.0,0.0,0.0,1.0,1,0.0,0.0,39243.0,2.0,3.0,1.0,2.0,9.0,21619.0,67.0,2.0,4.0,5907.0,39.0,69700.0,1.0,0.0,2.0,6.0,2308.0,39238.0,25.4,0.0,0.0,236.0,172.0,3.0,3.0,0.0,13.0,9.0,0.0,5.0,8.0,9.0,13.0,6.0,14.0,27.0,8.0,17.0,0.0,0.0,0.0,3.0,100.0,0.0,0.0,0.0,101906.0,39243.0,52600.0,32206.0,0,0
73832,19000.0,0.16949999999999998,471.69,2,97000.0,0,0,n,29.67,0.0,0.0,23.0,1.0,11703.0,37.0,0,16842.55,16842.55,5194.28,5194.28,2157.45,3013.25,23.58,0.0,0.0,471.69,0.0,1.0,1,0.0,108.0,157960.0,1.0,11.0,4.0,7.0,4.0,146257.0,92.0,1.0,4.0,2748.0,77.0,38300.0,2.0,0.0,5.0,11.0,6868.0,19513.0,35.6,0.0,0.0,147.0,111.0,7.0,4.0,0.0,7.0,4.0,1.0,8.0,11.0,8.0,12.0,18.0,12.0,18.0,11.0,23.0,0.0,0.0,0.0,5.0,94.4,12.5,1.0,0.0,194255.0,157960.0,30300.0,155955.0,0,0
73883,24750.0,0.0819,777.75,2,41000.0,0,0,n,84.25,0.0,1.0,18.0,0.0,18084.0,45.0,0,0.0,0.0,5938.06,5938.06,2414.4,685.34,0.0,2838.32,510.8976,777.75,0.0,1.0,0,0.0,0.0,156712.0,0.0,9.0,1.0,4.0,9.0,90577.0,73.0,0.0,2.0,11027.0,59.0,60700.0,3.0,2.0,2.0,6.0,8706.0,38280.0,31.8,0.0,0.0,228.0,138.0,14.0,9.0,3.0,14.0,1.0,0.0,4.0,5.0,6.0,11.0,23.0,8.0,19.0,5.0,18.0,0.0,0.0,0.0,1.0,100.0,0.0,0.0,0.0,243392.0,108661.0,56100.0,124692.0,0,0
73891,20000.0,0.2565,802.09,1,70000.0,0,0,n,18.81,0.0,0.0,9.0,0.0,10689.0,17.0,0,0.0,0.0,2377.77,2377.77,757.19,1620.58,0.0,0.0,0.0,802.09,0.0,1.0,1,0.0,0.0,38444.0,1.0,2.0,1.0,3.0,7.0,27121.0,81.0,0.0,0.0,4940.0,68.0,22000.0,4.0,1.0,1.0,4.0,4272.0,50.0,99.5,0.0,0.0,70.0,169.0,42.0,6.0,0.0,42.0,7.0,0.0,3.0,4.0,3.0,5.0,5.0,6.0,11.0,4.0,9.0,0.0,0.0,0.0,2.0,94.1,100.0,0.0,0.0,56193.0,38444.0,10400.0,33559.0,0,0
73941,12000.0,0.17739999999999995,303.03,1,25500.0,1,0,n,19.81,0.0,2.0,10.0,0.0,4518.0,24.0,0,0.0,0.0,594.23,594.23,253.12,341.11,0.0,0.0,0.0,0.0,0.0,1.0,1,0.0,0.0,15215.0,4.0,1.0,2.0,3.0,4.0,10697.0,97.0,2.0,4.0,3920.0,48.0,20600.0,3.0,4.0,2.0,7.0,1691.0,6026.0,39.7,0.0,0.0,110.0,218.0,1.0,1.0,0.0,23.0,4.0,3.0,2.0,3.0,2.0,4.0,8.0,9.0,16.0,3.0,10.0,0.0,0.0,0.0,4.0,87.0,0.0,0.0,0.0,31650.0,15215.0,10000.0,11050.0,0,0
73946,8425.0,0.0702,260.22,1,47000.0,0,0,n,32.89,0.0,0.0,15.0,0.0,7096.0,30.0,0,7028.8,7028.8,1818.25,1818.25,1396.2,422.05,0.0,0.0,0.0,260.22,0.0,1.0,1,0.0,0.0,38219.0,1.0,3.0,0.0,1.0,22.0,31123.0,62.0,2.0,7.0,3660.0,43.0,38000.0,0.0,0.0,1.0,8.0,2548.0,24307.0,22.1,0.0,0.0,147.0,116.0,6.0,6.0,0.0,15.0,11.0,0.0,3.0,4.0,6.0,9.0,11.0,12.0,19.0,4.0,15.0,0.0,0.0,0.0,2.0,100.0,0.0,0.0,0.0,88372.0,38219.0,31200.0,50372.0,0,0
74027,33075.0,0.1862,1206.06,2,78000.0,0,0,n,20.97,0.0,0.0,9.0,0.0,8957.0,16.0,1,31678.56,31678.56,4344.11,4344.11,1396.44,2947.67,0.0,0.0,0.0,491.55,0.0,1.0,0,0.0,0.0,272562.0,2.0,2.0,1.0,2.0,7.0,50723.0,86.0,4.0,7.0,3328.0,61.0,22800.0,3.0,0.0,4.0,9.0,30285.0,9943.0,47.4,0.0,0.0,166.0,128.0,2.0,2.0,3.0,2.0,7.0,0.0,4.0,4.0,5.0,6.0,4.0,6.0,9.0,4.0,9.0,0.0,0.0,0.0,5.0,86.7,0.0,0.0,0.0,383544.0,59680.0,18900.0,55744.0,0,0
74043,21275.0,0.1862,547.45,2,100000.0,1,0,n,31.87,0.0,0.0,34.0,0.0,41047.0,58.0,0,0.0,0.0,1620.34,1620.34,662.17,958.17,0.0,0.0,0.0,0.0,0.0,1.0,1,0.0,0.0,257869.0,1.0,5.0,0.0,3.0,13.0,117017.0,66.0,4.0,7.0,6330.0,40.0,142600.0,2.0,0.0,1.0,10.0,7584.0,80195.0,31.8,0.0,0.0,143.0,131.0,4.0,4.0,1.0,4.0,11.0,0.0,15.0,21.0,19.0,20.0,25.0,28.0,32.0,21.0,34.0,0.0,0.0,0.0,4.0,100.0,0.0,0.0,0.0,372958.0,158064.0,117600.0,120486.0,0,0
74057,16000.0,0.124,534.5,2,50000.0,0,0,n,17.4,0.0,1.0,10.0,0.0,7119.0,15.0,0,12937.61,12937.61,4264.98,4264.98,3062.39,1202.59,0.0,0.0,0.0,0.0,0.0,1.0,1,0.0,0.0,28754.0,1.0,2.0,1.0,3.0,2.0,21635.0,82.0,2.0,6.0,3281.0,53.0,28200.0,2.0,1.0,1.0,9.0,2875.0,19453.0,24.3,0.0,0.0,125.0,150.0,7.0,2.0,1.0,7.0,2.0,0.0,6.0,8.0,6.0,6.0,4.0,8.0,10.0,8.0,10.0,0.0,0.0,0.0,3.0,100.0,0.0,0.0,0.0,54729.0,28754.0,25700.0,26529.0,0,0
74086,1325.0,0.1862,48.32,2,31000.0,0,0,n,13.32,0.0,0.0,8.0,0.0,1836.0,14.0,0,0.0,0.0,183.53,183.53,0.0,0.0,0.0,183.53,33.0354,0.0,0.0,1.0,1,0.0,61.0,5628.0,2.0,2.0,1.0,2.0,5.0,3792.0,67.0,2.0,4.0,1836.0,47.0,6400.0,1.0,1.0,6.0,6.0,704.0,3364.0,35.3,0.0,0.0,18.0,62.0,1.0,1.0,0.0,1.0,3.0,0.0,1.0,1.0,4.0,5.0,2.0,6.0,12.0,1.0,8.0,0.0,0.0,0.0,3.0,100.0,25.0,0.0,0.0,12048.0,5628.0,5200.0,5648.0,0,0
74103,40000.0,0.1033,856.4,1,100000.0,0,0,n,27.76,0.0,0.0,26.0,1.0,54434.0,38.0,0,35919.24,35919.24,7684.64,7684.64,4080.76,3603.88,0.0,0.0,0.0,856.4,0.0,1.0,1,0.0,0.0,101018.0,0.0,2.0,1.0,2.0,8.0,46584.0,54.0,2.0,7.0,6180.0,43.0,132400.0,1.0,5.0,1.0,9.0,4041.0,32197.0,32.1,0.0,0.0,179.0,118.0,8.0,8.0,0.0,13.0,9.0,0.0,6.0,13.0,10.0,12.0,9.0,24.0,29.0,13.0,26.0,0.0,0.0,0.0,3.0,97.4,0.0,1.0,0.0,190285.0,101018.0,47400.0,57885.0,0,0
74118,5300.0,0.1171,175.31,2,80000.0,0,0,n,7.68,2.0,1.0,16.0,0.0,1355.0,28.0,1,4407.1,4407.1,1197.79,1197.79,892.9,304.89,0.0,0.0,0.0,175.31,0.0,1.0,0,0.0,0.0,110798.0,2.0,2.0,1.0,1.0,4.0,74204.0,122.0,2.0,4.0,851.0,25.0,115900.0,1.0,1.0,1.0,5.0,6925.0,108545.0,1.2,0.0,0.0,258.0,372.0,6.0,4.0,1.0,6.0,4.0,0.0,6.0,6.0,12.0,14.0,8.0,13.0,19.0,6.0,16.0,0.0,0.0,2.0,3.0,91.7,0.0,0.0,0.0,295110.0,75559.0,109900.0,62212.0,0,0
74149,7500.0,0.2305,290.52,1,65000.0,0,0,n,30.83,0.0,0.0,7.0,0.0,37532.0,31.0,0,0.0,0.0,571.44,571.44,295.74,275.7,0.0,0.0,0.0,290.52,0.0,1.0,1,0.0,0.0,55684.0,0.0,2.0,0.0,2.0,14.0,18152.0,82.0,0.0,0.0,12572.0,81.0,46400.0,1.0,11.0,1.0,2.0,7955.0,642.0,97.9,0.0,0.0,151.0,99.0,33.0,14.0,1.0,33.0,5.0,0.0,3.0,4.0,3.0,7.0,18.0,5.0,12.0,4.0,7.0,0.0,0.0,0.0,0.0,100.0,100.0,0.0,0.0,68520.0,55684.0,30200.0,22120.0,0,0
74155,18600.0,0.28800000000000003,777.43,1,110000.0,0,0,n,19.37,0.0,0.0,16.0,0.0,28861.0,39.0,0,0.0,0.0,1525.1,1525.1,548.11,976.99,0.0,0.0,0.0,0.0,0.0,1.0,1,0.0,0.0,120967.0,0.0,4.0,1.0,3.0,9.0,92106.0,91.0,1.0,3.0,8302.0,71.0,69000.0,1.0,0.0,1.0,6.0,7560.0,39139.0,42.4,0.0,0.0,224.0,150.0,11.0,9.0,0.0,11.0,11.0,0.0,7.0,7.0,11.0,15.0,18.0,12.0,21.0,7.0,16.0,0.0,0.0,0.0,2.0,100.0,18.2,0.0,0.0,169811.0,120967.0,68000.0,100811.0,0,0
74157,19125.0,0.14300000000000002,447.99,2,48000.0,0,0,n,10.81,0.0,0.0,12.0,0.0,4673.0,18.0,0,18117.2,18117.2,3120.75,3120.75,1007.8,2112.95,0.0,0.0,0.0,447.99,0.0,1.0,0,0.0,0.0,192637.0,6.0,2.0,2.0,4.0,2.0,9261.0,98.0,2.0,5.0,146.0,34.0,32000.0,0.0,9.0,1.0,11.0,16053.0,11254.0,1.3,0.0,0.0,121.0,264.0,0.0,0.0,2.0,2.0,3.0,0.0,1.0,5.0,3.0,3.0,7.0,8.0,9.0,5.0,12.0,0.0,0.0,0.0,6.0,100.0,0.0,0.0,0.0,220134.0,13934.0,11400.0,9431.0,0,0
74227,36425.0,0.16949999999999998,1297.75,2,220000.0,1,0,n,22.42,0.0,0.0,13.0,0.0,40241.0,26.0,0,30457.46,30457.46,11710.34,11710.34,5967.54,5677.91,64.89,0.0,0.0,1297.75,0.0,1.0,0,0.0,0.0,437120.0,0.0,4.0,2.0,4.0,8.0,143412.0,90.0,0.0,0.0,7247.0,69.0,84000.0,1.0,5.0,1.0,4.0,33625.0,37062.0,29.7,0.0,0.0,201.0,171.0,30.0,8.0,5.0,42.0,8.0,1.0,3.0,4.0,5.0,6.0,11.0,8.0,10.0,4.0,13.0,0.0,0.0,0.0,2.0,96.2,0.0,0.0,0.0,527226.0,183653.0,52700.0,168226.0,0,0
74269,32000.0,0.16949999999999998,794.43,1,180000.0,1,0,n,13.5,0.0,0.0,8.0,0.0,5192.0,26.0,0,31341.08,31341.08,2886.83,2886.83,658.92,2227.91,0.0,0.0,0.0,442.7,0.0,1.0,1,0.0,416.0,83575.0,1.0,4.0,2.0,5.0,5.0,78383.0,78.0,1.0,4.0,1845.0,58.0,22100.0,2.0,3.0,4.0,9.0,10447.0,755.0,71.0,0.0,0.0,58.0,82.0,12.0,5.0,0.0,24.0,5.0,0.0,1.0,2.0,1.0,8.0,8.0,4.0,17.0,2.0,8.0,0.0,0.0,0.0,3.0,96.2,0.0,0.0,0.0,111292.0,83575.0,2600.0,89192.0,0,0
74295,16000.0,0.1524,382.66,2,75000.0,1,0,n,18.0,0.0,2.0,6.0,0.0,11119.0,10.0,0,15099.65,15099.65,2665.07,2665.07,900.35,1764.72,0.0,0.0,0.0,382.66,0.0,1.0,1,0.0,0.0,258376.0,2.0,3.0,2.0,3.0,4.0,52810.0,85.0,0.0,0.0,9706.0,73.0,25000.0,5.0,0.0,5.0,4.0,43063.0,13881.0,44.5,0.0,0.0,61.0,61.0,25.0,4.0,1.0,25.0,1.0,0.0,2.0,2.0,2.0,3.0,6.0,2.0,3.0,2.0,6.0,0.0,0.0,0.0,3.0,100.0,50.0,0.0,0.0,282470.0,63929.0,25000.0,62500.0,0,0
74299,15000.0,0.2055,561.67,3,120000.0,0,0,n,22.84,0.0,0.0,9.0,0.0,45426.0,13.0,0,12061.24,12061.24,5037.91,5037.91,2938.76,2099.14,0.0,0.0,0.0,0.0,0.0,1.0,1,0.0,0.0,90229.0,0.0,3.0,0.0,3.0,15.0,41555.0,72.0,0.0,1.0,19476.0,72.0,61500.0,3.0,0.0,0.0,5.0,10025.0,14074.0,76.3,0.0,0.0,103.0,160.0,16.0,7.0,0.0,16.0,15.0,0.0,3.0,3.0,4.0,6.0,4.0,5.0,8.0,3.0,9.0,0.0,0.0,0.0,1.0,92.3,50.0,0.0,0.0,125119.0,90229.0,59500.0,58130.0,0,0
74359,9000.0,0.1862,231.59,1,57000.0,1,0,n,12.95,0.0,0.0,10.0,0.0,4864.0,14.0,0,0.0,0.0,1611.82,1611.82,608.2,1003.62,0.0,0.0,0.0,0.0,0.0,1.0,1,0.0,190.0,9462.0,1.0,1.0,0.0,0.0,25.0,4598.0,66.0,2.0,8.0,558.0,62.0,8400.0,0.0,0.0,0.0,8.0,946.0,1765.0,46.5,0.0,0.0,58.0,46.0,1.0,1.0,0.0,1.0,13.0,0.0,6.0,9.0,6.0,6.0,4.0,9.0,10.0,9.0,10.0,0.0,0.0,0.0,2.0,100.0,16.7,0.0,0.0,15380.0,9462.0,3300.0,6980.0,0,0
74431,7000.0,0.0702,216.21,1,63000.0,0,0,n,13.22,0.0,0.0,8.0,0.0,7599.0,11.0,0,5219.24,5219.24,2159.37,2159.37,1780.76,378.61,0.0,0.0,0.0,0.0,0.0,1.0,1,0.0,0.0,35449.0,0.0,1.0,0.0,2.0,14.0,27850.0,90.0,2.0,4.0,4424.0,63.0,25000.0,2.0,1.0,0.0,6.0,4431.0,15401.0,33.0,0.0,0.0,21.0,126.0,10.0,10.0,0.0,10.0,14.0,0.0,4.0,4.0,6.0,7.0,2.0,7.0,9.0,4.0,8.0,0.0,0.0,0.0,2.0,100.0,33.3,0.0,0.0,55995.0,35449.0,23000.0,30995.0,0,0
74598,10000.0,0.08810000000000001,317.12,3,50000.0,0,0,n,10.08,1.0,0.0,5.0,0.0,106.0,25.0,0,0.0,0.0,1258.69,1258.69,806.86,451.83,0.0,0.0,0.0,0.0,0.0,1.0,1,0.0,0.0,10603.0,0.0,4.0,0.0,1.0,22.0,10497.0,53.0,1.0,1.0,106.0,50.0,1400.0,1.0,0.0,1.0,2.0,2121.0,1294.0,7.6,0.0,0.0,136.0,153.0,10.0,10.0,0.0,10.0,11.0,4.0,1.0,1.0,1.0,7.0,16.0,1.0,9.0,1.0,5.0,0.0,0.0,1.0,1.0,90.9,0.0,0.0,0.0,21345.0,10603.0,1400.0,19945.0,0,0
74599,15950.0,0.1171,527.57,2,78000.0,1,0,n,15.02,1.0,1.0,6.0,0.0,12095.0,17.0,0,11910.51,11910.51,5786.96,5786.96,4039.49,1747.47,0.0,0.0,0.0,479.0,0.0,1.0,1,0.0,0.0,95097.0,1.0,3.0,1.0,2.0,5.0,23860.0,68.0,0.0,1.0,9373.0,73.0,14100.0,1.0,4.0,1.0,3.0,15850.0,2005.0,85.8,0.0,0.0,213.0,89.0,20.0,5.0,2.0,20.0,5.0,0.0,2.0,2.0,2.0,3.0,11.0,2.0,4.0,2.0,6.0,0.0,0.0,0.0,1.0,94.1,50.0,0.0,0.0,152062.0,35955.0,14100.0,35209.0,0,0
74617,12750.0,0.124,425.93,1,41000.0,0,0,n,10.48,0.0,0.0,4.0,1.0,808.0,7.0,0,10442.57,10442.57,3824.59,3824.59,2307.43,1517.16,0.0,0.0,0.0,425.93,0.0,1.0,0,0.0,0.0,8088.0,0.0,1.0,0.0,0.0,36.0,7280.0,46.0,0.0,1.0,452.0,28.0,12800.0,0.0,0.0,0.0,1.0,2022.0,9492.0,7.8,0.0,0.0,71.0,101.0,22.0,22.0,0.0,77.0,20.0,0.0,2.0,2.0,2.0,3.0,2.0,3.0,5.0,2.0,4.0,0.0,0.0,0.0,0.0,100.0,0.0,1.0,0.0,28723.0,8088.0,10300.0,15923.0,0,0
74620,20000.0,0.0756,622.68,2,145000.0,0,0,n,22.14,0.0,0.0,21.0,0.0,19527.0,45.0,0,14890.0,14890.0,6210.0,6210.0,5110.0,1100.0,0.0,0.0,0.0,622.68,0.0,1.0,1,0.0,0.0,394446.0,1.0,4.0,2.0,4.0,4.0,79540.0,71.0,5.0,7.0,6297.0,22.0,221000.0,2.0,2.0,5.0,12.0,18783.0,175473.0,10.0,0.0,0.0,134.0,414.0,9.0,4.0,4.0,9.0,8.0,0.0,8.0,8.0,12.0,22.0,8.0,16.0,33.0,8.0,21.0,0.0,0.0,0.0,8.0,100.0,0.0,0.0,0.0,628270.0,99067.0,195000.0,103955.0,0,0
74638,19125.0,0.1308,435.94,2,56493.0,1,0,n,29.28,0.0,0.0,10.0,0.0,22015.0,29.0,0,0.0,0.0,5556.03,5556.03,1162.46,989.44,0.0,3404.13,612.7434,435.94,0.0,1.0,0,0.0,0.0,64887.0,2.0,2.0,1.0,2.0,10.0,42872.0,75.0,4.0,6.0,1338.0,74.0,30600.0,3.0,4.0,4.0,10.0,7210.0,662.0,66.9,0.0,0.0,116.0,337.0,6.0,6.0,4.0,14.0,3.0,1.0,1.0,6.0,1.0,5.0,10.0,8.0,15.0,6.0,10.0,0.0,0.0,0.0,5.0,93.1,0.0,0.0,0.0,88149.0,64887.0,2000.0,57549.0,0,0
74644,20000.0,0.1524,478.33,1,170000.0,0,0,n,30.42,0.0,0.0,15.0,0.0,49048.0,21.0,0,0.0,0.0,922.79,922.79,451.51,471.28,0.0,0.0,0.0,0.0,0.0,1.0,1,0.0,0.0,573271.0,0.0,4.0,1.0,1.0,7.0,40060.0,55.0,0.0,0.0,11008.0,69.0,55200.0,1.0,0.0,1.0,1.0,38218.0,1621.0,94.4,0.0,0.0,158.0,101.0,32.0,7.0,1.0,32.0,7.0,0.0,6.0,9.0,6.0,7.0,8.0,9.0,10.0,9.0,15.0,0.0,0.0,0.0,1.0,100.0,83.3,0.0,0.0,675135.0,118376.0,29100.0,73185.0,0,0
74645,9000.0,0.0819,183.31,2,107000.0,0,0,n,8.38,0.0,1.0,9.0,0.0,15480.0,56.0,0,7477.84,7477.84,2191.53,2191.53,1522.16,669.37,0.0,0.0,0.0,183.31,0.0,1.0,1,0.0,0.0,130297.0,0.0,3.0,1.0,1.0,12.0,114817.0,35.0,0.0,1.0,7430.0,46.0,27800.0,0.0,0.0,1.0,2.0,14477.0,12320.0,55.7,0.0,0.0,171.0,121.0,13.0,12.0,0.0,13.0,0.0,0.0,4.0,4.0,6.0,7.0,42.0,6.0,14.0,4.0,9.0,0.0,0.0,0.0,1.0,98.1,33.3,0.0,0.0,139361.0,130297.0,27800.0,111561.0,0,0
74678,8000.0,0.2305,309.89,3,61000.0,0,0,n,35.81,2.0,0.0,14.0,0.0,8166.0,33.0,0,0.0,0.0,2271.53,2271.53,572.92,656.4,0.0,1042.21,187.5978,0.0,1.0,1.0,1,0.0,0.0,112088.0,0.0,8.0,2.0,2.0,7.0,103922.0,90.0,1.0,1.0,5525.0,91.0,8800.0,0.0,3.0,4.0,3.0,8006.0,234.0,97.2,0.0,0.0,121.0,149.0,12.0,7.0,0.0,29.0,7.0,2.0,3.0,3.0,3.0,7.0,17.0,4.0,15.0,3.0,14.0,0.0,0.0,1.0,3.0,75.8,100.0,0.0,0.0,123788.0,112088.0,8400.0,114988.0,0,0
74696,12625.0,0.0756,393.07,2,126000.0,0,0,n,26.21,0.0,0.0,21.0,0.0,69317.0,37.0,0,0.0,0.0,2347.82,2347.82,1911.08,436.74,0.0,0.0,0.0,0.0,0.0,1.0,1,0.0,0.0,290635.0,0.0,2.0,1.0,1.0,8.0,28844.0,56.0,0.0,0.0,27793.0,57.0,119800.0,1.0,1.0,1.0,1.0,14532.0,32754.0,66.7,0.0,0.0,181.0,495.0,31.0,8.0,8.0,31.0,8.0,0.0,8.0,12.0,8.0,8.0,7.0,16.0,22.0,12.0,21.0,0.0,0.0,0.0,1.0,100.0,50.0,0.0,0.0,414187.0,98161.0,98500.0,51137.0,0,0
74702,15950.0,0.16949999999999998,395.97,1,54000.0,1,0,n,24.76,0.0,0.0,13.0,0.0,10084.0,25.0,0,14515.14,14515.14,3137.72,3137.72,1434.86,1702.86,0.0,0.0,0.0,0.0,0.0,1.0,1,0.0,0.0,21600.0,1.0,3.0,0.0,3.0,14.0,11516.0,64.0,3.0,5.0,1647.0,41.0,34400.0,3.0,0.0,1.0,8.0,1800.0,3419.0,43.0,0.0,0.0,106.0,228.0,2.0,2.0,0.0,2.0,11.0,1.0,3.0,9.0,3.0,5.0,5.0,10.0,20.0,9.0,13.0,0.0,0.0,0.0,3.0,92.0,0.0,0.0,0.0,52425.0,21600.0,6000.0,18025.0,0,0
74737,16000.0,0.28800000000000003,668.76,2,81000.0,0,0,n,33.51,0.0,1.0,12.0,0.0,35600.0,41.0,0,14764.05,14764.05,4630.12,4630.12,1235.95,3394.17,0.0,0.0,0.0,0.0,0.0,1.0,1,0.0,0.0,334974.0,1.0,3.0,1.0,5.0,5.0,57110.0,79.0,1.0,1.0,12600.0,59.0,85200.0,2.0,0.0,5.0,7.0,27915.0,32678.0,28.3,0.0,0.0,120.0,328.0,8.0,5.0,7.0,87.0,0.0,0.0,3.0,6.0,4.0,5.0,20.0,8.0,14.0,6.0,12.0,0.0,0.0,0.0,3.0,100.0,25.0,0.0,0.0,404200.0,92710.0,45600.0,72511.0,0,0
74744,13775.0,0.2055,515.8,1,93000.0,1,0,n,24.0,0.0,0.0,16.0,1.0,2109.0,24.0,0,11555.28,11555.28,4610.75,4610.75,2219.72,2391.03,0.0,0.0,0.0,515.8,0.0,1.0,1,0.0,134.0,61509.0,0.0,3.0,2.0,4.0,11.0,59400.0,83.0,1.0,2.0,1857.0,38.0,39000.0,2.0,1.0,2.0,6.0,3844.0,14443.0,11.4,0.0,0.0,156.0,85.0,10.0,10.0,0.0,20.0,11.0,0.0,1.0,3.0,2.0,2.0,10.0,13.0,14.0,3.0,16.0,0.0,0.0,0.0,3.0,100.0,0.0,1.0,0.0,107000.0,61509.0,16300.0,68000.0,0,0
74759,17000.0,0.1612,598.68,2,125000.0,1,0,n,23.43,0.0,3.0,14.0,0.0,27645.0,19.0,0,0.0,0.0,2962.95,2962.95,1901.98,1060.97,0.0,0.0,0.0,0.0,0.0,1.0,1,0.0,0.0,205216.0,3.0,3.0,2.0,2.0,8.0,76552.0,91.0,5.0,6.0,3264.0,67.0,61300.0,2.0,3.0,6.0,8.0,14658.0,23495.0,24.9,0.0,0.0,81.0,92.0,3.0,3.0,2.0,3.0,0.0,0.0,7.0,9.0,8.0,8.0,6.0,10.0,11.0,9.0,14.0,0.0,0.0,0.0,7.0,100.0,0.0,0.0,0.0,269292.0,104197.0,31300.0,98995.0,0,0
74765,5300.0,0.2305,205.3,1,60000.0,0,0,n,18.0,0.0,2.0,14.0,0.0,12766.0,35.0,0,0.0,0.0,807.63,807.63,426.07,381.56,0.0,0.0,0.0,0.0,0.0,1.0,1,0.0,0.0,38874.0,4.0,5.0,1.0,3.0,12.0,26108.0,70.0,4.0,6.0,5718.0,58.0,30300.0,2.0,3.0,2.0,9.0,2777.0,13734.0,48.2,0.0,0.0,220.0,151.0,2.0,2.0,1.0,2.0,1.0,0.0,5.0,5.0,6.0,9.0,20.0,9.0,14.0,5.0,14.0,0.0,0.0,0.0,5.0,88.2,16.7,0.0,0.0,67543.0,38874.0,26500.0,37243.0,0,0
74780,12750.0,0.1524,304.94,1,30000.0,0,0,n,17.32,0.0,1.0,7.0,1.0,4549.0,23.0,0,0.0,0.0,893.23,893.23,434.52,458.7,0.0,0.0,0.0,0.0,0.0,1.0,1,0.0,233.0,6946.0,1.0,2.0,0.0,0.0,25.0,2397.0,37.0,1.0,3.0,1438.0,52.0,6900.0,0.0,0.0,1.0,3.0,992.0,1851.0,71.1,0.0,0.0,128.0,135.0,4.0,4.0,0.0,21.0,4.0,2.0,4.0,4.0,4.0,7.0,5.0,5.0,18.0,4.0,7.0,0.0,0.0,0.0,1.0,89.5,50.0,1.0,0.0,13384.0,6946.0,6400.0,6484.0,0,0
74785,33000.0,0.1102,1080.7,2,140000.0,0,0,n,24.23,2.0,1.0,20.0,0.0,33379.0,59.0,0,25738.47,25738.47,9685.89,9685.89,7261.53,2424.36,0.0,0.0,0.0,1080.7,0.0,1.0,1,0.0,0.0,641988.0,2.0,3.0,0.0,3.0,16.0,113355.0,60.0,1.0,3.0,12537.0,51.0,73300.0,0.0,0.0,4.0,7.0,32099.0,11926.0,65.9,0.0,0.0,169.0,260.0,2.0,2.0,10.0,17.0,2.0,0.0,4.0,8.0,5.0,8.0,22.0,14.0,27.0,8.0,20.0,0.0,0.0,0.0,2.0,96.5,20.0,0.0,0.0,713822.0,146734.0,35000.0,111117.0,0,0
74813,30000.0,0.1524,1043.49,2,150000.0,0,0,n,20.39,0.0,0.0,22.0,0.0,33605.0,33.0,0,0.0,0.0,4123.16,4123.16,2835.68,1287.48,0.0,0.0,0.0,0.0,0.0,1.0,1,0.0,0.0,106066.0,1.0,8.0,2.0,4.0,4.0,67914.0,58.0,1.0,3.0,11273.0,52.0,83800.0,3.0,3.0,3.0,7.0,4821.0,38891.0,46.2,0.0,0.0,89.0,109.0,7.0,4.0,3.0,7.0,3.0,0.0,9.0,10.0,10.0,11.0,13.0,13.0,16.0,10.0,22.0,0.0,0.0,0.0,3.0,100.0,20.0,0.0,0.0,204967.0,106066.0,72300.0,116620.0,0,0
74824,37225.0,0.0819,758.18,2,110000.0,0,0,n,15.33,0.0,1.0,19.0,1.0,20886.0,32.0,0,36213.32,36213.32,2471.13,2471.13,1011.68,1459.45,0.0,0.0,0.0,247.16,0.0,1.0,1,0.0,0.0,480443.0,2.0,2.0,0.0,0.0,28.0,6725.0,21.0,4.0,5.0,10820.0,26.0,72100.0,0.0,1.0,2.0,7.0,25286.0,27418.0,42.2,0.0,0.0,90.0,225.0,2.0,2.0,5.0,2.0,2.0,0.0,5.0,7.0,7.0,8.0,7.0,14.0,20.0,7.0,19.0,0.0,0.0,0.0,5.0,100.0,14.3,1.0,0.0,593062.0,27611.0,47400.0,32412.0,0,0
74825,19000.0,0.0756,591.55,2,105000.0,0,0,n,14.89,0.0,2.0,10.0,0.0,22073.0,15.0,0,14145.46,14145.46,5899.54,5899.54,4854.54,1045.0,0.0,0.0,0.0,0.0,0.0,1.0,1,0.0,0.0,302492.0,2.0,2.0,0.0,0.0,29.0,15530.0,37.0,2.0,2.0,4927.0,54.0,26600.0,0.0,2.0,2.0,2.0,30249.0,3041.0,81.0,0.0,0.0,50.0,197.0,2.0,2.0,4.0,3.0,2.0,0.0,4.0,7.0,4.0,4.0,3.0,7.0,8.0,7.0,10.0,0.0,0.0,0.0,2.0,100.0,75.0,0.0,0.0,354155.0,37603.0,16000.0,42555.0,0,0
74872,40000.0,0.1612,975.28,1,200000.0,1,0,n,7.05,0.0,0.0,8.0,0.0,5334.0,11.0,0,38668.43,38668.43,4804.76,4804.76,1331.57,3473.19,0.0,0.0,0.0,975.28,0.0,1.0,1,0.0,0.0,31639.0,0.0,5.0,0.0,1.0,18.0,26305.0,66.0,0.0,1.0,4260.0,64.0,9700.0,0.0,0.0,1.0,2.0,3955.0,4366.0,55.0,0.0,0.0,83.0,84.0,15.0,15.0,0.0,15.0,8.0,4.0,2.0,2.0,3.0,5.0,5.0,3.0,5.0,2.0,8.0,0.0,0.0,0.0,0.0,27.3,0.0,0.0,0.0,49450.0,31639.0,9700.0,39750.0,0,0
74930,4800.0,0.2305,185.94,2,61360.0,1,0,n,36.34,0.0,3.0,13.0,0.0,13293.0,35.0,0,0.0,0.0,1172.0,1172.0,331.36,214.17,0.0,626.47,112.7646,0.0,0.0,1.0,1,0.0,0.0,228326.0,2.0,8.0,0.0,5.0,14.0,78871.0,87.0,2.0,3.0,4951.0,82.0,22000.0,2.0,0.0,4.0,10.0,17564.0,1598.0,87.2,0.0,0.0,123.0,105.0,2.0,2.0,3.0,2.0,2.0,0.0,3.0,4.0,3.0,11.0,17.0,4.0,15.0,4.0,13.0,0.0,0.0,0.0,2.0,100.0,66.7,0.0,0.0,252332.0,92164.0,12500.0,90904.0,0,0
74996,15300.0,0.16949999999999998,379.84,3,115000.0,0,0,n,27.99,0.0,1.0,22.0,0.0,30842.0,33.0,0,13554.63,13554.63,3769.58,3769.58,1745.37,2024.21,0.0,0.0,0.0,0.0,0.0,1.0,1,0.0,0.0,83454.0,1.0,4.0,1.0,1.0,10.0,52612.0,60.0,1.0,3.0,4793.0,61.0,48100.0,2.0,4.0,3.0,4.0,3974.0,3936.0,82.7,0.0,0.0,140.0,169.0,1.0,1.0,1.0,34.0,1.0,0.0,6.0,13.0,8.0,13.0,7.0,18.0,25.0,13.0,22.0,0.0,0.0,0.0,2.0,97.0,85.7,0.0,0.0,136082.0,83454.0,22700.0,87982.0,0,0
75112,22375.0,0.2565,897.34,2,132000.0,0,0,n,17.38,0.0,0.0,12.0,0.0,40093.0,26.0,0,0.0,0.0,4422.93,4422.93,1978.69,2444.24,0.0,0.0,0.0,0.0,0.0,1.0,1,0.0,0.0,302327.0,0.0,2.0,1.0,2.0,12.0,22560.0,76.0,0.0,0.0,8990.0,85.0,44000.0,1.0,0.0,1.0,2.0,27484.0,364.0,98.3,0.0,0.0,136.0,191.0,51.0,12.0,2.0,60.0,12.0,0.0,4.0,8.0,5.0,6.0,5.0,9.0,19.0,8.0,12.0,0.0,0.0,0.0,1.0,96.2,100.0,0.0,0.0,326214.0,62653.0,21200.0,29874.0,0,0
75151,12000.0,0.17739999999999995,432.27,1,50000.0,0,0,n,22.23,0.0,0.0,8.0,0.0,14074.0,9.0,0,0.0,0.0,3002.24,3002.24,1865.2,1137.04,0.0,0.0,0.0,432.27,0.0,1.0,1,0.0,0.0,17611.0,2.0,1.0,0.0,0.0,29.0,3537.0,22.0,3.0,5.0,5860.0,49.0,19700.0,2.0,0.0,3.0,5.0,2201.0,4797.0,72.4,0.0,0.0,134.0,36.0,5.0,5.0,0.0,5.0,7.0,0.0,4.0,5.0,5.0,5.0,2.0,7.0,7.0,5.0,8.0,0.0,0.0,0.0,3.0,100.0,80.0,0.0,0.0,35619.0,17611.0,17400.0,15919.0,0,0
75194,11000.0,0.1612,387.38,3,54500.0,0,0,n,18.04,1.0,2.0,8.0,0.0,7524.0,17.0,0,0.0,0.0,2142.39,2142.39,482.44,272.62,0.0,1387.33,249.7194,0.0,0.0,1.0,1,0.0,1978.0,257750.0,3.0,2.0,1.0,2.0,4.0,16554.0,74.0,2.0,2.0,4860.0,51.0,24900.0,3.0,0.0,5.0,4.0,32219.0,12476.0,37.6,0.0,0.0,149.0,127.0,5.0,4.0,2.0,6.0,1.0,0.0,2.0,2.0,2.0,3.0,5.0,5.0,10.0,2.0,8.0,0.0,0.0,0.0,3.0,94.1,0.0,0.0,0.0,290298.0,24078.0,20000.0,22382.0,0,0
75242,15000.0,0.124,501.09,1,61450.0,1,0,n,38.85,0.0,0.0,10.0,1.0,7788.0,38.0,0,0.0,0.0,1983.69,1983.69,1405.97,577.72,0.0,0.0,0.0,0.0,0.0,1.0,1,0.0,0.0,60018.0,0.0,5.0,3.0,6.0,9.0,52230.0,63.0,0.0,2.0,3018.0,50.0,20100.0,2.0,1.0,1.0,8.0,6002.0,2882.0,51.2,0.0,0.0,170.0,81.0,16.0,9.0,3.0,16.0,11.0,0.0,1.0,3.0,2.0,4.0,26.0,5.0,9.0,3.0,10.0,0.0,0.0,0.0,3.0,94.6,50.0,1.0,0.0,110306.0,60018.0,5900.0,90206.0,0,0
75243,25000.0,0.28800000000000003,1044.93,1,150000.0,0,0,n,18.46,0.0,2.0,16.0,0.0,67175.0,29.0,0,0.0,0.0,5624.28,5624.28,900.54,1109.32,0.0,3614.42,650.5956,0.0,0.0,1.0,1,0.0,0.0,165806.0,0.0,3.0,1.0,2.0,10.0,98631.0,85.0,2.0,2.0,17629.0,81.0,84100.0,0.0,4.0,3.0,4.0,10363.0,9032.0,88.0,0.0,0.0,125.0,205.0,7.0,7.0,0.0,7.0,3.0,0.0,10.0,11.0,10.0,16.0,10.0,13.0,19.0,11.0,16.0,0.0,0.0,0.0,3.0,100.0,90.0,0.0,0.0,206415.0,165806.0,75100.0,122315.0,0,0
75254,25000.0,0.2565,1002.62,2,92000.0,1,0,n,27.11,0.0,0.0,21.0,0.0,9332.0,26.0,0,23565.03,23565.03,4941.85,4941.85,1434.97,3506.88,0.0,0.0,0.0,0.0,0.0,1.0,1,0.0,0.0,172420.0,1.0,3.0,1.0,2.0,7.0,42702.0,69.0,3.0,6.0,2151.0,60.0,24600.0,2.0,0.0,1.0,8.0,8210.0,2233.0,76.2,0.0,0.0,122.0,119.0,2.0,2.0,2.0,2.0,7.0,0.0,7.0,10.0,7.0,8.0,6.0,17.0,18.0,10.0,21.0,0.0,0.0,0.0,4.0,100.0,57.1,0.0,0.0,215272.0,52034.0,9400.0,62045.0,0,0
75258,26575.0,0.1524,924.36,2,53000.0,1,0,n,28.83,0.0,1.0,14.0,1.0,16672.0,16.0,0,23358.87,23358.87,6887.7,6887.7,3216.13,3671.57,0.0,0.0,0.0,462.18,0.0,1.0,1,0.0,0.0,31299.0,1.0,3.0,1.0,3.0,5.0,14627.0,70.0,0.0,0.0,4391.0,59.0,31900.0,1.0,0.0,1.0,3.0,2236.0,7614.0,62.1,0.0,0.0,59.0,411.0,25.0,5.0,0.0,54.0,5.0,0.0,4.0,9.0,4.0,4.0,4.0,11.0,12.0,9.0,14.0,0.0,0.0,0.0,1.0,100.0,25.0,1.0,0.0,52935.0,31299.0,20100.0,21035.0,1,0
75312,21000.0,0.1612,512.02,1,100000.0,0,0,n,18.06,0.0,0.0,10.0,1.0,29335.0,19.0,0,0.0,0.0,3863.92,3863.92,348.58,637.85,0.0,2877.49,517.9482,0.0,0.0,1.0,1,0.0,0.0,47734.0,0.0,2.0,0.0,1.0,14.0,18399.0,68.0,0.0,0.0,10495.0,60.0,52700.0,1.0,0.0,0.0,1.0,4773.0,11263.0,65.3,0.0,0.0,83.0,101.0,31.0,14.0,0.0,34.0,14.0,0.0,4.0,7.0,4.0,5.0,7.0,8.0,12.0,7.0,10.0,0.0,0.0,0.0,0.0,100.0,50.0,1.0,0.0,79957.0,47734.0,32500.0,27257.0,0,0
75345,7975.0,0.2055,298.62,2,71000.0,0,0,n,21.21,2.0,0.0,12.0,0.0,6035.0,21.0,0,7137.03,7137.03,2072.13,2072.13,837.97,1234.16,0.0,0.0,0.0,0.0,0.0,1.0,1,0.0,0.0,50520.0,3.0,4.0,2.0,4.0,3.0,44485.0,93.0,1.0,2.0,3559.0,37.0,37600.0,0.0,1.0,0.0,6.0,4210.0,14438.0,24.0,0.0,0.0,154.0,196.0,1.0,1.0,0.0,46.0,16.0,0.0,3.0,6.0,3.0,5.0,10.0,8.0,11.0,6.0,12.0,0.0,0.0,1.0,3.0,90.5,0.0,0.0,0.0,89338.0,50520.0,19000.0,51738.0,0,0
75359,10000.0,0.08810000000000001,317.12,2,74400.0,1,0,n,10.4,0.0,1.0,13.0,1.0,10227.0,18.0,0,0.0,0.0,1784.03,1784.03,479.64,144.81,0.0,1159.58,208.7244,317.12,0.0,1.0,1,0.0,0.0,11683.0,2.0,1.0,0.0,0.0,29.0,1456.0,34.0,4.0,5.0,4004.0,40.0,24900.0,4.0,0.0,8.0,5.0,899.0,9389.0,45.4,0.0,0.0,206.0,70.0,4.0,4.0,0.0,4.0,4.0,1.0,7.0,9.0,9.0,10.0,5.0,12.0,13.0,10.0,13.0,0.0,0.0,0.0,4.0,94.4,22.2,1.0,0.0,29225.0,11683.0,17200.0,4325.0,0,0
75433,25000.0,0.1612,609.55,1,60000.0,0,0,n,19.94,0.0,0.0,9.0,1.0,13906.0,14.0,0,22851.98,22851.98,4831.62,4831.62,2148.02,2683.6,0.0,0.0,0.0,0.0,0.0,1.0,1,0.0,0.0,24530.0,0.0,2.0,0.0,2.0,20.0,10624.0,53.0,0.0,4.0,8212.0,42.0,38600.0,2.0,0.0,0.0,6.0,2726.0,15614.0,43.8,0.0,0.0,162.0,76.0,16.0,16.0,0.0,16.0,14.0,0.0,3.0,4.0,5.0,5.0,6.0,7.0,8.0,4.0,9.0,0.0,0.0,0.0,0.0,100.0,0.0,1.0,0.0,58600.0,24530.0,27800.0,20000.0,0,0
75483,16050.0,0.1524,558.27,2,100000.0,0,0,n,12.28,0.0,1.0,16.0,1.0,31288.0,33.0,0,14524.21,14524.21,3880.71,3880.71,1525.79,2354.92,0.0,0.0,0.0,558.27,0.0,1.0,0,0.0,0.0,245077.0,1.0,1.0,0.0,1.0,15.0,9450.0,68.0,1.0,5.0,12642.0,58.0,56000.0,1.0,2.0,1.0,7.0,15317.0,8679.0,69.8,0.0,0.0,110.0,146.0,1.0,1.0,1.0,16.0,1.0,0.0,3.0,9.0,4.0,6.0,8.0,14.0,23.0,9.0,16.0,0.0,0.0,0.0,1.0,100.0,50.0,1.0,0.0,288848.0,40738.0,28700.0,13887.0,0,0
75515,10625.0,0.28800000000000003,444.1,1,56000.0,0,0,n,18.58,0.0,2.0,6.0,0.0,7857.0,19.0,0,0.0,0.0,2277.92,2277.92,382.74,471.46,0.0,1423.72,256.2696,0.0,0.0,1.0,1,0.0,0.0,27749.0,1.0,2.0,2.0,2.0,3.0,19892.0,88.0,0.0,0.0,7415.0,65.0,20000.0,2.0,4.0,3.0,2.0,4625.0,8585.0,46.3,0.0,0.0,139.0,104.0,48.0,3.0,1.0,73.0,3.0,0.0,1.0,2.0,3.0,6.0,8.0,4.0,10.0,2.0,6.0,0.0,0.0,0.0,2.0,100.0,0.0,0.0,0.0,42500.0,27749.0,16000.0,22500.0,0,0
75557,24000.0,0.1171,530.36,2,100000.0,1,0,n,35.63,1.0,2.0,18.0,0.0,24507.0,40.0,0,23102.82,23102.82,2541.11,2541.11,897.18,1643.93,0.0,0.0,0.0,0.0,0.0,1.0,0,0.0,0.0,74573.0,2.0,3.0,0.0,3.0,16.0,19690.0,52.0,2.0,5.0,6783.0,48.0,53800.0,0.0,0.0,2.0,8.0,4143.0,13791.0,41.1,0.0,0.0,146.0,419.0,5.0,5.0,4.0,5.0,5.0,2.0,4.0,9.0,5.0,7.0,8.0,14.0,27.0,9.0,18.0,0.0,0.0,0.0,2.0,87.2,40.0,0.0,0.0,140738.0,74573.0,23400.0,37942.0,0,0
75564,20000.0,0.17739999999999995,720.45,2,80000.0,1,0,n,28.22,0.0,1.0,15.0,0.0,23891.0,33.0,0,0.0,0.0,9152.17,9152.17,385.36,295.67,0.0,8471.14,1524.8052,720.45,0.0,1.0,1,0.0,0.0,304940.0,4.0,3.0,0.0,1.0,14.0,48249.0,56.0,4.0,6.0,13093.0,57.0,41500.0,0.0,6.0,3.0,8.0,20329.0,3505.0,85.4,0.0,0.0,187.0,177.0,0.0,0.0,4.0,1.0,2.0,0.0,4.0,7.0,4.0,8.0,13.0,11.0,16.0,7.0,15.0,0.0,0.0,0.0,5.0,100.0,75.0,0.0,0.0,354538.0,72140.0,24000.0,80238.0,0,0
75585,5000.0,0.17739999999999995,180.12,1,35000.0,1,0,n,11.8,1.0,2.0,9.0,0.0,3184.0,14.0,0,0.0,0.0,890.74,890.74,424.39,466.35,0.0,0.0,0.0,0.0,0.0,1.0,1,0.0,0.0,6789.0,3.0,2.0,2.0,2.0,3.0,3605.0,84.0,2.0,2.0,1885.0,54.0,8200.0,0.0,1.0,2.0,4.0,754.0,115.0,94.3,0.0,0.0,161.0,326.0,1.0,1.0,0.0,32.0,3.0,1.0,1.0,3.0,1.0,1.0,4.0,7.0,10.0,3.0,9.0,0.0,0.0,0.0,4.0,78.6,100.0,0.0,0.0,12504.0,6789.0,2000.0,4304.0,0,0
75586,12000.0,0.2565,481.26,1,29000.0,1,0,n,35.31,0.0,1.0,4.0,0.0,12909.0,8.0,0,10810.89,10810.89,3334.62,3334.62,1189.11,2145.51,0.0,0.0,0.0,481.26,0.0,1.0,0,0.0,0.0,30481.0,0.0,1.0,0.0,0.0,43.0,17572.0,60.0,0.0,1.0,7020.0,69.0,15000.0,0.0,0.0,1.0,1.0,7620.0,980.0,92.5,0.0,0.0,60.0,59.0,18.0,18.0,0.0,18.0,3.0,0.0,2.0,3.0,2.0,5.0,2.0,3.0,6.0,3.0,4.0,0.0,0.0,0.0,0.0,100.0,100.0,0.0,0.0,44524.0,30481.0,13000.0,29524.0,0,0
75590,17000.0,0.1862,619.9,2,125000.0,0,0,n,25.66,0.0,1.0,15.0,0.0,23278.0,21.0,0,0.0,0.0,3684.23,3684.23,1836.71,1847.52,0.0,0.0,0.0,619.9,0.0,1.0,1,0.0,0.0,135114.0,1.0,3.0,2.0,3.0,12.0,54264.0,68.0,1.0,2.0,12868.0,59.0,52600.0,1.0,2.0,2.0,5.0,9008.0,9152.0,67.7,0.0,0.0,159.0,162.0,4.0,4.0,3.0,4.0,0.0,0.0,4.0,8.0,6.0,7.0,5.0,11.0,13.0,8.0,15.0,0.0,0.0,0.0,3.0,95.0,33.3,0.0,0.0,206626.0,77542.0,28300.0,80026.0,0,0
75596,36125.0,0.1308,823.44,1,60000.0,1,0,n,39.7,0.0,0.0,12.0,0.0,29314.0,25.0,0,0.0,0.0,7044.3,7044.3,1747.02,1494.24,0.0,3803.04,684.5472,0.0,0.0,1.0,0,0.0,0.0,46199.0,0.0,3.0,0.0,0.0,30.0,16885.0,34.0,3.0,6.0,14815.0,36.0,78400.0,0.0,0.0,2.0,6.0,3850.0,46586.0,38.6,0.0,0.0,143.0,144.0,10.0,10.0,2.0,10.0,10.0,0.0,4.0,4.0,8.0,10.0,9.0,9.0,14.0,4.0,12.0,0.0,0.0,0.0,3.0,100.0,25.0,0.0,0.0,127837.0,46199.0,75900.0,49437.0,0,0
75667,40000.0,0.1862,1029.28,2,98600.0,1,0,n,7.97,1.0,0.0,11.0,1.0,927.0,31.0,0,38987.35,38987.35,5244.28,5244.28,1012.65,4231.63,0.0,0.0,0.0,1029.28,0.0,1.0,0,0.0,0.0,18653.0,1.0,1.0,1.0,2.0,3.0,17726.0,99.0,2.0,2.0,464.0,45.0,23800.0,1.0,4.0,2.0,4.0,2073.0,16931.0,4.3,0.0,0.0,77.0,264.0,12.0,3.0,2.0,12.0,0.0,1.0,3.0,4.0,4.0,8.0,6.0,10.0,22.0,4.0,10.0,0.0,0.0,1.0,3.0,96.4,0.0,1.0,0.0,41800.0,18653.0,17700.0,18000.0,0,0
75709,10625.0,0.28800000000000003,335.97,2,75000.0,0,0,n,27.17,0.0,1.0,13.0,0.0,17407.0,20.0,0,0.0,0.0,637.94,637.94,163.89,474.05,0.0,0.0,0.0,0.0,0.0,1.0,1,0.0,0.0,138585.0,3.0,3.0,2.0,3.0,3.0,42562.0,81.0,0.0,0.0,5999.0,66.0,38600.0,2.0,0.0,1.0,4.0,11549.0,15422.0,51.2,0.0,0.0,178.0,111.0,27.0,3.0,2.0,27.0,3.0,0.0,4.0,5.0,7.0,8.0,7.0,8.0,10.0,5.0,13.0,0.0,0.0,0.0,3.0,100.0,14.3,0.0,0.0,169878.0,59969.0,31600.0,52478.0,0,0
75710,6500.0,0.28800000000000003,271.69,1,108000.0,0,0,n,1.63,0.0,2.0,3.0,0.0,5683.0,6.0,0,0.0,0.0,794.27,794.27,234.16,560.11,0.0,0.0,0.0,0.0,0.0,1.0,1,0.0,0.0,6597.0,2.0,1.0,1.0,1.0,3.0,914.0,92.0,1.0,1.0,3360.0,82.0,7100.0,0.0,0.0,3.0,2.0,2199.0,1417.0,80.0,0.0,0.0,160.0,168.0,2.0,2.0,0.0,2.0,1.0,0.0,2.0,2.0,2.0,2.0,4.0,2.0,2.0,2.0,3.0,0.0,0.0,0.0,2.0,100.0,50.0,0.0,0.0,8091.0,6597.0,7100.0,991.0,0,0
75746,20000.0,0.1524,478.33,2,66000.0,1,0,n,19.79,0.0,1.0,9.0,0.0,26720.0,10.0,0,18862.38,18862.38,3314.44,3314.44,1137.62,2176.82,0.0,0.0,0.0,0.0,0.0,1.0,1,0.0,0.0,287132.0,3.0,1.0,0.0,1.0,14.0,6661.0,67.0,4.0,4.0,1934.0,70.0,37800.0,0.0,3.0,2.0,6.0,31904.0,66.0,96.7,0.0,0.0,83.0,88.0,3.0,3.0,1.0,35.0,6.0,0.0,1.0,7.0,1.0,1.0,2.0,7.0,7.0,7.0,9.0,0.0,0.0,0.0,5.0,100.0,100.0,0.0,0.0,303685.0,33381.0,2000.0,10000.0,0,0
75763,6000.0,0.14300000000000002,205.95,2,88000.0,1,0,n,10.88,6.0,0.0,8.0,0.0,2896.0,26.0,0,4552.99,4552.99,2095.47,2095.47,1447.01,648.46,0.0,0.0,0.0,215.0,0.0,1.0,1,0.0,0.0,345484.0,1.0,2.0,0.0,2.0,13.0,18875.0,66.0,0.0,0.0,1727.0,61.0,7000.0,3.0,3.0,6.0,3.0,43186.0,4104.0,41.4,0.0,0.0,267.0,210.0,34.0,5.0,3.0,34.0,6.0,6.0,3.0,3.0,5.0,8.0,11.0,5.0,12.0,3.0,8.0,0.0,0.0,2.0,1.0,78.3,60.0,0.0,0.0,360770.0,21771.0,7000.0,28766.0,0,0
75856,8000.0,0.1033,259.38,1,30000.0,1,0,n,23.0,0.0,0.0,11.0,0.0,8753.0,14.0,0,6485.37,6485.37,2065.86,2065.86,1514.63,551.23,0.0,0.0,0.0,0.0,0.0,1.0,1,0.0,0.0,55301.0,2.0,9.0,5.0,7.0,4.0,46548.0,98.0,1.0,4.0,2671.0,94.0,11500.0,0.0,4.0,1.0,11.0,5027.0,2229.0,54.5,0.0,0.0,27.0,87.0,10.0,4.0,0.0,10.0,10.0,0.0,1.0,2.0,1.0,2.0,9.0,2.0,5.0,2.0,11.0,0.0,0.0,0.0,6.0,100.0,0.0,0.0,0.0,58833.0,55301.0,4900.0,47333.0,0,0
75876,25400.0,0.1102,552.52,1,85000.0,1,0,n,10.38,0.0,1.0,16.0,0.0,34521.0,33.0,0,23201.2,23201.2,3836.54,3836.54,2198.8,1637.74,0.0,0.0,0.0,552.52,0.0,1.0,1,0.0,0.0,68856.0,4.0,1.0,1.0,1.0,1.0,34335.0,100.0,4.0,7.0,10764.0,57.0,86600.0,1.0,8.0,4.0,8.0,4304.0,32282.0,47.7,0.0,0.0,237.0,97.0,3.0,1.0,0.0,3.0,1.0,0.0,6.0,10.0,9.0,9.0,16.0,15.0,17.0,10.0,16.0,0.0,0.0,0.0,5.0,100.0,22.2,0.0,0.0,120935.0,68856.0,61700.0,34335.0,0,0
75880,7650.0,0.16949999999999998,272.56,3,56000.0,0,0,n,6.71,1.0,0.0,7.0,0.0,5130.0,18.0,0,0.0,0.0,803.27,803.27,500.51,302.76,0.0,0.0,0.0,0.0,0.0,1.0,1,0.0,0.0,6370.0,1.0,1.0,0.0,0.0,26.0,1240.0,38.0,2.0,4.0,973.0,46.0,10500.0,0.0,0.0,0.0,4.0,910.0,21.0,98.6,0.0,0.0,282.0,135.0,6.0,6.0,0.0,13.0,13.0,1.0,2.0,4.0,2.0,4.0,9.0,5.0,7.0,4.0,7.0,0.0,0.0,1.0,2.0,94.4,100.0,0.0,0.0,13800.0,6370.0,1500.0,3300.0,0,0
75892,30000.0,0.1102,652.58,2,120000.0,1,0,n,21.74,0.0,1.0,22.0,0.0,10304.0,37.0,0,0.0,0.0,2573.59,2573.59,1529.23,1044.36,0.0,0.0,0.0,0.0,0.0,1.0,1,0.0,0.0,450965.0,4.0,12.0,2.0,5.0,5.0,92601.0,75.0,2.0,3.0,1439.0,51.0,78400.0,1.0,7.0,3.0,9.0,21475.0,46596.0,3.7,0.0,0.0,167.0,194.0,3.0,3.0,1.0,3.0,6.0,0.0,2.0,4.0,6.0,6.0,23.0,9.0,13.0,4.0,22.0,0.0,0.0,0.0,5.0,97.3,0.0,0.0,0.0,551730.0,102905.0,48400.0,123330.0,0,0
75929,14875.0,0.1171,492.01,1,70000.0,1,0,n,11.14,0.0,4.0,7.0,0.0,1135.0,11.0,0,13561.07,13561.07,2707.74,2707.74,1313.93,1393.81,0.0,0.0,0.0,492.01,0.0,1.0,1,0.0,0.0,14489.0,1.0,3.0,4.0,4.0,5.0,13354.0,80.0,1.0,1.0,1031.0,42.0,17800.0,3.0,0.0,5.0,5.0,2070.0,16665.0,6.4,0.0,0.0,49.0,95.0,11.0,5.0,0.0,11.0,2.0,0.0,2.0,2.0,3.0,4.0,7.0,3.0,4.0,2.0,7.0,0.0,0.0,0.0,5.0,100.0,0.0,0.0,0.0,34500.0,14489.0,17800.0,16700.0,0,0
75945,32000.0,0.2055,1198.23,1,35000.0,1,0,n,80.32,0.0,1.0,15.0,0.0,14025.0,25.0,0,30691.87,30691.87,6379.61,6379.61,1308.13,5071.48,0.0,0.0,0.0,0.0,0.0,1.0,0,0.0,0.0,81259.0,3.0,3.0,2.0,3.0,5.0,67234.0,83.0,2.0,3.0,3775.0,55.0,38900.0,1.0,2.0,3.0,6.0,5417.0,1655.0,77.3,0.0,0.0,93.0,125.0,4.0,4.0,0.0,4.0,4.0,0.0,3.0,8.0,3.0,6.0,7.0,12.0,18.0,8.0,15.0,0.0,0.0,0.0,4.0,91.3,66.7,0.0,0.0,114534.0,81259.0,7300.0,75634.0,0,0
75985,10000.0,0.1524,239.17,2,47000.0,1,0,n,26.78,1.0,1.0,15.0,0.0,23686.0,28.0,0,0.0,0.0,1418.09,1418.09,674.41,743.68,0.0,0.0,0.0,239.17,0.0,1.0,1,0.0,0.0,152012.0,2.0,2.0,0.0,0.0,55.0,25513.0,127.0,3.0,5.0,4175.0,77.0,43900.0,1.0,4.0,2.0,5.0,10134.0,16582.0,40.8,0.0,0.0,127.0,203.0,4.0,4.0,1.0,4.0,4.0,3.0,5.0,9.0,6.0,12.0,4.0,12.0,23.0,9.0,15.0,0.0,0.0,0.0,3.0,85.7,66.7,0.0,0.0,203466.0,49199.0,28000.0,20066.0,0,0
75988,17600.0,0.16949999999999998,436.94,1,80000.0,1,0,n,19.44,1.0,2.0,16.0,0.0,10419.0,21.0,0,16131.24,16131.24,3899.31,3899.31,1468.76,2430.55,0.0,0.0,0.0,436.94,0.0,1.0,1,0.0,0.0,60105.0,2.0,3.0,3.0,3.0,7.0,49514.0,90.0,2.0,2.0,8176.0,60.0,41300.0,2.0,4.0,3.0,7.0,3757.0,17981.0,36.7,0.0,0.0,45.0,58.0,2.0,2.0,0.0,2.0,3.0,0.0,3.0,3.0,9.0,9.0,5.0,12.0,14.0,4.0,16.0,0.0,0.0,0.0,5.0,95.2,11.1,0.0,0.0,99649.0,60105.0,28400.0,55114.0,0,0
76006,10000.0,0.2055,268.01,1,67000.0,1,0,n,19.54,0.0,1.0,12.0,0.0,4582.0,13.0,0,0.0,0.0,1649.62,1649.62,295.28,1354.34,0.0,0.0,0.0,268.01,0.0,1.0,1,0.0,0.0,39819.0,1.0,9.0,1.0,2.0,2.0,35237.0,82.0,0.0,3.0,2659.0,83.0,5000.0,3.0,0.0,1.0,5.0,3318.0,41.0,98.5,0.0,0.0,171.0,49.0,13.0,2.0,0.0,49.0,2.0,0.0,1.0,3.0,1.0,1.0,9.0,3.0,4.0,3.0,12.0,0.0,0.0,0.0,1.0,100.0,100.0,0.0,0.0,47766.0,39819.0,2700.0,42766.0,0,0
76008,5000.0,0.1171,165.38,1,98000.0,0,0,n,7.34,0.0,1.0,15.0,1.0,18155.0,21.0,0,0.0,0.0,820.39,820.39,499.6,320.79,0.0,0.0,0.0,165.38,0.0,1.0,1,0.0,0.0,26398.0,2.0,2.0,1.0,3.0,3.0,8243.0,78.0,3.0,4.0,6384.0,47.0,50600.0,2.0,1.0,2.0,7.0,1886.0,30320.0,41.3,0.0,0.0,71.0,133.0,5.0,3.0,0.0,5.0,4.0,0.0,5.0,6.0,9.0,9.0,5.0,12.0,15.0,6.0,15.0,0.0,0.0,0.0,4.0,100.0,11.1,1.0,0.0,61116.0,26398.0,48300.0,10516.0,0,0
76013,11575.0,0.0702,357.51,1,66500.0,0,0,n,12.63,0.0,0.0,3.0,0.0,438.0,21.0,0,0.0,0.0,1421.01,1421.01,1169.4,251.61,0.0,0.0,0.0,357.51,0.0,1.0,1,0.0,0.0,13218.0,0.0,2.0,1.0,2.0,7.0,12780.0,36.0,0.0,0.0,438.0,28.0,11500.0,2.0,0.0,1.0,2.0,4406.0,11062.0,3.8,0.0,0.0,182.0,87.0,30.0,7.0,0.0,54.0,8.0,0.0,1.0,1.0,1.0,5.0,16.0,1.0,5.0,1.0,3.0,0.0,0.0,0.0,1.0,100.0,0.0,0.0,0.0,47500.0,13218.0,11500.0,36000.0,0,0
76027,20000.0,0.1308,455.89,2,150000.0,0,0,n,10.86,0.0,0.0,11.0,1.0,20153.0,36.0,0,18279.31,18279.31,3390.11,3390.11,1720.69,1669.42,0.0,0.0,0.0,227.95,1.0,1.0,1,0.0,152.0,434256.0,0.0,2.0,1.0,1.0,12.0,84548.0,72.0,2.0,3.0,10355.0,51.0,47700.0,0.0,0.0,1.0,5.0,39478.0,20072.0,49.2,0.0,0.0,174.0,132.0,11.0,11.0,3.0,11.0,11.0,0.0,2.0,4.0,4.0,5.0,18.0,8.0,15.0,4.0,11.0,0.0,0.0,0.0,3.0,100.0,0.0,1.0,0.0,478418.0,104701.0,39500.0,90750.0,0,0
76127,3175.0,0.16949999999999998,113.12,3,141000.0,1,0,n,7.62,0.0,2.0,6.0,0.0,484.0,15.0,0,0.0,0.0,446.5,446.5,215.27,231.23,0.0,0.0,0.0,113.12,0.0,1.0,0,0.0,10221.0,179299.0,1.0,2.0,1.0,2.0,2.0,39945.0,93.0,0.0,3.0,0.0,90.0,1800.0,4.0,3.0,7.0,6.0,29883.0,800.0,0.0,0.0,0.0,75.0,139.0,14.0,2.0,1.0,14.0,2.0,0.0,0.0,1.0,2.0,2.0,6.0,3.0,8.0,1.0,6.0,0.0,0.0,0.0,1.0,100.0,0.0,0.0,0.0,187255.0,40429.0,800.0,43181.0,0,0
76130,30000.0,0.1862,1093.93,1,100000.0,0,0,n,20.24,0.0,2.0,15.0,0.0,30223.0,17.0,1,0.0,0.0,3250.76,3250.76,1266.61,1984.15,0.0,0.0,0.0,0.0,0.0,1.0,1,0.0,0.0,37463.0,3.0,1.0,0.0,1.0,15.0,7240.0,28.0,3.0,9.0,12322.0,42.0,63800.0,2.0,0.0,4.0,10.0,2498.0,27095.0,50.2,0.0,0.0,27.0,63.0,3.0,3.0,0.0,3.0,3.0,0.0,9.0,12.0,10.0,10.0,3.0,14.0,14.0,12.0,15.0,0.0,0.0,0.0,3.0,100.0,10.0,0.0,0.0,89864.0,37463.0,54400.0,26064.0,0,0
76135,10000.0,0.1308,227.95,1,51000.0,1,0,n,26.82,0.0,0.0,9.0,0.0,10044.0,17.0,0,0.0,0.0,1353.17,1353.17,733.43,619.74,0.0,0.0,0.0,227.95,0.0,1.0,1,0.0,0.0,52411.0,0.0,2.0,2.0,3.0,7.0,42367.0,95.0,1.0,2.0,3843.0,36.0,43800.0,3.0,0.0,4.0,5.0,5823.0,33756.0,22.9,0.0,0.0,115.0,64.0,12.0,7.0,0.0,12.0,7.0,0.0,7.0,7.0,7.0,7.0,10.0,7.0,7.0,7.0,9.0,0.0,0.0,0.0,3.0,100.0,0.0,0.0,0.0,89230.0,52411.0,43800.0,45430.0,0,0
76152,15000.0,0.1308,505.99,2,117000.0,1,0,n,25.45,0.0,0.0,7.0,0.0,35062.0,30.0,0,0.0,0.0,2153.8,2153.8,1088.17,1065.63,0.0,0.0,0.0,151.64,0.0,1.0,1,0.0,0.0,116434.0,2.0,4.0,3.0,4.0,2.0,46889.0,85.0,1.0,1.0,29686.0,90.0,35700.0,3.0,0.0,7.0,5.0,16633.0,638.0,98.2,0.0,0.0,140.0,213.0,7.0,2.0,6.0,7.0,2.0,0.0,2.0,2.0,2.0,6.0,10.0,2.0,14.0,2.0,7.0,0.0,0.0,0.0,4.0,93.3,100.0,0.0,0.0,188946.0,81951.0,35700.0,55246.0,0,0
76163,4800.0,0.08810000000000001,152.22,2,24000.0,0,0,n,35.6,0.0,0.0,11.0,0.0,6631.0,15.0,0,0.0,0.0,1060.84,1060.84,815.12,245.72,0.0,0.0,0.0,0.0,0.0,1.0,1,0.0,0.0,81893.0,0.0,3.0,0.0,1.0,20.0,5089.0,36.0,1.0,3.0,1940.0,38.0,16900.0,1.0,0.0,2.0,4.0,7445.0,9378.0,40.6,0.0,0.0,111.0,56.0,8.0,8.0,2.0,8.0,5.0,0.0,6.0,7.0,6.0,6.0,6.0,7.0,7.0,7.0,11.0,0.0,0.0,0.0,1.0,100.0,0.0,0.0,0.0,117741.0,11720.0,15800.0,14014.0,0,0
76189,20375.0,0.16949999999999998,505.83,2,220000.0,1,0,n,11.52,0.0,1.0,8.0,0.0,31607.0,15.0,0,0.0,0.0,1479.12,1479.12,292.24,1186.88,0.0,0.0,0.0,0.0,0.0,1.0,1,0.0,0.0,602762.0,3.0,2.0,2.0,3.0,2.0,54500.0,100.0,0.0,0.0,28937.0,59.0,91500.0,2.0,0.0,2.0,4.0,75345.0,58934.0,34.9,0.0,0.0,145.0,203.0,63.0,2.0,2.0,63.0,2.0,0.0,3.0,4.0,4.0,4.0,7.0,5.0,6.0,4.0,8.0,0.0,0.0,0.0,3.0,100.0,25.0,0.0,0.0,665599.0,86107.0,90500.0,54500.0,0,0
76239,4800.0,0.1862,175.03,3,39500.0,0,0,n,18.93,0.0,0.0,4.0,0.0,8541.0,7.0,0,0.0,0.0,1187.08,1187.08,411.66,278.53,0.0,496.89,89.4402,0.0,0.0,1.0,1,0.0,0.0,12385.0,0.0,2.0,1.0,3.0,10.0,3844.0,54.0,0.0,0.0,6211.0,70.0,10600.0,2.0,0.0,0.0,3.0,3096.0,2059.0,80.6,0.0,0.0,65.0,102.0,92.0,10.0,0.0,92.0,16.0,0.0,2.0,2.0,2.0,2.0,5.0,2.0,2.0,2.0,4.0,0.0,0.0,0.0,1.0,100.0,50.0,0.0,0.0,17767.0,12385.0,10600.0,7167.0,0,0
76321,17000.0,0.28800000000000003,710.55,3,68000.0,0,0,n,37.89,0.0,1.0,20.0,0.0,9513.0,46.0,0,14956.94,14956.94,6340.55,6340.55,2043.06,4297.49,0.0,0.0,0.0,710.55,0.0,1.0,1,0.0,0.0,125597.0,1.0,13.0,1.0,2.0,2.0,116084.0,105.0,1.0,1.0,4519.0,76.0,38500.0,1.0,0.0,2.0,3.0,6280.0,12922.0,33.0,0.0,0.0,159.0,167.0,8.0,2.0,1.0,151.0,2.0,0.0,2.0,5.0,2.0,2.0,37.0,7.0,8.0,5.0,20.0,0.0,0.0,0.0,2.0,100.0,0.0,0.0,0.0,155059.0,125597.0,19300.0,116559.0,0,0
76444,7200.0,0.0756,224.17,2,88000.0,1,0,n,13.77,0.0,0.0,7.0,0.0,3611.0,12.0,0,0.0,0.0,1912.48,1912.48,906.84,207.96,0.0,797.68,143.5824,224.17,0.0,1.0,1,0.0,0.0,198906.0,1.0,2.0,2.0,2.0,5.0,35759.0,87.0,0.0,1.0,3586.0,50.0,37500.0,0.0,0.0,1.0,3.0,28415.0,33889.0,9.6,0.0,0.0,159.0,139.0,21.0,5.0,3.0,21.0,0.0,0.0,2.0,2.0,4.0,4.0,4.0,4.0,5.0,2.0,7.0,0.0,0.0,0.0,2.0,91.7,0.0,0.0,0.0,249411.0,39370.0,37500.0,41073.0,0,0
76447,25000.0,0.2055,936.12,1,102000.0,1,0,n,6.53,0.0,3.0,5.0,0.0,2333.0,8.0,1,0.0,0.0,0.0,0.0,0.0,0.0,0.0,0.0,0.0,0.0,0.0,1.0,1,0.0,0.0,10522.0,4.0,1.0,0.0,0.0,31.0,8189.0,36.0,4.0,4.0,1609.0,19.0,31600.0,0.0,0.0,4.0,4.0,2631.0,29267.0,7.4,0.0,0.0,31.0,89.0,1.0,1.0,0.0,1.0,1.0,0.0,2.0,2.0,4.0,7.0,1.0,4.0,7.0,2.0,5.0,0.0,0.0,0.0,4.0,100.0,0.0,0.0,0.0,54538.0,10522.0,31600.0,22938.0,0,0
76516,30000.0,0.14300000000000002,1029.71,2,105000.0,0,0,n,32.13,0.0,1.0,19.0,0.0,35592.0,23.0,0,24624.54,24624.54,8190.01,8190.01,5375.46,2814.55,0.0,0.0,0.0,0.0,0.0,1.0,1,0.0,0.0,146611.0,2.0,3.0,1.0,3.0,2.0,28983.0,64.0,2.0,7.0,6582.0,65.0,55100.0,1.0,1.0,2.0,10.0,7716.0,3595.0,89.0,0.0,0.0,172.0,81.0,2.0,2.0,2.0,15.0,2.0,0.0,7.0,11.0,7.0,7.0,5.0,15.0,16.0,11.0,19.0,0.0,0.0,0.0,3.0,100.0,85.7,0.0,0.0,282827.0,64575.0,32800.0,44977.0,0,0
76536,7500.0,0.124,250.55,3,85000.0,0,0,n,20.88,1.0,0.0,10.0,0.0,10326.0,13.0,0,5525.67,5525.67,2745.72,2745.72,1974.33,771.39,0.0,0.0,0.0,0.0,0.0,1.0,1,0.0,0.0,468829.0,1.0,2.0,0.0,2.0,14.0,59789.0,84.0,0.0,2.0,4224.0,36.0,50600.0,2.0,2.0,4.0,5.0,52092.0,37253.0,20.4,0.0,0.0,152.0,85.0,20.0,4.0,1.0,21.0,6.0,0.0,4.0,5.0,5.0,5.0,4.0,7.0,8.0,5.0,10.0,0.0,0.0,0.0,1.0,92.3,0.0,0.0,0.0,520509.0,70115.0,46800.0,69959.0,0,0
76563,5600.0,0.2305,216.93,3,33000.0,1,0,n,21.2,0.0,2.0,7.0,0.0,4341.0,20.0,0,0.0,0.0,636.45,636.45,334.43,302.02,0.0,0.0,0.0,0.0,0.0,1.0,1,0.0,0.0,37911.0,2.0,3.0,2.0,4.0,4.0,33570.0,93.0,1.0,1.0,1962.0,90.0,6100.0,2.0,4.0,2.0,5.0,5416.0,759.0,85.1,0.0,0.0,148.0,155.0,5.0,4.0,0.0,5.0,4.0,2.0,3.0,3.0,3.0,6.0,9.0,4.0,11.0,3.0,7.0,0.0,0.0,0.0,3.0,89.5,100.0,0.0,0.0,42264.0,37911.0,5100.0,36164.0,0,0
76575,21275.0,0.0819,668.55,2,214000.0,0,0,n,15.69,0.0,0.0,15.0,0.0,55353.0,29.0,0,17904.78,17904.78,4660.94,4660.94,3370.22,1290.72,0.0,0.0,0.0,669.0,0.0,1.0,1,0.0,0.0,227818.0,0.0,3.0,1.0,1.0,9.0,65534.0,38.0,0.0,2.0,34103.0,34.0,108000.0,0.0,3.0,2.0,4.0,16273.0,33073.0,40.5,0.0,0.0,203.0,173.0,14.0,9.0,3.0,19.0,10.0,0.0,3.0,4.0,6.0,7.0,12.0,11.0,14.0,4.0,15.0,0.0,0.0,0.0,2.0,100.0,20.0,0.0,0.0,318971.0,120887.0,87000.0,100296.0,0,0
76622,16000.0,0.2305,451.51,3,79000.0,1,0,n,10.21,0.0,2.0,16.0,0.0,8509.0,18.0,0,0.0,0.0,410.53,410.53,144.18,266.35,0.0,0.0,0.0,451.51,0.0,1.0,1,0.0,0.0,18532.0,4.0,1.0,1.0,2.0,4.0,10023.0,94.0,3.0,7.0,2700.0,46.0,29400.0,1.0,1.0,3.0,9.0,1235.0,15804.0,32.7,0.0,0.0,24.0,42.0,4.0,4.0,0.0,4.0,4.0,0.0,11.0,12.0,11.0,12.0,2.0,15.0,16.0,12.0,16.0,0.0,0.0,0.0,4.0,100.0,0.0,0.0,0.0,40061.0,18532.0,23500.0,10661.0,0,0
76640,21000.0,0.28800000000000003,664.03,3,32000.0,0,0,n,32.33,0.0,2.0,5.0,0.0,7660.0,7.0,0,0.0,0.0,3736.81,3736.81,839.49,2897.32,0.0,0.0,0.0,483.86,0.0,1.0,1,0.0,0.0,25448.0,2.0,1.0,1.0,1.0,6.0,17788.0,89.0,1.0,1.0,6531.0,57.0,24400.0,1.0,0.0,2.0,2.0,5090.0,15140.0,33.6,0.0,0.0,6.0,359.0,2.0,2.0,0.0,2.0,2.0,0.0,2.0,2.0,3.0,4.0,1.0,4.0,6.0,2.0,5.0,0.0,0.0,0.0,2.0,100.0,0.0,0.0,0.0,44400.0,25448.0,22800.0,20000.0,0,0
76720,20000.0,0.1862,729.29,1,105000.0,1,0,n,10.01,0.0,0.0,6.0,0.0,20637.0,13.0,0,0.0,0.0,3605.07,3605.07,2160.81,1444.26,0.0,0.0,0.0,0.0,0.0,1.0,1,0.0,0.0,39460.0,1.0,2.0,2.0,3.0,5.0,18823.0,79.0,3.0,3.0,9847.0,56.0,47300.0,1.0,3.0,2.0,6.0,6577.0,26663.0,43.6,0.0,0.0,125.0,61.0,8.0,5.0,0.0,8.0,9.0,3.0,3.0,3.0,4.0,4.0,7.0,4.0,4.0,3.0,6.0,0.0,0.0,0.0,5.0,76.9,50.0,0.0,0.0,71125.0,39460.0,47300.0,23825.0,0,0
76756,5000.0,0.17739999999999995,180.12,2,113000.0,1,0,n,31.45,0.0,1.0,16.0,1.0,5949.0,39.0,0,0.0,0.0,1327.18,1327.18,434.32,276.3,0.0,616.56,110.9808,0.0,0.0,1.0,1,0.0,3756.0,362407.0,4.0,6.0,6.0,9.0,2.0,125684.0,90.0,2.0,5.0,2394.0,72.0,20100.0,6.0,1.0,7.0,14.0,22650.0,9399.0,37.8,0.0,0.0,155.0,199.0,4.0,2.0,4.0,18.0,0.0,1.0,4.0,5.0,6.0,9.0,21.0,9.0,14.0,5.0,16.0,0.0,0.0,0.0,8.0,97.1,16.7,1.0,0.0,397542.0,131633.0,15100.0,136802.0,0,0
76828,20000.0,0.2055,536.02,2,130000.0,1,0,n,12.72,1.0,0.0,9.0,0.0,5209.0,14.0,0,19129.64,19129.64,4778.51,4778.51,870.36,3908.15,0.0,0.0,0.0,536.02,0.0,1.0,1,0.0,0.0,177842.0,1.0,3.0,1.0,3.0,11.0,24744.0,63.0,1.0,2.0,3939.0,55.0,11600.0,0.0,2.0,0.0,7.0,19760.0,2291.0,69.5,0.0,0.0,85.0,77.0,6.0,6.0,2.0,6.0,14.0,0.0,2.0,2.0,2.0,2.0,5.0,4.0,6.0,2.0,9.0,0.0,0.0,0.0,3.0,85.7,50.0,0.0,0.0,204750.0,30304.0,7500.0,39596.0,0,0
76841,15000.0,0.14300000000000002,351.37,1,85000.0,1,0,n,17.42,0.0,2.0,8.0,0.0,17247.0,18.0,0,13370.27,13370.27,3138.5,3138.5,1629.73,1508.77,0.0,0.0,0.0,0.0,0.0,1.0,1,0.0,0.0,36070.0,2.0,2.0,1.0,2.0,4.0,18823.0,86.0,1.0,1.0,8123.0,65.0,33700.0,1.0,2.0,2.0,3.0,4509.0,14148.0,53.9,0.0,0.0,135.0,280.0,1.0,1.0,0.0,34.0,1.0,1.0,4.0,5.0,4.0,4.0,10.0,6.0,8.0,5.0,8.0,0.0,0.0,0.0,2.0,94.4,25.0,0.0,0.0,55700.0,36070.0,30700.0,22000.0,0,0
76842,4800.0,0.2305,185.94,2,45000.0,0,0,n,32.93,1.0,1.0,10.0,1.0,3113.0,19.0,0,0.0,0.0,837.51,837.51,93.74,79.91,0.0,663.86,119.4948,0.0,0.0,1.0,1,0.0,0.0,129884.0,1.0,5.0,1.0,3.0,4.0,48047.0,90.0,1.0,2.0,1240.0,89.0,4100.0,1.0,0.0,2.0,6.0,12988.0,427.0,86.2,0.0,0.0,195.0,65.0,11.0,4.0,1.0,11.0,4.0,0.0,3.0,4.0,3.0,4.0,12.0,4.0,6.0,4.0,10.0,0.0,0.0,0.0,3.0,88.9,66.7,1.0,0.0,137250.0,51160.0,3100.0,53555.0,0,0
76896,7000.0,0.2305,271.16,2,30000.0,0,0,n,24.64,0.0,1.0,6.0,0.0,7266.0,21.0,0,5986.15,5986.15,1880.19,1880.19,1013.85,866.34,0.0,0.0,0.0,271.16,0.0,1.0,1,0.0,0.0,74538.0,1.0,1.0,1.0,1.0,12.0,21534.0,88.0,2.0,3.0,3222.0,74.0,14300.0,0.0,0.0,12.0,4.0,12423.0,7034.0,50.8,0.0,0.0,147.0,144.0,4.0,4.0,1.0,4.0,1.0,0.0,3.0,3.0,4.0,5.0,11.0,4.0,9.0,3.0,6.0,0.0,0.0,0.0,3.0,100.0,50.0,0.0,0.0,94875.0,28800.0,14300.0,24575.0,0,0
76901,10000.0,0.1171,330.76,1,32000.0,0,0,n,20.33,0.0,0.0,7.0,1.0,7666.0,8.0,0,0.0,0.0,648.51,648.51,468.63,179.88,0.0,0.0,0.0,0.0,0.0,1.0,1,0.0,0.0,9864.0,0.0,1.0,0.0,1.0,16.0,2198.0,42.0,0.0,4.0,3106.0,50.0,14300.0,2.0,0.0,1.0,5.0,1409.0,4196.0,63.2,0.0,0.0,16.0,38.0,13.0,13.0,0.0,13.0,7.0,0.0,4.0,5.0,4.0,5.0,1.0,6.0,7.0,5.0,7.0,0.0,0.0,0.0,0.0,100.0,0.0,1.0,0.0,19600.0,9864.0,11400.0,5300.0,0,0
76904,20000.0,0.2055,536.02,2,80000.0,1,0,n,20.25,0.0,3.0,16.0,0.0,17614.0,30.0,0,0.0,0.0,2634.43,2634.43,1001.31,1633.12,0.0,0.0,0.0,0.0,0.0,1.0,1,0.0,0.0,221733.0,3.0,2.0,2.0,5.0,3.0,37169.0,88.0,4.0,5.0,5260.0,55.0,57800.0,8.0,1.0,8.0,11.0,13858.0,30518.0,35.6,0.0,0.0,104.0,118.0,0.0,0.0,4.0,2.0,0.0,0.0,8.0,9.0,10.0,12.0,11.0,13.0,15.0,9.0,16.0,0.0,0.0,0.0,6.0,96.7,10.0,0.0,0.0,271943.0,54783.0,47400.0,42033.0,0,0
76913,21275.0,0.17739999999999995,766.38,2,298000.0,0,0,n,11.96,0.0,1.0,18.0,0.0,30756.0,32.0,0,19028.44,19028.44,4556.34,4556.34,2246.56,2309.78,0.0,0.0,0.0,766.38,0.0,1.0,1,0.0,0.0,321520.0,2.0,2.0,1.0,1.0,8.0,54104.0,85.0,2.0,6.0,5131.0,68.0,50100.0,2.0,0.0,4.0,8.0,17862.0,10428.0,73.1,0.0,0.0,157.0,186.0,5.0,5.0,1.0,5.0,1.0,0.0,9.0,11.0,10.0,15.0,10.0,14.0,20.0,11.0,18.0,0.0,0.0,0.0,3.0,93.5,70.0,0.0,0.0,397571.0,84860.0,38700.0,101805.0,0,0
76919,21275.0,0.17739999999999995,766.38,2,195000.0,1,0,n,14.75,0.0,0.0,9.0,0.0,5861.0,30.0,0,0.0,0.0,4556.34,4556.34,2813.38,1742.96,0.0,0.0,0.0,0.0,0.0,1.0,1,0.0,1820.0,195380.0,2.0,3.0,2.0,3.0,5.0,75290.0,87.0,0.0,0.0,2113.0,90.0,6400.0,1.0,0.0,0.0,4.0,21709.0,333.0,92.4,0.0,0.0,146.0,97.0,40.0,4.0,8.0,40.0,13.0,4.0,2.0,3.0,2.0,4.0,13.0,3.0,8.0,3.0,9.0,0.0,0.0,0.0,3.0,83.3,100.0,0.0,0.0,269542.0,91300.0,4400.0,86884.0,0,0
76957,32925.0,0.2305,929.12,2,150000.0,0,0,n,20.92,0.0,1.0,10.0,0.0,27282.0,45.0,0,0.0,0.0,4561.28,4561.28,599.07,3962.21,0.0,0.0,0.0,929.12,0.0,1.0,1,0.0,0.0,565723.0,3.0,4.0,3.0,4.0,1.0,155401.0,84.0,1.0,2.0,7724.0,81.0,36100.0,6.0,1.0,7.0,9.0,56572.0,4620.0,76.3,0.0,0.0,183.0,51.0,4.0,1.0,7.0,15.0,1.0,13.0,3.0,5.0,3.0,3.0,33.0,5.0,5.0,5.0,10.0,0.0,0.0,0.0,7.0,65.7,66.7,0.0,0.0,578850.0,182683.0,19500.0,159120.0,0,0
77022,35000.0,0.2055,938.03,1,125000.0,0,0,n,8.07,0.0,0.0,9.0,0.0,14567.0,15.0,0,0.0,0.0,2934.17,2934.17,485.24,2248.93,0.0,200.0,36.0,0.0,0.0,1.0,1,0.0,0.0,27400.0,0.0,2.0,1.0,2.0,12.0,12833.0,80.0,1.0,2.0,9364.0,59.0,30200.0,3.0,0.0,5.0,4.0,3044.0,11014.0,56.1,0.0,0.0,102.0,62.0,11.0,11.0,0.0,11.0,8.0,0.0,4.0,6.0,4.0,6.0,5.0,7.0,10.0,6.0,9.0,0.0,0.0,0.0,2.0,100.0,25.0,0.0,0.0,46200.0,27400.0,25100.0,16000.0,0,0
77043,10625.0,0.16949999999999998,378.55,1,45000.0,0,0,n,31.63,0.0,1.0,12.0,1.0,23734.0,24.0,0,0.0,0.0,1115.64,1115.64,695.14,420.5,0.0,0.0,0.0,0.0,0.0,1.0,1,0.0,0.0,39622.0,1.0,1.0,1.0,1.0,9.0,15888.0,79.0,1.0,1.0,8013.0,51.0,58500.0,1.0,0.0,2.0,2.0,3302.0,30794.0,42.5,0.0,0.0,205.0,105.0,3.0,3.0,0.0,3.0,3.0,0.0,6.0,7.0,9.0,11.0,7.0,11.0,17.0,7.0,12.0,0.0,0.0,0.0,2.0,100.0,11.1,1.0,0.0,78500.0,39622.0,53600.0,20000.0,0,0
77136,25000.0,0.2305,968.4,2,155000.0,1,0,n,37.38,0.0,1.0,15.0,0.0,43930.0,25.0,0,24014.24,24014.24,5749.57,5749.57,985.76,4763.81,0.0,0.0,0.0,970.0,0.0,1.0,1,0.0,0.0,341359.0,1.0,5.0,2.0,4.0,3.0,66415.0,66.0,1.0,1.0,16676.0,67.0,67900.0,1.0,4.0,3.0,6.0,22757.0,23970.0,64.7,0.0,0.0,105.0,320.0,9.0,3.0,5.0,9.0,0.0,0.0,7.0,7.0,8.0,8.0,7.0,8.0,12.0,7.0,15.0,0.0,0.0,0.0,3.0,96.0,37.5,0.0,0.0,407776.0,118094.0,67900.0,101067.0,0,0
77149,29000.0,0.0819,590.66,2,75000.0,0,0,n,12.72,0.0,0.0,4.0,0.0,19291.0,29.0,0,25964.85,25964.85,5080.76,5080.76,3035.16,2045.61,0.0,0.0,0.0,0.0,0.0,1.0,1,0.0,0.0,257466.0,0.0,1.0,0.0,0.0,32.0,4533.0,45.0,0.0,0.0,19291.0,68.0,25000.0,0.0,3.0,0.0,1.0,64367.0,709.0,96.5,0.0,0.0,119.0,133.0,43.0,21.0,8.0,133.0,19.0,0.0,1.0,1.0,1.0,3.0,8.0,2.0,13.0,1.0,4.0,0.0,0.0,0.0,0.0,96.6,100.0,0.0,0.0,274850.0,23824.0,20000.0,10000.0,0,0
77163,3000.0,0.0819,94.28,1,40000.0,0,0,n,26.31,0.0,2.0,9.0,0.0,2090.0,12.0,0,2052.88,2052.88,1134.35,1134.35,947.12,187.22,0.0,0.0,0.0,0.0,0.0,1.0,1,0.0,0.0,21937.0,3.0,1.0,1.0,1.0,4.0,19847.0,93.0,3.0,3.0,816.0,35.0,41800.0,1.0,0.0,3.0,4.0,2437.0,38510.0,5.1,0.0,0.0,69.0,78.0,6.0,4.0,0.0,6.0,4.0,0.0,5.0,5.0,7.0,9.0,2.0,8.0,10.0,5.0,9.0,0.0,0.0,0.0,4.0,100.0,0.0,0.0,0.0,63075.0,21937.0,40600.0,21275.0,0,0
77174,16000.0,0.16949999999999998,397.22,2,95000.0,0,0,n,12.44,0.0,1.0,15.0,0.0,15605.0,26.0,0,0.0,0.0,0.0,0.0,0.0,0.0,0.0,0.0,0.0,0.0,0.0,1.0,1,0.0,0.0,29962.0,3.0,2.0,1.0,1.0,2.0,14357.0,72.0,6.0,15.0,5458.0,34.0,69500.0,0.0,2.0,8.0,16.0,1997.0,40131.0,22.4,0.0,0.0,110.0,72.0,1.0,1.0,0.0,1.0,1.0,1.0,6.0,8.0,8.0,14.0,5.0,13.0,21.0,8.0,15.0,0.0,0.0,0.0,7.0,100.0,0.0,0.0,0.0,89524.0,29962.0,51700.0,20024.0,0,0
77194,20000.0,0.2305,564.39,1,53000.0,1,0,n,30.62,0.0,0.0,10.0,0.0,20185.0,20.0,0,19831.64,19831.64,3165.71,3165.71,168.36,2997.35,0.0,0.0,0.0,564.39,0.0,1.0,1,0.0,0.0,44710.0,0.0,7.0,0.0,1.0,24.0,24525.0,50.0,0.0,1.0,8140.0,65.0,19900.0,0.0,3.0,0.0,2.0,4471.0,0.0,101.4,0.0,0.0,98.0,76.0,24.0,24.0,0.0,24.0,21.0,0.0,3.0,3.0,3.0,6.0,11.0,3.0,9.0,3.0,10.0,0.0,0.0,0.0,0.0,100.0,100.0,0.0,0.0,69228.0,44710.0,19900.0,49328.0,0,0
77201,18000.0,0.0702,555.96,1,96000.0,0,0,n,17.32,0.0,1.0,17.0,0.0,17928.0,32.0,0,0.0,0.0,3780.36,3780.36,1409.62,244.22,0.0,2126.52,382.7736,0.0,0.0,1.0,1,0.0,0.0,66627.0,1.0,5.0,0.0,1.0,21.0,48699.0,79.0,1.0,1.0,5111.0,65.0,41400.0,1.0,4.0,1.0,2.0,3919.0,13678.0,38.4,0.0,0.0,150.0,204.0,5.0,5.0,0.0,59.0,5.0,0.0,3.0,9.0,4.0,9.0,13.0,12.0,19.0,9.0,17.0,0.0,0.0,0.0,1.0,100.0,0.0,0.0,0.0,103003.0,66627.0,22200.0,61603.0,0,0
77208,20000.0,0.1102,435.05,2,80000.0,0,0,n,25.23,0.0,1.0,17.0,0.0,17952.0,32.0,0,0.0,0.0,2585.81,2585.81,1575.39,1010.42,0.0,0.0,0.0,0.0,0.0,1.0,1,0.0,0.0,163595.0,2.0,8.0,1.0,3.0,7.0,74779.0,85.0,3.0,3.0,7141.0,70.0,35400.0,0.0,8.0,5.0,6.0,9623.0,8748.0,67.2,0.0,0.0,113.0,123.0,2.0,2.0,2.0,2.0,2.0,1.0,5.0,5.0,5.0,8.0,15.0,8.0,15.0,5.0,17.0,0.0,0.0,0.0,4.0,96.9,40.0,0.0,0.0,195974.0,92731.0,26700.0,84482.0,0,0
77212,25000.0,0.2055,670.03,1,80004.0,0,0,n,15.06,0.0,0.0,12.0,0.0,5950.0,18.0,1,0.0,0.0,1953.01,1953.01,738.22,1214.79,0.0,0.0,0.0,0.0,0.0,1.0,1,0.0,0.0,57977.0,0.0,8.0,0.0,4.0,16.0,52027.0,77.0,1.0,1.0,5950.0,57.0,34400.0,0.0,0.0,1.0,5.0,4831.0,28450.0,17.3,0.0,0.0,148.0,114.0,11.0,11.0,0.0,11.0,4.0,0.0,1.0,1.0,4.0,4.0,11.0,4.0,7.0,1.0,12.0,0.0,0.0,0.0,1.0,100.0,25.0,0.0,0.0,102286.0,57977.0,34400.0,67886.0,0,0
77220,30000.0,0.28800000000000003,948.61,2,180000.0,0,0,n,12.74,0.0,0.0,16.0,0.0,24589.0,26.0,0,29537.29,29537.29,8441.49,8441.49,462.71,7978.78,0.0,0.0,0.0,948.61,0.0,1.0,1,0.0,0.0,588980.0,1.0,7.0,1.0,3.0,9.0,57466.0,77.0,2.0,3.0,8006.0,78.0,30000.0,1.0,2.0,1.0,6.0,49082.0,5411.0,82.0,0.0,0.0,128.0,254.0,1.0,1.0,1.0,1.0,9.0,0.0,4.0,4.0,7.0,7.0,17.0,8.0,8.0,4.0,16.0,0.0,0.0,0.0,3.0,95.8,75.0,0.0,0.0,665863.0,82055.0,30000.0,74843.0,0,0
77225,40000.0,0.124,1336.23,2,201000.0,1,0,n,15.6,0.0,0.0,34.0,0.0,40589.0,54.0,0,0.0,0.0,9298.5,9298.5,6664.03,2634.47,0.0,0.0,0.0,0.0,0.0,1.0,1,0.0,0.0,94517.0,4.0,3.0,2.0,3.0,0.0,53928.0,85.0,5.0,7.0,5395.0,42.0,161500.0,0.0,7.0,6.0,11.0,2780.0,72754.0,19.8,0.0,0.0,116.0,120.0,1.0,0.0,3.0,1.0,2.0,0.0,10.0,26.0,13.0,16.0,14.0,31.0,37.0,26.0,34.0,0.0,0.0,0.0,7.0,100.0,7.7,0.0,0.0,224655.0,94517.0,90700.0,63155.0,0,0
77230,3000.0,0.2055,112.34,2,84996.0,1,0,n,13.64,0.0,0.0,10.0,0.0,4388.0,17.0,0,0.0,0.0,779.53,779.53,443.63,335.9,0.0,0.0,0.0,0.0,0.0,1.0,1,0.0,0.0,154421.0,2.0,3.0,1.0,2.0,8.0,35306.0,90.0,3.0,5.0,2147.0,81.0,9400.0,1.0,0.0,4.0,8.0,17158.0,5012.0,46.7,0.0,0.0,120.0,207.0,0.0,0.0,1.0,0.0,0.0,3.0,4.0,4.0,6.0,7.0,7.0,6.0,8.0,4.0,10.0,0.0,0.0,0.0,4.0,87.5,20.0,0.0,0.0,166668.0,39694.0,9400.0,39442.0,0,0
77269,3000.0,0.1524,104.35,1,28400.0,1,0,n,24.09,0.0,1.0,5.0,0.0,2928.0,7.0,0,0.0,0.0,516.67,516.67,339.77,176.9,0.0,0.0,0.0,104.35,0.0,1.0,1,0.0,0.0,18796.0,1.0,1.0,0.0,1.0,20.0,15868.0,88.0,2.0,4.0,1767.0,75.0,6900.0,4.0,0.0,3.0,5.0,3759.0,3972.0,42.4,0.0,0.0,78.0,28.0,2.0,2.0,0.0,2.0,2.0,1.0,4.0,4.0,4.0,4.0,2.0,4.0,5.0,4.0,5.0,0.0,0.0,0.0,2.0,100.0,0.0,0.0,0.0,25002.0,18796.0,6900.0,18102.0,0,0
77272,16000.0,0.2055,599.12,1,110000.0,1,0,n,15.88,1.0,2.0,6.0,0.0,4241.0,31.0,1,13745.42,13745.42,4628.11,4628.11,2254.58,2373.53,0.0,0.0,0.0,0.0,0.0,1.0,1,0.0,0.0,30207.0,1.0,4.0,4.0,6.0,2.0,25966.0,92.0,1.0,1.0,2281.0,88.0,6000.0,0.0,12.0,2.0,7.0,5035.0,1719.0,57.0,0.0,0.0,127.0,166.0,10.0,2.0,4.0,66.0,2.0,4.0,1.0,2.0,1.0,2.0,14.0,2.0,13.0,2.0,6.0,0.0,0.0,0.0,5.0,80.6,0.0,0.0,0.0,34204.0,30207.0,4000.0,28204.0,0,0
77276,10000.0,0.1171,330.76,2,101853.0,1,0,n,13.76,0.0,1.0,9.0,0.0,4482.0,19.0,0,8499.35,8499.35,2479.01,2479.01,1500.65,978.36,0.0,0.0,0.0,330.76,0.0,1.0,1,0.0,88.0,44777.0,1.0,3.0,0.0,1.0,19.0,40295.0,64.0,3.0,4.0,4077.0,59.0,12500.0,4.0,0.0,4.0,5.0,4975.0,5923.0,40.8,0.0,0.0,87.0,105.0,6.0,6.0,0.0,6.0,6.0,2.0,1.0,2.0,4.0,9.0,6.0,6.0,13.0,2.0,9.0,0.0,0.0,0.0,3.0,89.5,25.0,0.0,0.0,75847.0,44777.0,10000.0,63347.0,0,0
77282,30000.0,0.124,673.42,1,140480.0,1,0,n,15.74,0.0,0.0,20.0,0.0,23215.0,32.0,1,26196.18,26196.18,6713.53,6713.53,3803.82,2909.71,0.0,0.0,0.0,0.0,0.0,1.0,1,0.0,0.0,110873.0,2.0,11.0,2.0,7.0,4.0,87658.0,82.0,0.0,5.0,11107.0,69.0,52300.0,1.0,0.0,2.0,12.0,5835.0,26178.0,45.9,0.0,0.0,95.0,103.0,15.0,4.0,2.0,15.0,2.0,0.0,6.0,7.0,8.0,8.0,20.0,9.0,10.0,7.0,20.0,0.0,0.0,0.0,2.0,100.0,28.6,0.0,0.0,159688.0,110873.0,48400.0,107388.0,0,0
77291,24000.0,0.0756,747.22,1,50000.0,0,0,n,26.81,0.0,0.0,9.0,0.0,459.0,10.0,0,0.0,0.0,4526.54,4526.54,1195.8,288.56,0.0,3042.18,547.5924,0.0,1.0,1.0,1,0.0,84.0,18928.0,1.0,2.0,1.0,1.0,8.0,18469.0,60.0,1.0,2.0,0.0,30.0,31600.0,0.0,0.0,0.0,3.0,2103.0,13300.0,0.0,0.0,0.0,45.0,49.0,5.0,5.0,0.0,19.0,18.0,0.0,0.0,2.0,2.0,2.0,3.0,7.0,7.0,2.0,9.0,0.0,0.0,0.0,2.0,100.0,0.0,0.0,0.0,62375.0,18928.0,13300.0,30775.0,0,0
77292,10000.0,0.2305,387.36,1,33000.0,1,0,n,38.51,0.0,2.0,7.0,0.0,6342.0,13.0,1,0.0,0.0,2685.91,2685.91,1534.41,1151.5,0.0,0.0,0.0,0.0,0.0,1.0,1,0.0,0.0,33022.0,2.0,3.0,3.0,5.0,3.0,26680.0,90.0,2.0,3.0,5901.0,76.0,13700.0,2.0,0.0,3.0,8.0,5504.0,2599.0,69.4,0.0,0.0,88.0,62.0,10.0,3.0,0.0,11.0,5.0,0.0,1.0,2.0,1.0,3.0,7.0,3.0,6.0,2.0,7.0,0.0,0.0,0.0,5.0,100.0,0.0,0.0,0.0,43250.0,33022.0,8500.0,29550.0,0,0
77297,8000.0,0.1862,205.86,1,38000.0,1,0,n,16.36,0.0,1.0,8.0,1.0,11636.0,20.0,0,0.0,0.0,2075.44,2075.44,185.0,416.03,0.0,1474.41,265.3938,205.86,0.0,1.0,1,0.0,0.0,19595.0,3.0,1.0,0.0,1.0,15.0,7959.0,82.0,2.0,3.0,416.0,63.0,21500.0,1.0,5.0,1.0,5.0,2449.0,1084.0,27.7,0.0,0.0,121.0,100.0,2.0,2.0,0.0,26.0,5.0,1.0,1.0,5.0,1.0,7.0,5.0,6.0,13.0,5.0,8.0,0.0,0.0,0.0,3.0,95.0,0.0,1.0,0.0,31357.0,19595.0,1500.0,9657.0,0,0
77304,30000.0,0.2055,1123.34,1,180000.0,1,0,n,12.06,0.0,0.0,8.0,0.0,4771.0,24.0,1,28770.38,28770.38,5582.45,5582.45,1229.62,4352.83,0.0,0.0,0.0,1123.34,0.0,1.0,1,0.0,3835.0,209389.0,0.0,3.0,1.0,1.0,9.0,204618.0,62.0,0.0,2.0,1650.0,61.0,8700.0,2.0,0.0,2.0,3.0,26174.0,1768.0,68.4,0.0,0.0,178.0,37.0,19.0,9.0,0.0,19.0,9.0,0.0,3.0,5.0,3.0,3.0,18.0,5.0,5.0,5.0,8.0,0.0,0.0,0.0,1.0,100.0,33.3,0.0,0.0,218686.0,209389.0,5600.0,209986.0,0,0
